1.0 385.20103325454727
1.0 1891.7180280147652
1.0 6773.952235557711
1.0 0.979247466462553
1.0 10631.103044768177
1.0 6466.891735150777
2.0 0.03587316354047678
2.0 0.03591809237401638
2.0 0.03587093491625281
2.0 0.03602011657279539
2.0 0.03601583253795342
2.0 0.03617129375035356
1.0 0.6024799301694712
1.0 0.03589568961485858
1.0 0.0359247654097108
1.0 0.03590665414559977
1.0 0.03626525349833492
1.0 0.0362208076297803
1.0 0.6712341962780589
1.0 0.639018378728035
1.0 0.03589706818492111
1.0 0.035923722295822524
1.0 0.03590156444732508
1.0 0.03592968215060836
1.0 0.6712341962780589
1.0 0.639018378728035
1.0 0.03589706818492111
1.0 0.035923722295822524
1.0 0.03590156444732508
1.0 0.03592968215060836
1.0 0.03591652075236528
1.0 0.03585873921690661
1.0 0.035886522860970785
1.0 0.03592045132702384
1.0 0.6712341962780589
1.0 0.639018378728035
1.0 0.03589706818492111
1.0 0.035923722295822524
1.0 0.03590156444732508
1.0 0.03592968215060836
1.0 0.03591652075236528
1.0 0.03585873921690661
1.0 0.035886522860970785
1.0 0.03592045132702384
1.0 0.03601022947125947
1.0 0.03620079206068963
1.0 0.6712341962780589
1.0 0.639018378728035
1.0 0.03589706818492111
1.0 0.035923722295822524
1.0 0.03590156444732508
1.0 0.03592968215060836
1.0 0.03591652075236528
1.0 0.03585873921690661
1.0 0.035886522860970785
1.0 0.03592045132702384
1.0 0.03601022947125947
1.0 0.03620079206068963
1.0 0.036129777229569164
1.0 0.6712341962780589
1.0 0.639018378728035
1.0 0.03589706818492111
1.0 0.035923722295822524
1.0 0.03590156444732508
1.0 0.03592968215060836
1.0 0.03591652075236528
1.0 0.03585873921690661
1.0 0.035886522860970785
1.0 0.03592045132702384
1.0 0.03601022947125947
1.0 0.03620079206068963
1.0 0.036129777229569164
1.0 0.03614187677984063
1.0 0.03637628933175702
1.0 0.6712341962780589
1.0 0.03587091341214047
1.0 0.07544171682560893
1.0 1230.8887052937077
1.0 2464.466565064942
1.0 6464.49925982546
1.0 10473.23575900177
1.0 2.483378570694808
1.0 0.9784051752753945
1.0 1.0014688004734091
1.0 1.0223396435875902
1.0 1.1732857184752532
1.0 12443.78996567268
1.0 3731.294766471973
1.0 2354.578758727512
1.0 0.6712341962780589
1.0 0.639018378728035
1.0 0.5947640731708093
1.0 0.5762222130976862
1.0 0.03590156444732508
1.0 0.03592968215060836
1.0 0.0364350960481501
1.0 1.0515249884717337
1.0 0.9784482532348461
1.0 2.505790375112474
1.0 0.9961015576570028
1.0 1.164470100713158
1.0 2.51554374300427
1.0 5300.904995592513
1.0 0.5748055140718791
1.0 0.5729195923009461
1.0 0.5747917618141333
1.0 0.579621595006711
1.0 0.3574675467161631
1.0 0.03594073163709286
1.0 0.03840996960728413
1.0 8721.91564294863
1.0 0.5748055140718791
1.0 0.5729195923009461
1.0 0.5747917618141333
1.0 0.579621595006711
1.0 0.3574675467161631
1.0 0.03594073163709286
1.0 0.03840996960728413
1.0 8721.91564294863
1.0 0.9783887158205199
1.0 1.0012930942651486
1.0 9294.152736347563
1.0 1.1644766592045839
1.0 0.5748055140718791
1.0 0.5747917618141333
1.0 0.3574675467161631
1.0 0.03840996960728413
1.0 0.9783887158205199
