0  0.1 0.06    0    5    0    0 0 0 0
0.001                 0.105            0.05999019                     0                     5 -0.009810000000000001                     0 0 0 0
0.002                 0.105            0.05999019                     0                     5 -0.009810000000000001                     0 0 0 0
0.003       0.11 0.05997057          0          5   -0.01962          0 0 0 0
0.004      0.115 0.05994114          0          5   -0.02943          0 0 0 0
0.005      0.12 0.0599019         0         5  -0.03924         0 0 0 0
0.006      0.125 0.05985285          0          5   -0.04905          0 0 0 0
0.007       0.13 0.05979399          0          5   -0.05886          0 0 0 0
0.008                0.135           0.05972532                    0                    5 -0.06867000000000001                    0 0 0 0
0.009000000000000001                 0.14           0.05964684                    0                    5 -0.07848000000000001                    0 0 0 0
0.010000000000000002                0.145           0.05955855                    0                    5 -0.08829000000000001                    0 0 0 0
0.011000000000000003 0.1550000000000001         0.05935254                  0                  5           -0.10791                  0 0 0 0
0.012000000000000004 0.1600000000000001         0.05923482                  0                  5           -0.11772                  0 0 0 0
0.013000000000000005 0.1650000000000001         0.05910729                  0                  5           -0.12753                  0 0 0 0
0.014000000000000005 0.1700000000000001         0.05896995                  0                  5           -0.13734                  0 0 0 0
0.015000000000000006 0.1750000000000001          0.0588228                  0                  5           -0.14715                  0 0 0 0
0.016000000000000007 0.1800000000000001         0.05866584                  0                  5           -0.15696                  0 0 0 0
0.017000000000000008  0.1850000000000001 0.05849907000000001                   0                   5 -0.1667700000000001                   0 0 0 0
0.01800000000000001  0.1900000000000001          0.05832249                   0                   5 -0.1765800000000001                   0 0 0 0
0.01900000000000001  0.1950000000000001           0.0581361                   0                   5 -0.1863900000000001                   0 0 0 0
0.02000000000000001  0.2000000000000001           0.0579399                   0                   5 -0.1962000000000001                   0 0 0 0
0.02100000000000001  0.2050000000000001          0.05773389                   0                   5 -0.2060100000000001                   0 0 0 0
0.022000000000000013  0.2100000000000001          0.05751807                   0                   5 -0.2158200000000001                   0 0 0 0
0.023000000000000013  0.2150000000000001 0.05729244000000001                   0                   5 -0.2256300000000001                   0 0 0 0
0.024000000000000014  0.2200000000000001            0.057057                   0                   5 -0.2354400000000001                   0 0 0 0
0.025000000000000015  0.2250000000000001          0.05681175                   0                   5 -0.2452500000000002                   0 0 0 0
0.026000000000000016  0.2300000000000001          0.05655669                   0                   5 -0.2550600000000002                   0 0 0 0
0.027000000000000017  0.2350000000000001          0.05629182                   0                   5 -0.2648700000000002                   0 0 0 0
0.028000000000000018  0.2400000000000001          0.05601714                   0                   5 -0.2746800000000001                   0 0 0 0
0.02900000000000002  0.2450000000000001          0.05573265                   0                   5 -0.2844900000000001                   0 0 0 0
0.03000000000000002  0.2500000000000001          0.05543835                   0                   5 -0.2943000000000001                   0 0 0 0
0.03100000000000002  0.2550000000000001          0.05513424                   0                   5 -0.3041100000000001                   0 0 0 0
0.03200000000000002  0.2600000000000001          0.05482032                   0                   5 -0.3139200000000001                   0 0 0 0
0.03300000000000002  0.2650000000000001          0.05449659                   0                   5 -0.3237300000000001                   0 0 0 0
0.03400000000000002  0.2700000000000001          0.05416305                   0                   5 -0.3335400000000001                   0 0 0 0
0.035000000000000024 0.2750000000000001          0.0538197                  0                  5           -0.34335                  0 0 0 0
0.036000000000000025 0.2800000000000001         0.05346654                  0                  5           -0.35316                  0 0 0 0
0.037000000000000026 0.2850000000000001         0.05310357                  0                  5           -0.36297                  0 0 0 0
0.03800000000000003 0.2900000000000001         0.05273079                  0                  5           -0.37278                  0 0 0 0
0.03900000000000003 0.2950000000000002          0.0523482                  0                  5           -0.38259                  0 0 0 0
0.04000000000000003 0.3000000000000002          0.0519558                  0                  5            -0.3924                  0 0 0 0
0.04100000000000003 0.3050000000000002         0.05155359                  0                  5           -0.40221                  0 0 0 0
0.04200000000000003  0.3100000000000002          0.05114157                   0                   5 -0.4120199999999999                   0 0 0 0
0.04300000000000003  0.3150000000000002          0.05071974                   0                   5 -0.4218299999999999                   0 0 0 0
0.04400000000000003  0.3200000000000002           0.0502881                   0                   5 -0.4316399999999999                   0 0 0 0
0.04500000000000003  0.3250000000000002          0.04984665                   0                   5 -0.4414499999999999                   0 0 0 0
0.046000000000000034     0.3299982148735821    0.04941652563545276 -7.878938084815612e-05      4.998214873581912    -0.4301243645472461   -0.07878938084815612  -0.1784012763422707    2.113615313316874 -0.00787402002658368
0.047000000000000035    0.3349579279614941   0.04918225136403406 -0.001660694730306577     4.959713087912001   -0.2342742714186977    -1.581905349458421  -3.850187468362867   20.56605917977674 -0.1503118593356263
0.048000000000000036    0.3398591147272082   0.04915413481561846 -0.005542123488777314     4.901186765714111  -0.02811654841559708    -3.881428758470737  -5.852668599538596   21.59696435922506 -0.2299535979656094
0.04900000000000004   0.3447198225561492  0.04924383647144091 -0.01106951514985212    4.860707828941043   0.0897016558224544   -5.527391661074805    -4.0479145328639    12.7629102861447 -0.1645970593368131
0.05000000000000004   0.3495612558713581  0.04938556956331991 -0.01740580795884544    4.841433315208791   0.1417330918789978   -6.336292808993323  -1.927452771409961   6.184148723035773 -0.0808901704568819
0.05100000000000004   0.3543951796141108  0.04954383656058198 -0.02407106063703172    4.833923742752751   0.1582669972620742   -6.665252678186276  -0.7509572677172834    2.634390597938858 -0.03289598787152563
0.05200000000000004   0.3592267360209533  0.04970157410811748 -0.03084658415687467    4.831556406842521   0.1577375475354933   -6.775523519842955  -0.2367337275815494   0.9280567359088981 -0.01102708943741949
0.05300000000000004   0.3640577966084845  0.04985171035521545 -0.03764718295883857    4.831060587531207   0.1501362470979715   -6.800598801963897  -0.04966879690812736     0.220890494923696 -0.002512035650322234
0.05400000000000004    0.368888825787053  0.04999221190604118 -0.04444956601582545    4.831029178568507   0.1405015508257357   -6.802383056986874  -0.003152072286022258    0.01753057244276263 -0.0001793065584067344
0.05500000000000004   0.3737198549656215  0.05012290345686692 -0.05125194907281232    4.831029178568507   0.1306915508257357   -6.802383056986874 0 0 0
0.05600000000000004    0.37855088414419 0.05024378500769265 -0.0580543321297992   4.831029178568507  0.1208815508257357  -6.802383056986874 0 0 0
0.057000000000000044   0.3833819133227584  0.05035485655851839 -0.06485671518678607    4.831029178568507   0.1110715508257357   -6.802383056986874 0 0 0
0.058000000000000045   0.3882129425013269  0.05045611810934413 -0.07165909824377294    4.831029178568507   0.1012615508257357   -6.802383056986874 0 0 0
0.059000000000000045   0.3930439716798954  0.05054756966016986 -0.07846148130075981    4.831029178568507  0.09145155082573572   -6.802383056986874 0 0 0
0.060000000000000046   0.3978750008584639   0.0506292112109956 -0.08526386435774667    4.831029178568507  0.08164155082573572   -6.802383056986874 0 0 0
0.06100000000000005   0.4027060300370324  0.05070104276182133 -0.09206624741473354    4.831029178568507  0.07183155082573572   -6.802383056986874 0 0 0
0.06200000000000005   0.4075370592156008  0.05076306431264706 -0.09886863047172041    4.831029178568507  0.06202155082573572   -6.802383056986874 0 0 0
0.06300000000000004  0.4123680883941693  0.0508152758634728 -0.1056710135287073   4.831029178568507 0.05221155082573573  -6.802383056986874 0 0 0
0.06400000000000004  0.4171991175727378 0.05085767741429854 -0.1124733965856941   4.831029178568507 0.04240155082573573  -6.802383056986874 0 0 0
0.06500000000000004  0.4220301467513063 0.05089026896512427  -0.119275779642681   4.831029178568507 0.03259155082573573  -6.802383056986874 0 0 0
0.06600000000000004  0.4268611759298748 0.05091305051595001 -0.1260781626996679   4.831029178568507 0.02278155082573573  -6.802383056986874 0 0 0
0.06700000000000005  0.4316922051084432 0.05092602206677575 -0.1328805457566548   4.831029178568507 0.01297155082573573  -6.802383056986874 0 0 0
0.06800000000000005   0.4365232342870117  0.05092918361760148  -0.1396829288136417    4.831029178568507 0.003161550825735725   -6.802383056986874 0 0 0
0.06900000000000005    0.4413542634655802   0.05092253516842721   -0.1464853118706285     4.831029178568507 -0.006648449174264276    -6.802383056986874 0 0 0
0.07000000000000005   0.4461852926441487  0.05090607671925295  -0.1532876949276154    4.831029178568507 -0.01645844917426428   -6.802383056986874 0 0 0
0.07100000000000005   0.4510163218227172  0.05087980827007869  -0.1600900779846023    4.831029178568507 -0.02626844917426428   -6.802383056986874 0 0 0
0.07200000000000005   0.4558473510012856  0.05084372982090442  -0.1668924610415892    4.831029178568507 -0.03607844917426428   -6.802383056986874 0 0 0
0.07300000000000005   0.4606783801798541  0.05079784137173016  -0.1736948440985761    4.831029178568507 -0.04588844917426427   -6.802383056986874 0 0 0
0.07400000000000005   0.4655094093584226   0.0507421429225559   -0.180497227155563    4.831029178568507 -0.05569844917426427   -6.802383056986874 0 0 0
0.07500000000000005   0.4703404385369911  0.05067663447338163  -0.1872996102125498    4.831029178568507 -0.06550844917426428   -6.802383056986874 0 0 0
0.07600000000000005   0.4751714677155596  0.05060131602420737  -0.1941019932695367    4.831029178568507 -0.07531844917426428   -6.802383056986874 0 0 0
0.07700000000000005   0.4800024968941281   0.0505161875750331  -0.2009043763265236    4.831029178568507 -0.08512844917426428   -6.802383056986874 0 0 0
0.07800000000000006   0.4848335260726965  0.05042124912585884  -0.2077067593835105    4.831029178568507 -0.09493844917426428   -6.802383056986874 0 0 0
0.07900000000000006   0.489664555251265 0.05031650067668458 -0.2145091424404974   4.831029178568507 -0.1047484491742643  -6.802383056986874 0 0 0
0.08000000000000006  0.4944955844298335 0.05020194222751032 -0.2213115254974843   4.831029178568507 -0.1145584491742643  -6.802383056986874 0 0 0
0.08100000000000006   0.499326613608402 0.05007757377833605 -0.2281139085544711   4.831029178568507 -0.1243684491742643  -6.802383056986874 0 0 0
0.08200000000000006  0.5041576427869705 0.04994339532916178  -0.234916291611458   4.831029178568507 -0.1341784491742643  -6.802383056986874 0 0 0
0.08300000000000006  0.5089886675424421 0.04979950192427431 -0.2417190680947563   4.831024755471576 -0.1438934048874784  -6.802776483298302 -0.0004426247408045409   0.009504430032204548 -3.937251428196031e-05
0.08400000000000006  0.5138191763631833 0.04965241155365154 -0.2485561832740368   4.830508820741157  -0.147090370622761  -6.837115179280471  -0.05160205378731776    0.6613113248577206 -0.003434476020598704
0.08500000000000006  0.5186468654526806 0.04952065007830632 -0.2555470724177616    4.82768908949724 -0.1317614753452254  -6.990889143724832  -0.2819731244254378    2.513889527959557 -0.01537739644628892
0.08600000000000006  0.5234672826274832 0.04942589748176736 -0.2628774917146005   4.820417174802683 -0.0947525965389633  -7.330419296838891   -0.727191479873217    4.681887946750238 -0.03395301579188528
0.08700000000000006    0.528275687657173  0.04937839835183762  -0.2707089613315877     4.80840502968984 -0.04749912992974305   -7.831469616987203   -1.201214727384906    5.706347775025102 -0.05010504052476578
0.08800000000000006    0.5330709770421906   0.04937355450910122   -0.2790403433829671     4.795289385017645 -0.004843842736396973    -8.331382051379403   -1.311564957911297    5.246530814261386 -0.04999126097524694
0.08900000000000007  0.5378556245041957 0.04939990313085986  -0.287731079742657   4.784647462005047 0.02634862175863941  -8.690736359689875   -1.064192560892876    4.100247410941532 -0.03593543909883457
0.09000000000000007  0.5426331197203834 0.04944657970225714 -0.2966191316900565   4.777495216187701 0.04667657139728052   -8.88805194739952  -0.7152246321362167    3.013795133436053 -0.01973156009104117
0.09100000000000007  0.5474060427077007 0.04950726983793679 -0.3056059246560244    4.77292298731725 0.06069013567964871  -8.986792965967959   -0.4572228877788349      2.38235643034378 -0.009874101866914975
0.09200000000000007  0.5521755240296291 0.04957677292000237 -0.3146708765053274   4.769481321928431 0.06950308206557974  -9.064951849302947   -0.3441665389001782     1.862294638642336 -0.007815888333901131
0.09300000000000007  0.5569426686898509 0.04964993167904138 -0.3237911362780003   4.767144660221724 0.07315875903901239  -9.120259772672874   -0.2336122256440005      1.34662729762484 -0.005529132033672256
0.09400000000000007  0.5617083605947046 0.04972233934669094 -0.3329474093280802   4.765691904853766 0.07240766764956426  -9.156273050079927   -0.1452758216903079    0.9058916976437963 -0.003601333696078811
0.09500000000000007  0.5664732202966682 0.04979054583648201 -0.3421256964466043   4.764859701963574 0.06820648979106957  -9.178287118524121  -0.08323144895120171    0.5608857771411163 -0.002201664925972758
0.09600000000000007  0.5712376553851989 0.04985207766847893 -0.3513160060884972   4.764435088530593  0.0615318319969203  -9.190309641892833  -0.04247218145080053    0.3135353748446628 -0.001202510373029386
0.09700000000000007  0.5760019030642509 0.04990533664316974  -0.360512030406345   4.764247679052087 0.05325897469081018  -9.196024317847813   -0.01874782094062151     0.1537145486585616 -0.0005716464797480534
0.09800000000000007  0.5807660837666397 0.04994940480871736 -0.3697102751703349   4.764180702388789 0.04406816554761767  -9.198244763989882  -0.006700916213817476    0.06191913270288676 -0.0002221412179567877
0.09900000000000007  0.5855302481902155  0.0499838353618917 -0.3789091146025285     4.7641644235757 0.03443055317433957    -9.1988394321936  -0.001628895968704732    0.01723876655155744 -5.950191609986717e-05
