0 0 0.010000000000000002 0.299019 -0.09810000000000002 0.0 -1
1 0 0.010000000000000002 0.29828325 -0.14715000000000006 0.0 -1
2 0 0.010000000000000002 0.29730225 -0.1962000000000001 0.0 -1
0 0 0.006868928273212853 0.29953714285714284 -0.06738418636021809 0.0 -1
1 0 0.006868928273212853 0.29918999999999996 -0.10107627954032714 0.0 -1
2 0 0.006868928273212853 0.2987271428571428 -0.13476837272043618 0.0 -1
0 0.006868928273212853 0.006868928273212853 0.29733857142857134 -0.20215255908065427 0.0 -1
1 0.006868928273212853 0.006868928273212853 0.2965285714285713 -0.2358446522607633 0.0 -1
2 0.006868928273212853 0.006868928273212853 0.295602857142857 -0.2695367454408723 0.0 -1
0 0.006868928273212853 0.0046923713220345924 0.29787875960987215 -0.1808005353895955 0.0 -1
1 0.006868928273212853 0.0046923713220345924 0.2974005679862368 -0.20381661672417514 0.0 -1
2 0.006868928273212853 0.0046923713220345924 0.2968683763626015 -0.2268326980587548 0.0 -1
0 0.006868928273212853 0.004201378541425155 0.2979877678919621 -0.17598389621181698 0.0 -1
1 0.006868928273212853 0.004201378541425155 0.29757478990537917 -0.19659165795750738 0.0 -1
2 0.006868928273212853 0.004201378541425155 0.29711852141480366 -0.21719941970319778 0.0 -1
0 0.011070306814638008 0.004201378541425155 0.29603282241768236 -0.25841494319457853 0.0 -1
1 0.011070306814638008 0.004201378541425155 0.2954466824151291 -0.2790227049402689 0.0 -1
2 0.011070306814638008 0.004201378541425155 0.2948172519085833 -0.29963046668595916 0.0 -1
0 0.011070306814638008 0.003429606114724566 0.2962582257934928 -0.25084385568864576 0.0 -1
1 0.011070306814638008 0.003429606114724566 0.29579923119199186 -0.26766607368136974 0.0 -1
2 0.011070306814638008 0.003429606114724566 0.29531138979964533 -0.28448829167409373 0.0 -1
0 0.014499912929362575 0.003429606114724566 0.29422031985157016 -0.3181327276595417 0.0 -1
1 0.014499912929362575 0.003429606114724566 0.29364593808668704 -0.33495494565226575 0.0 -1
2 0.014499912929362575 0.003429606114724566 0.2930427095309584 -0.3517771636449898 0.0 -1
0 0.014499912929362575 0.002844369104326803 0.29442283291901267 -0.3123915525875397 0.0 -1
1 0.014499912929362575 0.002844369104326803 0.29395871268538326 -0.3263431830442627 0.0 -1
2 0.014499912929362575 0.002844369104326803 0.2934747506584408 -0.34029481350098567 0.0 -1
0 0.017344282033689377 0.002844369104326803 0.29242745943130377 -0.36819807441443164 0.0 -1
1 0.017344282033689377 0.002844369104326803 0.29188397202442223 -0.3821497048711547 0.0 -1
2 0.017344282033689377 0.002844369104326803 0.29132064282422765 -0.3961013353278777 0.0 -1
0 0.017344282033689377 0.0024332718320781454 0.2925886377103024 -0.36416521017367226 0.0 -1
1 0.017344282033689377 0.0024332718320781454 0.29213106044527215 -0.3761004085100156 0.0 -1
2 0.017344282033689377 0.0024332718320781454 0.29165896238928085 -0.3880356068463589 0.0 -1
0 0.019777553865767523 0.0024332718320781454 0.29065668311345405 -0.41190600351904555 0.0 -1
1 0.019777553865767523 0.0024332718320781454 0.29014102268457964 -0.42384120185538887 0.0 -1
2 0.019777553865767523 0.0024332718320781454 0.28961084146474414 -0.43577640019173225 0.0 -1
0 0.019777553865767523 0.0021414117026129593 0.2907830332313239 -0.409042855648992 0.0 -1
1 0.019777553865767523 0.0021414117026129593 0.29033382236023897 -0.4195464800503086 0.0 -1
2 0.019777553865767523 0.0021414117026129593 0.28987336519704765 -0.43005010445162517 0.0 -1
0 0.021918965568380484 0.0021414117026129593 0.28890746570223935 -0.45105735325425833 0.0 -1
1 0.021918965568380484 0.0021414117026129593 0.2884132696627288 -0.46156097765557486 0.0 -1
2 0.021918965568380484 0.0021414117026129593 0.2879078273311118 -0.47206460205689144 0.0 -1
0 0.024060377270993444 0.0021414117026129593 0.2868519574994522 -0.49307185085952465 0.0 -1
1 0.024060377270993444 0.0021414117026129593 0.28631277629151597 -0.5035754752608412 0.0 -1
2 0.024060377270993444 0.0021414117026129593 0.28576234879147333 -0.5140790996621578 0.0 -1
0 0.024060377270993444 0.0018463218039025105 0.28700280281324664 -0.4901770189531751 0.0 -1
1 0.024060377270993444 0.0018463218039025105 0.2865419302167548 -0.499233227401317 0.0 -1
2 0.024060377270993444 0.0018463218039025105 0.2860726972827037 -0.5082894358494587 0.0 -1
0 0.025906699074895956 0.0018463218039025105 0.28510079006436456 -0.5264018527457424 0.0 -1
1 0.025906699074895956 0.0018463218039025105 0.28460647611763573 -0.5354580611938842 0.0 -1
2 0.025906699074895956 0.0018463218039025105 0.28410380183334766 -0.544514269642026 0.0 -1
0 0.027753020878798468 0.0018463218039025105 0.28306501191453454 -0.5626266865383096 0.0 -1
1 0.027753020878798468 0.0018463218039025105 0.28253725661756873 -0.5716828949864514 0.0 -1
2 0.027753020878798468 0.0018463218039025105 0.2820011409830437 -0.5807391034345932 0.0 -1
0 0.027753020878798468 0.0016110367098300237 0.28320110809658716 -0.5603185397654585 0.0 -1
1 0.027753020878798468 0.0016110367098300237 0.28274339591337166 -0.5682206748271748 0.0 -1
2 0.027753020878798468 0.0016110367098300237 0.28227931841532095 -0.5761228098888909 0.0 -1
0 0.029364057588628492 0.0016110367098300237 0.2813257021598786 -0.5919270800123235 0.0 -1
1 0.029364057588628492 0.0016110367098300237 0.28084252871732224 -0.5998292150740396 0.0 -1
2 0.029364057588628492 0.0016110367098300237 0.28035298995993063 -0.6077313501357557 0.0 -1
0 0.030975094298458516 0.0016110367098300237 0.2793484511858064 -0.6235356202591884 0.0 -1
1 0.030975094298458516 0.0016110367098300237 0.2788398164839091 -0.6314377553209045 0.0 -1
2 0.030975094298458516 0.0016110367098300237 0.27832481646717655 -0.6393398903826208 0.0 -1
0 0.030975094298458516 0.0014330965229223845 0.2794619048342124 -0.6217900270256244 0.0 -1
1 0.030975094298458516 0.0014330965229223845 0.27901132541111134 -0.6288193654705586 0.0 -1
2 0.030975094298458516 0.0014330965229223845 0.27855570912776834 -0.635848703915493 0.0 -1
0 0.032408190821380904 0.0014330965229223845 0.2776243291201146 -0.6499073808053617 0.0 -1
1 0.032408190821380904 0.0014330965229223845 0.2771536022560458 -0.6569367192502961 0.0 -1
2 0.032408190821380904 0.0014330965229223845 0.27667783853173505 -0.6639660576952304 0.0 -1
0 0.03384128734430329 0.0014330965229223845 0.2757061636421458 -0.678024734585099 0.0 -1
1 0.03384128734430329 0.0014330965229223845 0.2752152893371092 -0.6850540730300333 0.0 -1
2 0.03384128734430329 0.0014330965229223845 0.2747193781718307 -0.6920834114749674 0.0 -1
0 0.03527438386722568 0.0014330965229223845 0.2737074084003059 -0.706142088364836 0.0 -1
1 0.03527438386722568 0.0014330965229223845 0.27319638665430157 -0.7131714268097704 0.0 -1
2 0.03527438386722568 0.0014330965229223845 0.2726803280480553 -0.7202007652547048 0.0 -1
0 0.03527438386722568 0.0012726698072190888 0.2738226953663905 -0.7045683022837868 0.0 -1
1 0.03527438386722568 0.0012726698072190888 0.27337038167777566 -0.7108107476881964 0.0 -1
2 0.03527438386722568 0.0012726698072190888 0.2729140957032662 -0.7170531930926061 0.0 -1
0 0.03654705367444477 0.0012726698072190888 0.2719856346106684 -0.7295380839014254 0.0 -1
1 0.03654705367444477 0.0012726698072190888 0.27151743177847476 -0.735780529305835 0.0 -1
2 0.03654705367444477 0.0012726698072190888 0.2710452566603864 -0.7420229747102447 0.0 -1
0 0.037819723481663854 0.0012726698072190888 0.270085017280631 -0.754507865519064 0.0 -1
1 0.037819723481663854 0.0012726698072190888 0.2696009253048586 -0.7607503109234736 0.0 -1
2 0.037819723481663854 0.0012726698072190888 0.26911286104319143 -0.7669927563278832 0.0 -1
0 0.03909239328888294 0.0012726698072190888 0.2681208433762784 -0.7794776471367022 0.0 -1
1 0.03909239328888294 0.0012726698072190888 0.26762086225692716 -0.7857200925411119 0.0 -1
2 0.03909239328888294 0.0012726698072190888 0.2671169088516812 -0.7919625379455214 0.0 -1
0 0.03909239328888294 0.0011431561462444837 0.2682232487930584 -0.7782071181225416 0.0 -1
1 0.03909239328888294 0.0011431561462444837 0.267775237726339 -0.7838142990198708 0.0 -1
2 0.03909239328888294 0.0011431561462444837 0.2673240217179666 -0.7894214799171999 0.0 -1
0 0.04023554943512742 0.0011431561462444837 0.26640876993461005 -0.8006358417118581 0.0 -1
1 0.04023554943512742 0.0011431561462444837 0.26594793910127884 -0.8062430226091872 0.0 -1
2 0.04023554943512742 0.0011431561462444837 0.2654839033262947 -0.8118502035065165 0.0 -1
0 0.041378705581371904 0.0011431561462444837 0.2645430120097146 -0.8230645653011748 0.0 -1
1 0.041378705581371904 0.0011431561462444837 0.2640693614097716 -0.828671746198504 0.0 -1
2 0.041378705581371904 0.0011431561462444837 0.2635925058681757 -0.8342789270958333 0.0 -1
0 0.042521861727616385 0.0011431561462444837 0.26262597501837204 -0.8454932888904915 0.0 -1
1 0.042521861727616385 0.0011431561462444837 0.2621395046518173 -0.8511004697878208 0.0 -1
2 0.042521861727616385 0.0011431561462444837 0.2616498293436096 -0.8567076506851501 0.0 -1
0 0.043665017873860866 0.0011431561462444837 0.2606576589605824 -0.8679220124798084 0.0 -1
1 0.043665017873860866 0.0011431561462444837 0.2601583688274159 -0.8735291933771375 0.0 -1
2 0.043665017873860866 0.0011431561462444837 0.2596558737525964 -0.8791363742744666 0.0 -1
0 0.043665017873860866 0.0010279234122075145 0.2607588339856822 -0.8667915793589058 0.0 -1
1 0.043665017873860866 0.0010279234122075145 0.26031074493012585 -0.8718335436957836 0.0 -1
2 0.043665017873860866 0.0010279234122075145 0.2598600644979768 -0.8768755080326612 0.0 -1
0 0.04469294128606838 0.0010279234122075145 0.25894833812730783 -0.886959436706417 0.0 -1
1 0.04469294128606838 0.0010279234122075145 0.25848988356538066 -0.8920014010432947 0.0 -1
2 0.04469294128606838 0.0010279234122075145 0.2580288376268608 -0.8970433653801726 0.0 -1
0 0.04572086469827589 0.0010279234122075145 0.25709638024345033 -0.9071272940539283 0.0 -1
1 0.04572086469827589 0.0010279234122075145 0.25662756017515237 -0.9121692583908063 0.0 -1
2 0.04572086469827589 0.0010279234122075145 0.2561561487302617 -0.9172112227276842 0.0 -1
0 0.0467487881104834 0.0010279234122075145 0.25520296033410966 -0.9272951514014399 0.0 -1
1 0.0467487881104834 0.0010279234122075145 0.25472377475944097 -0.9323371157383178 0.0 -1
2 0.0467487881104834 0.0010279234122075145 0.2542419978081796 -0.9373790800751957 0.0 -1
0 0.04777671152269091 0.0010279234122075145 0.25326807839928595 -0.9474630087489513 0.0 -1
1 0.04777671152269091 0.0010279234122075145 0.25277852731824646 -0.952504973085829 0.0 -1
2 0.04777671152269091 0.0010279234122075145 0.2522863848606143 -0.9575469374227068 0.0 -1
0 0.04880463493489842 0.0010279234122075145 0.25129173443897906 -0.9676308660964623 0.0 -1
1 0.04880463493489842 0.0010279234122075145 0.2507918178515688 -0.9726728304333401 0.0 -1
2 0.04880463493489842 0.0010279234122075145 0.2502893098875658 -0.977714794770218 0.0 -1
0 0.04880463493489842 0.0009240115923283323 0.25139322463751995 -0.9666114911434476 0.0 -1
1 0.04880463493489842 0.0009240115923283323 0.25094455058779347 -0.9711437680038182 0.0 -1
2 0.04880463493489842 0.0009240115923283323 0.2504937825998877 -0.9756760448641887 0.0 -1
0 0.04972864652722676 0.0009240115923283323 0.2495838708713589 -0.9847405985849295 0.0 -1
1 0.04972864652722676 0.0009240115923283323 0.24912682106891518 -0.9892728754453 0.0 -1
2 0.04972864652722676 0.0009240115923283323 0.24866767732829215 -0.9938051523056703 0.0 -1
0 0.05065265811955509 0.0009240115923283323 0.24774101409432883 -1.0028697060264113 0.0 -1
1 0.05065265811955509 0.0009240115923283323 0.24727558853916787 -1.0074019828867817 0.0 -1
2 0.05065265811955509 0.0009240115923283323 0.24680806904582758 -1.0119342597471521 0.0 -1
0 0.051576669711883426 0.0009240115923283323 0.2458646543064298 -1.0209988134678931 0.0 -1
1 0.051576669711883426 0.0009240115923283323 0.24539085299855157 -1.0255310903282635 0.0 -1
2 0.051576669711883426 0.0009240115923283323 0.24491495775249403 -1.030063367188634 0.0 -1
0 0.05250068130421176 0.0009240115923283323 0.24395479150766172 -1.039127920909375 0.0 -1
1 0.05250068130421176 0.0009240115923283323 0.24347261444706625 -1.0436601977697453 0.0 -1
2 0.05250068130421176 0.0009240115923283323 0.24298834344829148 -1.0481924746301157 0.0 -1
0 0.053424692896540095 0.0009240115923283323 0.2420114256980247 -1.0572570283508564 0.0 -1
1 0.053424692896540095 0.0009240115923283323 0.241520872884712 -1.061789305211227 0.0 -1
2 0.053424692896540095 0.0009240115923283323 0.24102822613321997 -1.0663215820715974 0.0 -1
0 0.05434870448886843 0.0009240115923283323 0.24003455687751868 -1.0753861357923384 0.0 -1
1 0.05434870448886843 0.0009240115923283323 0.23953562831148872 -1.0799184126527088 0.0 -1
2 0.05434870448886843 0.0009240115923283323 0.23903460580727945 -1.0844506895130792 0.0 -1
0 0.055272716081196764 0.0009240115923283323 0.23802418504614367 -1.0935152432338202 0.0 -1
1 0.055272716081196764 0.0009240115923283323 0.23751688072739646 -1.0980475200941908 0.0 -1
2 0.055272716081196764 0.0009240115923283323 0.23700748247046993 -1.1025797969545612 0.0 -1
0 0.055272716081196764 0.0008247512212702576 0.23813353087169592 -1.0925414989937403 0.0 -1
1 0.055272716081196764 0.0008247512212702576 0.23768132517765408 -1.096586903734071 0.0 -1
2 0.055272716081196764 0.0008247512212702576 0.2372274512573622 -1.1006323084744014 0.0 -1
0 0.05609746730246702 0.0008247512212702576 0.23631303051177818 -1.1087231179550625 0.0 -1
1 0.05609746730246702 0.0008247512212702576 0.23585415191273612 -1.1127685226953932 0.0 -1
2 0.05609746730246702 0.0008247512212702576 0.235393605087444 -1.1168139274357236 0.0 -1
0 0.05692221852373728 0.0008247512212702576 0.2344658385318595 -1.1249047369163847 0.0 -1
1 0.05692221852373728 0.0008247512212702576 0.2340002870278172 -1.1289501416567154 0.0 -1
2 0.05692221852373728 0.0008247512212702576 0.23353306729752482 -1.1329955463970458 0.0 -1
0 0.05774696974500754 0.0008247512212702576 0.23259195493193985 -1.141086355877707 0.0 -1
1 0.05774696974500754 0.0008247512212702576 0.2321197305228973 -1.1451317606180376 0.0 -1
2 0.05774696974500754 0.0008247512212702576 0.2316458378876047 -1.1491771653583682 0.0 -1
0 0.058571720966277795 0.0008247512212702576 0.23069137971201925 -1.1572679748390293 0.0 -1
1 0.058571720966277795 0.0008247512212702576 0.23021248239797648 -1.16131337957936 0.0 -1
2 0.058571720966277795 0.0008247512212702576 0.22973191685768363 -1.1653587843196906 0.0 -1
0 0.05939647218754805 0.0008247512212702576 0.2287641128720977 -1.1734495938003517 0.0 -1
1 0.05939647218754805 0.0008247512212702576 0.22827854265305467 -1.1774949985406824 0.0 -1
2 0.05939647218754805 0.0008247512212702576 0.22779130420776159 -1.1815404032810128 0.0 -1
0 0.06022122340881831 0.0008247512212702576 0.22681015441217517 -1.1896312127616742 0.0 -1
1 0.06022122340881831 0.0008247512212702576 0.22631791128813192 -1.1936766175020046 0.0 -1
2 0.06022122340881831 0.0008247512212702576 0.22582399993783858 -1.1977220222423353 0.0 -1
0 0.06104597463008857 0.0008247512212702576 0.22482950433225168 -1.2058128317229966 0.0 -1
1 0.06104597463008857 0.0008247512212702576 0.22433058830320818 -1.2098582364633272 0.0 -1
2 0.06104597463008857 0.0008247512212702576 0.22383000404791462 -1.2139036412036577 0.0 -1
0 0.061870725851358825 0.0008247512212702576 0.22282216263232724 -1.2219944506843188 0.0 -1
1 0.061870725851358825 0.0008247512212702576 0.2223165736982835 -1.2260398554246494 0.0 -1
2 0.061870725851358825 0.0008247512212702576 0.2218093165379897 -1.2300852601649799 0.0 -1
0 0.061870725851358825 0.0007375538729741694 0.22292934821605798 -1.2211390446975343 0.0 -1
1 0.061870725851358825 0.0007375538729741694 0.22247768617516228 -1.2247567464444726 0.0 -1
2 0.061870725851358825 0.0007375538729741694 0.22202469000929925 -1.228374448191411 0.0 -1
0 0.062608279724333 0.0007375538729741694 0.22111336117770372 -1.2356098516852876 0.0 -1
1 0.062608279724333 0.0007375538729741694 0.2206563626369386 -1.239227553432226 0.0 -1
2 0.062608279724333 0.0007375538729741694 0.22019802997120613 -1.2428452551791642 0.0 -1
0 0.06334583359730717 0.0007375538729741694 0.21927602813987174 -1.2500806586730409 0.0 -1
1 0.06334583359730717 0.0007375538729741694 0.21881369309923718 -1.2536983604199792 0.0 -1
2 0.06334583359730717 0.0007375538729741694 0.21835002393363526 -1.2573160621669173 0.0 -1
0 0.06408338747028133 0.0007375538729741694 0.21741734910256197 -1.264551465660794 0.0 -1
1 0.06408338747028133 0.0007375538729741694 0.21694967756205796 -1.2681691674077324 0.0 -1
2 0.06408338747028133 0.0007375538729741694 0.2164806718965866 -1.2717868691546708 0.0 -1
0 0.0648209413432555 0.0007375538729741694 0.21553732406577444 -1.2790222726485472 0.0 -1
1 0.0648209413432555 0.0007375538729741694 0.215064316025401 -1.2826399743954855 0.0 -1
2 0.0648209413432555 0.0007375538729741694 0.21458997386006018 -1.2862576761424238 0.0 -1
0 0.06555849521622967 0.0007375538729741694 0.21363595302950913 -1.2934930796363004 0.0 -1
1 0.06555849521622967 0.0007375538729741694 0.21315760848926626 -1.2971107813832385 0.0 -1
2 0.06555849521622967 0.0007375538729741694 0.21267792982405603 -1.3007284831301766 0.0 -1
0 0.06629604908920383 0.0007375538729741694 0.21171323599376612 -1.3079638866240535 0.0 -1
1 0.06629604908920383 0.0007375538729741694 0.2112295549536538 -1.3115815883709914 0.0 -1
2 0.06629604908920383 0.0007375538729741694 0.21074453978857413 -1.3151992901179297 0.0 -1
0 0.067033602962178 0.0007375538729741694 0.20976917295854533 -1.3224346936118065 0.0 -1
1 0.067033602962178 0.0007375538729741694 0.20928015541856357 -1.3260523953587449 0.0 -1
2 0.067033602962178 0.0007375538729741694 0.20878980375361444 -1.3296700971056832 0.0 -1
0 0.06777115683515217 0.0007375538729741694 0.20780376392384678 -1.3369055005995598 0.0 -1
1 0.06777115683515217 0.0007375538729741694 0.20730940988399557 -1.3405232023464981 0.0 -1
2 0.06777115683515217 0.0007375538729741694 0.206813721719177 -1.3441409040934367 0.0 -1
0 0.06850871070812634 0.0007375538729741694 0.20581700888967044 -1.351376307587313 0.0 -1
1 0.06850871070812634 0.0007375538729741694 0.20531731834994982 -1.3549940093342514 0.0 -1
2 0.06850871070812634 0.0007375538729741694 0.20481629368526183 -1.35861171108119 0.0 -1
0 0.06850871070812634 0.0006635612371283825 0.20591748244239563 -1.350650439829666 0.0 -1
1 0.06850871070812634 0.0006635612371283825 0.20546828293510838 -1.3539052076977807 0.0 -1
2 0.06850871070812634 0.0006635612371283825 0.20501800355892458 -1.3571599755658956 0.0 -1
0 0.06917227194525472 0.0006635612371283825 0.20411312533097067 -1.3636695113021253 0.0 -1
1 0.06917227194525472 0.0006635612371283825 0.20365960634809716 -1.36692427917024 0.0 -1
2 0.06917227194525472 0.0006635612371283825 0.20320500749632708 -1.3701790470383544 0.0 -1
0 0.0698358331823831 0.0006635612371283825 0.20229149031720067 -1.3766885827745838 0.0 -1
1 0.0698358331823831 0.0006635612371283825 0.2018336518587409 -1.3799433506426986 0.0 -1
2 0.0698358331823831 0.0006635612371283825 0.20137473353138455 -1.3831981185108133 0.0 -1
0 0.07049939441951147 0.0006635612371283825 0.2004525774010856 -1.389707654247043 0.0 -1
1 0.07049939441951147 0.0006635612371283825 0.19999041946703955 -1.3929624221151578 0.0 1.0279880931869309e-07
0 0.07049939441951147 0.00033178061856419124 0.20091473533513163 -1.3864528863789283 0.0 -1
1 0.07049939441951147 0.00033178061856419124 0.20068446626978104 -1.3880802703129855 0.0 -1
2 0.07049939441951147 0.00033178061856419124 0.2004539272372063 -1.389707654247043 0.0 -1
0 0.07083117503807566 0.0004398792447304282 0.19984072551017304 -1.3940228696378487 0.0 1.7090101330113124e-06
0 0.07083117503807566 0.0002199396223652141 0.2001478009171114 -1.391865261942446 0.0 -1
1 0.07083117503807566 0.0002199396223652141 0.1999990779473762 -1.35239815487395 0.0040546066930996156 9.197793181823025e-09
0 0.07083117503807566 0.00010996981118260705 0.20030098271301428 -1.3907864580947447 0.0 -1
1 0.07083117503807566 0.00010996981118260705 0.2002244807919544 -1.3913258600185956 0.0 -1
2 0.07083117503807566 0.00010996981118260705 0.2001479492119307 -1.3918652619424465 0.0 -1
0 0.07094114484925827 0.00025300128778840567 0.19999563212286195 -0.6020407658799385 0.07923064386957852 1.1303938015879214e-08
0 0.07094114484925827 0.00012650064389420283 0.1999986053388584 -1.1805779676281363 0.021252841111594655 1.0245871155624073e-08
0 0.07094114484925827 6.325032194710142e-05 0.20005995876865026 -1.3911461724103693 0.0001339575399176235 -1
1 0.07094114484925827 6.325032194710142e-05 0.20001608902627635 -1.3871784687701791 0.0004277952820941067 -1
2 0.07094114484925827 6.325032194710142e-05 0.1999942486776705 -0.6906003932793819 0.0696888318454178 5.811018621241365e-08
0 0.07094114484925827 3.162516097355071e-05 0.20010393190421863 -1.3918445426686523 3.309621029545212e-05 -1
1 0.07094114484925827 3.162516097355071e-05 0.20008192871713235 -1.3914988198591964 5.008442251210868e-05 -1
2 0.07094114484925827 3.162516097355071e-05 0.20005993732706767 -1.390752766954868 9.011743383864335e-05 -1
0 0.07097277001023182 0.0001356986978593198 0.1999968327314458 -0.4650346437907096 0.09270495926568428 1.4430360136203149e-08
0 0.07097277001023182 6.78493489296599e-05 0.1999981590324727 -0.9105215535524878 0.04808969181392195 1.4606479573162773e-08
0 0.07097277001023182 3.392467446482995e-05 0.20001290862632523 -1.3862682983501537 0.0004817280796444374 -1
1 0.07097277001023182 3.392467446482995e-05 0.1999939869283994 -1.1155124241765109 0.027092227470683412 6.373162902582538e-08
0 0.07097277001023182 1.6962337232414975e-05 0.20003637219846362 -1.3892618853860557 0.0001657282179874257 -1
1 0.07097277001023182 1.6962337232414975e-05 0.2000245982955289 -1.3882406384684594 0.000110444718867871 -1
2 0.07097277001023182 1.6962337232414975e-05 0.2000128354759946 -1.3869338137947658 0.00013900249867658873 -1
0 0.07098973234746424 8.481168616207487e-05 0.19999345716215355 -0.22848636453263635 0.11592794949378843 5.549363230441043e-08
0 0.07098973234746424 4.2405843081037435e-05 0.19999164690053273 -0.4996616957099505 0.08876881669410015 8.357040027595457e-08
0 0.07098973234746424 2.1202921540518718e-05 0.19999241315593683 -0.9631842488658273 0.04239578501476917 7.995341783908691e-08
0 0.07098973234746424 1.0601460770259359e-05 0.19999851369492774 -1.350925252400175 0.0036112905027876133 1.588454374393429e-08
0 0.07098973234746424 5.300730385129679e-06 0.2000054887631164 -1.385981241151539 0.00010045728107192171 -1
1 0.07098973234746424 5.300730385129679e-06 0.20000181676724235 -1.3854678911249156 5.3935010925811956e-05 -1
2 0.07098973234746424 5.300730385129679e-06 0.1999981469348405 -1.38465159901135 8.42292192885484e-05 1.9883210484539574e-08
0 0.07098973234746424 2.6503651925648397e-06 0.20000916077542663 -1.3864883897018268 4.714241755377429e-05 -1
1 0.07098973234746424 2.6503651925648397e-06 0.20000732373165325 -1.386257092825677 2.4429691742139907e-05 -1
2 0.07098973234746424 2.6503651925648397e-06 0.20000548700548448 -1.3860174242633014 2.5266860365423387e-05 -1
0 0.0709923827126568 1.3251825962824198e-05 0.1999881998516074 -1.304511085911931 0.00816363387601756 1.26434440127568e-07
0 0.0709923827126568 6.625912981412099e-06 0.1999963899585345 -1.372949958067638 0.0013132498842939129 3.8721867265129745e-08
0 0.0709923827126568 3.3129564907060496e-06 0.2000008973514039 -1.3853650337622516 6.848906045337348e-05 -1
1 0.0709923827126568 3.3129564907060496e-06 0.19999860314080206 -1.3849928957867017 3.883880271164624e-05 1.4988253286066233e-08
0 0.0709923827126568 1.6564782453530248e-06 0.20000319161615868 -1.3857044801277782 3.291941871187091e-05 -1
1 0.0709923827126568 1.6564782453530248e-06 0.20000204405407193 -1.3855444102168213 1.6819493675070624e-05 -1
2 0.0709923827126568 1.6564782453530248e-06 0.20000089662746925 -1.3853808293521033 1.7170589051251126e-05 -1
0 0.07099403919090215 8.282391226765124e-06 0.1999894487278503 -1.3821973999464288 0.0003264680134248158 1.1321308696901275e-07
0 0.07099403919090215 4.141195613382562e-06 0.1999951643676835 -1.3842040610758326 0.00012173934179111883 5.188598638412867e-08
0 0.07099403919090215 2.070597806691281e-06 0.19999802906647826 -1.384895213218696 5.0592869780376926e-05 2.1148041079400645e-08
0 0.07099403919090215 1.0352989033456405e-06 0.19999946256911746 -1.3851635959020303 2.27389732314841e-05 5.7666160167314795e-09
0 0.07099403919090215 5.176494516728202e-07 0.20000017953950067 -1.3852771721648935 1.0873532833086553e-05 -1
1 0.07099403919090215 5.176494516728202e-07 0.19999982100903077 -1.385224957648579 5.475358687506473e-06 1.9205673204136103e-09
0 0.07099403919090215 2.588247258364101e-07 0.20000053806998327 -1.385329337497264 5.403092540013921e-06 -1
1 0.07099403919090215 2.588247258364101e-07 0.20000035879458375 -1.3853035018649933 2.7105167550972322e-06 -1
2 0.07099403919090215 2.588247258364101e-07 0.20000017952253896 -1.385277579074703 2.7192325570791e-06 -1
0 0.07099429801562798 1.2941236291820505e-06 0.19999838715011617 -1.3850086517065248 2.8162272098380217e-05 1.7305827176026037e-08
0 0.07099429801562798 6.470618145910253e-07 0.1999992832477289 -1.38514557627835 1.383504727545913e-05 7.690728725737173e-09
0 0.07099429801562798 3.2353090729551264e-07 0.19999973136358268 -1.385212188964405 6.856394849893558e-06 2.8824600839874592e-09
0 0.07099429801562798 1.6176545364775632e-07 0.19999995543774723 -1.3852450363564093 3.412963739428399e-06 4.781515333413672e-10
0 0.07099429801562798 8.088272682387816e-08 0.2000000674788242 -1.3852613425830054 1.7029951247963854e-06 -1
1 0.07099429801562798 8.088272682387816e-08 0.2000000114572955 -1.3852532155381438 8.52377463658517e-07 -1
2 0.07099429801562798 8.088272682387816e-08 0.19999995543609583 -1.3852450799437623 8.532324156416036e-07 4.78169252891153e-10
0 0.07099429801562798 4.044136341193908e-08 0.20000012350035293 -1.3852694691007619 8.506703716435493e-07 -1
1 0.07099429801562798 4.044136341193908e-08 0.20000009548934194 -1.3852654119165793 4.255549070080772e-07 -1
2 0.07099429801562798 4.044136341193908e-08 0.20000006747841306 -1.3852613525989883 4.2576824787417154e-07 -1
0 0.0709943384569914 2.022068170596954e-07 0.1999997873773751 -1.3852205482536162 4.278799424757148e-06 2.2814339000875455e-09
0 0.0709943384569914 1.011034085298477e-07 0.19999992742582598 -1.3852410033635245 2.134105990136301e-06 7.787185438579841e-10
0 0.0709943384569914 5.055170426492385e-08 0.19999999745160452 -1.3852511912008179 1.0657310389330468e-06 2.7344201338971863e-11
0 0.0709943384569914 2.5275852132461924e-08 0.2000000324648803 -1.385256275137179 5.325417918567372e-07 -1
1 0.0709943384569914 2.5275852132461924e-08 0.2000000149581139 -1.385256275137179 2.6635681492162764e-07 -1
2 0.0709943384569914 2.5275852132461924e-08 0.1999999974513475 -1.385256275137179 2.664402506818845e-07 2.7346959115617797e-11
0 0.0709943384569914 1.2637926066230962e-08 0.2000000499715825 -1.3852613525989883 2.6619002674143496e-07 -1
1 0.0709943384569914 1.2637926066230962e-08 0.20000004121816722 -1.3852613525989883 1.3311648538168826e-07 -1
2 0.0709943384569914 1.2637926066230962e-08 0.20000003246475195 -1.3852613525989883 1.3313733258692715e-07 -1
0 0.07099435109491746 6.318963033115482e-08 0.19999994493140258 -1.3852486384013587 1.3334087903260066e-06 5.908842722838342e-10
0 0.07099435109491746 3.159481516557741e-08 0.19999998869787625 -1.3852550005835607 6.661960564320629e-07 1.2127142302517657e-10
0 0.07099435109491746 1.5797407582788704e-08 0.2000000105812639 -1.3852581778585247 3.329713031967244e-07 -1
1 0.07099435109491746 1.5797407582788704e-08 0.1999999996395199 -1.3852581778585247 1.6651922042324163e-07 3.867940039439799e-12
0 0.07099435109491746 7.898703791394352e-09 0.20000002152298285 -1.3852613525989883 1.6645404826312375e-07 -1
1 0.07099435109491746 7.898703791394352e-09 0.2000000160520983 -1.3852613525989883 8.323541441390286e-08 -1
2 0.07099435109491746 7.898703791394352e-09 0.20000001058121375 -1.3852613525989883 8.32435605949527e-08 -1
0 0.07099435899362125 3.949351895697176e-08 0.19999995587268202 -1.3852534077423388 8.332288070551385e-07 4.73484697196408e-10
0 0.07099435899362125 1.974675947848588e-08 0.1999999832268694 -1.385257382148039 4.1641666597703894e-07 1.79975149800643e-10
0 0.07099435899362125 9.87337973924294e-09 0.1999999969040024 -1.3852613525989883 2.0815890963909712e-07 3.3219954564955856e-11
0 0.07099435899362125 4.93668986962147e-09 0.20000000374260807 -1.3852613525989883 1.04067103852654e-07 -1
1 0.07099435899362125 4.93668986962147e-09 0.20000000032330523 -1.3852613525989883 5.20368300589217e-08 -1
2 0.07099435899362125 4.93668986962147e-09 0.1999999969040024 -1.3852613525989883 5.2040012830582573e-08 3.3219954564955856e-11
0 0.07099435899362125 2.468344934810735e-09 0.2000000071619109 -1.3852613525989883 5.20304649858456e-08 -1
1 0.07099435899362125 2.468344934810735e-09 0.2000000054522595 -1.3852613525989883 2.6016051967810312e-08 -1
2 0.07099435899362125 2.468344934810735e-09 0.20000000374260807 -1.3852613525989883 2.6016847591288787e-08 -1
0 0.07099436146196618 1.2341724674053674e-08 0.19999998664609386 -1.3852613525989883 2.6024590247389236e-07 1.4328698167212495e-10
0 0.07099436146196618 6.170862337026837e-09 0.19999999519435097 -1.3852613525989883 1.301036531029878e-07 5.156445908281737e-11
0 0.07099436146196618 3.0854311685134185e-09 0.19999999946847952 -1.3852613525989883 6.504700235905468e-08 5.703197679743366e-12
0 0.07099436146196618 1.5427155842567093e-09 0.2000000016055438 -1.3852613525989883 3.252229522719687e-08 -1
1 0.07099436146196618 1.5427155842567093e-09 0.20000000053701164 -1.3852613525989883 1.626146774168643e-08 -1
2 0.07099436146196618 1.5427155842567093e-09 0.1999999994684795 -1.3852613525989883 1.6261778552601825e-08 5.703198113424235e-12
0 0.07099436146196618 7.713577921283546e-10 0.20000000267407592 -1.3852613525989883 1.6260846134328807e-08 -1
1 0.07099436146196618 7.713577921283546e-10 0.20000000213980984 -1.3852613525989883 8.130503097410657e-09 -1
2 0.07099436146196618 7.713577921283546e-10 0.20000000160554376 -1.3852613525989883 8.130580798006977e-09 -1
0 0.07099436223332398 3.856788960641773e-09 0.19999999626288306 -1.3852613525989883 8.131336864330787e-08 4.0099144274149956e-11
0 0.07099436223332398 1.9283944803208864e-09 0.1999999989342134 -1.3852613525989883 4.065479994829746e-08 1.1435855734598377e-11
0 0.07099436223332398 9.641972401604432e-10 0.2000000002698786 -1.3852613525989883 2.0326928892097043e-08 -1
1 0.07099436223332398 9.641972401604432e-10 0.199999999602046 -1.3852613525989883 1.0163589497579531e-08 4.2700335455003735e-12
0 0.07099436223332398 4.820986200802216e-10 0.20000000093771117 -1.3852613525989883 1.0163346677587711e-08 -1
1 0.07099436223332398 4.820986200802216e-10 0.2000000006037949 -1.3852613525989883 5.08170460124496e-09 -1
2 0.07099436223332398 4.820986200802216e-10 0.2000000002698786 -1.3852613525989883 5.081734953664165e-09 -1
0 0.0709943627154226 2.410493100401108e-09 0.19999999693071566 -1.3852613525989883 5.082030293189728e-08 3.293332186821152e-11
0 0.0709943627154226 1.205246550200554e-09 0.19999999860029713 -1.3852613525989883 2.5409415385633662e-08 1.501876682914738e-11
0 0.0709943627154226 6.02623275100277e-10 0.19999999943508787 -1.3852613525989883 1.2704523675278772e-08 6.061488984354657e-12
0 0.0709943627154226 3.013116375501385e-10 0.19999999985248323 -1.3852613525989883 6.35221583357245e-09 1.5828501703785136e-12
0 0.0709943627154226 1.5065581877506924e-10 0.20000000006118093 -1.3852613525989883 3.1760964158091866e-09 -1
1 0.0709943627154226 1.5065581877506924e-10 0.1999999999568321 -1.3852613525989883 1.5880512771954597e-09 4.631904668844777e-13
0 0.0709943627154226 7.532790938753462e-11 0.20000000016552977 -1.3852613525989883 1.5880453326652957e-09 -1
1 0.0709943627154226 7.532790938753462e-11 0.20000000011335534 -1.3852613525989883 7.940234335971972e-10 -1
2 0.0709943627154226 7.532790938753462e-11 0.2000000000611809 -1.3852613525989883 7.94024176691368e-10 -1
0 0.07099436279075051 3.766395469376731e-10 0.1999999995394367 -1.3852613525989883 7.94031389106129e-09 4.941829497701056e-12
0 0.07099436279075051 1.8831977346883656e-10 0.1999999998003088 -1.3852613525989883 3.970138975176845e-09 2.1426803473861833e-12
0 0.07099436279075051 9.415988673441828e-11 0.19999999993074485 -1.3852613525989883 1.9850649950096617e-09 7.431056638085298e-13
0 0.07099436279075051 4.707994336720914e-11 0.19999999999596288 -1.3852613525989883 9.925313743613542e-10 5.178756729007361e-14
0 0.07099436279075051 2.353997168360457e-11 0.20000000002857188 -1.3852613525989883 4.962654063950047e-10 -1
1 0.07099436279075051 2.353997168360457e-11 0.20000000001226736 -1.3852613525989883 2.4813277813690153e-10 -1
2 0.07099436279075051 2.353997168360457e-11 0.19999999999596285 -1.3852613525989883 2.481328507046266e-10 5.178778413050811e-14
0 0.07099436279075051 1.1769985841802285e-11 0.2000000000448764 -1.3852613525989883 2.481326330011035e-10 -1
1 0.07099436279075051 1.1769985841802285e-11 0.20000000003672413 -1.3852613525989883 1.2406633523531616e-10 -1
2 0.07099436279075051 1.1769985841802285e-11 0.20000000002857188 -1.3852613525989883 1.2406635337730342e-10 -1
0 0.0709943628025205 5.884992920901143e-11 0.19999999994704934 -1.3852613525989883 1.2406652946138146e-09 5.681590180967033e-13
0 0.0709943628025205 2.9424964604505714e-11 0.19999999998781062 -1.3852613525989883 6.203322085789143e-10 1.2047481068311328e-13
0 0.0709943628025205 1.4712482302252857e-11 0.20000000000819124 -1.3852613525989883 3.1016599460751145e-10 -1
1 0.0709943628025205 1.4712482302252857e-11 0.19999999999800092 -1.3852613525989883 1.5508302657682292e-10 2.9919426311475483e-14
0 0.0709943628025205 7.356241151126429e-12 0.20000000001838156 -1.3852613525989883 1.5508296988327625e-10 -1
1 0.0709943628025205 7.356241151126429e-12 0.2000000000132864 -1.3852613525989883 7.754149225992502e-11 -1
2 0.0709943628025205 7.356241151126429e-12 0.20000000000819126 -1.3852613525989883 7.754149934656312e-11 -1
0 0.07099436280987674 3.6781205755632144e-11 0.1999999999572397 -1.3852613525989883 7.754156812937221e-10 4.588170121611057e-13
0 0.07099436280987674 1.8390602877816072e-11 0.19999999998271548 -1.3852613525989883 3.8770766926872075e-10 1.854625394231979e-13
0 0.07099436280987674 9.195301438908036e-12 0.19999999999545337 -1.3852613525989883 1.9385379178983538e-10 5.725454832461452e-14
0 0.07099436280987674 4.597650719454018e-12 0.2000000000018223 -1.3852613525989883 9.692688518378988e-11 -1
1 0.07099436280987674 4.597650719454018e-12 0.19999999999863782 -1.3852613525989883 4.846344545062303e-11 2.3085483177864852e-14
0 0.07099436280987674 2.298825359727009e-12 0.20000000000500678 -1.3852613525989883 4.8463439914113167e-11 -1
1 0.07099436280987674 2.298825359727009e-12 0.20000000000341456 -1.3852613525989883 2.4231720671734678e-11 -1
2 0.07099436280987674 2.298825359727009e-12 0.20000000000182233 -1.3852613525989883 2.423172136379621e-11 -1
0 0.07099436281217557 1.1494126798635045e-11 0.19999999998589996 -1.3852613525989883 2.423172808087131e-10 1.5129304059557924e-13
0 0.07099436281217557 5.7470633993175226e-12 0.19999999999386114 -1.3852613525989883 1.2115862366821334e-10 6.215058849512456e-14
0 0.07099436281217557 2.8735316996587613e-12 0.19999999999784174 -1.3852613525989883 6.057930765007187e-11 3.162747841400915e-14
0 0.07099436281217557 1.4367658498293806e-12 0.19999999999983203 -1.3852613525989883 3.028965277902735e-11 1.0271514541693172e-14
0 0.07099436281217557 7.183829249146903e-13 0.20000000000082718 -1.3852613525989883 1.5144826128011534e-11 -1
1 0.07099436281217557 7.183829249146903e-13 0.2000000000003296 -1.3852613525989883 7.572413133797533e-12 -1
2 0.07099436281217557 7.183829249146903e-13 0.19999999999983203 -1.3852613525989883 7.57241320138436e-12 1.0271514541693172e-14
0 0.07099436281217557 3.5919146245734516e-13 0.20000000000132476 -1.3852613525989883 7.572412998630227e-12 -1
1 0.07099436281217557 3.5919146245734516e-13 0.20000000000107598 -1.3852613525989883 3.78620651676436e-12 -1
2 0.07099436281217557 3.5919146245734516e-13 0.2000000000008272 -1.3852613525989883 3.786206533656967e-12 -1
0 0.07099436281253475 1.7959573122867258e-12 0.19999999999833934 -1.3852613525989883 3.786206697648522e-11 2.6288216395387032e-14
0 0.07099436281253475 8.979786561433629e-13 0.1999999999995833 -1.3852613525989883 1.893103307964549e-11 1.2940603449917987e-14
0 0.07099436281253475 4.4898932807168144e-13 0.20000000000020524 -1.3852613525989883 9.465516437673475e-12 -1
1 0.07099436281253475 4.4898932807168144e-13 0.19999999999989426 -1.3852613525989883 4.732758246100369e-12 9.603862843876598e-15
0 0.07099436281253475 2.2449466403584072e-13 0.20000000000051624 -1.3852613525989883 4.73275819329942e-12 -1
1 0.07099436281253475 2.2449466403584072e-13 0.20000000000036075 -1.3852613525989883 2.366379103464829e-12 -1
2 0.07099436281253475 2.2449466403584072e-13 0.20000000000020526 -1.3852613525989883 2.3663791100637275e-12 -1
0 0.07099436281275925 1.1224733201792036e-12 0.19999999999865034 -1.3852613525989883 2.3663791741226743e-11 2.295104210847665e-14
0 0.07099436281275925 5.612366600896018e-13 0.1999999999994278 -1.3852613525989883 1.1831895711005128e-11 1.460897375293868e-14
0 0.07099436281275925 2.806183300448009e-13 0.19999999999981655 -1.3852613525989883 5.915947815600502e-12 1.0437831154952448e-14
0 0.07099436281275925 1.4030916502240045e-13 0.2000000000000109 -1.3852613525989883 2.9579738978247363e-12 -1
1 0.07099436281275925 1.4030916502240045e-13 0.19999999999991372 -1.3852613525989883 1.4789869515755662e-12 9.39504550545589e-15
0 0.07099436281275925 7.015458251120022e-14 0.2000000000001081 -1.3852613525989883 1.4789869464184895e-12 -1
1 0.07099436281275925 7.015458251120022e-14 0.2000000000000595 -1.3852613525989883 7.394934738747567e-13 -1
2 0.07099436281275925 7.015458251120022e-14 0.2000000000000109 -1.3852613525989883 7.394934745193424e-13 -1
0 0.0709943628128294 3.507729125560011e-13 0.19999999999952497 -1.3852613525989883 7.39493480775541e-12 1.3566188103442123e-14
0 0.0709943628128294 1.7538645627800055e-13 0.19999999999976795 -1.3852613525989883 3.697467388290962e-12 1.0959332399917976e-14
0 0.0709943628128294 8.769322813900027e-14 0.1999999999998894 -1.3852613525989883 1.848733690248795e-12 9.655904548155902e-15
0 0.0709943628128294 4.3846614069500136e-14 0.19999999999995016 -1.3852613525989883 9.243668441502262e-13 9.004082202057617e-15
0 0.0709943628128294 2.1923307034750068e-14 0.19999999999998053 -1.3852613525989883 4.621834218315705e-13 8.678171029008475e-15
0 0.0709943628128294 1.0961653517375034e-14 0.1999999999999957 -1.3852613525989883 2.310917108548995e-13 4.3021142204224816e-15
