0.0	0.202	0.192	0.0	0	0.202	0.192	0.0	0
0.002	0.20196080000000002	0.19196080000000001	0.0	0	0.20196080000000002	0.19196080000000001	0.0	0
0.004	0.20188240000000002	0.1918824	0.0	0	0.20188240000000002	0.1918824	0.0	0
0.006	0.20176480000000002	0.1917648	0.0	0	0.20176480000000002	0.1917648	0.0	0
0.008	0.201608	0.191608	0.0	0	0.201608	0.191608	0.0	0
0.01	0.201412	0.191412	0.0	0	0.201412	0.191412	0.0	0
0.012	0.20117680000000002	0.1911768	0.0	0	0.20117680000000002	0.1911768	0.0	0
0.014	0.2009024	0.1909024	0.0	0	0.2009024	0.1909024	0.0	0
0.016	0.2005888	0.1905888	0.0	0	0.2005888	0.1905888	0.0	0
0.018000000000000002	0.20023600000000003	0.19023600000000002	0.0	0	0.20023600000000003	0.19023600000000002	0.0	0
0.02	0.19984400000000002	0.189844	0.0	0	0.19984400000000002	0.189844	0.0	0
0.022	0.1994128	0.1894128	0.0	0	0.1994128	0.1894128	0.0	0
0.024	0.19894240000000002	0.1889424	0.0	0	0.19894240000000002	0.1889424	0.0	0
0.026000000000000002	0.19843280000000002	0.1884328	0.0	0	0.19843280000000002	0.1884328	0.0	0
0.028	0.197884	0.187884	0.0	0	0.197884	0.187884	0.0	0
0.03	0.197296	0.187296	0.0	0	0.197296	0.187296	0.0	0
0.032	0.1966688	0.1866688	0.0	0	0.1966688	0.1866688	0.0	0
0.034	0.19600240000000002	0.1860024	0.0	0	0.19600240000000002	0.1860024	0.0	0
0.036000000000000004	0.19529680000000002	0.1852968	0.0	0	0.19529680000000002	0.1852968	0.0	0
0.038	0.194552	0.184552	0.0	0	0.194552	0.184552	0.0	0
0.04	0.19376800000000002	0.18376800000000001	0.0	0	0.19376800000000002	0.18376800000000001	0.0	0
0.042	0.1929448	0.1829448	0.0	0	0.1929448	0.1829448	0.0	0
0.044	0.19208240000000001	0.1820824	0.0	0	0.19208240000000001	0.1820824	0.0	0
0.046	0.1911808	0.1811808	0.0	0	0.1911808	0.1811808	0.0	0
0.048	0.19024000000000002	0.18024	0.0	0	0.19024000000000002	0.18024	0.0	0
0.05	0.18926	0.17926	0.0	0	0.18926	0.17926	0.0	0
0.052000000000000005	0.1882408	0.1782408	0.0	0	0.1882408	0.1782408	0.0	0
0.054	0.1871824	0.1771824	0.0	0	0.1871824	0.1771824	0.0	0
0.056	0.18608480000000002	0.1760848	0.0	0	0.18608480000000002	0.1760848	0.0	0
0.058	0.184948	0.174948	0.0	0	0.184948	0.174948	0.0	0
0.06	0.18377200000000002	0.173772	0.0	0	0.18377200000000002	0.173772	0.0	0
0.062	0.18255680000000002	0.1725568	0.0	0	0.18255680000000002	0.1725568	0.0	0
0.064	0.1813024	0.1713024	0.0	0	0.1813024	0.1713024	0.0	0
0.066	0.18000880000000002	0.17000880000000002	0.0	0	0.18000880000000002	0.17000880000000002	0.0	0
0.068	0.178676	0.168676	0.0	0	0.178676	0.168676	0.0	0
0.07	0.17730400000000002	0.167304	0.0	0	0.17730400000000002	0.167304	0.0	0
0.07200000000000001	0.17589280000000002	0.1658928	0.0	0	0.17589280000000002	0.1658928	0.0	0
0.074	0.17444240000000003	0.16444240000000002	0.0	0	0.17444240000000003	0.16444240000000002	0.0	0
0.076	0.17295280000000002	0.1629528	0.0	0	0.17295280000000002	0.1629528	0.0	0
0.078	0.17142400000000002	0.161424	0.0	0	0.17142400000000002	0.161424	0.0	0
0.08	0.16985600000000003	0.15985600000000003	0.0	0	0.16985600000000003	0.15985600000000003	0.0	0
0.082	0.16824880000000003	0.15824880000000002	0.0	0	0.16824880000000003	0.15824880000000002	0.0	0
0.084	0.16660240000000004	0.15660240000000003	0.0	0	0.16660240000000004	0.15660240000000003	0.0	0
0.08600000000000001	0.16491680000000003	0.15491680000000002	0.0	0	0.16491680000000003	0.15491680000000002	0.0	0
0.088	0.16319200000000003	0.15319200000000002	0.0	0	0.16319200000000003	0.15319200000000002	0.0	0
0.09	0.16142800000000004	0.15142800000000003	0.0	0	0.16142800000000004	0.15142800000000003	0.0	0
0.092	0.15962480000000004	0.14962480000000003	0.0	0	0.15962480000000004	0.14962480000000003	0.0	0
0.094	0.15778240000000004	0.14778240000000004	0.0	0	0.15778240000000004	0.14778240000000004	0.0	0
0.096	0.15590080000000006	0.14590080000000005	0.0	0	0.15590080000000006	0.14590080000000005	0.0	0
0.098	0.15398000000000006	0.14398000000000005	0.0	0	0.15398000000000006	0.14398000000000005	0.0	0
0.1	0.15202000000000004	0.14202000000000004	0.0	0	0.15202000000000004	0.14202000000000004	0.0	0
0.10200000000000001	0.15002080000000007	0.14002080000000006	0.0	0	0.15002080000000007	0.14002080000000006	0.0	0
0.10400000000000001	0.14798240000000007	0.13798240000000006	0.0	0	0.14798240000000007	0.13798240000000006	0.0	0
0.106	0.14590480000000006	0.13590480000000005	0.0	0	0.14590480000000006	0.13590480000000005	0.0	0
0.108	0.14378800000000005	0.13378800000000005	0.0	0	0.14378800000000005	0.13378800000000005	0.0	0
0.11	0.14163200000000006	0.13163200000000005	0.0	0	0.14163200000000006	0.13163200000000005	0.0	0
0.112	0.13943680000000008	0.12943680000000007	0.0	0	0.13943680000000008	0.12943680000000007	0.0	0
0.114	0.13720240000000006	0.12720240000000005	0.0	0	0.13720240000000006	0.12720240000000005	0.0	0
0.116	0.13492880000000007	0.12492880000000008	0.0	0	0.13492880000000007	0.12492880000000008	0.0	0
0.11800000000000001	0.13261600000000007	0.12261600000000007	0.0	0	0.13261600000000007	0.12261600000000007	0.0	0
0.12	0.13026400000000007	0.12026400000000008	0.0	0	0.13026400000000007	0.12026400000000008	0.0	0
0.122	0.12787280000000006	0.11787280000000007	0.0	0	0.12787280000000006	0.11787280000000007	0.0	0
0.124	0.12544240000000006	0.11544240000000007	0.0	0	0.12544240000000006	0.11544240000000007	0.0	0
0.126	0.12297280000000008	0.11297280000000008	0.0	0	0.12297280000000008	0.11297280000000008	0.0	0
0.128	0.12046400000000007	0.11046400000000008	0.0	0	0.12046400000000007	0.11046400000000008	0.0	0
0.13	0.11791600000000008	0.10791600000000008	0.0	0	0.11791600000000008	0.10791600000000008	0.0	0
0.132	0.11532880000000008	0.10532880000000008	0.0	0	0.11532880000000008	0.10532880000000008	0.0	0
0.134	0.11270240000000008	0.10270240000000008	0.0	0	0.11270240000000008	0.10270240000000008	0.0	0
0.136	0.11003680000000007	0.10003680000000008	0.0	0	0.11003680000000007	0.10003680000000008	0.0	0
0.138	0.10733200000000008	0.09733200000000009	0.0	0	0.10733200000000008	0.09733200000000009	0.0	0
0.14	0.10458800000000008	0.09458800000000009	0.0	0	0.10458800000000008	0.09458800000000009	0.0	0
0.14200000000000002	0.10180480000000008	0.09180480000000009	0.0	0	0.10180480000000008	0.09180480000000009	0.0	0
0.14400000000000002	0.09898240000000008	0.08898240000000009	0.0	0	0.09898240000000008	0.08898240000000009	0.0	0
0.146	0.09612080000000008	0.08612080000000008	0.0	0	0.09612080000000008	0.08612080000000008	0.0	0
0.148	0.09322000000000008	0.08322000000000009	0.0	0	0.09322000000000008	0.08322000000000009	0.0	0
0.15	0.09028000000000008	0.08028000000000009	0.0	0	0.09028000000000008	0.08028000000000009	0.0	0
0.152	0.08730080000000008	0.07730080000000009	0.0	0	0.08730080000000008	0.07730080000000009	0.0	0
0.154	0.08428240000000008	0.07428240000000008	0.0	0	0.08428240000000008	0.07428240000000008	0.0	0
0.156	0.08122480000000007	0.07122480000000007	0.0	0	0.08122480000000007	0.07122480000000007	0.0	0
0.158	0.07812800000000007	0.06812800000000008	0.0	0	0.07812800000000007	0.06812800000000008	0.0	0
0.16	0.07499200000000006	0.06499200000000006	0.0	0	0.07499200000000006	0.06499200000000006	0.0	0
0.162	0.07181680000000007	0.06181680000000007	0.0	0	0.07181680000000007	0.06181680000000007	0.0	0
0.164	0.06860240000000006	0.05860240000000006	0.0	0	0.06860240000000006	0.05860240000000006	0.0	0
0.166	0.06534880000000007	0.055348800000000066	0.0	0	0.06534880000000007	0.055348800000000066	0.0	0
0.168	0.062056000000000056	0.052056000000000054	0.0	0	0.062056000000000056	0.052056000000000054	0.0	0
0.17	0.058724000000000054	0.04872400000000005	0.0	0	0.058724000000000054	0.04872400000000005	0.0	0
0.17200000000000001	0.05535280000000006	0.04535280000000006	0.0	0	0.05535280000000006	0.04535280000000006	0.0	0
0.17400000000000002	0.051942400000000055	0.04194240000000005	0.0	0	0.051942400000000055	0.04194240000000005	0.0	0
0.176	0.04849280000000006	0.038492800000000056	0.0	0	0.04849280000000006	0.038492800000000056	0.0	0
0.178	0.045004000000000044	0.03500400000000004	0.0	0	0.045004000000000044	0.03500400000000004	0.0	0
0.18	0.04147600000000004	0.03147600000000004	0.0	0	0.04147600000000004	0.03147600000000004	0.0	0
0.182	0.03790880000000005	0.027908800000000046	0.0	0	0.03790880000000005	0.027908800000000046	0.0	0
0.184	0.03430240000000004	0.024302400000000036	0.0	0	0.03430240000000004	0.024302400000000036	0.0	0
0.186	0.03065680000000004	0.020656800000000038	0.0	0	0.03065680000000004	0.020656800000000038	0.0	0
0.188	0.026972000000000024	0.016972000000000022	0.0	0	0.026972000000000024	0.016972000000000022	0.0	0
0.19	0.02324800000000002	0.013248000000000018	0.0	0	0.02324800000000002	0.013248000000000018	0.0	0
0.192	0.019484800000000024	0.009484800000000024	0.0	416	0.019484800000000024	0.009484800000000024	0.0	0
0.194	0.015682400000000013	0.005682400000000013	0.0	416	0.015682400000000013	0.005682400000000013	0.0	0
0.196	0.011840800000000012	0.0018408000000000122	8.888365257744589	416	0.011840800000000012	0.0018408000000000122	0.0	0
0.198	0.00855255768384966	-0.0014474423161503405	21.964986790973754	416	0.007960000000000023	-0.0020399999999999776	25.908487572311298	43
0.2	0.006689447820430877	-0.003310552179569123	24.794961901965213	416	0.0057672325048207795	-0.004232767495179221	25.643934165162136	73
0.202	0.006440135417143111	-0.003559864582856889	17.89434235023262	416	0.005244860620652325	-0.004755139379347675	22.635116344444953	73
0.20400000000000001	0.0073445791705375185	-0.0026554208294624817	7.544144540827033	416	0.006192296492780219	-0.003807703507219781	14.599113343780099	73
0.20600000000000002	0.008712765893320401	-0.0012872341066795991	0.0	416	0.008073806587826776	-0.001926193412173224	1.5244484480721623	43
0.20800000000000002	0.010041752616103267	4.175261610326643e-05	0.0	416	0.010017746579411485	1.7746579411484845e-05	0.0	0
0.21	0.011331539338886143	0.0013315393388861427	0.0	416	0.011922486570996205	0.0019224865709962045	0.0	0
0.212	0.01258212606166903	0.00258212606166903	0.0	416	0.013788026562580907	0.003788026562580907	0.0	0
0.214	0.0137935127844519	0.0037935127844519	0.0	416	0.01561436655416562	0.0056143665541656205	0.0	0
0.216	0.014965699507234781	0.004965699507234781	0.0	414	0.017401506545750317	0.007401506545750317	0.0	0
0.218	0.016098686230017645	0.0060986862300176446	0.0	416	0.019149446537335024	0.009149446537335024	0.0	0
0.22	0.01719247295280052	0.007192472952800519	0.0	416	0.020858186528919742	0.010858186528919742	0.0	0
0.222	0.018247059675583405	0.008247059675583404	0.0	416	0.022527726520504443	0.012527726520504443	0.0	0
0.224	0.019262446398366273	0.009262446398366273	0.0	416	0.024158066512089155	0.014158066512089154	0.0	0
0.226	0.020238633121149152	0.010238633121149152	0.0	0	0.02574920650367385	0.015749206503673847	0.0	0
0.228	0.021175619843932042	0.011175619843932042	0.0	0	0.027301146495258555	0.017301146495258553	0.0	0
0.23	0.022073406566714915	0.012073406566714915	0.0	0	0.02881388648684327	0.01881388648684327	0.0	0
0.232	0.0229319932894978	0.012931993289497798	0.0	0	0.03028742647842797	0.020287426478427968	0.0	0
0.234	0.023751380012280665	0.013751380012280665	0.0	0	0.03172176647001268	0.021721766470012678	0.0	0
0.23600000000000002	0.024531566735063542	0.014531566735063542	0.0	0	0.0331169064615974	0.0231169064615974	0.0	0
0.23800000000000002	0.02527255345784643	0.01527255345784643	0.0	0	0.034472846453182104	0.024472846453182102	0.0	0
0.24	0.0259743401806293	0.0159743401806293	0.0	0	0.03578958644476682	0.025789586444766817	0.0	0
0.242	0.026636926903412184	0.01663692690341218	0.0	0	0.037067126436351516	0.027067126436351514	0.0	0
0.244	0.02726031362619505	0.017260313626195047	0.0	0	0.038305466427936224	0.028305466427936223	0.0	0
0.246	0.027844500348977924	0.017844500348977922	0.0	0	0.03950460641952094	0.02950460641952094	0.0	0
0.248	0.02838948707176081	0.01838948707176081	0.0	0	0.040664546411105645	0.030664546411105643	0.0	0
0.25	0.02889527379454368	0.018895273794543678	0.0	0	0.04178528640269036	0.031785286402690356	0.0	0
0.252	0.02936186051732656	0.019361860517326558	0.0	0	0.042866826394275054	0.03286682639427505	0.0	0
0.254	0.02978924724010945	0.01978924724010945	0.0	0	0.04390916638585976	0.03390916638585976	0.0	0
0.256	0.030177433962892325	0.020177433962892323	0.0	0	0.04491230637744448	0.034912306377444476	0.0	0
0.258	0.03052642068567521	0.020526420685675208	0.0	0	0.04587624636902918	0.035876246369029176	0.0	0
0.26	0.030836207408458077	0.020836207408458075	0.0	0	0.04680098636061389	0.03680098636061389	0.0	0
0.262	0.031106794131240956	0.021106794131240954	0.0	0	0.04768652635219861	0.03768652635219861	0.0	0
0.264	0.031338180854023845	0.021338180854023843	0.0	0	0.048532866343783315	0.03853286634378331	0.0	0
0.266	0.03153036757680672	0.021530367576806715	0.0	0	0.04934000633536803	0.03934000633536803	0.0	0
0.268	0.0316833542995896	0.021683354299589598	0.0	0	0.05010794632695273	0.04010794632695273	0.0	0
0.27	0.031797141022372466	0.021797141022372464	0.0	0	0.05083668631853744	0.040836686318537437	0.0	0
0.272	0.03187172774515534	0.02187172774515534	0.0	0	0.05152622631012216	0.04152622631012216	0.0	0
0.274	0.03190711446793823	0.021907114467938228	0.0	0	0.05217656630170686	0.04217656630170686	0.0	0
0.276	0.0319033011907211	0.0219033011907211	0.0	0	0.052787706293291575	0.04278770629329157	0.0	0
0.278	0.03186028791350398	0.02186028791350398	0.0	0	0.05335964628487627	0.04335964628487627	0.0	0
0.28	0.031778074636286846	0.021778074636286844	0.0	0	0.05389238627646098	0.04389238627646098	0.0	0
0.28200000000000003	0.03165666135906972	0.02165666135906972	0.0	0	0.0543859262680457	0.044385926268045696	0.0	0
0.28400000000000003	0.03149604808185261	0.021496048081852605	0.0	0	0.0548402662596304	0.0448402662596304	0.0	0
0.28600000000000003	0.031296234804635475	0.021296234804635474	0.0	0	0.05525540625121511	0.04525540625121511	0.0	0
0.28800000000000003	0.031057221527418355	0.021057221527418353	0.0	0	0.055631346242799806	0.045631346242799804	0.0	0
0.29	0.030779008250201245	0.020779008250201243	0.0	0	0.05596808623438451	0.04596808623438451	0.0	0
0.292	0.03046159497298412	0.020461594972984117	0.0	0	0.05626562622596923	0.04626562622596923	0.0	0
0.294	0.030104981695767002	0.020104981695767	0.0	0	0.05652396621755393	0.046523966217553926	0.0	0
0.296	0.02970916841854987	0.019709168418549868	0.0	0	0.05674310620913864	0.046743106209138637	0.0	0
0.298	0.029274155141332747	0.019274155141332745	0.0	0	0.05692304620072336	0.04692304620072336	0.0	0
0.3	0.028799941864115636	0.018799941864115634	0.0	0	0.057063786192308064	0.04706378619230806	0.0	0
0.302	0.028286528586898507	0.018286528586898505	0.0	0	0.05716532618389278	0.047165326183892776	0.0	0
0.304	0.02773391530968139	0.017733915309681388	0.0	0	0.057227666175477476	0.047227666175477474	0.0	0
0.306	0.027142102032464255	0.017142102032464253	0.0	0	0.057250806167062185	0.04725080616706218	0.0	0
0.308	0.02651108875524713	0.01651108875524713	0.0	0	0.057234746158646904	0.0472347461586469	0.0	0
0.31	0.025840875478030018	0.015840875478030016	0.0	0	0.057179486150231607	0.047179486150231605	0.0	0
0.312	0.025131462200812887	0.015131462200812887	0.0	0	0.05708502614181632	0.04708502614181632	0.0	0
0.314	0.024382848923595768	0.014382848923595768	0.0	0	0.056951366133401016	0.046951366133401014	0.0	0
0.316	0.02359503564637866	0.013595035646378659	0.0	0	0.05677850612498572	0.04677850612498572	0.0	0
0.318	0.022768022369161534	0.012768022369161533	0.0	0	0.05656644611657044	0.04656644611657044	0.0	0
0.32	0.02190180909194442	0.011901809091944418	0.0	0	0.05631518610815514	0.04631518610815514	0.0	0
0.322	0.020996395814727287	0.010996395814727286	0.0	0	0.05602472609973985	0.04602472609973985	0.0	0
0.324	0.020051782537510165	0.010051782537510165	0.0	0	0.05569506609132455	0.045695066091324545	0.0	0
0.326	0.019067969260293055	0.009067969260293055	0.0	416	0.05532620608290925	0.04532620608290925	0.0	0
0.328	0.018044955983075928	0.008044955983075927	0.0	416	0.05491814607449397	0.044918146074493966	0.0	0
0.33	0.01698274270585881	0.006982742705858811	0.0	416	0.054470886066078666	0.044470886066078665	0.0	0
0.332	0.015881329428641677	0.005881329428641677	0.0	416	0.053984426057663376	0.043984426057663374	0.0	0
0.334	0.014740716151424554	0.004740716151424554	0.0	415	0.053458766049248096	0.043458766049248095	0.0	0
0.336	0.013560902874207442	0.003560902874207442	0.0	416	0.0528939060408328	0.0428939060408328	0.0	0
0.338	0.012341889596990313	0.002341889596990313	0.0	416	0.052289846032417514	0.04228984603241751	0.0	0
0.34	0.011083676319773195	0.0010836763197731945	0.7545730527570251	416	0.05164658602400221	0.04164658602400221	0.0	0
0.342	0.009836567912739874	-0.00016343208726012602	5.406527162610604	415	0.05096412601558692	0.04096412601558692	0.0	0
0.34400000000000003	0.00891069464988059	-0.0010893053501194096	8.946950850483226	416	0.05024246600717164	0.040242466007171636	0.0	0
0.34600000000000003	0.008542084777053538	-0.0014579152229464622	8.080330838522451	416	0.04948160599875634	0.03948160599875634	0.0	0
0.34800000000000003	0.00867296362679465	-0.0013270363732053505	5.105239167721105	416	0.04868154599034105	0.03868154599034105	0.0	0
0.35000000000000003	0.00910499175438384	-0.0008950082456161603	1.8520181462288645	416	0.04784228598192575	0.037842285981925745	0.0	0
0.352	0.009621287758388275	-0.0003787122416117252	0.0	416	0.046963825973510454	0.03696382597351045	0.0	0
0.354	0.01009838376239272	9.838376239272063e-05	0.0	416	0.04604616596509517	0.03604616596509517	0.0	0
0.356	0.01053627976639715	0.0005362797663971495	0.0	416	0.04508930595667987	0.03508930595667987	0.0	0
0.358	0.01093497577040159	0.0009349757704015891	0.0	416	0.04409324594826458	0.03409324594826458	0.0	0
0.36	0.01129447177440604	0.0012944717744060395	0.0	416	0.0430579859398493	0.0330579859398493	0.0	0
0.362	0.011614767778410473	0.0016147677784104728	0.0	416	0.04198352593143401	0.031983525931434005	0.0	0
0.364	0.011895863782414917	0.001895863782414917	0.0	416	0.04086986592301872	0.03086986592301872	0.0	0
0.366	0.012137759786419344	0.002137759786419344	0.0	416	0.03971700591460342	0.02971700591460342	0.0	0
0.368	0.012340455790423782	0.002340455790423782	0.0	416	0.03852494590618813	0.028524945906188127	0.0	0
0.37	0.01250395179442823	0.0025039517944282306	0.0	416	0.03729368589777285	0.027293685897772847	0.0	0
0.372	0.012628247798432662	0.0026282477984326622	0.0	416	0.03602322588935755	0.02602322588935755	0.0	0
0.374	0.012713343802437105	0.0027133438024371046	0.0	416	0.034713565880942265	0.024713565880942263	0.0	0
0.376	0.012759239806441558	0.0027592398064415578	0.0	416	0.03336470587252696	0.02336470587252696	0.0	0
0.378	0.012765935810445994	0.002765935810445994	0.0	416	0.03197664586411167	0.021976645864111667	0.0	0
0.38	0.012733431814450441	0.002733431814450441	0.0	416	0.030549385855696387	0.020549385855696385	0.0	0
0.382	0.012661727818454871	0.0026617278184548707	0.0	416	0.029082925847281088	0.019082925847281086	0.0	0
0.384	0.012550823822459312	0.0025508238224593114	0.0	416	0.0275772658388658	0.017577265838865798	0.0	0
0.386	0.012400719826463763	0.002400719826463763	0.0	416	0.026032405830450522	0.01603240583045052	0.0	0
0.388	0.012211415830468197	0.0022114158304681972	0.0	416	0.024448345822035228	0.014448345822035228	0.0	0
0.39	0.011982911834472643	0.0019829118344726424	0.0	416	0.022825085813619944	0.012825085813619944	0.0	0
0.392	0.01171520783847707	0.0017152078384770706	0.0	416	0.021162625805204643	0.011162625805204643	0.0	0
0.394	0.01140830384248151	0.0014083038424815095	0.0	416	0.019460965796789353	0.009460965796789353	0.0	0
0.396	0.01106219984648596	0.0010621998464859592	0.0	416	0.017720105788374074	0.007720105788374074	0.0	0
0.398	0.010676895850490392	0.0006768958504903919	0.0	416	0.015940045779958778	0.005940045779958778	0.0	0
0.4	0.010252391854494836	0.0002523918544948354	0.7045667649115259	416	0.014120785771543493	0.004120785771543492	0.0	0
0.402	0.009835658976160067	-0.00016434102383993364	2.2796373122697378	415	0.01226232576312819	0.00226232576312819	0.0	0
0.404	0.009531701918643276	-0.0004682980813567241	3.2312980282705546	416	0.010364665754712898	0.0003646657547128982	0.0	0
0.406	0.009403964729678055	-0.0005960352703219454	3.0271253921193684	416	0.008427805746297617	-0.0015721942537023827	16.100736165963514	43
0.40800000000000003	0.009438835893879782	-0.0005611641061202179	2.161481460989943	416	0.007525128149938332	-0.0024748718500616686	15.349881673260231	43
0.41000000000000003	0.009578605822147507	-0.00042139417785249343	1.1330261579302447	416	0.0076065759984630665	-0.0023934240015369337	11.081931971606474	43
0.41200000000000003	0.009754710827610591	-0.00024528917238940927	0.341673596377751	415	0.008387619311761574	-0.0016123806882384264	4.5429691597322375	43
0.41400000000000003	0.009914393755892675	-8.560624410732486e-05	0.0	414	0.009432327215450897	-0.0005676727845491027	0.032772967965966994	43
0.41600000000000004	0.010034876684174743	3.487668417474256e-05	0.0	416	0.010440019983671278	0.00044001998367127794	0.0	0
0.418	0.010116159612456821	0.00011615961245682073	0.0	416	0.01140851275189167	0.0014085127518916694	0.0	0
0.42	0.01015824254073891	0.00015824254073890966	0.0	416	0.012337805520112072	0.0023378055201120716	0.0	0
0.422	0.010161125469020982	0.00016112546902098158	0.0	416	0.013227898288332457	0.0032278982883324567	0.0	0
0.424	0.010124808397303064	0.00012480839730306427	0.0	416	0.014078791056552853	0.004078791056552853	0.0	0
0.426	0.01004929132558513	4.9291325585129955e-05	0.20827708836505093	416	0.014890483824773232	0.004890483824773232	0.0	0
0.428	0.009948459393091552	-5.154060690844807e-05	0.6399776866791725	414	0.01566297659299362	0.005662976592993621	0.0	0
0.43	0.009851092639709902	-0.0001489073602900983	1.0125779929523404	415	0.016396269361214022	0.006396269361214022	0.0	0
0.432	0.009782031085858428	-0.00021796891414157214	1.18131409532401	415	0.017090362129434405	0.007090362129434405	0.0	0
0.434	0.009752523805028612	-0.00024747619497138794	1.1426577613945799	415	0.0177452548976548	0.0077452548976547995	0.0	0
0.436	0.009759993708291781	-0.00024000629170821929	0.966294621937296	415	0.018360947665875177	0.008360947665875177	0.0	0
0.438	0.009792683253017437	-0.0002073167469825634	0.7426903795104176	415	0.018937440434095565	0.008937440434095565	0.0	0
0.44	0.009835685489710533	-0.0001643145102894674	0.5448922686220802	415	0.019474733202315964	0.009474733202315963	0.0	0
0.442	0.009875813877645079	-0.00012418612235492142	0.4123248154828644	415	0.019972825970536345	0.009972825970536345	0.0	0
0.444	0.009904230586611829	-9.576941338817167e-05	0.35487290903722585	414	0.020431718738756738	0.010431718738756738	0.0	0
0.446	0.009917105489514383	-8.289451048561734e-05	0.36460842431553175	414	0.020851411506977113	0.010851411506977113	0.0	0
0.448	0.009915087620728291	-8.491237927170901e-05	0.42395623186717746	414	0.0212319042751975	0.0112319042751975	0.0	0
0.45	0.009902133500733351	-9.786649926664913e-05	0.5093204972858041	414	0.021573197043417897	0.011573197043417896	0.0	0
0.452	0.00988393408055746	-0.00011606591944253973	0.5949549073340358	415	0.021875289811638277	0.011875289811638276	0.0	0
0.454	0.009866198320870517	-0.00013380167912948292	0.659189235283034	415	0.022138182579858667	0.012138182579858667	0.0	0
0.456	0.009853208510202438	-0.00014679148979756217	0.6902126025500791	415	0.02236187534807907	0.012361875348079069	0.0	0
0.458	0.009847032873037703	-0.00015296712696229696	0.687903335740617	415	0.022546368116299453	0.012546368116299453	0.0	0
0.46	0.009847517458255683	-0.00015248254174431673	0.6611998489998352	415	0.02269166088451985	0.012691660884519848	0.0	0
0.462	0.009852882033407007	-0.00014711796659299357	0.623138423015848	415	0.022797753652740227	0.012797753652740227	0.0	0
0.464	0.00986058917009272	-0.00013941082990727958	0.586110099247268	415	0.022864646420960616	0.012864646420960616	0.0	0
0.466	0.009868170313394903	-0.0001318296866050974	0.5588535629282696	415	0.022892339189181016	0.012892339189181016	0.0	0
0.468	0.0098738083608923	-0.00012619163910770025	0.5454211518019861	415	0.0228808319574014	0.012880831957401398	0.0	0
0.47000000000000003	0.009876607818509853	-0.0001233921814901475	0.5455809561364267	415	0.022830124725621792	0.012830124725621792	0.0	0
0.47200000000000003	0.009876579339869851	-0.00012342066013014928	0.5559919451057344	415	0.02274021749384217	0.012740217493842168	0.0	0
0.47400000000000003	0.009874416990903578	-0.00012558300909642182	0.5716918340102161	415	0.022611110262062556	0.012611110262062556	0.0	0
0.47600000000000003	0.009871167430871297	-0.0001288325691287031	0.5875990310535416	415	0.022442803030282954	0.012442803030282954	0.0	0
0.47800000000000004	0.009867891139575924	-0.0001321088604240763	0.5997554466015407	415	0.022235295798503335	0.012235295798503335	0.0	0
0.48	0.009865398544720655	-0.0001346014552793453	0.6060599637063727	415	0.021988588566723727	0.011988588566723727	0.0	0
0.482	0.009864109947445826	-0.00013589005255417418	0.606375304436732	415	0.0217026813349441	0.011702681334944101	0.0	0
0.484	0.009864046370466784	-0.00013595362953321664	0.6020944874902137	415	0.021377574103164487	0.011377574103164487	0.0	0
0.486	0.009864922425987077	-0.00013507757401292307	0.5954090081075061	415	0.021013266871384884	0.011013266871384883	0.0	0
0.488	0.0098662924153812	-0.00013370758461879982	0.5885564925697718	415	0.020609759639605263	0.010609759639605263	0.0	0
0.49	0.009867699504279986	-0.00013230049572001377	0.5832548095295025	415	0.020167052407825653	0.010167052407825653	0.0	0
0.492	0.009868790247147402	-0.00013120975285259816	0.5804149926620449	415	0.019685145176046054	0.009685145176046054	0.0	0
0.494	0.009869375322858948	-0.00013062467714105262	0.5801244182514916	415	0.019164037944266438	0.009164037944266437	0.0	0
0.496	0.009869435359787265	-0.00013056464021273494	0.5818302096604654	415	0.018603730712486832	0.008603730712486832	0.0	0
0.498	0.009869084077359619	-0.0001309159226403813	0.5846288303207499	415	0.01800422348070721	0.00800422348070721	0.0	0
0.5	0.00986850805028669	-0.00013149194971331067	0.5875694663127099	415	0.017365516248927598	0.007365516248927598	0.0	0
0.502	0.00986790332096793	-0.0001320966790320701	0.5898970537172326	415	0.016687609017147997	0.006687609017147997	0.0	0
0.504	0.009867425061896973	-0.00013257493810302744	0.591190326255581	415	0.01597050178536838	0.005970501785368379	0.0	0
0.506	0.00986715949124306	-0.00013284050875693974	0.5913848589822148	415	0.015214194553588772	0.005214194553588772	0.0	0
0.508	0.009867119577854633	-0.00013288042214536742	0.5907020924444416	415	0.014418687321809148	0.004418687321809148	0.0	0
0.51	0.009867259803962497	-0.00013274019603750319	0.5895246586228089	415	0.013583980090029535	0.0035839800900295347	0.0	0
0.512	0.009867501673978568	-0.00013249832602143206	0.5882624980386665	415	0.012710072858249932	0.002710072858249932	0.0	0
0.514	0.00986776104386386	-0.00013223895613614055	0.5872454820583523	415	0.011796965626470313	0.0017969656264703125	0.0	0
0.516	0.009867970112553054	-0.0001320298874469463	0.5866624058844551	415	0.010844658394690704	0.0008446583946907036	0.0	0
0.518	0.009868090008301217	-0.00013190999169878335	0.5865496005874009	415	0.009853151162911078	-0.00014684883708892225	5.805797841626344	43
0.52	0.009868113210755203	-0.00013188678924479745	0.5868195073756151	415	0.009209497120573229	-0.0007905028794267712	7.046804018932705	43
0.522	0.00986805771370089	-0.00013194228629911063	0.5873123942957655	415	0.008996430012830875	-0.0010035699871691253	6.041269765893734	43
0.524	0.009867956376266307	-0.00013204362373369326	0.5878530229892535	415	0.009146914222814773	-0.0008530857771852276	3.6585809423219895	43
0.526	0.009867845240364326	-0.00013215475963567445	0.5882973036241376	415	0.009502103828953473	-0.000497896171046527	0.9477474866594152	43
0.528	0.00986775392470396	-0.00013224607529604103	0.5885599821612336	415	0.009881276600869487	-0.00011872339913051276	0.0	43
0.53	0.009867699941187691	-0.00013230005881230932	0.5886211653272978	415	0.010221249372785485	0.00022124937278548452	0.0	0
0.532	0.009867687368693229	-0.0001323126313067715	0.588515212156137	415	0.010522022144701493	0.0005220221447014926	0.0	0
0.534	0.009867709143675851	-0.00013229085632414893	0.5883090217456977	415	0.010783594916617484	0.0007835949166174836	0.0	0
0.536	0.009867751520108187	-0.00013224847989181353	0.5880776563239782	415	0.011005967688533486	0.0010059676885334854	0.0	0
0.538	0.00986779907362878	-0.00013220092637122004	0.5878839466639294	415	0.011189140460449498	0.001189140460449498	0.0	0
0.54	0.0098678388902603	-0.0001321611097397004	0.5877661040347979	415	0.011333113232365494	0.0013331132323654935	0.0	0
0.542	0.00986786311382748	-0.0001321368861725205	0.5877344015267638	415	0.0114378860042815	0.0014378860042814998	0.0	0
0.544	0.009867869630829779	-0.00013213036917022157	0.5877755057448684	415	0.01150345877619749	0.0015034587761974891	0.0	0
0.546	0.009867861181548393	-0.00013213881845160723	0.5878615220864087	415	0.01152983154811349	0.0015298315481134892	0.0	0
0.548	0.009867843500406093	-0.0001321564995939075	0.5879603881971586	415	0.0115170043200295	0.0015170043200295	0.0	0
0.55	0.009867823178476953	-0.00013217682152304698	0.5880447445835149	415	0.011464977091945494	0.0014649770919454939	0.0	0
0.552	0.009867805839520044	-0.00013219416047995612	0.588097483974346	415	0.011373749863861499	0.0013737498638614985	0.0	0
0.554	0.00986779499949475	-0.00013220500050525018	0.5881134320044176	415	0.011243322635777486	0.001243322635777486	0.0	0
0.556	0.009867791721603097	-0.00013220827839690273	0.5880976930613085	415	0.011073695407693485	0.0010736954076934844	0.0	0
0.558	0.009867794956582188	-0.00013220504341781257	0.5880618826303164	415	0.010864868179609494	0.0008648681796094935	0.0	0
0.56	0.009867802317069962	-0.00013219768293003774	0.5880196871812092	415	0.010616840951525486	0.0006168409515254856	0.0	0
0.562	0.009867810990036502	-0.00013218900996349835	0.5879830045589647	415	0.010329613723441489	0.00032961372344148844	0.0	0
0.5640000000000001	0.009867818529973621	-0.00013218147002637924	0.5879594682633545	415	0.010003186495357502	3.1864953575020533e-06	0.0	0
0.5660000000000001	0.009867823367794959	-0.00013217663220504126	0.5879516226168735	415	0.009637559267273499	-0.00036244073272650133	3.749170647377777	43
0.5680000000000001	0.009867824980457435	-0.00013217501954256548	0.5879575462580514	415	0.009482676749014679	-0.0005173232509853212	3.4753832690328217	43
0.5700000000000001	0.009867823762870459	-0.00013217623712954117	0.5879724163262803	415	0.009520286448691379	-0.0004797135513086217	2.3748717427805692	43
0.5720000000000001	0.009867820706371877	-0.00013217929362812318	0.5879904000915103	415	0.009677020931220137	-0.00032297906877986303	1.0297228457362237	43
0.5740000000000001	0.009867817009879404	-0.0001321829901205964	0.5880063308559447	415	0.009863203603464626	-0.00013679639653537377	0.008309569561275272	43
0.5760000000000001	0.009867813735391306	-0.00013218626460869375	0.5880168096160254	415	0.010010740247013206	1.0740247013205431e-05	0.0	0
0.578	0.009867811581544289	-0.00013218841845571115	0.588020605234711	415	0.010119076890561796	0.00011907689056179539	0.0	0
0.58	0.009867810801379578	-0.00013218919862042176	0.588018424873326	415	0.010188213534110369	0.00018821353411036836	0.0	0
0.582	0.009867811249539754	-0.00013218875046024613	0.588012266099338	415	0.010218150177658952	0.00021815017765895207	0.0	0
0.584	0.009867812515439889	-0.0001321874845601114	0.5880046116002694	415	0.010208886821207519	0.0002088868212075188	0.0	0
0.586	0.009867814088780041	-0.0001321859112199588	0.5879977023419445	415	0.010160423464756096	0.00016042346475609627	0.0	0
0.588	0.009867815508943	-0.00013218449105699935	0.5879930479354613	415	0.010072760108304685	7.27601083046845e-05	0.0	0
0.59	0.009867816465634976	-0.0001321835343650237	0.5879912360352443	415	0.009945896751853256	-5.410324814674426e-05	1.0940278093809228	43
0.592	0.009867816838062649	-0.00013218316193735168	0.5879920142408643	415	0.009852768582693905	-0.00014723141730609533	1.3836706273656645	43
0.594	0.009867816678106378	-0.00013218332189362213	0.5879945576272161	415	0.0098126851220256	-0.0001873148779744007	1.3195521916665627	43
0.596	0.009867816155325254	-0.00013218384467474607	0.5879978109964823	415	0.009821371807468449	-0.00017862819253155159	1.0373782697577034	43
0.598	0.00986781548661056	-0.0001321845133894408	0.5880008036984158	415	0.00986001704422848	-0.00013998295577151952	0.6988580662921475	43
0.6	0.009867814871475755	-0.000132185128524245	0.588002866633603	415	0.009906052818741323	-9.394718125867695e-05	0.43385082998239954	43
0.602	0.009867814447449857	-0.00013218555255014273	0.5880037222819664	415	0.009941811981919652	-5.8188018080348666e-05	0.30696667835243	43
0.604	0.009867814271576097	-0.00013218572842390273	0.5880034567583542	415	0.009958835590321485	-4.1164409678514854e-05	0.31538143308719035	43
0.606	0.009867814326152885	-0.0001321856738471152	0.588002409677842	415	0.009957684627595775	-4.231537240422488e-05	0.4114267520266006	43
0.608	0.009867814541374864	-0.00013218545862513607	0.5880010288885944	415	0.009944762115005196	-5.523788499480452e-05	0.5339600988140825	43
0.61	0.00986781482518942	-0.00013218517481058088	0.5879997342807851	415	0.00992823694233555	-7.176305766445033e-05	0.6336462122746719	43
0.612	0.009867815091289367	-0.00013218490871063325	0.5879988218093798	415	0.009914754850484209	-8.524514951579153e-05	0.6852727514781806	43
0.614	0.009867815278843256	-0.00013218472115674416	0.5879984213567409	415	0.009907757608731416	-9.224239126858456e-05	0.6877922468091595	43
0.616	0.009867815361154275	-0.00013218463884572505	0.5879985055993767	415	0.00990741318343255	-9.258681656744948e-05	0.6565782539205921	43
0.618	0.00986781534383857	-0.00013218465616142948	0.5879989352010999	415	0.009911640641728392	-8.835935827160822e-05	0.6130170815006319	43
0.62	0.009867815255536289	-0.00013218474446371163	0.5879995203647912	415	0.00991753590545763	-8.246409454236957e-05	0.5755503874225744	43
0.622	0.009867815135258307	-0.00013218486474169365	0.5880000796857214	415	0.009922601195015035	-7.73988049849652e-05	0.5545577058743576	43
0.624	0.009867815020292714	-0.00013218497970728625	0.588000482509905	415	0.009925436998297399	-7.456300170260131e-05	0.5515502787513072	43
0.626	0.009867814937494446	-0.0001321850625055545	0.5880006685097972	415	0.009925842820163178	-7.415717983682256e-05	0.5615820081068846	43
0.628	0.0098678148992635	-0.00013218510073650068	0.5880006452316894	415	0.009924487442569407	-7.55125574305928e-05	0.5770254027843634	43
0.63	0.009867814904048006	-0.00013218509595199456	0.5880004696328016	415	0.009922400425161265	-7.759957483873502e-05	0.5909890971626099	43
0.632	0.009867814940141356	-0.00013218505985864402	0.5880002220248888	415	0.009920512680897303	-7.9487319102697e-05	0.5993521260088908	43
0.634	0.009867814991036367	-0.0001321850089636336	0.5879999806797881	415	0.009919381745033928	-8.061825496607188e-05	0.6012048432373643	43
0.636	0.00986781504064338	-0.00013218495935662065	0.5879998031730148	415	0.00991913113205306	-8.086886794693958e-05	0.5980858047418713	43
0.638	0.009867815077128583	-0.0001321849228714169	0.5879997173471976	415	0.00991955290605498	-8.044709394502102e-05	0.5926660539419056	43
0.64	0.009867815094770277	-0.00013218490522972325	0.5879997217615263	415	0.009920285750319696	-7.971424968030404e-05	0.587494738707956	43
0.642	0.009867815093862725	-0.00013218490613727506	0.5879997932388086	415	0.009920984910498254	-7.901508950174628e-05	0.5841978714051812	43
0.644	0.009867815079171088	-0.00013218492082891185	0.5879998978465196	415	0.00992143059543718	-7.856940456281956e-05	0.5832455800959843	43
0.646	0.009867815057669233	-0.0001321849423307677	0.588000001854322	415	0.009921559319049172	-7.844068095082778e-05	0.5841781344162276	43
0.648	0.009867815036291	-0.00013218496370900022	0.588000079936354	415	0.00992143325162223	-7.856674837776988e-05	0.5860649420279632	43
0.65	0.009867815020241866	-0.00013218497975813447	0.5880001193152794	415	0.009921178180330503	-7.882181966949696e-05	0.5879676268632288	43
0.652	0.009867815012147063	-0.00013218498785293707	0.5880001198314343	415	0.009920920950829637	-7.907904917036322e-05	0.589252581459061	43
0.654	0.009867815012041037	-0.00013218498795896337	0.5880000908753833	415	0.009920747226759369	-7.925277324063139e-05	0.5896994973220955	43
0.656	0.009867815017993359	-0.0001321849820066414	0.5880000467518554	415	0.009920686802510598	-7.931319748940256e-05	0.5894375621785085	43
0.658	0.009867815027062465	-0.00013218497293753483	0.5880000019853366	415	0.00992072221574039	-7.92777842596095e-05	0.5887873726084447	43
0.66	0.009867815036263938	-0.0001321849637360619	0.5879999676962478	415	0.009920810120477408	-7.918987952259225e-05	0.5880918704516775	43
0.662	0.009867815043311828	-0.00013218495668817186	0.5879999497171753	415	0.009920904149911203	-7.909585008879748e-05	0.5875957165722754	43
0.664	0.009867815047007539	-0.00013218495299246145	0.5879999484552176	415	0.009920971227116493	-7.902877288350728e-05	0.5873969398360045	43
0.666	0.009867815047266915	-0.0001321849527330856	0.5879999601261611	415	0.00992099810031083	-7.90018996891708e-05	0.5874629793404532	43
0.668	0.009867815044868028	-0.00013218495513197225	0.5879999787044431	415	0.009920989172127859	-7.901082787214152e-05	0.5876845656058186	43
0.67	0.009867815041049444	-0.00013218495895055658	0.5879999979467755	415	0.009920959214985287	-7.904078501471366e-05	0.5879371452936727	43
0.672	0.009867815037093997	-0.00013218496290600366	0.5880000129822511	415	0.009920925067528952	-7.907493247104845e-05	0.5881270657663009	43
0.674	0.009867815034004024	-0.00013218496599597639	0.5880000211541571	415	0.009920899391123728	-7.910060887627267e-05	0.5882122986871061	43
0.676	0.009867815032324312	-0.0001321849676756883	0.5880000221433286	415	0.009920887867964301	-7.911213203569932e-05	0.5881992695438569	43
0.678	0.009867815032120836	-0.00013218496787916444	0.5880000174674418	415	0.009920889629441126	-7.911037055887381e-05	0.5881247330783086	43
0.68	0.009867815033081845	-0.00013218496691815539	0.5880000096591846	415	0.009920899706456515	-7.910029354348501e-05	0.5880336186776327	43
0.682	0.009867815034686811	-0.00013218496531318923	0.58800000139765	415	0.009920912024717066	-7.908797528293453e-05	0.5879614926098584	43
0.684	0.009867815036384953	-0.0001321849636150476	0.5879999948168493	415	0.00992092177581827	-7.907822418173026e-05	0.5879259041762899	43
0.686	0.009867815037737537	-0.0001321849622624629	0.5879999911169443	415	0.009920926587197898	-7.907341280210221e-05	0.5879265399594173	43
0.6880000000000001	0.009867815038497929	-0.00013218496150207114	0.5879999904994969	415	0.00992092650124149	-7.907349875851087e-05	0.5879512266169377	43
0.6900000000000001	0.009867815038624966	-0.00013218496137503387	0.5879999923596402	415	0.009920923163726225	-7.907683627377503e-05	0.587983868114424	43
0.6920000000000001	0.009867815038242633	-0.00013218496175736692	0.5879999956338382	415	0.009920918750751906	-7.908124924809433e-05	0.5880110571520627	43
0.6940000000000001	0.009867815037569228	-0.0001321849624307727	0.5879999991796355	415	0.009920915074921072	-7.908492507892849e-05	0.5880256150522131	43
0.6960000000000001	0.009867815036841115	-0.0001321849631588847	0.588000002052794	415	0.009920913106760382	-7.908689323961847e-05	0.588026905489726	43
0.6980000000000001	0.009867815036249866	-0.00013218496375013399	0.5880000037230708	415	0.009920912932298992	-7.908706770100825e-05	0.588018883981563	43
0.7000000000000001	0.009867815035906835	-0.00013218496409316514	0.5880000040707042	415	0.009920914016769727	-7.908598323027281e-05	0.5880072750450775	43
0.7020000000000001	0.00986781503583517	-0.00013218496416483004	0.5880000033380831	415	0.009920915586243445	-7.908441375655516e-05	0.5879970974153211	43
0.704	0.00986781503598605	-0.00013218496401395073	0.5880000019658916	415	0.009920916962211535	-7.908303778846569e-05	0.5879912396389241	43
0.706	0.00986781503626799	-0.0001321849637320096	0.5880000004500959	415	0.009920917754155545	-7.908224584445532e-05	0.5879902096267972	43
0.708	0.009867815036579936	-0.00013218496342006468	0.5879999991913253	415	0.009920917893408016	-7.908210659198465e-05	0.5879927531441895	43
0.71	0.009867815036837979	-0.0001321849631620211	0.5879999984431957	415	0.00992091754953675	-7.908245046324945e-05	0.5879968499756901	43
0.712	0.009867815036992217	-0.00013218496300778336	0.5879999982567548	415	0.009920916995663887	-7.908300433611369e-05	0.5880006341208923	43
0.714	0.009867815037030242	-0.00013218496296975822	0.5879999985433513	415	0.009920916484065734	-7.908351593426642e-05	0.5880029590913609	43
0.716	0.00986781503697115	-0.00013218496302884984	0.5879999991187302	415	0.009920916169740335	-7.908383025966546e-05	0.5880035389563447	43
0.718	0.009867815036853328	-0.00013218496314667226	0.5879999997684962	415	0.00992091609134535	-7.908390865465041e-05	0.5880027585451133	43
0.72	0.009867815036720073	-0.00013218496327992678	0.5880000003146161	415	0.009920916196853397	-7.908380314660367e-05	0.58800132483532	43
0.722	0.009867815036607774	-0.00013218496339222584	0.5880000008590789	415	0.009920916390683793	-7.908360931620749e-05	0.587999891132925	43
0.724	0.009867815036495475	-0.0001321849635045249	0.5880000010630395	415	0.009920916584514189	-7.908341548581131e-05	0.5879989668730145	43
0.726	0.009867815036454064	-0.00013218496354593622	0.5880000009528163	415	0.009920916709469457	-7.908329053054296e-05	0.5879986890592921	43
0.728	0.009867815036476157	-0.00013218496352384278	0.5880000006378666	415	0.009920916747028663	-7.908325297133721e-05	0.5879989359446159	43
0.73	0.009867815036540772	-0.0001321849634592278	0.5880000003224459	415	0.009920916713650862	-7.908328634913774e-05	0.5879991828299936	43
0.732	0.009867815036605387	-0.00013218496339461282	0.5880000000113493	415	0.009920916680273062	-7.908331972693826e-05	0.5879994297154107	43
0.734	0.009867815036670002	-0.00013218496332999784	0.5879999996958893	415	0.009920916646895261	-7.908335310473878e-05	0.5879996766007729	43
0.736	0.009867815036734617	-0.00013218496326538286	0.5879999993804771	415	0.009920916613517461	-7.90833864825393e-05	0.5879999234861797	43
0.738	0.009867815036799232	-0.00013218496320076788	0.5879999990693414	415	0.00992091658013966	-7.908341986033983e-05	0.5880001703715204	43
0.74	0.009867815036863847	-0.0001321849631361529	0.5879999987539432	415	0.00992091654676186	-7.908345323814035e-05	0.5880004172569204	43
0.742	0.009867815036928462	-0.00013218496307153792	0.5879999984384393	415	0.00992091651338406	-7.908348661594088e-05	0.5880006641422865	43
0.744	0.009867815036993077	-0.00013218496300692294	0.5879999985827161	415	0.009920916480006259	-7.90835199937414e-05	0.5880006101572817	43
0.746	0.009867815036963212	-0.00013218496303678794	0.5879999987296138	415	0.009920916487305587	-7.908351269441359e-05	0.588000556161792	43
0.748	0.009867815036933347	-0.00013218496306665294	0.5879999988722125	415	0.009920916494604914	-7.908350539508578e-05	0.5880005021728523	43
0.75	0.009867815036903482	-0.00013218496309651794	0.5879999990191569	415	0.009920916501904242	-7.908349809575797e-05	0.5880004481839209	43
0.752	0.009867815036873617	-0.00013218496312638293	0.5879999991660025	415	0.00992091650920357	-7.908349079643016e-05	0.5880003941884624	43
0.754	0.009867815036843752	-0.00013218496315624793	0.5879999993086462	415	0.009920916516502898	-7.908348349710236e-05	0.5880003401994949	43
0.756	0.009867815036813887	-0.00013218496318611293	0.5879999994555396	415	0.009920916523802226	-7.908347619777455e-05	0.5880002862105915	43
0.758	0.009867815036784022	-0.00013218496321597793	0.5879999996025133	415	0.009920916531101553	-7.908346889844674e-05	0.5880002322150575	43
0.76	0.009867815036754157	-0.00013218496324584293	0.5879999997450761	415	0.009920916538400881	-7.908346159911893e-05	0.5880001782261067	43
0.762	0.009867815036724292	-0.00013218496327570793	0.5879999998919766	415	0.009920916545700209	-7.908345429979112e-05	0.588000124237201	43
0.764	0.009867815036694427	-0.00013218496330557293	0.5880000000389023	415	0.009920916552999537	-7.908344700046331e-05	0.5880000702416947	43
0.766	0.009867815036664562	-0.00013218496333543793	0.588000000181497	415	0.009920916560298865	-7.90834397011355e-05	0.5880000162527741	43
0.768	0.009867815036634697	-0.00013218496336530293	0.5880000003284548	415	0.009920916567598193	-7.90834324018077e-05	0.5879999622638497	43
0.77	0.009867815036604832	-0.00013218496339516793	0.5880000004710372	415	0.00992091657489752	-7.908342510247988e-05	0.5879999082683453	43
0.772	0.009867815036574967	-0.00013218496342503293	0.588000000617934	415	0.009920916582196848	-7.908341780315208e-05	0.5879998542794389	43
0.774	0.009867815036545102	-0.00013218496345489793	0.5880000007648207	415	0.009920916589496176	-7.908341050382427e-05	0.5879998002904536	43
0.776	0.009867815036515237	-0.00013218496348476293	0.588000000907429	415	0.009920916596795504	-7.908340320449646e-05	0.5879997462949571	43
0.778	0.009867815036485372	-0.00013218496351462793	0.5880000010543642	415	0.009920916604094832	-7.908339590516865e-05	0.5879996923060385	43
0.78	0.009867815036455507	-0.00013218496354449293	0.5880000011969806	415	0.00992091661139416	-7.908338860584084e-05	0.5879996383171089	43
0.782	0.009867815036425642	-0.00013218496357435792	0.588000001343849	415	0.009920916618693487	-7.908338130651303e-05	0.5879995843281683	43
0.784	0.009867815036395777	-0.00013218496360422292	0.5880000014907691	415	0.009920916625992815	-7.908337400718522e-05	0.5879995303326662	43
0.786	0.009867815036365912	-0.00013218496363408792	0.588000001633383	415	0.009920916633292143	-7.908336670785741e-05	0.587999476343751	43
0.788	0.009867815036336047	-0.00013218496366395292	0.5880000017803318	415	0.00992091664059147	-7.90833594085296e-05	0.5879994223547917	43
0.79	0.009867815036306182	-0.00013218496369381792	0.5880000019271795	415	0.009920916647890798	-7.90833521092018e-05	0.5879993683592841	43
0.792	0.009867815036276317	-0.00013218496372368292	0.5880000020697954	415	0.009920916655190126	-7.908334480987399e-05	0.5879993143703817	43
0.794	0.009867815036246452	-0.00013218496375354792	0.5880000022167444	415	0.009920916662489454	-7.908333751054618e-05	0.5879992603814416	43
0.796	0.009867815036216587	-0.00013218496378341292	0.5880000023636232	415	0.009920916669788782	-7.908333021121837e-05	0.5879992063859302	43
0.798	0.009867815036186722	-0.00013218496381327792	0.5880000018924658	415	0.00992091667708811	-7.908332291189056e-05	0.5879994323252339	43
0.8	0.009867815036283034	-0.00013218496371696607	0.5880000014257579	415	0.00992091664654246	-7.90833534575399e-05	0.5879996582601587	43
0.802	0.009867815036379346	-0.00013218496362065423	0.5880000009547812	415	0.009920916615996811	-7.908338400318925e-05	0.5879998842017173	43
0.804	0.009867815036475658	-0.00013218496352434238	0.5880000004880888	415	0.009920916585451162	-7.908341454883859e-05	0.5880001101366634	43
0.806	0.00986781503657197	-0.00013218496342803053	0.5880000000171378	415	0.009920916554905512	-7.908344509448793e-05	0.5880003360715951	43
0.808	0.009867815036668282	-0.00013218496333171868	0.5879999995503911	415	0.009920916524359863	-7.908347564013728e-05	0.5880005620130797	43
0.81	0.009867815036764593	-0.00013218496323540684	0.5879999990793815	415	0.009920916493814214	-7.908350618578662e-05	0.5880007879480693	43
0.812	0.009867815036860905	-0.000132184963139095	0.5879999989524759	415	0.009920916463268564	-7.908353673143596e-05	0.5880006790393453	43
0.8140000000000001	0.009867815036887384	-0.00013218496311261617	0.5879999988228679	415	0.009920916477992203	-7.908352200779699e-05	0.5880005701351976	43
0.8160000000000001	0.009867815036913863	-0.00013218496308613735	0.5879999986931977	415	0.009920916492715842	-7.908350728415801e-05	0.5880004612309784	43
0.8180000000000001	0.009867815036940342	-0.00013218496305965853	0.5879999985679041	415	0.009920916507439481	-7.908349256051904e-05	0.5880003523202463	43
0.8200000000000001	0.00986781503696682	-0.0001321849630331797	0.5879999984382968	415	0.00992091652216312	-7.908347783688006e-05	0.5880002434160517	43
0.8220000000000001	0.0098678150369933	-0.0001321849630067009	0.5879999983086679	415	0.009920916536886759	-7.908346311324109e-05	0.5880001345118853	43
0.8240000000000001	0.009867815037019778	-0.00013218496298022207	0.587999998179008	415	0.009920916551610398	-7.908344838960212e-05	0.5880000256011624	43
0.8260000000000001	0.009867815037046257	-0.00013218496295374325	0.5879999980494022	415	0.009920916566334037	-7.908343366596314e-05	0.5879999166969565	43
0.8280000000000001	0.009867815037072736	-0.00013218496292726443	0.5879999979240736	415	0.009920916581057676	-7.908341894232417e-05	0.5879998077928122	43
0.8300000000000001	0.009867815037099215	-0.00013218496290078562	0.5879999977944664	415	0.009920916595781315	-7.908340421868519e-05	0.5879996988820217	43
0.8320000000000001	0.009867815037125693	-0.0001321849628743068	0.5879999976648062	415	0.009920916610504954	-7.908338949504622e-05	0.5879995899778622	43
0.834	0.009867815037152172	-0.00013218496284782798	0.5879999975351634	415	0.009920916625228593	-7.908337477140724e-05	0.5879994810736997	43
0.836	0.009867815037178651	-0.00013218496282134916	0.5879999974055602	415	0.009920916639952232	-7.908336004776827e-05	0.5879993721629158	43
0.838	0.00986781503720513	-0.00013218496279487034	0.5879999972758942	415	0.009920916654675871	-7.908334532412929e-05	0.5879992632587219	43
0.84	0.009867815037231609	-0.00013218496276839152	0.5879999978484519	415	0.00992091666939951	-7.908333060049032e-05	0.5879994336363178	43
0.842	0.009867815037114647	-0.00013218496288535352	0.587999998414527	415	0.009920916646365574	-7.908335363442619e-05	0.5879996040121981	43
0.844	0.009867815036997685	-0.0001321849630023155	0.5879999989848358	415	0.009920916623331638	-7.908337666836206e-05	0.5879997743815017	43
0.846	0.009867815036880723	-0.0001321849631192775	0.5879999995552516	415	0.009920916600297702	-7.908339970229793e-05	0.5879999447573863	43
0.848	0.00986781503676376	-0.0001321849632362395	0.5880000001213129	415	0.009920916577263766	-7.90834227362338e-05	0.5880001151332367	43
0.85	0.009867815036646799	-0.0001321849633532015	0.5880000006916845	415	0.00992091655422983	-7.908344577016967e-05	0.5880002855091232	43
0.852	0.009867815036529837	-0.0001321849634701635	0.5880000012620784	415	0.009920916531195895	-7.908346880410554e-05	0.5880004558850058	43
0.854	0.009867815036412875	-0.0001321849635871255	0.5880000018281502	415	0.009920916508161959	-7.90834918380414e-05	0.5880006262608951	43
0.856	0.009867815036295913	-0.00013218496370408749	0.5880000023985721	415	0.009920916485128023	-7.908351487197728e-05	0.5880007966367853	43
0.858	0.00986781503617895	-0.00013218496382104948	0.5880000022417986	415	0.009920916462094087	-7.908353790591315e-05	0.588000647648334	43
0.86	0.009867815036211425	-0.00013218496378857546	0.5880000020819183	415	0.009920916482236697	-7.908351776330334e-05	0.5880004986564676	43
0.862	0.009867815036243899	-0.00013218496375610143	0.5880000019263509	415	0.009920916502379307	-7.908349762069354e-05	0.5880003496711735	43
0.864	0.009867815036276373	-0.0001321849637236274	0.5880000017664702	415	0.009920916522521916	-7.908347747808374e-05	0.5880002006793761	43
0.866	0.009867815036308847	-0.0001321849636911534	0.5880000016109144	415	0.009920916542664526	-7.908345733547394e-05	0.5880000516941054	43
0.868	0.00986781503634132	-0.00013218496365867936	0.588000001451073	415	0.009920916562807136	-7.908343719286413e-05	0.5879999027022237	43
0.87	0.009867815036373795	-0.00013218496362620534	0.5880000012911887	415	0.009920916582949746	-7.908341705025433e-05	0.5879997537104419	43
0.872	0.009867815036406269	-0.00013218496359373132	0.5880000011356472	415	0.009920916603092356	-7.908339690764453e-05	0.5879996047251215	43
0.874	0.009867815036438743	-0.0001321849635612573	0.5880000009757538	415	0.009920916623234965	-7.908337676503473e-05	0.5879994557332844	43
0.876	0.009867815036471217	-0.00013218496352878327	0.5880000008201545	415	0.009920916643377575	-7.908335662242492e-05	0.5879993067480206	43
0.878	0.009867815036503691	-0.00013218496349630925	0.588000000498594	415	0.009920916663520185	-7.908333647981512e-05	0.5879994359144852	43
0.88	0.009867815036569416	-0.00013218496343058404	0.5880000001788325	415	0.009920916646057099	-7.908335394290165e-05	0.5879995650858557	43
0.882	0.009867815036635141	-0.00013218496336485884	0.5879999998590669	415	0.009920916628594012	-7.908337140598819e-05	0.5879996942572552	43
0.884	0.009867815036700867	-0.00013218496329913364	0.5879999995393089	415	0.009920916611130925	-7.908338886907472e-05	0.5879998234220566	43
0.886	0.009867815036766592	-0.00013218496323340843	0.5879999992195086	415	0.009920916593667839	-7.908340633216125e-05	0.5879999525934299	43
0.888	0.009867815036832317	-0.00013218496316768323	0.5879999988997714	415	0.009920916576204752	-7.908342379524778e-05	0.5880000817648046	43
0.89	0.009867815036898042	-0.00013218496310195803	0.5879999985800374	415	0.009920916558741666	-7.908344125833432e-05	0.5880002109296127	43
0.892	0.009867815036963767	-0.00013218496303623282	0.5879999982602823	415	0.00992091654127858	-7.908345872142085e-05	0.5880003401009893	43
0.894	0.009867815037029493	-0.00013218496297050762	0.5879999979405098	415	0.009920916523815493	-7.908347618450738e-05	0.5880004692723508	43
0.896	0.009867815037095218	-0.00013218496290478242	0.5879999976207393	415	0.009920916506352406	-7.908349364759391e-05	0.5880005984371913	43
0.898	0.009867815037160943	-0.00013218496283905722	0.587999997300966	415	0.00992091648888932	-7.908351111068045e-05	0.5880007276085475	43
0.9	0.009867815037226668	-0.000132184962773332	0.5879999977205485	415	0.009920916471426233	-7.908352857376698e-05	0.5880005738209252	43
0.902	0.009867815037140432	-0.00013218496285956859	0.5879999981397215	415	0.00992091649221788	-7.90835077821208e-05	0.5880004200266973	43
0.904	0.009867815037054195	-0.00013218496294580516	0.5879999985588498	415	0.009920916513009526	-7.908348699047461e-05	0.5880002662390397	43
0.906	0.009867815036967958	-0.00013218496303204173	0.5879999989823026	415	0.009920916533801172	-7.908346619882843e-05	0.5880001124514552	43
0.908	0.009867815036881722	-0.0001321849631182783	0.5879999994014324	415	0.009920916554592818	-7.908344540718225e-05	0.5879999586572249	43
0.91	0.009867815036795485	-0.00013218496320451488	0.5879999998205744	415	0.009920916575384464	-7.908342461553607e-05	0.5879998048695302	43
0.912	0.009867815036709249	-0.00013218496329075145	0.5880000002397561	415	0.00992091659617611	-7.908340382388988e-05	0.5879996510819127	43
0.914	0.009867815036623012	-0.00013218496337698803	0.5880000006588744	415	0.009920916616967757	-7.90833830322437e-05	0.5879994972942417	43
0.916	0.009867815036536776	-0.0001321849634632246	0.5880000010780385	415	0.009920916637759403	-7.908336224059752e-05	0.5879993435000427	43
0.918	0.009867815036450539	-0.00013218496354946117	0.5880000014971855	415	0.009920916658551049	-7.908334144895134e-05	0.5879991897123874	43
0.92	0.009867815036364302	-0.00013218496363569775	0.5880000014470046	415	0.009920916679342695	-7.908332065730515e-05	0.5879993543189251	43
0.922	0.009867815036374517	-0.0001321849636254837	0.5880000013994684	415	0.00992091665708894	-7.908334291105955e-05	0.5879995189201443	43
0.924	0.00986781503638473	-0.00013218496361526964	0.588000001347634	415	0.009920916634835186	-7.908336516481394e-05	0.587999683527913	43
0.926	0.009867815036394945	-0.0001321849636050556	0.5880000013000731	415	0.009920916612581432	-7.908338741856834e-05	0.5879998481291471	43
0.928	0.009867815036405159	-0.00013218496359484154	0.5880000012482173	415	0.009920916590327677	-7.908340967232273e-05	0.588000012736905	43
0.93	0.009867815036415373	-0.0001321849635846275	0.5880000012006379	415	0.009920916568073923	-7.908343192607713e-05	0.5880001773381038	43
0.932	0.009867815036425587	-0.00013218496357441344	0.588000001148812	415	0.009920916545820169	-7.908345417983152e-05	0.5880003419459052	43
0.934	0.0098678150364358	-0.00013218496356419938	0.5880000011012888	415	0.009920916523566414	-7.908347643358592e-05	0.5880005065471022	43
0.936	0.009867815036446015	-0.00013218496355398533	0.5880000010495015	415	0.00992091650131266	-7.908349868734031e-05	0.5880006711548716	43
0.9380000000000001	0.009867815036456229	-0.00013218496354377128	0.5880000007565569	415	0.009920916479058906	-7.90835209410947e-05	0.5880005597403953	43
0.9400000000000001	0.009867815036516903	-0.0001321849634830976	0.5880000004583834	415	0.009920916494121162	-7.908350587883771e-05	0.5880004483331882	43
0.9420000000000001	0.009867815036577576	-0.0001321849634224239	0.5880000001645203	415	0.00992091650918342	-7.908349081658071e-05	0.588000336919424	43
0.9440000000000001	0.00986781503663825	-0.00013218496336175022	0.5879999998707065	415	0.009920916524245676	-7.908347575432371e-05	0.5880002255056603	43
0.9460000000000001	0.009867815036698924	-0.00013218496330107653	0.5879999995725551	415	0.009920916539307933	-7.908346069206672e-05	0.588000114098487	43
0.9480000000000001	0.009867815036759597	-0.00013218496324040284	0.5879999992787626	415	0.00992091655437019	-7.908344562980972e-05	0.5880000026846919	43
0.9500000000000001	0.009867815036820271	-0.00013218496317972915	0.5879999989849333	415	0.009920916569432447	-7.908343056755272e-05	0.5879998912775086	43
0.9520000000000001	0.009867815036880945	-0.00013218496311905546	0.587999998691042	415	0.009920916584494704	-7.908341550529573e-05	0.5879997798637736	43
0.9540000000000001	0.009867815036941618	-0.00013218496305838177	0.5879999983929086	415	0.009920916599556961	-7.908340044303873e-05	0.5879996684500034	43
0.9560000000000001	0.009867815037002292	-0.00013218496299770809	0.5879999980990599	415	0.009920916614619218	-7.908338538078173e-05	0.5879995570427792	43
0.9580000000000001	0.009867815037062966	-0.0001321849629370344	0.5879999978052136	415	0.009920916629681475	-7.908337031852473e-05	0.5879994456289962	43
0.96	0.00986781503712364	-0.0001321849628763607	0.5879999975070666	415	0.009920916644743732	-7.908335525626774e-05	0.5879993342218185	43
0.962	0.009867815037184313	-0.00013218496281568702	0.5879999972132379	415	0.00992091665980599	-7.908334019401074e-05	0.5879992228080524	43
0.964	0.009867815037244987	-0.00013218496275501333	0.5879999976738912	415	0.009920916674868246	-7.908332513175374e-05	0.5879994048640309	43
0.966	0.00986781503715059	-0.00013218496284941005	0.5879999981318541	415	0.009920916650254796	-7.908334974520391e-05	0.5879995869272467	43
0.968	0.009867815037056193	-0.00013218496294380676	0.5879999985899319	415	0.009920916625641346	-7.908337435865408e-05	0.5879997689838499	43
0.97	0.009867815036961797	-0.00013218496303820347	0.5879999990479703	415	0.009920916601027896	-7.908339897210424e-05	0.587999951040435	43
0.972	0.0098678150368674	-0.00013218496313260018	0.58799999951033	415	0.009920916576414446	-7.908342358555441e-05	0.5880001331036415	43
0.974	0.009867815036773003	-0.0001321849632269969	0.5879999999683816	415	0.009920916551800996	-7.908344819900458e-05	0.5880003151602645	43
0.976	0.009867815036678607	-0.0001321849633213936	0.5880000004263854	415	0.009920916527187545	-7.908347281245474e-05	0.5880004972168933	43
0.978	0.00986781503658421	-0.00013218496341579032	0.5880000008887563	415	0.009920916502574095	-7.908349742590491e-05	0.5880006792735378	43
0.98	0.009867815036489813	-0.00013218496351018703	0.588000001016948	415	0.009920916477960645	-7.908352203935508e-05	0.5880005768727793	43
0.982	0.009867815036463196	-0.00013218496353680463	0.5880000011466007	415	0.009920916491805376	-7.908350819462416e-05	0.5880004744659301	43
0.984	0.009867815036436578	-0.00013218496356342223	0.5880000012761722	415	0.009920916505650107	-7.908349434989324e-05	0.5880003720590748	43
0.986	0.00986781503640996	-0.00013218496359003983	0.588000001405845	415	0.009920916519494838	-7.908348050516233e-05	0.5880002696522427	43
0.988	0.009867815036383343	-0.00013218496361665742	0.5880000015355161	415	0.009920916533339569	-7.908346666043141e-05	0.5880001672519769	43
0.99	0.009867815036356725	-0.00013218496364327502	0.5880000016650988	415	0.0099209165471843	-7.908345281570049e-05	0.5880000648451269	43
0.992	0.009867815036330108	-0.00013218496366989262	0.5880000017947417	415	0.00992091656102903	-7.908343897096957e-05	0.5879999624382657	43
0.994	0.00986781503630349	-0.0001321849636965102	0.5880000019243959	415	0.009920916574873762	-7.908342512623866e-05	0.5879998600313895	43
0.996	0.009867815036276872	-0.0001321849637231278	0.5880000020539831	415	0.009920916588718492	-7.908341128150774e-05	0.5879997576246244	43
0.998	0.009867815036250255	-0.0001321849637497454	0.588000002183615	415	0.009920916602563223	-7.908339743677682e-05	0.5879996552242956	43
1.0	0.009867815036223637	-0.000132184963776363	0.5880000023132737	415	0.009920916616407954	-7.90833835920459e-05	0.5879995528174641	43
