0.0	0.202	0.192	0.0	0	0.202	0.192	0.0	0
0.002	0.20196080000000002	0.19196080000000001	0.0	0	0.20196080000000002	0.19196080000000001	0.0	0
0.004	0.20188240000000002	0.1918824	0.0	0	0.20188240000000002	0.1918824	0.0	0
0.006	0.20176480000000002	0.1917648	0.0	0	0.20176480000000002	0.1917648	0.0	0
0.008	0.201608	0.191608	0.0	0	0.201608	0.191608	0.0	0
0.01	0.201412	0.191412	0.0	0	0.201412	0.191412	0.0	0
0.012	0.20117680000000002	0.1911768	0.0	0	0.20117680000000002	0.1911768	0.0	0
0.014	0.2009024	0.1909024	0.0	0	0.2009024	0.1909024	0.0	0
0.016	0.2005888	0.1905888	0.0	0	0.2005888	0.1905888	0.0	0
0.018000000000000002	0.20023600000000003	0.19023600000000002	0.0	0	0.20023600000000003	0.19023600000000002	0.0	0
0.02	0.19984400000000002	0.189844	0.0	0	0.19984400000000002	0.189844	0.0	0
0.022	0.1994128	0.1894128	0.0	0	0.1994128	0.1894128	0.0	0
0.024	0.19894240000000002	0.1889424	0.0	0	0.19894240000000002	0.1889424	0.0	0
0.026000000000000002	0.19843280000000002	0.1884328	0.0	0	0.19843280000000002	0.1884328	0.0	0
0.028	0.197884	0.187884	0.0	0	0.197884	0.187884	0.0	0
0.03	0.197296	0.187296	0.0	0	0.197296	0.187296	0.0	0
0.032	0.1966688	0.1866688	0.0	0	0.1966688	0.1866688	0.0	0
0.034	0.19600240000000002	0.1860024	0.0	0	0.19600240000000002	0.1860024	0.0	0
0.036000000000000004	0.19529680000000002	0.1852968	0.0	0	0.19529680000000002	0.1852968	0.0	0
0.038	0.194552	0.184552	0.0	0	0.194552	0.184552	0.0	0
0.04	0.19376800000000002	0.18376800000000001	0.0	0	0.19376800000000002	0.18376800000000001	0.0	0
0.042	0.1929448	0.1829448	0.0	0	0.1929448	0.1829448	0.0	0
0.044	0.19208240000000001	0.1820824	0.0	0	0.19208240000000001	0.1820824	0.0	0
0.046	0.1911808	0.1811808	0.0	0	0.1911808	0.1811808	0.0	0
0.048	0.19024000000000002	0.18024	0.0	0	0.19024000000000002	0.18024	0.0	0
0.05	0.18926	0.17926	0.0	0	0.18926	0.17926	0.0	0
0.052000000000000005	0.1882408	0.1782408	0.0	0	0.1882408	0.1782408	0.0	0
0.054	0.1871824	0.1771824	0.0	0	0.1871824	0.1771824	0.0	0
0.056	0.18608480000000002	0.1760848	0.0	0	0.18608480000000002	0.1760848	0.0	0
0.058	0.184948	0.174948	0.0	0	0.184948	0.174948	0.0	0
0.06	0.18377200000000002	0.173772	0.0	0	0.18377200000000002	0.173772	0.0	0
0.062	0.18255680000000002	0.1725568	0.0	0	0.18255680000000002	0.1725568	0.0	0
0.064	0.1813024	0.1713024	0.0	0	0.1813024	0.1713024	0.0	0
0.066	0.18000880000000002	0.17000880000000002	0.0	0	0.18000880000000002	0.17000880000000002	0.0	0
0.068	0.178676	0.168676	0.0	0	0.178676	0.168676	0.0	0
0.07	0.17730400000000002	0.167304	0.0	0	0.17730400000000002	0.167304	0.0	0
0.07200000000000001	0.17589280000000002	0.1658928	0.0	0	0.17589280000000002	0.1658928	0.0	0
0.074	0.17444240000000003	0.16444240000000002	0.0	0	0.17444240000000003	0.16444240000000002	0.0	0
0.076	0.17295280000000002	0.1629528	0.0	0	0.17295280000000002	0.1629528	0.0	0
0.078	0.17142400000000002	0.161424	0.0	0	0.17142400000000002	0.161424	0.0	0
0.08	0.16985600000000003	0.15985600000000003	0.0	0	0.16985600000000003	0.15985600000000003	0.0	0
0.082	0.16824880000000003	0.15824880000000002	0.0	0	0.16824880000000003	0.15824880000000002	0.0	0
0.084	0.16660240000000004	0.15660240000000003	0.0	0	0.16660240000000004	0.15660240000000003	0.0	0
0.08600000000000001	0.16491680000000003	0.15491680000000002	0.0	0	0.16491680000000003	0.15491680000000002	0.0	0
0.088	0.16319200000000003	0.15319200000000002	0.0	0	0.16319200000000003	0.15319200000000002	0.0	0
0.09	0.16142800000000004	0.15142800000000003	0.0	0	0.16142800000000004	0.15142800000000003	0.0	0
0.092	0.15962480000000004	0.14962480000000003	0.0	0	0.15962480000000004	0.14962480000000003	0.0	0
0.094	0.15778240000000004	0.14778240000000004	0.0	0	0.15778240000000004	0.14778240000000004	0.0	0
0.096	0.15590080000000006	0.14590080000000005	0.0	0	0.15590080000000006	0.14590080000000005	0.0	0
0.098	0.15398000000000006	0.14398000000000005	0.0	0	0.15398000000000006	0.14398000000000005	0.0	0
0.1	0.15202000000000004	0.14202000000000004	0.0	0	0.15202000000000004	0.14202000000000004	0.0	0
0.10200000000000001	0.15002080000000007	0.14002080000000006	0.0	0	0.15002080000000007	0.14002080000000006	0.0	0
0.10400000000000001	0.14798240000000007	0.13798240000000006	0.0	0	0.14798240000000007	0.13798240000000006	0.0	0
0.106	0.14590480000000006	0.13590480000000005	0.0	0	0.14590480000000006	0.13590480000000005	0.0	0
0.108	0.14378800000000005	0.13378800000000005	0.0	0	0.14378800000000005	0.13378800000000005	0.0	0
0.11	0.14163200000000006	0.13163200000000005	0.0	0	0.14163200000000006	0.13163200000000005	0.0	0
0.112	0.13943680000000008	0.12943680000000007	0.0	0	0.13943680000000008	0.12943680000000007	0.0	0
0.114	0.13720240000000006	0.12720240000000005	0.0	0	0.13720240000000006	0.12720240000000005	0.0	0
0.116	0.13492880000000007	0.12492880000000008	0.0	0	0.13492880000000007	0.12492880000000008	0.0	0
0.11800000000000001	0.13261600000000007	0.12261600000000007	0.0	0	0.13261600000000007	0.12261600000000007	0.0	0
0.12	0.13026400000000007	0.12026400000000008	0.0	0	0.13026400000000007	0.12026400000000008	0.0	0
0.122	0.12787280000000006	0.11787280000000007	0.0	0	0.12787280000000006	0.11787280000000007	0.0	0
0.124	0.12544240000000006	0.11544240000000007	0.0	0	0.12544240000000006	0.11544240000000007	0.0	0
0.126	0.12297280000000008	0.11297280000000008	0.0	0	0.12297280000000008	0.11297280000000008	0.0	0
0.128	0.12046400000000007	0.11046400000000008	0.0	0	0.12046400000000007	0.11046400000000008	0.0	0
0.13	0.11791600000000008	0.10791600000000008	0.0	0	0.11791600000000008	0.10791600000000008	0.0	0
0.132	0.11532880000000008	0.10532880000000008	0.0	0	0.11532880000000008	0.10532880000000008	0.0	0
0.134	0.11270240000000008	0.10270240000000008	0.0	0	0.11270240000000008	0.10270240000000008	0.0	0
0.136	0.11003680000000007	0.10003680000000008	0.0	0	0.11003680000000007	0.10003680000000008	0.0	0
0.138	0.10733200000000008	0.09733200000000009	0.0	0	0.10733200000000008	0.09733200000000009	0.0	0
0.14	0.10458800000000008	0.09458800000000009	0.0	0	0.10458800000000008	0.09458800000000009	0.0	0
0.14200000000000002	0.10180480000000008	0.09180480000000009	0.0	0	0.10180480000000008	0.09180480000000009	0.0	0
0.14400000000000002	0.09898240000000008	0.08898240000000009	0.0	0	0.09898240000000008	0.08898240000000009	0.0	0
0.146	0.09612080000000008	0.08612080000000008	0.0	0	0.09612080000000008	0.08612080000000008	0.0	0
0.148	0.09322000000000008	0.08322000000000009	0.0	0	0.09322000000000008	0.08322000000000009	0.0	0
0.15	0.09028000000000008	0.08028000000000009	0.0	0	0.09028000000000008	0.08028000000000009	0.0	0
0.152	0.08730080000000008	0.07730080000000009	0.0	0	0.08730080000000008	0.07730080000000009	0.0	0
0.154	0.08428240000000008	0.07428240000000008	0.0	0	0.08428240000000008	0.07428240000000008	0.0	0
0.156	0.08122480000000007	0.07122480000000007	0.0	0	0.08122480000000007	0.07122480000000007	0.0	0
0.158	0.07812800000000007	0.06812800000000008	0.0	0	0.07812800000000007	0.06812800000000008	0.0	0
0.16	0.07499200000000006	0.06499200000000006	0.0	0	0.07499200000000006	0.06499200000000006	0.0	0
0.162	0.07181680000000007	0.06181680000000007	0.0	0	0.07181680000000007	0.06181680000000007	0.0	0
0.164	0.06860240000000006	0.05860240000000006	0.0	0	0.06860240000000006	0.05860240000000006	0.0	0
0.166	0.06534880000000007	0.055348800000000066	0.0	0	0.06534880000000007	0.055348800000000066	0.0	0
0.168	0.062056000000000056	0.052056000000000054	0.0	0	0.062056000000000056	0.052056000000000054	0.0	0
0.17	0.058724000000000054	0.04872400000000005	0.0	0	0.058724000000000054	0.04872400000000005	0.0	0
0.17200000000000001	0.05535280000000006	0.04535280000000006	0.0	0	0.05535280000000006	0.04535280000000006	0.0	0
0.17400000000000002	0.051942400000000055	0.04194240000000005	0.0	0	0.051942400000000055	0.04194240000000005	0.0	0
0.176	0.04849280000000006	0.038492800000000056	0.0	0	0.04849280000000006	0.038492800000000056	0.0	0
0.178	0.045004000000000044	0.03500400000000004	0.0	0	0.045004000000000044	0.03500400000000004	0.0	0
0.18	0.04147600000000004	0.03147600000000004	0.0	0	0.04147600000000004	0.03147600000000004	0.0	0
0.182	0.03790880000000005	0.027908800000000046	0.0	0	0.03790880000000005	0.027908800000000046	0.0	0
0.184	0.03430240000000004	0.024302400000000036	0.0	0	0.03430240000000004	0.024302400000000036	0.0	0
0.186	0.03065680000000004	0.020656800000000038	0.0	0	0.03065680000000004	0.020656800000000038	0.0	0
0.188	0.026972000000000024	0.016972000000000022	0.0	0	0.026972000000000024	0.016972000000000022	0.0	0
0.19	0.02324800000000002	0.013248000000000018	0.0	0	0.02324800000000002	0.013248000000000018	0.0	0
0.192	0.019484800000000024	0.009484800000000024	54.724017494112346	1600	0.019484800000000024	0.009484800000000024	0.0	0
0.194	0.01933066783294085	0.00933066783294085	1.480994908599247	1600	0.015682400000000013	0.005682400000000013	0.0	0
0.196	0.019236068659788302	0.009236068659788302	0.6207653726512647	1600	0.011840800000000012	0.0018408000000000122	0.0	0
0.198	0.019143653844812508	0.009143653844812508	0.6021445646347126	1600	0.007960000000000023	-0.0020399999999999776	57.64976043543198	43
0.2	0.019052182000812323	0.009052182000812323	0.6016054376880063	1600	0.007883317362285563	-0.0021166826377144368	2.0468533591839546	43
0.202	0.018961617185991347	0.008961617185991347	0.6014596858854577	1600	0.007903891615183373	-0.0020961083848166275	0.7816867130172463	43
0.20400000000000001	0.018871949683562733	0.008871949683562733	0.6013228232724825	1600	0.007937378315615667	-0.002062621684384333	0.616018507624883	43
0.20600000000000002	0.018783170369352287	0.008783170369352286	0.601188551182825	1600	0.007972732916556285	-0.0020272670834437147	0.5817551646819444	43
0.20800000000000002	0.01869527029188736	0.008695270291887361	0.6010612864065314	1600	0.008007671195142368	-0.0019923288048576317	0.5749879491064902	43
0.21	0.018608240966849543	0.008608240966849543	0.600927943489181	1600	0.008041742003668861	-0.001958257996331139	0.5739623717443839	43
0.212	0.018522073504710995	0.008522073504710995	0.6007978384976572	1600	0.008074876970311645	-0.001925123029688355	0.5741205357922046	43
0.214	0.018436759231805627	0.008436759231805627	0.6006645558289156	1600	0.008107086639340594	-0.0018929133606594064	0.5745073598394855	43
0.216	0.018352289262622196	0.008352289262622195	0.6005321521663772	1600	0.008138396799025505	-0.0018616032009744956	0.5749236615233537	43
0.218	0.01826865477024986	0.008268654770249859	0.6004007144407691	1600	0.008168835202811975	-0.0018311647971880254	0.5753290324337589	43
0.22	0.01818584699217357	0.00818584699217357	0.6002789070569337	1600	0.00819842887542735	-0.0018015711245726509	0.5757163600459557	43
0.222	0.01810385780790108	0.00810385780790108	0.6001511263387507	1600	0.00822720363871246	-0.00177279636128754	0.5760854147351181	43
0.224	0.01802267869871782	0.00802267869871782	0.6000206404147177	1600	0.008255184096313262	-0.0017448159036867385	0.5764372903184471	43
0.226	0.017942300965562208	0.007942300965562208	0.5998923777952434	1600	0.008282393706601943	-0.0017176062933980576	0.5767732436724706	43
0.228	0.01786271605759296	0.007862716057592959	0.5997625136330023	1600	0.00830885486646879	-0.0016911451335312102	0.5770944630842978	43
0.23	0.01778391531719925	0.00778391531719925	0.5996463330280419	1600	0.008334588990541264	-0.0016654110094587362	0.5774020316348274	43
0.232	0.017705890999007406	0.007705890999007406	0.5995184925814235	1600	0.008359616583389379	-0.0016403834166106215	0.5776969302780522	43
0.234	0.01762863458032099	0.00762863458032099	0.599388725425481	1600	0.008383957304922696	-0.0016160426950773046	0.5779800478467375	43
0.23600000000000002	0.017552137409996255	0.007552137409996254	0.5992379289741668	1600	0.008407630029645813	-0.0015923699703541874	0.5782521912368411	43
0.23800000000000002	0.017476389434936485	0.007476389434936484	0.5995843150518296	1598	0.00843065290045139	-0.0015693470995486094	0.5785140945257808	43
0.24	0.017401413747546834	0.007401413747546834	0.5991509074202402	1599	0.008453043377558672	-0.001546956622441328	0.5787664269368621	43
0.242	0.017327181453985208	0.007327181453985207	0.5990324088409015	1599	0.008474818283128405	-0.0015251817168715955	0.5790097997594962	43
0.244	0.01725368465434629	0.0072536846543462905	0.5989220809456884	1599	0.008495993842015437	-0.0015040061579845634	0.5792447723819514	43
0.246	0.0171809159934371	0.007180915993437101	0.5988129781186841	1600	0.008516585719061276	-0.0014834142809387243	0.5794718575584286	43
0.248	0.0171088681977358	0.007108868197735799	0.5987049347873254	1600	0.008536609053277688	-0.0014633909467223118	0.5796915260180784	43
0.25	0.017037534064353654	0.007037534064353654	0.5985979385804644	1600	0.008556078489228625	-0.0014439215107713756	0.5799042105203469	43
0.252	0.016966906460210207	0.006966906460210207	0.5984930740536515	1600	0.008575008205880918	-0.0014249917941190817	0.5801103094237375	43
0.254	0.016896978394337014	0.006896978394337014	0.59839241772697	1600	0.00859341194316146	-0.0014065880568385394	0.581032894701866	43
0.256	0.016827743156312275	0.006827743156312275	0.5982916302988946	1600	0.008611351206755463	-0.001388648793244537	0.5815158858866837	43
0.258	0.01675919402690973	0.006759194026909729	0.5981895959845847	1600	0.008628858196081612	-0.0013711418039183878	0.5816912921207854	43
0.26	0.01669132420390615	0.006691324203906149	0.5980897141567345	1600	0.008645944604882466	-0.001354055395117534	0.581810656460655	43
0.262	0.016624127028513014	0.006624127028513014	0.5979878155425732	1600	0.008662618390780696	-0.0013373816092193038	0.5819191241998909	43
0.264	0.01655759570748938	0.006557595707489381	0.597886858242941	1600	0.008678886784958928	-0.0013211132150410723	0.5820248883218914	43
0.266	0.01649172351034861	0.00649172351034861	0.5977869638630654	1600	0.00869475683835863	-0.0013052431616413698	0.5821294574361843	43
0.268	0.01642650377746538	0.006426503777465379	0.59769169094233	1600	0.008710235522254056	-0.001289764477745944	0.5822331180287208	43
0.27	0.01636193015731166	0.00636193015731166	0.5975930859805392	1600	0.008725329747351407	-0.0012746702526485933	0.5823359301634009	43
0.272	0.016297996076223287	0.0062979960762232865	0.5974970421833767	1600	0.008740046367792992	-0.0012599536322070084	0.5824379107666733	43
0.274	0.01623469513128048	0.00623469513128048	0.5974059592382979	1600	0.008754392182285686	-0.001245607817714314	0.5825390676696691	43
0.276	0.016172021250286883	0.006172021250286883	0.5973161038953495	1600	0.008768373934623014	-0.0012316260653769864	0.5826394059673391	43
0.278	0.016109968442886313	0.006109968442886313	0.597221287605624	1600	0.008781998314024847	-0.0012180016859751532	0.5827389291970874	43
0.28	0.016048530387992782	0.006048530387992782	0.5971270856551404	1600	0.008795271955373135	-0.001204728044626865	0.5828376395471018	43
0.28200000000000003	0.015987700805476263	0.005987700805476262	0.5970341896163135	1600	0.008808201439357899	-0.0011917985606421013	0.5829355378821095	43
0.28400000000000003	0.015927473502267503	0.005927473502267503	0.5969485717256299	1600	0.008820793292534823	-0.001179206707465177	0.583032623747768	43
0.28600000000000003	0.015867842770507123	0.005867842770507123	0.5968566207211962	1600	0.00883305398729492	-0.0011669460127050803	0.583128895372564	43
0.28800000000000003	0.01580880248012817	0.00580880248012817	0.596766763941975	1600	0.008844989941746512	-0.0011550100582534886	0.5832243496793912	43
0.29	0.015750346640678675	0.005750346640678675	0.5966753577807525	1600	0.008856607519510062	-0.0011433924804899378	0.5835222798593008	43
0.292	0.015692469159175493	0.005692469159175493	0.5965846954217062	1600	0.008867926582185826	-0.0011320734178141747	0.5860098671188969	43
0.294	0.015635163990700418	0.005635163990700418	0.5964951254488166	1600	0.008879112969336161	-0.0011208870306638388	0.5860909290626984	43
0.296	0.015578425163921938	0.005578425163921938	0.5964087525838566	1600	0.008890172085090686	-0.001109827914909314	0.5861166546948353	43
0.298	0.015522246920649047	0.005522246920649046	0.5963285906732948	1600	0.008901105644491536	-0.0010988943555084642	0.5861407526124578	43
0.3	0.01546662391675438	0.005466623916754379	0.5962400259987906	1600	0.008911915254066538	-0.0010880847459334621	0.5861644546314922	43
0.302	0.015411550247926287	0.0054115502479262865	0.5961531041321478	1600	0.008922602493950327	-0.0010773975060496734	0.5861877955713973	43
0.304	0.015357020119373677	0.005357020119373676	0.5960657534179783	1600	0.008933168920205542	-0.0010668310797944582	0.5862107828352745	43
0.306	0.015303027707715605	0.005303027707715605	0.5959807232626293	1600	0.008943616065316434	-0.001056383934683566	0.5862334230524131	43
0.308	0.015249567344275045	0.005249567344275044	0.5959022411530426	1600	0.008953945438630817	-0.0010460545613691832	0.5862557226861589	43
0.31	0.01519663379691133	0.0051966337969113294	0.5958175254155017	1600	0.008964158526790944	-0.0010358414732090562	0.5862776880529369	43
0.312	0.015144221417908665	0.005144221417908665	0.5957309996430169	1600	0.00897425679415459	-0.001025743205845411	0.586299325326343	43
0.314	0.015092324438882199	0.0050923244388821984	0.5956439875324296	1600	0.008984241683206662	-0.0010157583167933384	0.5863206405405378	43
0.316	0.015040937059024567	0.005040937059024567	0.5955370713266901	1600	0.00899411461496144	-0.0010058853850385598	0.5863416395944427	43
0.318	0.014990052150588712	0.004990052150588712	0.5958174370075284	1598	0.009003876989355841	-0.000996123010644159	0.5863623282547393	43
0.32	0.01493968840462001	0.0049396884046200105	0.5954890394325214	1598	0.009013530185633917	-0.0009864698143660835	0.5863827121597233	43
0.322	0.014889823927946827	0.004889823927946827	0.595408846120368	1599	0.009023075562722638	-0.0009769244372773624	0.5864027968226401	43
0.324	0.014840453374348334	0.004840453374348333	0.5953350843159911	1599	0.009032514459599517	-0.0009674855404004836	0.5864225876348611	43
0.326	0.014791571826370892	0.0047915718263708915	0.5952621759527966	1599	0.009041848195652069	-0.0009581518043479311	0.5864420898693191	43
0.328	0.01474317442345699	0.004743174423456989	0.5951899878807325	1599	0.009051078071029228	-0.000948921928970772	0.5864613086829006	43
0.33	0.014695256353068453	0.004695256353068453	0.5951186912640478	1600	0.009060205366985263	-0.0009397946330147369	0.5864802491200212	43
0.332	0.014647812862097515	0.004647812862097514	0.5950489113705321	1600	0.009069231346215956	-0.0009307686537840445	0.5864989161157685	43
0.334	0.0146008392985513	0.004600839298551299	0.594979351375776	1600	0.009078157253187696	-0.0009218427468123038	0.586517314497829	43
0.336	0.01455433102509679	0.004554331025096789	0.5949104685552112	1600	0.009086984314459284	-0.0009130156855407159	0.5865354489900437	43
0.338	0.014508283449545967	0.0045082834495459665	0.5948420351233261	1600	0.009095713738996897	-0.0009042862610031035	0.5865533242144128	43
0.34	0.014462692009670042	0.0044626920096700416	0.5947742418302546	1600	0.00910434671848212	-0.0008956532815178799	0.5865709446945511	43
0.342	0.014417552185916116	0.004417552185916116	0.594707088678944	1600	0.009112884427613654	-0.0008871155723863457	0.5865883148570136	43
0.34400000000000003	0.014372859501407459	0.004372859501407459	0.594640571237362	1600	0.009121328024402325	-0.0008786719755976748	0.5866054390348131	43
0.34600000000000003	0.014328609521647967	0.004328609521647967	0.594574684927446	1600	0.009129678650459994	-0.0008703213495400066	0.5866223214692107	43
0.34800000000000003	0.014284797854216963	0.004284797854216963	0.5945125217134424	1600	0.009137937431282273	-0.0008620625687177277	0.5866389663118943	43
0.35000000000000003	0.014241420354900197	0.004241420354900197	0.594447806877546	1600	0.009146105476525335	-0.0008538945234746655	0.5866553776275087	43
0.352	0.01419847270937527	0.00419847270937527	0.5943834342453511	1600	0.00915418388027689	-0.0008458161197231109	0.5866715593963423	43
0.354	0.014155950626133368	0.004155950626133368	0.5943196905636006	1600	0.009162173721321554	-0.0008378262786784465	0.5866875155148048	43
0.356	0.01411384985559569	0.004113849855595689	0.5942565767954604	1600	0.009170076063400534	-0.0008299239365994662	0.5867032497993976	43
0.358	0.014072166190177704	0.004072166190177704	0.5941940873325541	1600	0.009177891955466144	-0.000822108044533856	0.5867187659870405	43
0.36	0.014030895463915227	0.004030895463915227	0.5941322164488136	1600	0.009185622431930884	-0.0008143775680691159	0.586734067738682	43
0.362	0.01399003355208267	0.00399003355208267	0.5940709584499353	1600	0.009193268512911523	-0.000806731487088477	0.5867491586392338	43
0.364	0.013949576370813455	0.003949576370813454	0.5940103076765295	1600	0.00920083120446813	-0.0007991687955318707	0.5867640422012896	43
0.366	0.013909519876722676	0.0039095198767226755	0.5939502585054987	1600	0.009208311498838134	-0.0007916885011618659	0.5867787218654138	43
0.368	0.013869860066532264	0.0038698600665322633	0.5938909873636484	1600	0.009215710374665842	-0.0007842896253341582	0.5867932010030852	43
0.37	0.01383059298883274	0.0038305929888327404	0.5938341537149732	1600	0.009223028797227084	-0.0007769712027729161	0.586807482917081	43
0.372	0.013791714854714227	0.0037917148547142263	0.5937767021798721	1600	0.00923026771864946	-0.0007697322813505405	0.5868215708443392	43
0.374	0.013753221834074375	0.003753221834074375	0.5937196277290201	1600	0.009237428078128135	-0.0007625719218718654	0.5868354679567367	43
0.376	0.013715110121949786	0.003715110121949786	0.5936620016893822	1600	0.009244510802137257	-0.0007554891978627434	0.5868491773630391	43
0.378	0.013677375876604503	0.0036773758766045026	0.5936089394804239	1600	0.009251516804637261	-0.0007484831953627393	0.5868627021101738	43
0.38	0.013640015560557911	0.0036400155605579108	0.5935527077075741	1600	0.00925844698727793	-0.0007415530127220706	0.58687604518475	43
0.382	0.013603025425025145	0.0036030254250251446	0.5934967417909127	1600	0.009265302239597595	-0.0007346977604024054	0.5868892095147968	43
0.384	0.013566401738945105	0.003566401738945105	0.5934419269223705	1600	0.009272083439218232	-0.0007279165607817686	0.586902197970418	43
0.386	0.013530140847993227	0.003530140847993227	0.5933880077665946	1600	0.009278791452036916	-0.0007212085479630839	0.5869150133659027	43
0.388	0.013494239157559124	0.0034942391575591234	0.5933335067206215	1600	0.009285427132413315	-0.0007145728675866849	0.5869276584603371	43
0.39	0.013458693034239716	0.0034586930342397158	0.5932795471378434	1600	0.009291991323353732	-0.0007080086766462681	0.586940135959944	43
0.392	0.013423498880729523	0.003423498880729523	0.5932261487844547	1600	0.009298484856691491	-0.0007015151433085089	0.5869524485178176	43
0.394	0.013388653137138273	0.003388653137138273	0.5931767008291913	1600	0.009304908553263769	-0.0006950914467362315	0.5869645987363699	43
0.396	0.01335415250693564	0.00335415250693564	0.5931269899326441	1600	0.00931126322308512	-0.0006887367769148802	0.58697658916826	43
0.398	0.013319993676061848	0.0033199936760618474	0.5930783493250639	1600	0.009317549665517705	-0.0006824503344822954	0.5869884223168803	43
0.4	0.013286173401809737	0.0032861734018097364	0.593026672275707	1600	0.00932376866943807	-0.0006762313305619296	0.5870001006382004	43
0.402	0.01325268823904266	0.003252688239042659	0.592975414981484	1600	0.009329921013400994	-0.0006700789865990067	0.5870116265413624	43
0.404	0.013219534770607694	0.0032195347706076936	0.5929246529467505	1600	0.009336007465800017	-0.0006639925341999833	0.5870230023904955	43
0.406	0.013186709612369174	0.003186709612369174	0.5928795211734386	1600	0.009342028785025047	-0.000657971214974953	0.5870342306882411	43
0.40800000000000003	0.013154209755527418	0.0031542097555274182	0.5928301051328005	1600	0.009347985719616786	-0.0006520142803832143	0.587045313297047	43
0.41000000000000003	0.013122031905692721	0.0031220319056927213	0.5927802777347615	1600	0.009353879008419247	-0.0006461209915807533	0.5870562525916958	43
0.41200000000000003	0.013090172741040323	0.0030901727410403233	0.5927309154456424	1600	0.009359709380727832	-0.0006402906192721682	0.5870670509832742	43
0.41400000000000003	0.013058628970750968	0.003058628970750968	0.5926820349436875	1600	0.009365477556435298	-0.0006345224435647025	0.5870777104947401	43
0.41600000000000004	0.013027397336124541	0.0030273973361245408	0.5926336332448415	1600	0.009371184246175751	-0.0006288157538242491	0.5870882332337908	43
0.418	0.012996474610381087	0.0029964746103810867	0.5925857068904015	1600	0.009376830151465121	-0.0006231698485348793	0.5870986212729299	43
0.42	0.01296585759843033	0.00296585759843033	0.5925392327114842	1600	0.009382415964839352	-0.0006175840351606478	0.5871088766467863	43
0.422	0.012935543201993666	0.0029355432019936654	0.5924963864642091	1600	0.009387942369990021	-0.0006120576300099791	0.5871190013517767	43
0.424	0.012905528564654628	0.002905528564654628	0.5924494976200958	1600	0.009393410041897476	-0.0006065899581025238	0.5871289973492985	43
0.426	0.012875810560490253	0.0028758105604902526	0.5924032415741219	1600	0.00939881964696157	-0.0006011803530384299	0.5871388665639554	43
0.428	0.012846386105764163	0.0028463861057641624	0.5923569784807212	1600	0.009404171843129916	-0.0005958281568700843	0.5871486108864229	43
0.43	0.012817252116270106	0.0028172521162701056	0.5923110972307695	1600	0.009409467280024009	-0.0005905327199759915	0.5871582321726152	43
0.432	0.012788405533258107	0.002788405533258107	0.5922657013575222	1600	0.00941470659906296	-0.0005852934009370394	0.587167732245706	43
0.434	0.012759843330336612	0.002759843330336612	0.5922241270689071	1600	0.00941989043358496	-0.0005801095664150404	0.5871771128959729	43
0.436	0.012731562735886381	0.0027315627358863812	0.5921818609893822	1600	0.009425019408966673	-0.0005749805910333274	0.5871863758815428	43
0.438	0.01270356093216879	0.002703560932168789	0.5921383469728152	1600	0.009430094142740514	-0.0005699058572594864	0.5871955229299918	43
0.44	0.01267583501824937	0.0026758350182493704	0.5920943280381384	1600	0.009435115244709663	-0.0005648847552903371	0.5872045557376138	43
0.442	0.012648382059532504	0.0026483820595325034	0.5920503542477001	1600	0.009440083317061337	-0.0005599166829386628	0.5872134759710763	43
0.444	0.012621199124432131	0.0026211991244321307	0.5920079868286379	1600	0.009444998954477757	-0.0005550010455222434	0.5872222852679162	43
0.446	0.01259428338845367	0.0025942833884536696	0.5919644179871834	1600	0.009449862744245363	-0.0005501372557546371	0.5872314967029161	43
0.448	0.012567631940251872	0.002567631940251872	0.5919147034260767	1600	0.009454675265633705	-0.000545324734366295	0.5872395882678241	43
0.45	0.012541241472278503	0.0025412414722785024	0.59186537131606	1600	0.009459437092906586	-0.0005405629070934139	0.5872480637123286	43
0.452	0.012515108695726196	0.0025151086957261957	0.5918169224045922	1600	0.009464148791093613	-0.0005358512089063874	0.5872564448479475	43
0.454	0.012489230380667515	0.002489230380667515	0.5919412381613767	1598	0.00946881091893717	-0.0005311890810628297	0.5872647230342529	43
0.456	0.012463614814819612	0.002463614814819612	0.5918075533297135	1598	0.009473424028316357	-0.0005265759716836429	0.5872728995311842	43
0.458	0.012438253085860357	0.0024382530858603566	0.5917677172060333	1598	0.009477988664330944	-0.0005220113356690561	0.587280978433214	43
0.46	0.012413142538013733	0.0024131425380137326	0.5917329439546233	1598	0.009482505365393967	-0.0005174946346060329	0.5872889543401711	43
0.462	0.012388280853083522	0.002388280853083522	0.5916959076887153	1599	0.009486974663340059	-0.0005130253366599415	0.5872968332457772	43
0.464	0.01236366556199922	0.0023636655619992206	0.591659180588237	1599	0.009491397083502523	-0.0005086029164974772	0.5873046171858849	43
0.466	0.01233929421628746	0.0023392942162874606	0.5916228190731729	1599	0.009495773144810732	-0.0005042268551892683	0.587312306456013	43
0.468	0.012315164391847266	0.002315164391847266	0.591586820966481	1599	0.009500103359882661	-0.000499896640117339	0.58731990236371	43
0.47000000000000003	0.012291273688804838	0.0022912736888048377	0.5915511826239129	1599	0.009504388235112182	-0.000495611764887818	0.5873274062161157	43
0.47200000000000003	0.012267619731270663	0.0022676197312706623	0.5915159004054757	1599	0.009508628270756103	-0.000491371729243897	0.5873348192990853	43
0.47400000000000003	0.012244200167096847	0.002244200167096847	0.5914809707067286	1599	0.009512823961019962	-0.00048717603898003857	0.5873421428764225	43
0.47600000000000003	0.01222101266763681	0.00222101266763681	0.5914463899621583	1599	0.009516975794142263	-0.0004830242058577374	0.5873493781919623	43
0.47800000000000004	0.012198054927507584	0.0021980549275075843	0.5914121546423784	1600	0.009521084252477358	-0.00047891574752264264	0.5873565264676314	43
0.48	0.012175324664354531	0.0021753246643545308	0.5913782612618753	1600	0.00952514981257696	-0.0004748501874230395	0.5873635889063269	43
0.482	0.012152819618618915	0.002152819618618915	0.5913447063869901	1600	0.009529172945270309	-0.0004708270547296913	0.5873705666902529	43
0.484	0.012130537553309118	0.0021305375533091173	0.5913114865465785	1600	0.009533154115743014	-0.0004668458842569858	0.5873774609829598	43
0.486	0.012108476253769068	0.002108476253769068	0.5912785983785114	1600	0.009537093783614586	-0.00046290621638541384	0.5873842729282177	43
0.488	0.01208663352745426	0.00208663352745426	0.5912460385341672	1600	0.009540992403014703	-0.0004590075969852971	0.5873910036519222	43
0.49	0.0120650072037084	0.0020650072037083998	0.5912138036979875	1600	0.00954485042265829	-0.00045514957734170934	0.5873976542608066	43
0.492	0.012043595133542417	0.002043595133542417	0.5911818905888762	1600	0.009548668285919243	-0.0004513317140807573	0.5874042258446089	43
0.494	0.012022395189415697	0.0020223951894156964	0.5911502959607411	1600	0.009552446430903166	-0.00044755356909683373	0.5874107194747936	43
0.496	0.012001405265019693	0.002001405265019693	0.5911190166002942	1600	0.00955618529051877	-0.0004438147094812297	0.5874171362056118	43
0.498	0.01198062327506369	0.0019806232750636896	0.5910880493276081	1600	0.00955988529254806	-0.0004401147074519409	0.5874234770748342	43
0.5	0.011960047155062853	0.0019600471550628527	0.5910573909954999	1600	0.009563546859715666	-0.00043645314028433434	0.587429743103215	43
0.502	0.011939674861128402	0.0019396748611284018	0.5910270384894559	1600	0.009567170409756826	-0.0004328295902431747	0.587435935295449	43
0.504	0.011919504369759915	0.0019195043697599144	0.5909969887268327	1600	0.00957075635548435	-0.0004292436445156502	0.5874420546403227	43
0.506	0.011899533677639879	0.0018995336776398784	0.5909672386567121	1600	0.009574305104854575	-0.00042569489514542556	0.5874481021104525	43
0.508	0.0118797608014303	0.0018797608014303	0.5909391963912558	1600	0.009577817061032168	-0.0004221829389678324	0.58745407866402	43
0.51	0.011860183871646807	0.0018601838716468064	0.5909102192624277	1600	0.009581292622454024	-0.0004187073775459762	0.5874599852432009	43
0.512	0.011840800956480796	0.0018408009564807957	0.5908812599526434	1600	0.009584732182892075	-0.00041526781710792514	0.5874658227758552	43
0.514	0.011821610125311632	0.0018216101253116321	0.5908525859295676	1600	0.009588136131515185	-0.0004118638684848155	0.5874715921754273	43
0.516	0.011802609466537772	0.0018026094665377721	0.5908242004237906	1600	0.009591504852949989	-0.0004084951470500111	0.5874772943405214	43
0.518	0.011783797087792175	0.0017837970877921747	0.5907961006183557	1600	0.009594838727340849	-0.00040516127265915157	0.5874829301566197	43
0.52	0.011765171115754453	0.0017651711157544523	0.590768283561998	1600	0.009598138130408801	-0.0004018618695911993	0.5874885004947583	43
0.522	0.011746729695954194	0.0017467296959541943	0.590740746323866	1600	0.009601403433509736	-0.00039859656649026375	0.5874940062129456	43
0.524	0.01172847099257554	0.0017284709925755402	0.5907134860061704	1600	0.009604635003691547	-0.0003953649963084529	0.5874994481556352	43
0.526	0.011710393188263946	0.0017103931882639454	0.5906864997427222	1600	0.009607833203750388	-0.00039216679624961247	0.5875048271547504	43
0.528	0.011692494483935195	0.001692494483935195	0.5906597846993495	1600	0.009610998392286213	-0.0003890016077137872	0.5875101440288812	43
0.53	0.011674773098586416	0.001674773098586416	0.5906333380732691	1600	0.009614130923757291	-0.0003858690762427088	0.5875153995848303	43
0.532	0.0116572272691092	0.0016572272691091992	0.5906071570922379	1600	0.00961723114853405	-0.0003827688514659502	0.5875205946164035	43
0.534	0.011639855250104775	0.0016398552501047745	0.5905812390151031	1600	0.009620299412951894	-0.0003797005870481065	0.5875257299056931	43
0.536	0.01162265531370138	0.0016226553137013797	0.5905555811310627	1600	0.009623336059363441	-0.00037666394063655927	0.5875308062233248	43
0.538	0.011605625749373377	0.001605625749373377	0.5905310491529133	1600	0.009626341426189872	-0.00037365857381012856	0.5875358253559949	43
0.54	0.011588764921642736	0.0015887649216427355	0.590506406658135	1600	0.009629315847970055	-0.0003706841520299455	0.5875407856540792	43
0.542	0.011572071187680971	0.001572071187680971	0.590481520149602	1600	0.009632259655415115	-0.000367740344584885	0.5875456891863232	43
0.544	0.01155554288839214	0.0015555428883921394	0.590456869734181	1600	0.009635173175452316	-0.000364826824547684	0.5875505367837506	43
0.546	0.01153917838041893	0.0015391783804189294	0.5904324643276521	1600	0.009638056731275102	-0.0003619432687248982	0.5875553293896195	43
0.548	0.011522976036734217	0.001522976036734217	0.5904083016562023	1600	0.009640910642390532	-0.000359089357609468	0.5875600674146655	43
0.55	0.011506934246493267	0.0015069342464932665	0.5903843793595345	1600	0.009643735224666938	-0.0003562647753330619	0.5875647515457375	43
0.552	0.011491051414876274	0.0014910514148762741	0.5903606950614705	1600	0.00964653079037972	-0.0003534692096202798	0.5875693824652827	43
0.554	0.01147532596293005	0.0014753259629300495	0.5903372464077808	1600	0.009649297648256866	-0.00035070235174313423	0.5875739608466515	43
0.556	0.011459756327411003	0.0014597563274110024	0.5903140310668343	1600	0.009652036103523776	-0.0003479638964762246	0.5875784873524433	43
0.558	0.011444340960629767	0.0014443409606297673	0.5902910467287645	1600	0.009654746457947533	-0.0003452535420524674	0.5875829626360228	43
0.56	0.011429078330297104	0.0014290783302971042	0.5902682911062509	1600	0.009657429009880342	-0.0003425709901196585	0.5875873873408264	43
0.562	0.011413966919371521	0.0014139669193715208	0.5902457619340559	1600	0.009660084054302548	-0.0003399159456974523	0.5875917621015948	43
0.5640000000000001	0.011399005225908199	0.0013990052259081984	0.5902234569677762	1600	0.009662711882864855	-0.00033728811713514516	0.5875960875427582	43
0.5660000000000001	0.011384191762909418	0.0013841917629094178	0.5902013739857714	1600	0.009665312783930013	-0.00033468721606998673	0.5876003642808332	43
0.5680000000000001	0.011369525058176344	0.0013695250581763439	0.5901795107865221	1600	0.009667887042613899	-0.0003321129573861017	0.5876045929226992	43
0.5700000000000001	0.011355003654162366	0.0013550036541623654	0.5901578651909553	1600	0.00967043494082595	-0.00032956505917404975	0.5876087740665348	43
0.5720000000000001	0.011340626107827795	0.0013406261078277946	0.5901364350399093	1600	0.009672956757309115	-0.00032704324269088557	0.5876129083024368	43
0.5740000000000001	0.011326390990495872	0.0013263909904958713	0.5901152181956784	1600	0.009675452767679116	-0.00032454723232088444	0.5876169962112957	43
0.5760000000000001	0.01131229688771035	0.001312296887710349	0.5900942125410431	1600	0.009677923244463205	-0.0003220767555367956	0.587621038366285	43
0.578	0.011298342399094219	0.0012983423990942187	0.5900734159793889	1600	0.009680368457138377	-0.00031963154286162275	0.5876250353321504	43
0.58	0.011284526138210044	0.0012845261382100435	0.5900528264341043	1600	0.009682788672169013	-0.0003172113278309876	0.5876289876655223	43
0.582	0.011270846732421486	0.0012708467324214854	0.5900324418491119	1600	0.009685184153044035	-0.00031481584695596497	0.5876328959154945	43
0.584	0.011257302822756193	0.0012573028227561931	0.5900123766403422	1600	0.009687555160313416	-0.0003124448396865844	0.5876367606228995	43
0.586	0.01124389307153359	0.0012438930715335892	0.5899933983267807	1600	0.009689901951624308	-0.0003100980483756923	0.587640582321402	43
0.588	0.011230616213532774	0.0012306162135327734	0.5899738078593989	1600	0.009692224781756631	-0.00030777521824336927	0.5876443615366355	43
0.59	0.011217470942722574	0.0012174709427225736	0.5899548918415529	1600	0.00969452390265807	-0.00030547609734193036	0.5876480995567639	43
0.592	0.01120445599802572	0.0012044559980257195	0.589935634030537	1600	0.009696799563477632	-0.0003032004365223686	0.5876517951420622	43
0.594	0.011191570095590964	0.0011915700955909634	0.5899163689266652	1600	0.009699052010603143	-0.00030094798939685717	0.5876554498191952	43
0.596	0.011178811951080059	0.0011788119510800586	0.5898972916217645	1600	0.009701281487691144	-0.0002987185123088567	0.5876590641263175	43
0.598	0.011166180292673744	0.001166180292673744	0.5898784047682046	1600	0.009703488235701246	-0.0002965117642987538	0.587662638480944	43
0.6	0.011153673861249408	0.0011536738612494078	0.589859706588069	1600	0.009705672492929085	-0.00029432750707091525	0.5876661733644257	43
0.602	0.011141291410262572	0.0011412914102625713	0.5898411952089402	1600	0.009707834495038425	-0.00029216550496157477	0.5876696692529284	43
0.604	0.0111290317056221	0.0011290317056220998	0.5898228687700225	1600	0.009709974475092864	-0.00029002552490713616	0.5876731265999594	43
0.606	0.011116893525566274	0.0011168935255662735	0.5898047254516983	1600	0.009712092663587302	-0.0002879073364126985	0.5876765459536368	43
0.608	0.01110487566054058	0.0011048756605405805	0.5897867634106767	1600	0.009714189288478642	-0.0002858107115213584	0.5876799276984275	43
0.61	0.011092976913075592	0.0010929769130755915	0.5897689808438995	1600	0.009716264575216571	-0.00028373542478342915	0.5876832722837769	43
0.612	0.011081196097666862	0.001081196097666862	0.5897513759652387	1600	0.009718318746773397	-0.0002816812532266035	0.5876865801546515	43
0.614	0.011069532040655805	0.0010695320406558049	0.5897339470049263	1600	0.009720352023673884	-0.00027964797632611636	0.5876898517496487	43
0.616	0.011057983580111758	0.0010579835801117574	0.5897166922097161	1600	0.009722364624024343	-0.0002776353759756569	0.5876930875019222	43
0.618	0.01104654956571502	0.001046549565715019	0.5896996098431326	1600	0.00972435676354158	-0.0002756432364584196	0.5876962878382871	43
0.62	0.011035228858641166	0.001035228858641166	0.5896826981858143	1600	0.009726328655581373	-0.00027367134441862694	0.587699453180059	43
0.622	0.011024020331446366	0.0010240203314463656	0.5896659555346044	1600	0.009728280511166504	-0.0002717194888334964	0.5877025839428138	43
0.624	0.011012922867953856	0.0010129228679538558	0.5896493802033591	1600	0.009730212539014488	-0.0002697874609855124	0.5877056805363021	43
0.626	0.01100193536314159	0.0010019353631415904	0.5896330744787439	1600	0.009732124945564913	-0.0002678750544350874	0.5877087433651168	43
0.628	0.01099105672996123	0.0009910567299612292	0.5896171968103472	1600	0.009734017935006334	-0.0002659820649936664	0.5877117728282311	43
0.63	0.01098028590990155	0.000980285909901549	0.5896010930643972	1600	0.009735891709302974	-0.0002641082906970262	0.5877147693194031	43
0.632	0.010969621829379494	0.0009696218293794943	0.5895852000828503	1600	0.009737746468220898	-0.00026225353177910214	0.5877178384014264	43
0.634	0.010959063427588761	0.0009590634275887609	0.589569782808252	1600	0.009739582409209746	-0.00026041759079025416	0.5877206676731025	43
0.636	0.010948609677978005	0.0009486096779780049	0.5895541448466489	1600	0.009741399728002809	-0.0002586002719971916	0.5877235653931092	43
0.638	0.010938259538017414	0.0009382595380174139	0.5895386435778888	1600	0.009743198617786802	-0.0002568013822131978	0.5877264337123986	43
0.64	0.01092801197428997	0.0009280119742899693	0.5895232983342381	1600	0.009744979269787984	-0.00025502073021201575	0.5877292706197749	43
0.642	0.0109178659637848	0.0009178659637848006	0.5895081081289966	1600	0.009746741873163822	-0.000253258126836178	0.5877320772488509	43
0.644	0.010907820493821552	0.0009078204938215515	0.5894930712940664	1600	0.009748486615022894	-0.00025151338497710583	0.5877348535277566	43
0.646	0.010897874561944576	0.0008978745619445758	0.5894781862409916	1600	0.009750213680450509	-0.00024978631954949114	0.5877375998021384	43
0.648	0.010888027175816994	0.0008880271758169942	0.5894634514002959	1600	0.009751923252531575	-0.00024807674746842555	0.5877403164207916	43
0.65	0.010878277353116111	0.0008782773531161112	0.5894488652193199	1600	0.009753615512374025	-0.00024638448762597485	0.5877430037285318	43
0.652	0.01086862412142986	0.0008686241214298594	0.5894344261627519	1600	0.00975529063913172	-0.00024470936086828064	0.5877456620655334	43
0.654	0.010859066518154437	0.0008590665181544364	0.5894201327116633	1600	0.009756948810027116	-0.00024305118997288398	0.5877482917673582	43
0.656	0.010849603590393136	0.0008496035903931363	0.5894059833629156	1600	0.009758590200373674	-0.00024140979962632668	0.5877508931657471	43
0.658	0.010840234394856041	0.0008402343948560407	0.5893919766287526	1600	0.009760214983597942	-0.00023978501640205784	0.5877534665874878	43
0.66	0.010830957997760848	0.0008309579977608481	0.5893783923394402	1600	0.009761823331261382	-0.00023817666873861797	0.5877560123557208	43
0.662	0.010821773493488285	0.0008217734934882846	0.5893647136117433	1600	0.009763415413081872	-0.00023658458691812843	0.5877585307888072	43
0.664	0.010812679970123168	0.0008126799701231677	0.5893514354637021	1600	0.009764991396954942	-0.00023500860304505843	0.5877610232972058	43
0.666	0.010803676542442464	0.0008036765424424639	0.5893389742668951	1600	0.009766551448973315	-0.00023344855102668503	0.5877634876798785	43
0.668	0.010794762379703837	0.000794762379703837	0.5893256231459029	1600	0.00976809573345247	-0.00023190426654753037	0.5877659256421095	43
0.67	0.010785936591836548	0.0007859365918365478	0.5893123834329218	1600	0.009769624412945738	-0.00023037558705426252	0.5877683375169183	43
0.672	0.01077719829619686	0.0007771982961968602	0.5892992771280134	1600	0.009771137648266426	-0.00022886235173357437	0.5877707238042806	43
0.674	0.010768546619032371	0.0007685466190323707	0.589286303337504	1600	0.009772635598507384	-0.00022736440149261593	0.5877730846931473	43
0.676	0.010759980695423721	0.0007599806954237207	0.5892734607120923	1600	0.00977411842106124	-0.00022588157893876047	0.5877754204881288	43
0.678	0.010751499669194448	0.0007514996691944473	0.5892607478692995	1600	0.009775586271639464	-0.0002244137283605365	0.5877777312249246	43
0.68	0.010743102692821832	0.0007431026928218318	0.589248163420275	1600	0.009777039304292079	-0.0002229606957079213	0.5877800173313272	43
0.682	0.010734788927347916	0.0007347889273479156	0.5892357061669167	1600	0.009778477671425978	-0.0002215223285740222	0.5877822790649169	43
0.684	0.010726557542290932	0.0007265575422909318	0.589223374756296	1600	0.00977990152382377	-0.00022009847617623056	0.5877845167115988	43
0.686	0.010718407715558431	0.000718407715558431	0.589211168020264	1600	0.009781311010662291	-0.00021868898933770885	0.5877867304513434	43
0.6880000000000001	0.0107103386333606	0.0007103386333605997	0.5891990844411372	1600	0.0097827062795309	-0.00021729372046909966	0.5877889207438562	43
0.6900000000000001	0.010702349490125523	0.0007023494901255232	0.5891871228541701	1600	0.0097840874764491	-0.00021591252355090094	0.5877910877611543	43
0.6920000000000001	0.01069443948841406	0.000694439488414059	0.5891752820072822	1600	0.009785454745884686	-0.00021454525411531387	0.5877932317639142	43
0.6940000000000001	0.010686607838836404	0.0006866078388364037	0.5891635606589414	1600	0.009786808230771216	-0.00021319176922878456	0.587795353012119	43
0.6960000000000001	0.010678853759969353	0.0006788537599693532	0.5891519575817914	1600	0.009788148072525205	-0.00021185192747479563	0.5877974517625012	43
0.6980000000000001	0.010671176478274425	0.0006711764782744243	0.5891404715603454	1600	0.00978947441106337	-0.00021052558893662997	0.5877995282683667	43
0.7000000000000001	0.010663575228016836	0.0006635752280168359	0.5891297731503382	1600	0.009790787384819422	-0.00020921261518057864	0.5878015827797413	43
0.7020000000000001	0.010656049295969278	0.0006560492959692774	0.5891190617730562	1600	0.009792087130760796	-0.00020791286923920425	0.5878036155441682	43
0.704	0.010648597968039908	0.0006485979680399077	0.589107892508878	1600	0.009793373784405118	-0.0002066262155948819	0.5878056268053035	43
0.706	0.010641220499611137	0.0006412204996111368	0.5890972051403578	1600	0.009794647479836466	-0.00020535252016353443	0.5878076168047247	43
0.708	0.010633916178191732	0.0006339161781917322	0.5890864566143502	1600	0.009795908349721466	-0.00020409165027853414	0.5878095857800196	43
0.71	0.010626684287213278	0.0006266842872132781	0.5890755944633836	1600	0.009797156525325118	-0.00020284347467488216	0.5878115339665918	43
0.712	0.01061952410253239	0.0006195241025323903	0.5890648369647187	1600	0.009798392136526557	-0.00020160786347344327	0.5878134615966655	43
0.714	0.010612434906982465	0.0006124349069824651	0.5890541881215662	1600	0.009799615311834431	-0.0002003846881655693	0.5878153688997955	43
0.716	0.01060541599064066	0.0006054159906406596	0.589043646934763	1600	0.009800826178402305	-0.0001991738215976948	0.5878172561023615	43
0.718	0.010598466650761168	0.0005984666507611678	0.5890333314508	1600	0.009802024862043651	-0.000197975137956349	0.5878198060924255	43
0.72	0.01059158619151468	0.000591586191514679	0.5890229839225594	1600	0.009803211486318741	-0.0001967885136812588	0.5878209848801963	43
0.722	0.010584773931196362	0.0005847739311963616	0.5890128304569542	1600	0.00980438617625251	-0.00019561382374748935	0.587822799608973	43
0.724	0.010578029192908511	0.0005780291929085111	0.5890026997583706	1600	0.009805549052826878	-0.0001944509471731217	0.5878246083483862	43
0.726	0.010571351301271209	0.0005713513012712088	0.5889926699471356	1600	0.009806700236624472	-0.00019329976337552866	0.5878263983468378	43
0.728	0.010564739587630378	0.0005647395876303783	0.5889827418094663	1600	0.0098078398469785	-0.00019216015302150023	0.58782816955294	43
0.73	0.010558193390110188	0.0005581933901101874	0.5889729143405599	1600	0.009808968001969398	-0.0001910319980306021	0.5878299221693426	43
0.732	0.010551712053546047	0.0005517120535460471	0.5889639845973749	1600	0.009810084818438258	-0.0001899151815617419	0.5878316571588081	43
0.734	0.010545294982612724	0.0005452949826127238	0.5889546422965419	1600	0.009811190411999543	-0.0001888095880004572	0.5878333730087008	43
0.736	0.010538941554492753	0.0005389415544927532	0.5889450795307408	1600	0.009812284897057988	-0.0001877151029420123	0.5878350708686312	43
0.738	0.010532651131670873	0.0005326511316708724	0.5889356066676864	1600	0.009813368386818316	-0.00018663161318168385	0.5878367509539144	43
0.74	0.010526423082625247	0.0005264230826252467	0.5889262299548951	1600	0.009814440993299756	-0.0001855590067002446	0.5878384135167095	43
0.742	0.010520256782243276	0.0005202567822432756	0.5889169485782326	1600	0.00981550282734897	-0.00018449717265102937	0.5878400588224952	43
0.744	0.010514151611766526	0.0005141516117665255	0.5889077615248238	1600	0.009816553998653027	-0.00018344600134697318	0.5878416869289108	43
0.746	0.010508106958724756	0.0005081069587247553	0.58889866783395	1600	0.00981759461575235	-0.0001824053842476494	0.5878432980221054	43
0.748	0.010502122216871912	0.0005021222168719117	0.5888896665482201	1600	0.009818624786053137	-0.00018137521394686294	0.587844892288609	43
0.75	0.010496196786122292	0.0004961967861222914	0.588880756717422	1600	0.00981964461583984	-0.00018035538416016038	0.5878464699129186	43
0.752	0.010490330072487175	0.0004903300724871749	0.5888719374014778	1600	0.009820654210287383	-0.00017934578971261737	0.587848031077187	43
0.754	0.010484521488012155	0.0004845214880121549	0.5888633838937446	1600	0.00982165367347343	-0.00017834632652657077	0.5878495763467475	43
0.756	0.01047877046245882	0.0004787704624588194	0.5888549670779587	1600	0.009822643108389678	-0.00017735689161032207	0.5878511050631046	43
0.758	0.010473076434706963	0.0004730764347069625	0.5888464045158723	1600	0.009823622616955574	-0.00017637738304442617	0.5878526178479431	43
0.76	0.010467438833919956	0.00046743883391995623	0.5888379236530363	1600	0.009824592300028134	-0.00017540769997186588	0.587854114882119	43
0.762	0.010461857094707733	0.0004618570947077325	0.5888295289088357	1600	0.009825552257414216	-0.00017444774258578398	0.5878555963386142	43
0.764	0.010456330657421437	0.0004563306574214363	0.5888212195197386	1600	0.009826502587881897	-0.00017349741211810342	0.5878570623867129	43
0.766	0.010450858968102522	0.0004508589681025219	0.5888129946146543	1600	0.009827443389171853	-0.00017255661082814754	0.5878585132090135	43
0.768	0.010445441478424494	0.000445441478424494	0.5888048533285459	1600	0.00982837475800849	-0.00017162524199151007	0.5878599489875239	43
0.77	0.01044007764563501	0.0004400776456350095	0.5887967947879954	1600	0.009829296790110964	-0.0001707032098890362	0.5878613698609424	43
0.772	0.010434766932498063	0.00043476693249806277	0.5887888181447265	1600	0.009830209580204169	-0.0001697904197958313	0.5878627759819844	43
0.774	0.010429508807237448	0.00042950880723744735	0.5887809224866175	1600	0.00983111322202948	-0.00016888677797051964	0.5878641675254019	43
0.776	0.010424302743480635	0.00042430274348063436	0.5887731071270537	1600	0.009832007808355442	-0.00016799219164455835	0.5878655446183656	43
0.778	0.010419148220202873	0.0004191482202028727	0.5887653711660445	1600	0.00983289343098831	-0.0001671065690116904	0.5878669074325079	43
0.78	0.0104140447216724	0.0004140447216723995	0.5887577138077368	1600	0.009833770180782436	-0.00016622981921756395	0.5878682561096916	43
0.782	0.010408991737395762	0.0004089917373957617	0.5887501341739876	1600	0.009834638147650537	-0.00016536185234946287	0.5878695908288085	43
0.784	0.010403988762064081	0.0004039887620640812	0.5887426315044084	1600	0.00983549742057388	-0.00016450257942612033	0.5878709117274684	43
0.786	0.010399035295499348	0.0003990352954993479	0.5887352050068617	1600	0.009836348087612384	-0.00016365191238761588	0.587872218954429	43
0.788	0.01039413084260174	0.0003941308426017396	0.5887282648390625	1600	0.009837190235914534	-0.00016280976408546664	0.587873512657448	43
0.79	0.010389274940693388	0.000389274940693388	0.5887214772486805	1600	0.009838023951727143	-0.00016197604827285737	0.5878747929809279	43
0.792	0.010384467137268288	0.0003844671372682882	0.5887142515537063	1600	0.009838849320405157	-0.00016115067959484274	0.5878760600701243	43
0.794	0.010379706950613438	0.0003797069506134374	0.5887070877346054	1600	0.009839666426421173	-0.00016033357357882715	0.5878773140669911	43
0.796	0.010374993903140894	0.0003749939031408942	0.5887000273022708	1600	0.009840475353374983	-0.00015952464662501685	0.5878787319687886	43
0.798	0.01037032752206804	0.00037032752206804	0.588693034142548	1600	0.00984127618376368	-0.00015872381623631936	0.5878797869012415	43
0.8	0.010365707343271302	0.00036570734327130185	0.5886861040690501	1600	0.009842068999945497	-0.00015793100005450332	0.5878809989726824	43
0.802	0.010361132904745829	0.0003611329047458287	0.5886792232470719	1600	0.00984285388272546	-0.0001571461172745394	0.5878822019197372	43
0.804	0.010356603747770143	0.00035660374777014316	0.5886725402927878	1600	0.009843630912300061	-0.00015636908769993928	0.587884133307441	43
0.806	0.010352119418074901	0.0003521194180749008	0.5886657461425088	1600	0.00984440016704169	-0.00015559983295831102	0.5878849960509764	43
0.808	0.010347679466616716	0.0003476794666167158	0.5886590028371449	1600	0.009845161726944857	-0.00015483827305514362	0.587885745604416	43
0.81	0.010343283448681018	0.00034328344868101747	0.5886525221686542	1600	0.009845915669888322	-0.0001540843301116781	0.587887503662394	43
0.812	0.010338930925002737	0.00033893092500273704	0.5886459487211972	1600	0.009846662071432588	-0.00015333792856741212	0.5878883658208325	43
0.8140000000000001	0.01033462146079997	0.0003346214607999696	0.5886394274328568	1600	0.009847401008934498	-0.00015259899106550255	0.5878892152019938	43
0.8160000000000001	0.010330354624568938	0.00033035462456893795	0.5886330379683758	1600	0.009848132557761374	-0.0001518674422386259	0.5878902840501735	43
0.8180000000000001	0.010326129990869126	0.000326129990869126	0.5886267004337422	1600	0.009848856792191468	-0.00015114320780853195	0.5878913904538671	43
0.8200000000000001	0.010321947137198223	0.0003219471371982228	0.5886204220583002	1600	0.009849573785985166	-0.000150426214014834	0.5878924864672185	43
0.8220000000000001	0.01031780564499779	0.0003178056449977904	0.5886142076633302	1600	0.00985028361220952	-0.00014971638779047967	0.5878935713048211	43
0.8240000000000001	0.010313705099982612	0.00031370509998261166	0.5886080570336333	1600	0.009850986343181906	-0.00014901365681809463	0.5878946448431823	43
0.8260000000000001	0.010309645092102998	0.00030964509210299786	0.5886019691776041	1600	0.009851682050477178	-0.00014831794952282172	0.5878957074357982	43
0.8280000000000001	0.010305625215501907	0.0003056252155019066	0.5885959435380622	1600	0.00985237080493484	-0.00014762919506516002	0.5878967591220918	43
0.8300000000000001	0.010301645068470006	0.0003016450684700054	0.5885900728766783	1600	0.009853052676667307	-0.00014694732333269366	0.5878983411340842	43
0.8320000000000001	0.01029770425325352	0.0002977042532535199	0.5885841310226787	1600	0.009853727734336709	-0.0001462722656632911	0.5878991453659287	43
0.834	0.0102938023765205	0.0002938023765204998	0.5885783252084625	1600	0.009854396047667524	-0.00014560395233247612	0.5879003805340766	43
0.836	0.010289939048624214	0.0002899390486242135	0.588572505751338	1600	0.009855057684037188	-0.0001449423159628118	0.5879010890741184	43
0.838	0.010286113885194348	0.0002861138851943477	0.5885667525211652	1600	0.00985571271142549	-0.00014428728857450966	0.587901871460929	43
0.84	0.01028232650516095	0.00028232650516094894	0.5885611056433047	1600	0.009856361196305091	-0.000143638803694909	0.5879028468343095	43
0.842	0.01027857653217043	0.0002785765321704301	0.5885554958123017	1600	0.009857003204306991	-0.00014299679569300915	0.587903825069013	43
0.844	0.01027486359223409	0.0002748635922340901	0.5885499417324531	1600	0.0098576388006468	-0.00014236119935319945	0.5879047935469829	43
0.846	0.010271187315079894	0.0002711873150798936	0.5885444443438278	1600	0.009858268049889762	-0.00014173195011023786	0.5879057521183012	43
0.848	0.010267547334215282	0.0002675473342152821	0.5885390627292384	1600	0.009858891015940618	-0.00014110898405938176	0.5879070467009122	43
0.85	0.010263943286794225	0.00026394328679422464	0.5885336456479149	1600	0.009859507761583619	-0.00014049223841638113	0.5879078027331692	43
0.852	0.010260374813914924	0.000260374813914924	0.5885282899950718	1600	0.009860118350141223	-0.0001398816498587776	0.58790857266458	43
0.854	0.01025684156036863	0.00025684156036862894	0.5885230305221366	1600	0.00986072284354314	-0.00013927715645685977	0.5879094894271758	43
0.856	0.010253343175523816	0.0002533431755238156	0.5885178068484012	1600	0.009861321302906845	-0.0001386786970931555	0.5879103999224629	43
0.858	0.010249879311135551	0.0002498793111355511	0.5885127422732574	1600	0.009861913788932058	-0.0001380862110679417	0.5879118211048181	43
0.86	0.010246449623446258	0.00024644962344625744	0.5885081710833058	1600	0.009862500361001197	-0.00013749963899880278	0.5879122036486778	43
0.862	0.0102430538138292	0.00024305381382920023	0.5885031504119703	1600	0.00986308107998024	-0.0001369189200197598	0.5879130763895953	43
0.864	0.010239691547572927	0.00023969154757292645	0.5884981066891977	1600	0.009863656004051924	-0.00013634399594807632	0.5879139501220042	43
0.866	0.010236362488429268	0.0002363624884292679	0.5884931130550295	1600	0.00986422519146507	-0.00013577480853492994	0.5879148151385085	43
0.868	0.010233066303489274	0.00023306630348927417	0.5884882067055429	1600	0.009864788699887467	-0.00013521130011253345	0.5879158805104043	43
0.87	0.010229802663205223	0.00022980266320522282	0.5884832799800642	1600	0.009865346586116847	-0.00013465341388315365	0.5879165229916133	43
0.872	0.010226571241586518	0.00022657124158651822	0.5884784470763605	1600	0.009865898907212345	-0.00013410109278765535	0.587917357715013	43
0.874	0.010223371716439555	0.00022337171643955524	0.5884736883488565	1600	0.00986644571882217	-0.0001335542811778303	0.5879183412988433	43
0.876	0.010220203768713854	0.0002202037687138534	0.5884692272981386	1600	0.009866987076086076	-0.0001330129239139246	0.5879190154519465	43
0.878	0.010217067102776922	0.000217067102776922	0.5884645713401543	1600	0.00986752303419991	-0.00013247696580009037	0.5879199932618056	43
0.88	0.010213961406267402	0.00021396140626740202	0.5884598892416131	1600	0.009868053646971131	-0.00013194635302886913	0.5879206716622154	43
0.882	0.010210886368572203	0.00021088636857220268	0.5884552785320505	1600	0.009868578968472208	-0.00013142103152779215	0.5879214261885353	43
0.884	0.010207841682779134	0.00020784168277913385	0.5884507166285975	1600	0.009869099051719177	-0.00013090094828082342	0.5879222141998611	43
0.886	0.010204827044761305	0.0002048270447613052	0.58844619692454	1600	0.009869613949246153	-0.000130386050753847	0.5879229950752279	43
0.888	0.010201842153206797	0.0002018421532067969	0.5884417236007055	1600	0.009870123713107554	-0.00012987628689244655	0.5879237679668323	43
0.89	0.010198886709901184	0.00019888670990118353	0.5884372965838611	1600	0.009870628394829634	-0.0001293716051703666	0.5879245329448116	43
0.892	0.010195960419701167	0.0001959604197011664	0.5884329896900464	1600	0.009871128045414707	-0.00012887195458529364	0.5879257244419757	43
0.894	0.010193062990382973	0.0001930629903829726	0.5884288300894754	1600	0.009871622714761358	-0.00012837728523864243	0.5879260484474444	43
0.896	0.010190194149737403	0.00019019414973740247	0.588424581785904	1600	0.009872112454004517	-0.00012788754599548334	0.5879267818758114	43
0.898	0.010187353614544231	0.00018735361454423095	0.5884203216369268	1600	0.009872597312039405	-0.00012740268796059516	0.5879275161122021	43
0.9	0.010184541100793532	0.00018454110079353138	0.588416134677471	1600	0.00987307733781509	-0.00012692266218491087	0.587928420669693	43
0.902	0.010181756327271335	0.00018175632727133496	0.5884119439259795	1600	0.009873552579555328	-0.00012644742044467215	0.5879290418862065	43
0.904	0.010178999015789586	0.00017899901578958578	0.5884078420749321	1600	0.009874023085605366	-0.00012597691439463453	0.5879299098680861	43
0.906	0.010176268891041895	0.00017626889104189504	0.5884037302988838	1600	0.009874488903105882	-0.00012551109689411775	0.5879304285634641	43
0.908	0.010173565681132118	0.00017356568113211825	0.5883997167329101	1600	0.009874950079521966	-0.0001250499204780344	0.5879312268723998	43
0.91	0.010170889117267573	0.00017088911726757285	0.5883957001369255	1600	0.009875406660990294	-0.0001245933390097067	0.5879318277853501	43
0.912	0.010168238932753065	0.00016823893275306513	0.5883917414622595	1600	0.009875858693822043	-0.00012414130617795748	0.5879325309275486	43
0.914	0.010165614863428984	0.00016561486342898425	0.5883878341130224	1600	0.009876306223455339	-0.00012369377654466128	0.5879332679970485	43
0.916	0.010163016648103845	0.0001630166481038451	0.5883839435023697	1600	0.009876749294959741	-0.0001232507050402589	0.5879338538767285	43
0.918	0.010160444028404353	0.0001604440284043527	0.5883800920827077	1600	0.00987718795319728	-0.0001228120468027196	0.5879344635749657	43
0.92	0.010157896748177048	0.00015789674817704748	0.5883763012048586	1600	0.009877622242339817	-0.00012237775766018276	0.587935175741357	43
0.922	0.010155374554031316	0.0001553745540313154	0.5883725242848161	1600	0.009878052206005905	-0.00012194779399409515	0.5879357699562155	43
0.924	0.0101528771948379	0.0001528771948379002	0.5883688353293959	1600	0.009878477887669074	-0.00012152211233092645	0.5879366189720119	43
0.926	0.010150404422240439	0.0001504044222404386	0.5883653619754136	1600	0.00987889932986094	-0.00012110067013905955	0.5879370529699973	43
0.928	0.010147956007107994	0.00014795600710799418	0.5883617258930485	1600	0.009879316575584135	-0.0001206834244158652	0.5879376792212927	43
0.93	0.01014553170703511	0.0001455317070351101	0.5883580977313814	1600	0.00987972966658876	-0.00012027033341124004	0.5879383030656159	43
0.932	0.010143131280144296	0.00014313128014429612	0.5883546264366792	1600	0.009880138644464409	-0.00011986135553559117	0.5879396101949923	43
0.934	0.01014075448693419	0.00014075448693418903	0.5883511436776007	1600	0.009880543549457249	-0.0001194564505427511	0.5879395458198053	43
0.936	0.010138401103302608	0.0001384011033026076	0.5883476985441016	1600	0.009880944424171395	-0.00011905557582860514	0.5879401374952923	43
0.9380000000000001	0.010136070899573968	0.0001360708995739677	0.5883442057876702	1600	0.009881341308051905	-0.00011865869194809496	0.5879407362867328	43
0.9400000000000001	0.010133763642897836	0.00013376364289783595	0.5883407474351425	1600	0.00988173424101818	-0.00011826575898181944	0.5879413292860884	43
0.9420000000000001	0.010131479102717389	0.00013147910271738873	0.5883373250505081	1600	0.009882123262603543	-0.00011787673739645753	0.587941916296617	43
0.9440000000000001	0.010129217050873635	0.00012921705087363435	0.5883339429523753	1600	0.009882508411941993	-0.00011749158805800762	0.5879425245982509	43
0.9460000000000001	0.010126977261574549	0.00012697726157454882	0.5883305901759417	1600	0.009882889727735517	-0.00011711027226448366	0.5879430731275049	43
0.9480000000000001	0.010124759511620507	0.0001247595116205067	0.5883272761202508	1600	0.009883267248404104	-0.00011673275159589623	0.5879436420066328	43
0.9500000000000001	0.01012256358008004	0.00012256358008004044	0.5883240076863541	1600	0.009883641011872002	-0.00011635898812799826	0.587944288514848	43
0.9520000000000001	0.010120389248081146	0.00012038924808114616	0.5883207512744595	1600	0.009884011055603409	-0.00011598894439659134	0.5879447873817587	43
0.9540000000000001	0.010118236299241162	0.0001182362992411621	0.5883176569823773	1600	0.009884377416987333	-0.00011562258301266691	0.5879459713140062	43
0.9560000000000001	0.010116104519860697	0.00011610451986069671	0.5883145264189357	1600	0.00988474013191537	-0.00011525986808462972	0.5879459047845095	43
0.9580000000000001	0.010113993708568164	0.00011399370856816395	0.5883114425242393	1600	0.009885099238520045	-0.00011490076147995486	0.5879464047135512	43
0.96	0.010111903660110583	0.00011190366011058252	0.5883083234600015	1600	0.009885454772105617	-0.0001145452278943828	0.5879469733465527	43
0.962	0.01010983416615599	0.00010983416615598963	0.588305221673603	1600	0.009885806768289596	-0.00011419323171040462	0.5879474706736565	43
0.964	0.010107785020312982	0.00010778502031298133	0.5883021599846607	1600	0.009886155262518459	-0.00011384473748154121	0.5879479950259628	43
0.966	0.010105756018468942	0.0001057560184689419	0.5882991290005524	1600	0.009886500289749078	-0.00011349971025092186	0.587948530061223	43
0.968	0.010103746958378818	0.00010374695837881732	0.5882961273825352	1600	0.009886841884607755	-0.00011315811539224473	0.5879490295134175	43
0.97	0.0101017576401142	0.00010175764011420042	0.5882931580833354	1600	0.009887180081433994	-0.00011281991856600636	0.5879495385041704	43
0.972	0.010099787865721799	9.978786572179855e-05	0.5882902179166021	1600	0.009887514914160511	-0.000112485085839489	0.5879500426555961	43
0.974	0.010097837439190488	9.783743919048772e-05	0.5882873164968252	1600	0.009887846416397394	-0.00011215358360260573	0.5879505892658746	43
0.976	0.0100959061665358	9.590616653580054e-05	0.5882844429659401	1600	0.009888174621352525	-0.00011182537864747565	0.5879510743617173	43
0.978	0.010093993856304911	9.399385630491121e-05	0.5882815958196096	1600	0.009888499562038994	-0.00011150043796100649	0.587951525620877	43
0.98	0.01009210031912866	9.210031912866047e-05	0.5882787787960531	1600	0.00988882127110019	-0.00011117872889981027	0.5879520090187712	43
0.982	0.01009022536720608	9.022536720607911e-05	0.5882761115989816	1600	0.009889139780762085	-0.0001108602192379151	0.5879532170881275	43
0.984	0.010088368814187454	8.83688141874537e-05	0.5882733039759557	1600	0.009889455121995294	-0.00011054487800470601	0.5879529772549187	43
0.986	0.010086530481433903	8.653048143390275e-05	0.5882706480416868	1600	0.009889767328378846	-0.00011023267162115456	0.5879534326628578	43
0.988	0.010084710191883117	8.471019188311703e-05	0.5882679345274672	1600	0.009890076430273231	-0.00010992356972676885	0.5879538973172523	43
0.99	0.010082907764634164	8.29077646341634e-05	0.5882652476147172	1600	0.00989038245865545	-0.00010961754134455014	0.5879543591693659	43
0.992	0.010081123020540844	8.112302054084398e-05	0.5882625915003196	1600	0.009890685444206931	-0.0001093145557930688	0.5879548132314395	43
0.994	0.010079355782547539	7.935578254753863e-05	0.5882599630426296	1600	0.00989098541730718	-0.00010901458269282037	0.5879552642443165	43
0.996	0.010077605875423723	7.760587542372278e-05	0.5882573585181858	1600	0.009891282408023727	-0.00010871759197627305	0.5879557107506823	43
0.998	0.010075873125534457	7.58731255344567e-05	0.588254781097392	1600	0.009891576446123651	-0.00010842355387634915	0.5879561527666871	43
1.0	0.010074157361051689	7.415736105168859e-05	0.5882522305584822	1600	0.009891867561074685	-0.00010813243892531486	0.5879565903374423	43
