0.0	0.202	0.192	0.0	0	0.202	0.192	0.0	0
0.002	0.20196080000000002	0.19196080000000001	0.0	0	0.20196080000000002	0.19196080000000001	0.0	0
0.004	0.20188240000000002	0.1918824	0.0	0	0.20188240000000002	0.1918824	0.0	0
0.006	0.20176480000000002	0.1917648	0.0	0	0.20176480000000002	0.1917648	0.0	0
0.008	0.201608	0.191608	0.0	0	0.201608	0.191608	0.0	0
0.01	0.201412	0.191412	0.0	0	0.201412	0.191412	0.0	0
0.012	0.20117680000000002	0.1911768	0.0	0	0.20117680000000002	0.1911768	0.0	0
0.014	0.2009024	0.1909024	0.0	0	0.2009024	0.1909024	0.0	0
0.016	0.2005888	0.1905888	0.0	0	0.2005888	0.1905888	0.0	0
0.018000000000000002	0.20023600000000003	0.19023600000000002	0.0	0	0.20023600000000003	0.19023600000000002	0.0	0
0.02	0.19984400000000002	0.189844	0.0	0	0.19984400000000002	0.189844	0.0	0
0.022	0.1994128	0.1894128	0.0	0	0.1994128	0.1894128	0.0	0
0.024	0.19894240000000002	0.1889424	0.0	0	0.19894240000000002	0.1889424	0.0	0
0.026000000000000002	0.19843280000000002	0.1884328	0.0	0	0.19843280000000002	0.1884328	0.0	0
0.028	0.197884	0.187884	0.0	0	0.197884	0.187884	0.0	0
0.03	0.197296	0.187296	0.0	0	0.197296	0.187296	0.0	0
0.032	0.1966688	0.1866688	0.0	0	0.1966688	0.1866688	0.0	0
0.034	0.19600240000000002	0.1860024	0.0	0	0.19600240000000002	0.1860024	0.0	0
0.036000000000000004	0.19529680000000002	0.1852968	0.0	0	0.19529680000000002	0.1852968	0.0	0
0.038	0.194552	0.184552	0.0	0	0.194552	0.184552	0.0	0
0.04	0.19376800000000002	0.18376800000000001	0.0	0	0.19376800000000002	0.18376800000000001	0.0	0
0.042	0.1929448	0.1829448	0.0	0	0.1929448	0.1829448	0.0	0
0.044	0.19208240000000001	0.1820824	0.0	0	0.19208240000000001	0.1820824	0.0	0
0.046	0.1911808	0.1811808	0.0	0	0.1911808	0.1811808	0.0	0
0.048	0.19024000000000002	0.18024	0.0	0	0.19024000000000002	0.18024	0.0	0
0.05	0.18926	0.17926	0.0	0	0.18926	0.17926	0.0	0
0.052000000000000005	0.1882408	0.1782408	0.0	0	0.1882408	0.1782408	0.0	0
0.054	0.1871824	0.1771824	0.0	0	0.1871824	0.1771824	0.0	0
0.056	0.18608480000000002	0.1760848	0.0	0	0.18608480000000002	0.1760848	0.0	0
0.058	0.184948	0.174948	0.0	0	0.184948	0.174948	0.0	0
0.06	0.18377200000000002	0.173772	0.0	0	0.18377200000000002	0.173772	0.0	0
0.062	0.18255680000000002	0.1725568	0.0	0	0.18255680000000002	0.1725568	0.0	0
0.064	0.1813024	0.1713024	0.0	0	0.1813024	0.1713024	0.0	0
0.066	0.18000880000000002	0.17000880000000002	0.0	0	0.18000880000000002	0.17000880000000002	0.0	0
0.068	0.178676	0.168676	0.0	0	0.178676	0.168676	0.0	0
0.07	0.17730400000000002	0.167304	0.0	0	0.17730400000000002	0.167304	0.0	0
0.07200000000000001	0.17589280000000002	0.1658928	0.0	0	0.17589280000000002	0.1658928	0.0	0
0.074	0.17444240000000003	0.16444240000000002	0.0	0	0.17444240000000003	0.16444240000000002	0.0	0
0.076	0.17295280000000002	0.1629528	0.0	0	0.17295280000000002	0.1629528	0.0	0
0.078	0.17142400000000002	0.161424	0.0	0	0.17142400000000002	0.161424	0.0	0
0.08	0.16985600000000003	0.15985600000000003	0.0	0	0.16985600000000003	0.15985600000000003	0.0	0
0.082	0.16824880000000003	0.15824880000000002	0.0	0	0.16824880000000003	0.15824880000000002	0.0	0
0.084	0.16660240000000004	0.15660240000000003	0.0	0	0.16660240000000004	0.15660240000000003	0.0	0
0.08600000000000001	0.16491680000000003	0.15491680000000002	0.0	0	0.16491680000000003	0.15491680000000002	0.0	0
0.088	0.16319200000000003	0.15319200000000002	0.0	0	0.16319200000000003	0.15319200000000002	0.0	0
0.09	0.16142800000000004	0.15142800000000003	0.0	0	0.16142800000000004	0.15142800000000003	0.0	0
0.092	0.15962480000000004	0.14962480000000003	0.0	0	0.15962480000000004	0.14962480000000003	0.0	0
0.094	0.15778240000000004	0.14778240000000004	0.0	0	0.15778240000000004	0.14778240000000004	0.0	0
0.096	0.15590080000000006	0.14590080000000005	0.0	0	0.15590080000000006	0.14590080000000005	0.0	0
0.098	0.15398000000000006	0.14398000000000005	0.0	0	0.15398000000000006	0.14398000000000005	0.0	0
0.1	0.15202000000000004	0.14202000000000004	0.0	0	0.15202000000000004	0.14202000000000004	0.0	0
0.10200000000000001	0.15002080000000007	0.14002080000000006	0.0	0	0.15002080000000007	0.14002080000000006	0.0	0
0.10400000000000001	0.14798240000000007	0.13798240000000006	0.0	0	0.14798240000000007	0.13798240000000006	0.0	0
0.106	0.14590480000000006	0.13590480000000005	0.0	0	0.14590480000000006	0.13590480000000005	0.0	0
0.108	0.14378800000000005	0.13378800000000005	0.0	0	0.14378800000000005	0.13378800000000005	0.0	0
0.11	0.14163200000000006	0.13163200000000005	0.0	0	0.14163200000000006	0.13163200000000005	0.0	0
0.112	0.13943680000000008	0.12943680000000007	0.0	0	0.13943680000000008	0.12943680000000007	0.0	0
0.114	0.13720240000000006	0.12720240000000005	0.0	0	0.13720240000000006	0.12720240000000005	0.0	0
0.116	0.13492880000000007	0.12492880000000008	0.0	0	0.13492880000000007	0.12492880000000008	0.0	0
0.11800000000000001	0.13261600000000007	0.12261600000000007	0.0	0	0.13261600000000007	0.12261600000000007	0.0	0
0.12	0.13026400000000007	0.12026400000000008	0.0	0	0.13026400000000007	0.12026400000000008	0.0	0
0.122	0.12787280000000006	0.11787280000000007	0.0	0	0.12787280000000006	0.11787280000000007	0.0	0
0.124	0.12544240000000006	0.11544240000000007	0.0	0	0.12544240000000006	0.11544240000000007	0.0	0
0.126	0.12297280000000008	0.11297280000000008	0.0	0	0.12297280000000008	0.11297280000000008	0.0	0
0.128	0.12046400000000007	0.11046400000000008	0.0	0	0.12046400000000007	0.11046400000000008	0.0	0
0.13	0.11791600000000008	0.10791600000000008	0.0	0	0.11791600000000008	0.10791600000000008	0.0	0
0.132	0.11532880000000008	0.10532880000000008	0.0	0	0.11532880000000008	0.10532880000000008	0.0	0
0.134	0.11270240000000008	0.10270240000000008	0.0	0	0.11270240000000008	0.10270240000000008	0.0	0
0.136	0.11003680000000007	0.10003680000000008	0.0	0	0.11003680000000007	0.10003680000000008	0.0	0
0.138	0.10733200000000008	0.09733200000000009	0.0	0	0.10733200000000008	0.09733200000000009	0.0	0
0.14	0.10458800000000008	0.09458800000000009	0.0	0	0.10458800000000008	0.09458800000000009	0.0	0
0.14200000000000002	0.10180480000000008	0.09180480000000009	0.0	0	0.10180480000000008	0.09180480000000009	0.0	0
0.14400000000000002	0.09898240000000008	0.08898240000000009	0.0	0	0.09898240000000008	0.08898240000000009	0.0	0
0.146	0.09612080000000008	0.08612080000000008	0.0	0	0.09612080000000008	0.08612080000000008	0.0	0
0.148	0.09322000000000008	0.08322000000000009	0.0	0	0.09322000000000008	0.08322000000000009	0.0	0
0.15	0.09028000000000008	0.08028000000000009	0.0	0	0.09028000000000008	0.08028000000000009	0.0	0
0.152	0.08730080000000008	0.07730080000000009	0.0	0	0.08730080000000008	0.07730080000000009	0.0	0
0.154	0.08428240000000008	0.07428240000000008	0.0	0	0.08428240000000008	0.07428240000000008	0.0	0
0.156	0.08122480000000007	0.07122480000000007	0.0	0	0.08122480000000007	0.07122480000000007	0.0	0
0.158	0.07812800000000007	0.06812800000000008	0.0	0	0.07812800000000007	0.06812800000000008	0.0	0
0.16	0.07499200000000006	0.06499200000000006	0.0	0	0.07499200000000006	0.06499200000000006	0.0	0
0.162	0.07181680000000007	0.06181680000000007	0.0	0	0.07181680000000007	0.06181680000000007	0.0	0
0.164	0.06860240000000006	0.05860240000000006	0.0	0	0.06860240000000006	0.05860240000000006	0.0	0
0.166	0.06534880000000007	0.055348800000000066	0.0	0	0.06534880000000007	0.055348800000000066	0.0	0
0.168	0.062056000000000056	0.052056000000000054	0.0	0	0.062056000000000056	0.052056000000000054	0.0	0
0.17	0.058724000000000054	0.04872400000000005	0.0	0	0.058724000000000054	0.04872400000000005	0.0	0
0.17200000000000001	0.05535280000000006	0.04535280000000006	0.0	0	0.05535280000000006	0.04535280000000006	0.0	0
0.17400000000000002	0.051942400000000055	0.04194240000000005	0.0	0	0.051942400000000055	0.04194240000000005	0.0	0
0.176	0.04849280000000006	0.038492800000000056	0.0	0	0.04849280000000006	0.038492800000000056	0.0	0
0.178	0.045004000000000044	0.03500400000000004	0.0	0	0.045004000000000044	0.03500400000000004	0.0	0
0.18	0.04147600000000004	0.03147600000000004	0.0	0	0.04147600000000004	0.03147600000000004	0.0	0
0.182	0.03790880000000005	0.027908800000000046	0.0	0	0.03790880000000005	0.027908800000000046	0.0	0
0.184	0.03430240000000004	0.024302400000000036	0.0	0	0.03430240000000004	0.024302400000000036	0.0	0
0.186	0.03065680000000004	0.020656800000000038	0.0	0	0.03065680000000004	0.020656800000000038	0.0	0
0.188	0.026972000000000024	0.016972000000000022	0.0	0	0.026972000000000024	0.016972000000000022	0.0	0
0.19	0.02324800000000002	0.013248000000000018	0.0	0	0.02324800000000002	0.013248000000000018	0.0	0
0.192	0.019484800000000024	0.009484800000000024	0.0	112	0.019484800000000024	0.009484800000000024	0.0	0
0.194	0.015682400000000013	0.005682400000000013	0.0	112	0.015682400000000013	0.005682400000000013	0.0	0
0.196	0.011840800000000012	0.0018408000000000122	6.5341833459853715	112	0.011840800000000012	0.0018408000000000122	0.0	0
0.198	0.008395612223065702	-0.0016043877769342987	17.455965273063022	112	0.007960000000000023	-0.0020399999999999776	25.908487572311298	43
0.2	0.006074955464335591	-0.0039250445356644095	23.019700160272176	112	0.0057672325048207795	-0.004232767495179221	25.64393416516213	73
0.202	0.005249745382956972	-0.004750254617043028	20.309321221737765	112	0.005244860620652325	-0.004755139379347675	22.635116344444945	73
0.20400000000000001	0.005739290049694201	-0.004260709950305799	12.970229877929963	112	0.006192296492780219	-0.003807703507219781	14.599113343780095	73
0.20600000000000002	0.007054316708293429	-0.0029456832917065714	5.264370570394454	112	0.008073806587826776	-0.001926193412173224	1.5244484480721616	43
0.20800000000000002	0.008681101404918956	-0.0013188985950810441	0.0	112	0.010017746579411485	1.7746579411484845e-05	0.0	0
0.21	0.010268686101544466	0.00026868610154446616	0.0	112	0.011922486570996205	0.0019224865709962045	0.0	0
0.212	0.011817070798169987	0.0018170707981699872	0.0	112	0.013788026562580907	0.003788026562580907	0.0	0
0.214	0.013326255494795491	0.0033262554947954912	0.0	112	0.01561436655416562	0.0056143665541656205	0.0	0
0.216	0.014796240191421006	0.004796240191421006	0.0	112	0.017401506545750317	0.007401506545750317	0.0	0
0.218	0.016227024888046532	0.0062270248880465316	0.0	112	0.019149446537335024	0.009149446537335024	0.0	0
0.22	0.01761860958467204	0.00761860958467204	0.0	112	0.020858186528919742	0.010858186528919742	0.0	0
0.222	0.01897099428129756	0.00897099428129756	0.0	112	0.022527726520504443	0.012527726520504443	0.0	0
0.224	0.020284178977923062	0.010284178977923062	0.0	0	0.024158066512089155	0.014158066512089154	0.0	0
0.226	0.021558163674548575	0.011558163674548575	0.0	0	0.02574920650367385	0.015749206503673847	0.0	0
0.228	0.0227929483711741	0.012792948371174099	0.0	0	0.027301146495258555	0.017301146495258553	0.0	0
0.23	0.023988533067799606	0.013988533067799605	0.0	0	0.02881388648684327	0.01881388648684327	0.0	0
0.232	0.025144917764425123	0.015144917764425123	0.0	0	0.03028742647842797	0.020287426478427968	0.0	0
0.234	0.02626210246105065	0.01626210246105065	0.0	0	0.03172176647001268	0.021721766470012678	0.0	0
0.23600000000000002	0.027340087157676163	0.01734008715767616	0.0	0	0.0331169064615974	0.0231169064615974	0.0	0
0.23800000000000002	0.028378871854301685	0.018378871854301683	0.0	0	0.034472846453182104	0.024472846453182102	0.0	0
0.24	0.02937845655092719	0.019378456550927188	0.0	0	0.03578958644476682	0.025789586444766817	0.0	0
0.242	0.030338841247552706	0.020338841247552704	0.0	0	0.037067126436351516	0.027067126436351514	0.0	0
0.244	0.03126002594417823	0.02126002594417823	0.0	0	0.038305466427936224	0.028305466427936223	0.0	0
0.246	0.03214201064080374	0.02214201064080374	0.0	0	0.03950460641952094	0.02950460641952094	0.0	0
0.248	0.03298479533742926	0.02298479533742926	0.0	0	0.040664546411105645	0.030664546411105643	0.0	0
0.25	0.033788380034054766	0.023788380034054764	0.0	0	0.04178528640269036	0.031785286402690356	0.0	0
0.252	0.03455276473068028	0.024552764730680278	0.0	0	0.042866826394275054	0.03286682639427505	0.0	0
0.254	0.035277949427305805	0.025277949427305803	0.0	0	0.04390916638585976	0.03390916638585976	0.0	0
0.256	0.03596393412393131	0.02596393412393131	0.0	0	0.04491230637744448	0.034912306377444476	0.0	0
0.258	0.03661071882055683	0.02661071882055683	0.0	0	0.04587624636902918	0.035876246369029176	0.0	0
0.26	0.03721830351718233	0.02721830351718233	0.0	0	0.04680098636061389	0.03680098636061389	0.0	0
0.262	0.037786688213807845	0.027786688213807843	0.0	0	0.04768652635219861	0.03768652635219861	0.0	0
0.264	0.03831587291043337	0.028315872910433366	0.0	0	0.048532866343783315	0.03853286634378331	0.0	0
0.266	0.038805857607058875	0.028805857607058873	0.0	0	0.04934000633536803	0.03934000633536803	0.0	0
0.268	0.03925664230368439	0.02925664230368439	0.0	0	0.05010794632695273	0.04010794632695273	0.0	0
0.27	0.03966822700030992	0.029668227000309917	0.0	0	0.05083668631853744	0.040836686318537437	0.0	0
0.272	0.04004061169693543	0.030040611696935428	0.0	0	0.05152622631012216	0.04152622631012216	0.0	0
0.274	0.04037379639356095	0.03037379639356095	0.0	0	0.05217656630170686	0.04217656630170686	0.0	0
0.276	0.040667781090186456	0.030667781090186454	0.0	0	0.052787706293291575	0.04278770629329157	0.0	0
0.278	0.04092256578681197	0.03092256578681197	0.0	0	0.05335964628487627	0.04335964628487627	0.0	0
0.28	0.0411381504834375	0.031138150483437495	0.0	0	0.05389238627646098	0.04389238627646098	0.0	0
0.28200000000000003	0.041314535180063006	0.031314535180063004	0.0	0	0.0543859262680457	0.044385926268045696	0.0	0
0.28400000000000003	0.041451719876688525	0.03145171987668852	0.0	0	0.0548402662596304	0.0448402662596304	0.0	0
0.28600000000000003	0.04154970457331403	0.031549704573314026	0.0	0	0.05525540625121511	0.04525540625121511	0.0	0
0.28800000000000003	0.04160848926993954	0.03160848926993954	0.0	0	0.055631346242799806	0.045631346242799804	0.0	0
0.29	0.041628073966565066	0.031628073966565064	0.0	0	0.05596808623438451	0.04596808623438451	0.0	0
0.292	0.04160845866319057	0.03160845866319057	0.0	0	0.05626562622596923	0.04626562622596923	0.0	0
0.294	0.04154964335981609	0.03154964335981609	0.0	0	0.05652396621755393	0.046523966217553926	0.0	0
0.296	0.04145162805644162	0.03145162805644162	0.0	0	0.05674310620913864	0.046743106209138637	0.0	0
0.298	0.04131441275306713	0.03131441275306713	0.0	0	0.05692304620072336	0.04692304620072336	0.0	0
0.3	0.041137997449692654	0.031137997449692652	0.0	0	0.057063786192308064	0.04706378619230806	0.0	0
0.302	0.04092238214631816	0.030922382146318157	0.0	0	0.05716532618389278	0.047165326183892776	0.0	0
0.304	0.040667566842943675	0.030667566842943673	0.0	0	0.057227666175477476	0.047227666175477474	0.0	0
0.306	0.0403735515395692	0.0303735515395692	0.0	0	0.057250806167062185	0.04725080616706218	0.0	0
0.308	0.04004033623619471	0.03004033623619471	0.0	0	0.057234746158646904	0.0472347461586469	0.0	0
0.31	0.03966792093282023	0.02966792093282023	0.0	0	0.057179486150231607	0.047179486150231605	0.0	0
0.312	0.03925630562944574	0.029256305629445735	0.0	0	0.05708502614181632	0.04708502614181632	0.0	0
0.314	0.03880549032607125	0.02880549032607125	0.0	0	0.056951366133401016	0.046951366133401014	0.0	0
0.316	0.03831547502269678	0.028315475022696775	0.0	0	0.05677850612498572	0.04677850612498572	0.0	0
0.318	0.037786259719322285	0.027786259719322283	0.0	0	0.05656644611657044	0.04656644611657044	0.0	0
0.32	0.037217844415947804	0.027217844415947802	0.0	0	0.05631518610815514	0.04631518610815514	0.0	0
0.322	0.036610229112573306	0.026610229112573304	0.0	0	0.05602472609973985	0.04602472609973985	0.0	0
0.324	0.03596341380919882	0.025963413809198817	0.0	0	0.055695066091324574	0.04569506609132457	0.0	0
0.326	0.03527739850582434	0.02527739850582434	0.0	0	0.05532620608290928	0.04532620608290928	0.0	0
0.328	0.03455218320244985	0.024552183202449847	0.0	0	0.054918146074493995	0.04491814607449399	0.0	0
0.33	0.033787767899075366	0.023787767899075364	0.0	0	0.054470886066078694	0.04447088606607869	0.0	0
0.332	0.032984152595700894	0.022984152595700892	0.0	0	0.053984426057663404	0.0439844260576634	0.0	0
0.334	0.032141337292326405	0.022141337292326403	0.0	0	0.053458766049248124	0.04345876604924812	0.0	0
0.336	0.03125932198895193	0.021259321988951925	0.0	0	0.05289390604083283	0.042893906040832826	0.0	0
0.338	0.03033810668557743	0.02033810668557743	0.0	0	0.05228984603241754	0.04228984603241754	0.0	0
0.34	0.029377691382202947	0.019377691382202945	0.0	0	0.05164658602400224	0.04164658602400224	0.0	0
0.342	0.028378076078828474	0.01837807607882847	0.0	0	0.05096412601558695	0.040964126015586945	0.0	0
0.34400000000000003	0.027339260775453983	0.01733926077545398	0.0	0	0.050242466007171666	0.040242466007171664	0.0	0
0.34600000000000003	0.026261245472079503	0.0162612454720795	0.0	0	0.04948160599875637	0.039481605998756365	0.0	0
0.34800000000000003	0.025144030168705006	0.015144030168705006	0.0	0	0.04868154599034108	0.03868154599034108	0.0	0
0.35000000000000003	0.02398761486533052	0.01398761486533052	0.0	0	0.047842285981925775	0.03784228598192577	0.0	0
0.352	0.022791999561956044	0.012791999561956044	0.0	0	0.04696382597351048	0.03696382597351048	0.0	0
0.354	0.021557184258581552	0.011557184258581552	0.0	0	0.0460461659650952	0.036046165965095196	0.0	0
0.356	0.02028316895520707	0.01028316895520707	0.0	0	0.0450893059566799	0.035089305956679896	0.0	0
0.358	0.0189699536518326	0.0089699536518326	0.0	112	0.04409324594826461	0.03409324594826461	0.0	0
0.36	0.01761753834845811	0.007617538348458111	0.0	112	0.04305798593984933	0.03305798593984933	0.0	0
0.362	0.016225923045083634	0.006225923045083634	0.0	112	0.041983525931434035	0.03198352593143403	0.0	0
0.364	0.01479510774170914	0.00479510774170914	0.0	112	0.04086986592301875	0.030869865923018748	0.0	0
0.366	0.013325092438334657	0.0033250924383346567	0.0	112	0.03971700591460345	0.029717005914603446	0.0	0
0.368	0.011815877134960184	0.0018158771349601841	0.0	112	0.03852494590618816	0.028524945906188155	0.0	0
0.37	0.010267461831585695	0.0002674618315856945	4.298599619208241	112	0.03729368589777288	0.027293685897772875	0.0	0
0.372	0.008966419836158424	-0.0010335801638415767	7.866438649713161	112	0.03602322588935758	0.026023225889357578	0.0	0
0.374	0.008150607084045358	-0.001849392915954642	9.134843208038067	112	0.03471356588094229	0.02471356588094229	0.0	0
0.376	0.007904583879134841	-0.002095416120865159	7.975200730657381	112	0.03336470587252699	0.023364705872526988	0.0	0
0.378	0.008151040722935626	-0.001848959277064374	5.357650366063919	112	0.0319766458641117	0.021976645864111695	0.0	0
0.38	0.00871547425780736	-0.0012845257421926406	2.3937063472505433	112	0.030549385855696415	0.020549385855696413	0.0	0
0.382	0.009400288215829111	-0.000599711784170889	0.0	112	0.029082925847281116	0.019082925847281114	0.0	0
0.384	0.010045902173850874	4.5902173850873376e-05	0.0	112	0.027577265838865828	0.017577265838865826	0.0	0
0.386	0.010652316131872647	0.0006523161318726465	0.0	112	0.02603240583045055	0.016032405830450548	0.0	0
0.388	0.011219530089894403	0.0012195300898944026	0.0	112	0.024448345822035256	0.014448345822035255	0.0	0
0.39	0.01174754404791617	0.0017475440479161695	0.0	112	0.022825085813619972	0.012825085813619972	0.0	0
0.392	0.01223635800593792	0.0022363580059379193	0.0	112	0.02116262580520467	0.011162625805204671	0.0	0
0.394	0.01268597196395968	0.00268597196395968	0.0	112	0.01946096579678938	0.009460965796789381	0.0	0
0.396	0.013096385921981452	0.0030963859219814514	0.0	112	0.017720105788374102	0.007720105788374102	0.0	0
0.398	0.013467599880003206	0.0034675998800032058	0.0	112	0.015940045779958806	0.005940045779958806	0.0	0
0.4	0.013799613838024971	0.003799613838024971	0.0	112	0.01412078577154352	0.00412078577154352	0.0	0
0.402	0.01409242779604672	0.004092427796046719	0.0	112	0.012262325763128218	0.0022623257631282177	0.0	0
0.404	0.014346041754068478	0.004346041754068478	0.0	112	0.010364665754712926	0.00036466575471292596	0.0	0
0.406	0.014560455712090248	0.004560455712090248	0.0	112	0.008427805746297645	-0.001572194253702355	16.100736170252926	43
0.40800000000000003	0.014735669670112	0.004735669670112	0.0	112	0.007525128149232563	-0.0024748718507674374	15.349881678895493	43
0.41000000000000003	0.014871683628133764	0.004871683628133764	0.0	112	0.007606575997427173	-0.0023934240025728273	11.081931977491246	43
0.41200000000000003	0.014968497586155538	0.004968497586155538	0.0	112	0.008387619310787853	-0.0016123806892121475	4.542969076950465	43
0.41400000000000003	0.015026111544177295	0.005026111544177295	0.0	112	0.009432327229278559	-0.0005676727707214415	0.03277295640254138	43
0.41600000000000004	0.015044525502199063	0.005044525502199063	0.0	112	0.010440020011529438	0.00044002001152943816	0.0	0
0.418	0.015023739460220814	0.005023739460220814	0.0	112	0.011408512793780329	0.0014085127937803286	0.0	0
0.42	0.014963753418242576	0.0049637534182425756	0.0	112	0.01233780557603123	0.0023378055760312298	0.0	0
0.422	0.014864567376264348	0.004864567376264348	0.0	112	0.013227898358282114	0.003227898358282114	0.0	0
0.424	0.014726181334286104	0.0047261813342861034	0.0	112	0.014078791140533009	0.004078791140533009	0.0	0
0.426	0.01454859529230787	0.00454859529230787	0.0	112	0.014890483922783887	0.004890483922783887	0.0	0
0.428	0.014331809250329619	0.004331809250329619	0.0	112	0.015662976705034776	0.0056629767050347755	0.0	0
0.43	0.014075823208351379	0.004075823208351379	0.0	112	0.016396269487285675	0.006396269487285675	0.0	0
0.432	0.01378063716637315	0.0037806371663731495	0.0	112	0.017090362269536558	0.007090362269536557	0.0	0
0.434	0.013446251124394903	0.0034462511243949032	0.0	112	0.01774525505178745	0.0077452550517874506	0.0	0
0.436	0.013072665082416668	0.0030726650824166677	0.0	112	0.018360947834038327	0.008360947834038327	0.0	0
0.438	0.012659879040438415	0.002659879040438415	0.0	112	0.018937440616289214	0.008937440616289214	0.0	0
0.44	0.012207892998460174	0.0022078929984601734	0.0	112	0.01947473339854011	0.009474733398540111	0.0	0
0.442	0.011716706956481943	0.0017167069564819424	0.0	112	0.019972826180790992	0.009972826180790992	0.0	0
0.444	0.011186320914503695	0.0011863209145036944	0.0	112	0.020431718963041884	0.010431718963041884	0.0	0
0.446	0.010616734872525457	0.0006167348725254571	0.0	112	0.020851411745292786	0.010851411745292786	0.0	0
0.448	0.01000794883054723	7.948830547230626e-06	2.0201371333741664	112	0.02123190452754367	0.011231904527543671	0.0	0
0.45	0.009494638597460608	-0.0005053614025393918	3.4150508706224714	112	0.021573197309794567	0.011573197309794567	0.0	0
0.452	0.009169798422415498	-0.000830201577584502	3.883982601578271	112	0.021875290092045446	0.011875290092045446	0.0	0
0.454	0.009064690420808957	-0.0009353095791910428	3.501005682740551	112	0.022138182874296336	0.012138182874296336	0.0	0
0.456	0.00915378279805179	-0.0008462172019482097	2.5572775236250456	112	0.022361875656547237	0.012361875656547236	0.0	0
0.458	0.009374160343536275	-0.000625839656463725	1.4083329117367356	112	0.02254636843879812	0.01254636843879812	0.0	0
0.46	0.009649226749803202	-0.0003507732501967977	0.36222860373211335	112	0.022691661221049014	0.012691661221049014	0.0	0
0.462	0.009909241729652296	-9.07582703477041e-05	0.0	110	0.02279775400329989	0.012797754003299891	0.0	0
0.464	0.0101300567095014	0.00013005670950140026	0.0	112	0.02286464678555078	0.01286464678555078	0.0	0
0.466	0.010311671689350516	0.0003116716893505154	0.0	112	0.02289233956780168	0.012892339567801678	0.0	0
0.468	0.010454086669199614	0.0004540866691996135	0.0	112	0.02288083235005256	0.01288083235005256	0.0	0
0.47000000000000003	0.010557301649048723	0.0005573016490487224	0.0	112	0.022830125132303453	0.012830125132303452	0.0	0
0.47200000000000003	0.010621316628897814	0.0006213166288978143	0.0	112	0.022740217914554328	0.012740217914554328	0.0	0
0.47400000000000003	0.010646131608746917	0.0006461316087469169	0.0	112	0.022611110696805214	0.012611110696805214	0.0	0
0.47600000000000003	0.01063174658859603	0.0006317465885960303	0.0	112	0.02244280347905611	0.012442803479056111	0.0	0
0.47800000000000004	0.010578161568445127	0.0005781615684451267	0.0	112	0.02223529626130699	0.012235296261306991	0.0	0
0.48	0.010485376548294234	0.00048537654829423384	0.0	112	0.021988589043557882	0.011988589043557882	0.0	0
0.482	0.010353391528143352	0.00035339152814335174	0.0	112	0.021702681825808784	0.011702681825808784	0.0	0
0.484	0.010182206507992453	0.00018220650799245265	0.08882902676201927	112	0.02137757460805967	0.011377574608059668	0.0	0
0.486	0.009977743422959012	-2.225657704098792e-05	0.8394804805607861	110	0.021013267390310564	0.011013267390310564	0.0	0
0.488	0.009790045703296307	-0.0002099542967036929	1.3908349749763684	111	0.020609760172561442	0.010609760172561442	0.0	0
0.49	0.009655870315298687	-0.0003441296847013133	1.6535242702677242	112	0.02016705295481233	0.010167052954812331	0.0	0
0.492	0.009592729878652256	-0.00040727012134774386	1.6284934062018726	112	0.01968514573706323	0.00968514573706323	0.0	0
0.494	0.009598955669085973	-0.0004010443309140268	1.3836741397422292	112	0.019164038519314114	0.009164038519314114	0.0	0
0.496	0.00965822640275718	-0.0003417735972428195	1.0218320054699312	112	0.018603731301565007	0.008603731301565007	0.0	0
0.498	0.009746419270126427	-0.0002535807298735728	0.6473277852571055	111	0.018004224083815884	0.008004224083815884	0.0	0
0.5	0.009838567323179476	-0.00016143267682052452	0.3422046042427532	111	0.01736551686606677	0.007365516866066771	0.0	0
0.502	0.009914329016515372	-8.56709834846283e-05	0.15481055321240686	110	0.01668760964831767	0.006687609648317669	0.0	0
0.504	0.009961211413398757	-3.8788586601242944e-05	0.09811269465975973	110	0.01597050243056855	0.00597050243056855	0.0	0
0.506	0.009975434656592785	-2.456534340721482e-05	0.1563542620273898	110	0.015214195212819442	0.005214195212819442	0.0	0
0.508	0.009960881517255327	-3.911848274467354e-05	0.2933378064585258	110	0.014418687995070317	0.004418687995070317	0.0	0
0.51	0.009926684231681748	-7.331576831825191e-05	0.4640732745910358	110	0.013583980777321203	0.0035839807773212027	0.0	0
0.512	0.009884225164414256	-0.00011577483558574374	0.6254720530387883	111	0.0127100735595721	0.002710073559572099	0.0	0
0.514	0.00984426423401602	-0.00015573576598397997	0.745041052675744	111	0.011796966341822979	0.0017969663418229784	0.0	0
0.516	0.009814772707129493	-0.00018522729287050697	0.8058824589439657	111	0.010844659124073869	0.0008446591240738686	0.0	0
0.518	0.009799806677505907	-0.00020019332249409348	0.8073207906949244	111	0.00985315190632477	-0.00014684809367523054	5.8057944209261665	43
0.52	0.009799462033928646	-0.00020053796607135375	0.761699416063539	111	0.009209497649970727	-0.0007905023500292731	7.04680262201046	43
0.522	0.009810697351422287	-0.00018930264857771294	0.6888655937474987	111	0.008996430235084063	-0.0010035697649159372	6.041270132803779	43
0.524	0.009828657041832417	-0.00017134295816758315	0.6101869162943014	111	0.009146914162384306	-0.0008530858376156938	3.6585825412796473	43
0.526	0.009848095859995493	-0.00015190414000450757	0.5436142863183006	111	0.009502103592436528	-0.000497896407563472	0.9477495123673516	43
0.528	0.009864575630579797	-0.00013542436942020307	0.5006354423510635	111	0.009881276323313232	-0.00011872367668676852	0.0	43
0.53	0.00987523109732083	-0.00012476890267917005	0.485291762718153	111	0.010221249054189946	0.00022124905418994568	0.0	0
0.532	0.00987903934824308	-0.00012096065175692082	0.4949527005808818	111	0.01052202178506667	0.0005220217850666706	0.0	0
0.534	0.00987664444587072	-0.000123355554129281	0.5222857248744535	111	0.010783594515943379	0.0007835945159433786	0.0	0
0.536	0.009869868591823316	-0.00013013140817668377	0.557774477658537	111	0.011005967246820098	0.0010059672468200973	0.0	0
0.538	0.009861077702953164	-0.00013892229704683644	0.5921720338722469	111	0.0111891399776968	0.001189139977696799	0.0	0
0.54	0.009852564949674486	-0.00014743505032551417	0.6184015209233295	111	0.011333112708573512	0.0013331127085735115	0.0	0
0.542	0.009846078964457383	-0.00015392103554261703	0.6326119487585498	111	0.011437885439450235	0.0014378854394502347	0.0	0
0.544	0.009842567109157513	-0.00015743289084248734	0.6343269461484108	111	0.011503458170326941	0.001503458170326941	0.0	0
0.546	0.009842143716934204	-0.00015785628306579612	0.6258352229681888	111	0.011529830901203658	0.001529830901203658	0.0	0
0.548	0.00984424267290876	-0.00015575732709124067	0.6111129957300304	111	0.011517003632080386	0.0015170036320803857	0.0	0
0.55	0.009847882495265331	-0.00015211750473466921	0.5946139154447352	111	0.011464976362957097	0.0014649763629570964	0.0	0
0.552	0.009851963245318202	-0.00014803675468179865	0.5802182727930554	111	0.011373749093833818	0.001373749093833818	0.0	0
0.554	0.009855525213557287	-0.00014447478644271337	0.5705322308697108	111	0.011243321824710523	0.0012433218247105225	0.0	0
0.556	0.009857922663854352	-0.00014207733614564864	0.5666086966853234	111	0.011073694555587238	0.0010736945555872377	0.0	0
0.558	0.009858894027263782	-0.0001411059727362187	0.568056076894057	111	0.010864867286463964	0.0008648672864639637	0.0	0
0.56	0.009858535795799483	-0.00014146420420051674	0.5734280802168887	111	0.010616840017340673	0.0006168400173406727	0.0	0
0.562	0.009857206103016297	-0.00014279389698370303	0.5807530556198752	111	0.010329612748217393	0.0003296127482173925	0.0	0
0.5640000000000001	0.009855393280607777	-0.00014460671939222312	0.5880625757966059	111	0.010003185479094096	3.185479094095292e-06	0.0	0
0.5660000000000001	0.009853584629919032	-0.00014641537008096804	0.5938082116626631	111	0.009637558209970809	-0.0003624417900291912	3.7491758496207948	43
0.5680000000000001	0.009852163193341118	-0.0001478368066588822	0.5971016125593297	111	0.00948267599748892	-0.0005173240025110794	3.475385410608499	43
0.5700000000000001	0.009851348530933834	-0.00014865146906616576	0.5977636881046002	111	0.009520286145714263	-0.0004797138542857373	2.374871076719363	43
0.5720000000000001	0.009851184781066863	-0.0001488152189331373	0.5962123876077223	111	0.009677021032387545	-0.00032297896761245524	1.0297203838798377	43
0.5740000000000001	0.009851568523707055	-0.00014843147629294527	0.5932472245641267	111	0.009863203944652815	-0.00013679605534718496	0.008309486081504391	43
0.5760000000000001	0.009852302039464494	-0.00014769796053550575	0.5897978372980972	111	0.01001074082227807	1.0740822278068954e-05	0.0	0
0.578	0.009853155411041814	-0.00014684458895818618	0.5866992375950166	111	0.010119077699903306	0.00011907769990330587	0.0	0
0.58	0.009853922065125448	-0.00014607793487455244	0.5845345517102705	111	0.010188214577528554	0.00018821457752855354	0.0	0
0.582	0.00985445768932311	-0.0001455423106768907	0.5835648657907153	111	0.010218151455153784	0.00021815145515378422	0.0	0
0.584	0.009854697637906806	-0.0001453023620931939	0.5837422867647029	111	0.010208888332779026	0.00020888833277902565	0.0	0
0.586	0.00985465373894151	-0.00014534626105849012	0.584785707086065	111	0.010160425210404278	0.00016042521040427783	0.0	0
0.588	0.009854395553781925	-0.0001456044462180752	0.5862899112727737	111	0.010072762088029513	7.276208802951302e-05	0.0	0
0.59	0.009854023362707215	-0.0001459766372927853	0.5878378621865484	111	0.00994589896565476	-5.4101034345241036e-05	1.0940157904680357	43
0.592	0.009853640362444932	-0.0001463596375550682	0.5890917074129798	111	0.009852770229311192	-0.00014722977068880837	1.383665354616518	43
0.594	0.009853330142676836	-0.00014666985732316416	0.589847704414667	111	0.009812685849942077	-0.0001873141500579236	1.319553123746919	43
0.596	0.009853143103203066	-0.00014685689679693435	0.5900510332620044	111	0.009821371678822799	-0.00017862832117720127	1.0373831109640417	43
0.598	0.009853092799280094	-0.00014690720071990591	0.5897758391861934	111	0.009860016381767811	-0.00013998361823218917	0.6988639805539221	43
0.6	0.009853160884636197	-0.00014683911536380288	0.5891821156896209	111	0.009906052016749739	-9.39479832502612e-05	0.43385550669413003	43
0.602	0.009853307777704934	-0.00014669222229506639	0.5884635079296415	111	0.009941811352177948	-5.8188647822051895e-05	0.30696895584874556	43
0.604	0.009853485571302334	-0.00014651442869766627	0.5877990571711421	111	0.009958835284662737	-4.1164715337263166e-05	0.3153813412817607	43
0.606	0.009853649968711131	-0.00014635003128886902	0.5873182978688356	111	0.009957684639899628	-4.23153601003725e-05	0.41142511074229293	43
0.608	0.009853768919311195	-0.00014623108068880473	0.5870842777309487	111	0.009944762335852675	-5.5237664147325324e-05	0.5339579695765496	43
0.61	0.009853826821759976	-0.0001461731782400246	0.587094293466602	111	0.009928237229777509	-7.176277022249121e-05	0.6336444598114253	43
0.612	0.009853824343773188	-0.0001461756562268126	0.587294421962374	111	0.00991475508768977	-8.524491231023078e-05	0.6852718268376574	43
0.614	0.009853774827250583	-0.00014622517274941703	0.5876018350909353	111	0.00990775773405786	-9.22422659421409e-05	0.6877921802977789	43
0.616	0.009853698766400687	-0.00014630123359931323	0.587928512773919	111	0.009907413192445813	-9.258680755418712e-05	0.6565787848167021	43
0.618	0.009853617939735715	-0.00014638206026428534	0.5882010266045543	111	0.00991164056982155	-8.835943017844981e-05	0.6130178382459518	43
0.62	0.009853550514844406	-0.0001464494851555944	0.5883730290836234	111	0.009917535803080357	-8.246419691964289e-05	0.5755510456731298	43
0.622	0.00985350795855866	-0.00014649204144133975	0.5884293445292095	111	0.009922601106050699	-7.739889394930109e-05	0.554558080366496	43
0.624	0.009853494025241522	-0.0001465059747584787	0.5883825746325739	111	0.00992543694771214	-7.456305228785952e-05	0.5515503392568808	43
0.626	0.009853505596899903	-0.0001464944031000972	0.5882645276086543	111	0.009925842811990715	-7.415718800928527e-05	0.5615818384022009	43
0.628	0.009853534803732189	-0.00014646519626781117	0.5881153893373665	111	0.009924487465496096	-7.551253450390448e-05	0.5770251350947172	43
0.63	0.009853571703186959	-0.0001464282968130417	0.5879734149510248	111	0.00992240046134113	-7.759953865887036e-05	0.5909888522893713	43
0.632	0.009853606830305145	-0.00014639316969485526	0.5878672186840627	111	0.009920512714005458	-7.94872859945419e-05	0.5993519772392626	43
0.634	0.009853633105335602	-0.00014636689466439833	0.5878117469357941	111	0.00991938176515239	-8.061823484760942e-05	0.6012048079276169	43
0.636	0.009853646830161766	-0.00014635316983823386	0.5878080071597006	111	0.009919131136827825	-8.086886317217566e-05	0.5980858570890922	43
0.638	0.009853647755465239	-0.00014635224453476113	0.5878458127222436	111	0.009919552898975864	-8.044710102413609e-05	0.5926661477285121	43
0.64	0.009853638401616877	-0.00014636159838312367	0.5879083210192757	111	0.009920285737639145	-7.971426236085509e-05	0.5874948292752725	43
0.642	0.009853622935836442	-0.00014637706416355777	0.587977021054918	111	0.009920984898254104	-7.901510174589642e-05	0.584197929904611	43
0.644	0.009853605938126342	-0.00014639406187365832	0.5880360165907035	111	0.009921430587529367	-7.856941247063286e-05	0.5832455977882257	43
0.646	0.009853591341522305	-0.0001464086584776949	0.5880748452285578	111	0.009921559316657197	-7.844068334280328e-05	0.5841781189393774	43
0.648	0.009853581734600159	-0.00014641826539984158	0.5880895458414295	111	0.009921433253714307	-7.856674628569336e-05	0.5860649094515612	43
0.65	0.009853578097400784	-0.0001464219025992166	0.5880821194359872	111	0.009921178184734869	-7.88218152651312e-05	0.5879675935891472	43
0.652	0.009853579934830464	-0.00014642006516953597	0.5880588389363193	111	0.009920920955328039	-7.907904467196157e-05	0.5892525587081228	43
0.654	0.009853585694855893	-0.00014641430514410712	0.5880280109374245	111	0.009920747229835075	-7.925277016492503e-05	0.5896994891332964	43
0.656	0.009853593322277171	-0.0001464066777228292	0.5879977808969256	111	0.009920686803617657	-7.931319638234367e-05	0.589437566448459	43
0.658	0.009853600801758233	-0.00014639919824176693	0.5879744384095346	111	0.009920722215163463	-7.92777848365369e-05	0.588787383810419	43
0.66	0.009853606577133273	-0.00014639342286672762	0.5879614761273165	111	0.009920810118963314	-7.918988103668666e-05	0.5880918825961275	43
0.662	0.009853609784250122	-0.00014639021574987775	0.5879594421012486	111	0.009920904148269571	-7.909585173042875e-05	0.5875957253395837	43
0.664	0.009853610287507059	-0.00014638971249294162	0.5879664484770081	111	0.009920971225931802	-7.902877406819851e-05	0.5873969434418835	43
0.666	0.009853608553995807	-0.00014639144600419284	0.5879790892276311	111	0.009920998099823497	-7.90019001765032e-05	0.587462978301483	43
0.668	0.009853605426433043	-0.00014639457356695716	0.5879934853478043	111	0.009920989172268607	-7.9010827731393e-05	0.5876845617947997	43
0.67	0.009853601864560135	-0.0001463981354398649	0.5880062085779509	111	0.009920959215500041	-7.904078449995876e-05	0.5879371408889462	43
0.672	0.009853598716592443	-0.00014640128340755697	0.5880149134150862	111	0.009920925068124087	-7.90749318759134e-05	0.58812706242028	43
0.674	0.009853596562852424	-0.00014640343714757663	0.5880186051261462	111	0.009920899391576143	-7.910060842385679e-05	0.5882122971500815	43
0.676	0.009853595649454122	-0.00014640435054587807	0.5880175641882261	111	0.009920887868171524	-7.911213182847619e-05	0.588199269733262	43
0.678	0.009853595907001717	-0.0001464040929982837	0.5880130160833166	111	0.009920889629415813	-7.911037058418689e-05	0.588124734357937	43
0.68	0.009853597032288192	-0.0001464029677118086	0.5880066705963841	111	0.009920899706283959	-7.910029371604142e-05	0.58803362026065	43
0.682	0.009853598602281105	-0.00014640139771889514	0.5880002561035276	111	0.00992091202450282	-7.908797549717982e-05	0.587961493876853	43
0.684	0.009853600189347583	-0.0001463998106524169	0.5879951487692031	111	0.009920921775646796	-7.90782243532042e-05	0.5879259048136558	43
0.686	0.009853601452998684	-0.00014639854700131648	0.5879921552031504	111	0.00992092658711169	-7.907341288831103e-05	0.5879265399638871	43
0.6880000000000001	0.009853602193663324	-0.00014639780633667575	0.5879914621501774	111	0.009920926501240823	-7.9073498759177e-05	0.5879512261931399	43
0.6900000000000001	0.009853602365137965	-0.0001463976348620357	0.587992728415174	111	0.009920923163782847	-7.907683621715365e-05	0.5879838675490037	43
0.6920000000000001	0.009853602051840299	-0.0001463979481597013	0.5879952693472397	111	0.009920918750828123	-7.908124917187752e-05	0.5880110566765726	43
0.6940000000000001	0.00985360142316577	-0.0001463985768342304	0.5879982750594337	111	0.009920915074985187	-7.908492501481311e-05	0.5880256147953399	43
0.6960000000000001	0.0098536006794952	-0.00014639932050479997	0.5880010089226151	111	0.00992091310679527	-7.908689320472971e-05	0.5880269054585092	43
0.6980000000000001	0.009853600003086133	-0.0001463999969138676	0.5880029483549333	111	0.009920912932302572	-7.908706769742778e-05	0.5880188841190748	43
0.7000000000000001	0.009853599523234058	-0.00014640047676594235	0.5880038503216816	111	0.009920914016751159	-7.90859832488413e-05	0.5880072752471238	43
0.7020000000000001	0.009853599300070098	-0.0001464006999299019	0.5880037435879985	111	0.009920915586216217	-7.908441378378338e-05	0.587997097594636	43
0.704	0.009853599326478668	-0.0001464006735213321	0.5880028649049838	111	0.009920916962187581	-7.908303781241875e-05	0.5879912397414259	43
0.706	0.009853599543880903	-0.000146400456119097	0.5880015646357475	111	0.009920917754141723	-7.90822458582776e-05	0.5879902096426711	43
0.708	0.0098535998655922	-0.00014640013440780052	0.5880002082518516	111	0.009920917893405351	-7.908210659464919e-05	0.5879927531020085	43
0.71	0.009853600201186946	-0.00014639979881305408	0.5879990955673903	111	0.009920917549542468	-7.90824504575318e-05	0.5879968499078593	43
0.712	0.009853600476486202	-0.00014639952351379847	0.5879984110297416	111	0.009920916995673434	-7.908300432656577e-05	0.5880006340534473	43
0.714	0.00985360064585411	-0.00014639935414588988	0.5879982090556155	111	0.009920916484074643	-7.908351592535688e-05	0.5880029590506256	43
0.716	0.00985360069582572	-0.0001463993041742797	0.5879984300931798	111	0.009920916169745886	-7.908383025411435e-05	0.5880035389466313	43
0.718	0.009853600641136884	-0.0001463993588631165	0.5879989374391532	111	0.009920916091346904	-7.90839086530961e-05	0.5880027585562272	43
0.72	0.009853600515610655	-0.0001463994843893448	0.5879995626307258	111	0.009920916196851676	-7.908380314832451e-05	0.5880013248603528	43
0.722	0.009853600360926473	-0.00014639963907352692	0.5880001878189355	111	0.009920916390680462	-7.908360931953816e-05	0.5879998911644622	43
0.724	0.009853600206242291	-0.00014639979375770905	0.5880006404439647	111	0.009920916584509248	-7.90834154907518e-05	0.5879989669073623	43
0.726	0.009853600094254372	-0.000146399905745628	0.588000861060241	111	0.009920916709465183	-7.908329053481732e-05	0.5879986890779151	43
0.728	0.009853600039670452	-0.0001463999603295487	0.5880008520814285	111	0.009920916747026332	-7.908325297366868e-05	0.5879989359482801	43
0.73	0.00985360004189198	-0.0001463999581080202	0.5880006641464901	111	0.009920916713650696	-7.908328634930427e-05	0.587999452696721	43
0.732	0.009853600088389924	-0.0001463999116100758	0.5880004762145181	111	0.009920916643788164	-7.90833562118367e-05	0.587999969447933	43
0.734	0.009853600134887869	-0.00014639986511213142	0.5880002882825363	111	0.009920916573925631	-7.908342607436912e-05	0.5880004862057326	43
0.736	0.009853600181385813	-0.00014639981861418704	0.5880000790505522	111	0.009920916504063099	-7.908349593690155e-05	0.5880006717216968	43
0.738	0.009853600233153792	-0.00014639976684620824	0.5879998974518683	111	0.009920916478982023	-7.908352101797765e-05	0.5880005741294	43
0.74	0.00985360027808524	-0.0001463997219147608	0.5879997158487321	111	0.009920916492176246	-7.908350782375416e-05	0.5880004765315138	43
0.742	0.009853600323016687	-0.00014639967698331334	0.5879995342491259	111	0.00992091650537047	-7.908349462953067e-05	0.5880003789401903	43
0.744	0.009853600367948134	-0.0001463996320518659	0.5879993526495235	111	0.009920916518564693	-7.908348143530718e-05	0.588000281348837	43
0.746	0.009853600412879582	-0.00014639958712041844	0.5879993469970475	111	0.009920916531758917	-7.908346824108368e-05	0.5880001230656006	43
0.748	0.009853600414277491	-0.00014639958572250887	0.5879993413503589	111	0.009920916553157494	-7.908344684250633e-05	0.5879999647909114	43
0.75	0.009853600415675401	-0.0001463995843245993	0.5879993357000147	111	0.009920916574556071	-7.908342544392898e-05	0.5879998065096643	43
0.752	0.00985360041707331	-0.00014639958292668974	0.5879993300496896	111	0.009920916595954649	-7.908340404535162e-05	0.5879996482284122	43
0.754	0.00985360041847122	-0.00014639958152878017	0.5879994677999526	111	0.009920916617353226	-7.908338264677427e-05	0.5879996584008998	43
0.756	0.009853600384389122	-0.00014639961561087843	0.5879996055503907	111	0.009920916615978548	-7.908338402145242e-05	0.5879996685640904	43
0.758	0.009853600350307024	-0.00014639964969297668	0.5879997433009133	111	0.00992091661460387	-7.908338539613056e-05	0.5879996787338446	43
0.76	0.009853600316224925	-0.00014639968377507494	0.5879998810514406	111	0.009920916613229191	-7.908338677080871e-05	0.5879996889035551	43
0.762	0.009853600282142827	-0.0001463997178571732	0.588000018801856	111	0.009920916611854513	-7.908338814548686e-05	0.587999699073313	43
0.764	0.009853600248060729	-0.00014639975193927145	0.588000156552375	111	0.009920916610479835	-7.908338952016501e-05	0.5879997092364533	43
0.766	0.00985360021397863	-0.0001463997860213697	0.5880002943027833	111	0.009920916609105157	-7.908339089484316e-05	0.5879997194062003	43
0.768	0.009853600179896532	-0.00014639982010346796	0.588000432053332	111	0.009920916607730479	-7.908339226952131e-05	0.587999729575923	43
0.77	0.009853600145814434	-0.0001463998541855662	0.5880005698037678	111	0.0099209166063558	-7.908339364419946e-05	0.587999739745689	43
0.772	0.009853600111732336	-0.00014639988826766447	0.5880007075542838	111	0.009920916604981123	-7.908339501887761e-05	0.5879997499088016	43
0.774	0.009853600077650237	-0.00014639992234976272	0.5880006658834089	111	0.009920916603606444	-7.908339639355576e-05	0.5879998393146874	43
0.776	0.009853600087960379	-0.0001463999120396211	0.5880006242132737	111	0.009920916591519391	-7.908340848060934e-05	0.5879999287202997	43
0.778	0.00985360009827052	-0.00014639990172947946	0.5880005825431115	111	0.009920916579432337	-7.908342056766292e-05	0.5880000181259302	43
0.78	0.009853600108580662	-0.00014639989141933783	0.5880005408730548	111	0.009920916567345284	-7.90834326547165e-05	0.5880001075249633	43
0.782	0.009853600118890804	-0.0001463998811091962	0.5880004991993334	111	0.00992091655525823	-7.908344474177008e-05	0.5880001969306125	43
0.784	0.009853600129200946	-0.00014639987079905457	0.5880004575291956	111	0.009920916543171177	-7.908345682882366e-05	0.5880002863362128	43
0.786	0.009853600139511087	-0.00014639986048891294	0.5880004158590749	111	0.009920916531084123	-7.908346891587724e-05	0.5880003757417894	43
0.788	0.009853600149821229	-0.00014639985017877132	0.5880003741890156	111	0.00992091651899707	-7.908348100293082e-05	0.5880004651474743	43
0.79	0.00985360016013137	-0.00014639983986862969	0.5880003325188268	111	0.009920916506910016	-7.90834930899844e-05	0.5880005545530502	43
0.792	0.009853600170441512	-0.00014639982955848806	0.5880002908451425	111	0.009920916494822962	-7.908350517703798e-05	0.5880006439520858	43
0.794	0.009853600180751654	-0.00014639981924834643	0.5880002491750415	111	0.009920916482735909	-7.908351726409156e-05	0.5880007333577264	43
0.796	0.009853600191061795	-0.0001463998089382048	0.5880001634606558	111	0.009920916470648855	-7.908352935114514e-05	0.5880005510386098	43
0.798	0.009853600212269303	-0.00014639978773069683	0.5880000777476201	111	0.009920916495297721	-7.908350470227886e-05	0.588000368719239	43
0.8	0.009853600233476811	-0.00014639976652318885	0.5879999920308745	111	0.009920916519946588	-7.908348005341258e-05	0.5880001863998021	43
0.802	0.00985360025468432	-0.00014639974531568088	0.5879999063142616	111	0.009920916544595454	-7.90834554045463e-05	0.5880000040804402	43
0.804	0.009853600275891827	-0.0001463997241081729	0.5879998206011146	111	0.00992091656924432	-7.908343075568001e-05	0.5879998217544269	43
0.806	0.009853600297099335	-0.00014639970290066494	0.5879997348844784	111	0.009920916593893186	-7.908340610681373e-05	0.5879996394350671	43
0.808	0.009853600318306843	-0.00014639968169315697	0.5879996491713757	111	0.009920916618542053	-7.908338145794745e-05	0.587999457115674	43
0.81	0.009853600339514351	-0.000146399660485649	0.5879996561142169	111	0.009920916643190919	-7.908335680908117e-05	0.5879995143010734	43
0.812	0.009853600337796142	-0.0001463996622038579	0.5879996630604492	111	0.009920916635459853	-7.908336454014696e-05	0.5879995714828273	43
0.8140000000000001	0.009853600336077933	-0.0001463996639220668	0.5879996700030664	111	0.009920916627728787	-7.908337227121275e-05	0.5879996286711635	43
0.8160000000000001	0.009853600334359724	-0.00014639966564027572	0.5879996769492789	111	0.009920916619997722	-7.908338000227853e-05	0.5879996858529357	43
0.8180000000000001	0.009853600332641516	-0.00014639966735848463	0.5879996838918768	111	0.009920916612266656	-7.908338773334432e-05	0.5879997430412409	43
0.8200000000000001	0.009853600330923307	-0.00014639966907669354	0.5879996908381232	111	0.00992091660453559	-7.908339546441011e-05	0.587999800222975	43
0.8220000000000001	0.009853600329205098	-0.00014639967079490245	0.5879996977843475	111	0.009920916596804524	-7.90834031954759e-05	0.5879998574047561	43
0.8240000000000001	0.009853600327486889	-0.00014639967251311135	0.5879997047269889	111	0.009920916589073459	-7.908341092654168e-05	0.5879999145931158	43
0.8260000000000001	0.00985360032576868	-0.00014639967423132026	0.5879997116732285	111	0.009920916581342393	-7.908341865760747e-05	0.5879999717748268	43
0.8280000000000001	0.009853600324050471	-0.00014639967594952917	0.5879997186158217	111	0.009920916573611327	-7.908342638867326e-05	0.5880000289631524	43
0.8300000000000001	0.009853600322332262	-0.00014639967766773808	0.5879997255620604	111	0.009920916565880261	-7.908343411973905e-05	0.5880000861449323	43
0.8320000000000001	0.009853600320614053	-0.000146399679385947	0.5879997325046056	111	0.009920916558149195	-7.908344185080483e-05	0.5880001433266593	43
0.834	0.009853600318895844	-0.0001463996811041559	0.5879997394508758	111	0.00992091655041813	-7.908344958187062e-05	0.588000200515014	43
0.836	0.009853600317177635	-0.0001463996828223648	0.5879997463934833	111	0.009920916542687064	-7.908345731293641e-05	0.5880002576967686	43
0.838	0.009853600315459426	-0.0001463996845405737	0.5879997533396853	111	0.009920916534955998	-7.90834650440022e-05	0.588000314885105	43
0.84	0.009853600313741218	-0.00014639968625878262	0.5879997602823218	111	0.009920916527224932	-7.908347277506798e-05	0.5880003720668565	43
0.842	0.009853600312023009	-0.00014639968797699153	0.5879997672285089	111	0.009920916519493866	-7.908348050613377e-05	0.5880004292485814	43
0.844	0.0098536003103048	-0.00014639968969520044	0.5879997741712044	111	0.0099209165117628	-7.908348823719956e-05	0.5880004864368962	43
0.846	0.00985360030858659	-0.00014639969141340935	0.5879997811174367	111	0.009920916504031735	-7.908349596826535e-05	0.5880005436186367	43
0.848	0.009853600306868382	-0.00014639969313161826	0.5879997880600587	111	0.009920916496300669	-7.908350369933113e-05	0.5880006008069405	43
0.85	0.009853600305150173	-0.00014639969484982716	0.5879997950062581	111	0.009920916488569603	-7.908351143039692e-05	0.5880006579887388	43
0.852	0.009853600303431964	-0.00014639969656803607	0.5879998019524864	111	0.009920916480838537	-7.908351916146271e-05	0.5880007151705066	43
0.854	0.009853600301713755	-0.00014639969828624498	0.587999808895086	111	0.009920916473107472	-7.90835268925285e-05	0.5880007723588336	43
0.856	0.009853600299995546	-0.0001463997000044539	0.5879998549301715	111	0.009920916465376406	-7.908353462359428e-05	0.5880005555776218	43
0.858	0.009853600288606018	-0.0001463997113939821	0.5879999009618717	111	0.009920916494683851	-7.908350531614892e-05	0.5880003388006747	43
0.86	0.00985360027721649	-0.0001463997227835103	0.5879999469971681	111	0.009920916523991297	-7.908347600870357e-05	0.588000122023747	43
0.862	0.009853600265826962	-0.00014639973417303852	0.5879999930288873	111	0.009920916553298742	-7.90834467012582e-05	0.5879999052468418	43
0.864	0.009853600254437433	-0.00014639974556256673	0.5880000390605274	111	0.009920916582606187	-7.908341739381285e-05	0.5879996884633276	43
0.866	0.009853600243047905	-0.00014639975695209494	0.5880000850958923	111	0.009920916611913633	-7.908338808636749e-05	0.5879994716863969	43
0.868	0.009853600231658377	-0.00014639976834162315	0.5880001311275957	111	0.009920916641221078	-7.908335877892213e-05	0.5879992549094663	43
0.87	0.009853600220268849	-0.00014639977973115136	0.5880001395589156	111	0.009920916670528523	-7.908332947147677e-05	0.5879993557932158	43
0.872	0.00985360021818324	-0.00014639978181676082	0.5880001479876568	111	0.00992091665688885	-7.908334311114949e-05	0.5879994566824922	43
0.874	0.00985360021609763	-0.00014639978390237028	0.5880001564164704	111	0.009920916643249178	-7.908335675082222e-05	0.5879995575717547	43
0.876	0.00985360021401202	-0.00014639978598797974	0.5880001648452365	111	0.009920916629609505	-7.908337039049494e-05	0.5879996584610301	43
0.878	0.009853600211926411	-0.0001463997880735892	0.5880001732776422	111	0.009920916615969833	-7.908338403016767e-05	0.5879997593502908	43
0.88	0.009853600209840802	-0.00014639979015919867	0.588000181706484	111	0.00992091660233016	-7.908339766984039e-05	0.5879998602395509	43
0.882	0.009853600207755192	-0.00014639979224480813	0.5880001901352607	111	0.009920916588690487	-7.908341130951312e-05	0.5879999611288219	43
0.884	0.009853600205669583	-0.0001463997943304176	0.5880001985640567	111	0.009920916575050814	-7.908342494918584e-05	0.5880000620181014	43
0.886	0.009853600203583973	-0.00014639979641602706	0.5880002069928414	111	0.009920916561411142	-7.908343858885857e-05	0.588000162907365	43
0.888	0.009853600201498364	-0.00014639979850163652	0.5880002154251992	111	0.009920916547771469	-7.908345222853129e-05	0.5880002637966925	43
0.89	0.009853600199412754	-0.00014639980058724598	0.5880002238540567	111	0.009920916534131796	-7.908346586820401e-05	0.5880003646859236	43
0.892	0.009853600197327145	-0.00014639980267285545	0.5880002322827963	111	0.009920916520492123	-7.908347950787674e-05	0.5880004655686129	43
0.894	0.009853600195241535	-0.0001463998047584649	0.588000240711563	111	0.00992091650685245	-7.908349314754946e-05	0.5880005664578671	43
0.896	0.009853600193155926	-0.00014639980684407437	0.5880002491403928	111	0.009920916493212778	-7.908350678722219e-05	0.5880006673471787	43
0.898	0.009853600191070316	-0.00014639980892968384	0.5880002575692396	111	0.009920916479573105	-7.908352042689491e-05	0.5880007682364302	43
0.9	0.009853600188984707	-0.0001463998110152933	0.5880002095410716	111	0.009920916465933433	-7.908353406656764e-05	0.588000582089418	43
0.902	0.009853600200868506	-0.0001463997991314938	0.5880001615097972	111	0.009920916491099718	-7.908350890028192e-05	0.5880003959399389	43
0.904	0.009853600212752306	-0.0001463997872476943	0.5880001134786211	111	0.009920916516266004	-7.90834837339962e-05	0.5880002097969973	43
0.906	0.009853600224636105	-0.0001463997753638948	0.5880000654474156	111	0.00992091654143229	-7.908345856771047e-05	0.5880000236475256	43
0.908	0.009853600236519905	-0.0001463997634800953	0.5880000174161788	111	0.009920916566598575	-7.908343340142475e-05	0.5879998374980769	43
0.91	0.009853600248403704	-0.0001463997515962958	0.5879999693850105	111	0.009920916591764861	-7.908340823513903e-05	0.5879996513486037	43
0.912	0.009853600260287504	-0.0001463997397124963	0.5879999213538145	111	0.009920916616931147	-7.90833830688533e-05	0.58799946520569	43
0.914	0.009853600272171303	-0.0001463997278286968	0.5879998733225811	111	0.009920916642097433	-7.908335790256758e-05	0.5879992790561963	43
0.916	0.009853600284055103	-0.0001463997159448973	0.5879998623744224	111	0.009920916667263718	-7.908333273628186e-05	0.5879993924821514	43
0.918	0.00985360028676388	-0.00014639971323611965	0.5879998514255758	111	0.009920916651928818	-7.908334807118188e-05	0.5879995059127552	43
0.92	0.009853600289472658	-0.000146399710527342	0.5879998404767477	111	0.009920916636593918	-7.90833634060819e-05	0.587999619336845	43
0.922	0.009853600292181436	-0.00014639970781856436	0.587999829527955	111	0.009920916621259018	-7.908337874098191e-05	0.5879997327674553	43
0.924	0.009853600294890213	-0.0001463997051097867	0.5879998185827632	111	0.009920916605924118	-7.908339407588193e-05	0.5879998461980932	43
0.926	0.009853600297598991	-0.00014639970240100907	0.5879998076339096	111	0.009920916590589218	-7.908340941078194e-05	0.5879999596221372	43
0.928	0.009853600300307769	-0.00014639969969223142	0.5879997966850924	111	0.009920916575254318	-7.908342474568196e-05	0.5880000730528222	43
0.93	0.009853600303016546	-0.00014639969698345377	0.5879997857363045	111	0.009920916559919418	-7.908344008058198e-05	0.5880001864768062	43
0.932	0.009853600305725324	-0.00014639969427467613	0.5879997747874568	111	0.009920916544584518	-7.908345541548199e-05	0.588000299907454	43
0.934	0.009853600308434102	-0.00014639969156589848	0.5879997638422371	111	0.009920916529249618	-7.908347075038201e-05	0.5880004133315521	43
0.936	0.00985360031114288	-0.00014639968885712083	0.5879997528934504	111	0.009920916513914718	-7.908348608528203e-05	0.588000526762117	43
0.9380000000000001	0.009853600313851657	-0.00014639968614834319	0.5879997419446371	111	0.009920916498579818	-7.908350142018204e-05	0.5880006401927966	43
0.9400000000000001	0.009853600316560435	-0.00014639968343956554	0.5879997309957838	111	0.009920916483244918	-7.908351675508206e-05	0.5880007536168298	43
0.9420000000000001	0.009853600319269212	-0.0001463996807307879	0.5879997794688024	111	0.009920916467910018	-7.908353208998208e-05	0.5880005806975424	43
0.9440000000000001	0.00985360030727589	-0.0001463996927241109	0.5879998279451403	111	0.00992091649128829	-7.908350871171053e-05	0.5880004077726416	43
0.9460000000000001	0.009853600295282566	-0.0001463997047174339	0.5879998764178889	111	0.009920916514666561	-7.9083485333439e-05	0.5880002348477361	43
0.9480000000000001	0.009853600283289243	-0.0001463997167107569	0.58799992489059	111	0.009920916538044833	-7.908346195516745e-05	0.5880000619294474	43
0.9500000000000001	0.00985360027129592	-0.0001463997287040799	0.5879999733633736	111	0.009920916561423104	-7.908343857689591e-05	0.5879998890045659	43
0.9520000000000001	0.009853600259302597	-0.0001463997406974029	0.5880000218397123	111	0.009920916584801376	-7.908341519862437e-05	0.5879997160862446	43
0.9540000000000001	0.009853600247309274	-0.0001463997526907259	0.5880000703123708	111	0.009920916608179647	-7.908339182035283e-05	0.5879995431613889	43
0.9560000000000001	0.009853600235315951	-0.0001463997646840489	0.5880001187852212	111	0.009920916631557919	-7.908336844208129e-05	0.587999370243053	43
0.9580000000000001	0.009853600223322628	-0.0001463997766773719	0.5880001672614965	111	0.00992091665493619	-7.908334506380975e-05	0.5879991973181877	43
0.96	0.009853600211329305	-0.0001463997886706949	0.5880001699432391	111	0.009920916678314462	-7.908332168553821e-05	0.5879993465958601	43
0.962	0.00985360021066553	-0.0001463997893344695	0.5880001726248518	111	0.00992091665813244	-7.908334186756093e-05	0.5879994958767503	43
0.964	0.009853600210001756	-0.0001463997899982441	0.5880001753100167	111	0.009920916637950417	-7.908336204958365e-05	0.5879996451576684	43
0.966	0.009853600209337982	-0.00014639979066201868	0.5880001779916019	111	0.009920916617768394	-7.908338223160637e-05	0.5879997944386038	43
0.968	0.009853600208674207	-0.00014639979132579327	0.5880001806731483	111	0.009920916597586371	-7.908340241362909e-05	0.5879999437195501	43
0.97	0.009853600208010432	-0.00014639979198956786	0.5880001833583233	111	0.009920916577404348	-7.90834225956518e-05	0.5880000930004522	43
0.972	0.009853600207346658	-0.00014639979265334245	0.5880001860399198	111	0.009920916557222326	-7.908344277767453e-05	0.5880002422813139	43
0.974	0.009853600206682883	-0.00014639979331711704	0.5880001887213675	111	0.009920916537040303	-7.908346295969725e-05	0.5880003915622295	43
0.976	0.009853600206019109	-0.00014639979398089163	0.588000191406575	111	0.00992091651685828	-7.908348314171997e-05	0.5880005408431581	43
0.978	0.009853600205355334	-0.00014639979464466622	0.5880001940881612	111	0.009920916496676258	-7.908350332374268e-05	0.588000690124033	43
0.98	0.00985360020469156	-0.00014639979530844081	0.5880001550040932	111	0.009920916476494235	-7.90835235057654e-05	0.588000562184174	43
0.982	0.009853600214361408	-0.00014639978563859256	0.5880001159221268	111	0.009920916493791176	-7.908350620882375e-05	0.5880004342413264	43
0.984	0.009853600224031256	-0.0001463997759687443	0.5880000768402741	111	0.009920916511088118	-7.908348891188209e-05	0.5880003062984576	43
0.986	0.009853600233701104	-0.00014639976629889605	0.5880000377548419	111	0.00992091652838506	-7.908347161494043e-05	0.5880001783622005	43
0.988	0.009853600243370952	-0.0001463997566290478	0.5879999986729795	111	0.009920916545682001	-7.908345431799878e-05	0.5880000504193331	43
0.99	0.0098536002530408	-0.00014639974695919954	0.5879999595910311	111	0.009920916562978943	-7.908343702105712e-05	0.5879999224830171	43
0.992	0.009853600262710649	-0.00014639973728935128	0.5879999205091213	111	0.009920916580275885	-7.908341972411546e-05	0.5879997945401508	43
0.994	0.009853600272380497	-0.00014639972761950303	0.5879998814236433	111	0.009920916597572826	-7.908340242717381e-05	0.5879996665973102	43
0.996	0.009853600282050345	-0.00014639971794965477	0.587999842341768	111	0.009920916614869768	-7.908338513023215e-05	0.5879995386610025	43
0.998	0.009853600291720194	-0.00014639970827980651	0.5879998032598233	111	0.00992091663216671	-7.90833678332905e-05	0.5879994107181616	43
1.0	0.009853600301390042	-0.00014639969860995826	0.5879997641743957	111	0.009920916649463651	-7.908335053634884e-05	0.5879992827752633	43
