0.0	0.202	0.192	0.0	0	0.202	0.192	0.0	0
0.002	0.20196080000000002	0.19196080000000001	0.0	0	0.20196080000000002	0.19196080000000001	0.0	0
0.004	0.20188240000000002	0.1918824	0.0	0	0.20188240000000002	0.1918824	0.0	0
0.006	0.20176480000000002	0.1917648	0.0	0	0.20176480000000002	0.1917648	0.0	0
0.008	0.201608	0.191608	0.0	0	0.201608	0.191608	0.0	0
0.01	0.201412	0.191412	0.0	0	0.201412	0.191412	0.0	0
0.012	0.20117680000000002	0.1911768	0.0	0	0.20117680000000002	0.1911768	0.0	0
0.014	0.2009024	0.1909024	0.0	0	0.2009024	0.1909024	0.0	0
0.016	0.2005888	0.1905888	0.0	0	0.2005888	0.1905888	0.0	0
0.018000000000000002	0.20023600000000003	0.19023600000000002	0.0	0	0.20023600000000003	0.19023600000000002	0.0	0
0.02	0.19984400000000002	0.189844	0.0	0	0.19984400000000002	0.189844	0.0	0
0.022	0.1994128	0.1894128	0.0	0	0.1994128	0.1894128	0.0	0
0.024	0.19894240000000002	0.1889424	0.0	0	0.19894240000000002	0.1889424	0.0	0
0.026000000000000002	0.19843280000000002	0.1884328	0.0	0	0.19843280000000002	0.1884328	0.0	0
0.028	0.197884	0.187884	0.0	0	0.197884	0.187884	0.0	0
0.03	0.197296	0.187296	0.0	0	0.197296	0.187296	0.0	0
0.032	0.1966688	0.1866688	0.0	0	0.1966688	0.1866688	0.0	0
0.034	0.19600240000000002	0.1860024	0.0	0	0.19600240000000002	0.1860024	0.0	0
0.036000000000000004	0.19529680000000002	0.1852968	0.0	0	0.19529680000000002	0.1852968	0.0	0
0.038	0.194552	0.184552	0.0	0	0.194552	0.184552	0.0	0
0.04	0.19376800000000002	0.18376800000000001	0.0	0	0.19376800000000002	0.18376800000000001	0.0	0
0.042	0.1929448	0.1829448	0.0	0	0.1929448	0.1829448	0.0	0
0.044	0.19208240000000001	0.1820824	0.0	0	0.19208240000000001	0.1820824	0.0	0
0.046	0.1911808	0.1811808	0.0	0	0.1911808	0.1811808	0.0	0
0.048	0.19024000000000002	0.18024	0.0	0	0.19024000000000002	0.18024	0.0	0
0.05	0.18926	0.17926	0.0	0	0.18926	0.17926	0.0	0
0.052000000000000005	0.1882408	0.1782408	0.0	0	0.1882408	0.1782408	0.0	0
0.054	0.1871824	0.1771824	0.0	0	0.1871824	0.1771824	0.0	0
0.056	0.18608480000000002	0.1760848	0.0	0	0.18608480000000002	0.1760848	0.0	0
0.058	0.184948	0.174948	0.0	0	0.184948	0.174948	0.0	0
0.06	0.18377200000000002	0.173772	0.0	0	0.18377200000000002	0.173772	0.0	0
0.062	0.18255680000000002	0.1725568	0.0	0	0.18255680000000002	0.1725568	0.0	0
0.064	0.1813024	0.1713024	0.0	0	0.1813024	0.1713024	0.0	0
0.066	0.18000880000000002	0.17000880000000002	0.0	0	0.18000880000000002	0.17000880000000002	0.0	0
0.068	0.178676	0.168676	0.0	0	0.178676	0.168676	0.0	0
0.07	0.17730400000000002	0.167304	0.0	0	0.17730400000000002	0.167304	0.0	0
0.07200000000000001	0.17589280000000002	0.1658928	0.0	0	0.17589280000000002	0.1658928	0.0	0
0.074	0.17444240000000003	0.16444240000000002	0.0	0	0.17444240000000003	0.16444240000000002	0.0	0
0.076	0.17295280000000002	0.1629528	0.0	0	0.17295280000000002	0.1629528	0.0	0
0.078	0.17142400000000002	0.161424	0.0	0	0.17142400000000002	0.161424	0.0	0
0.08	0.16985600000000003	0.15985600000000003	0.0	0	0.16985600000000003	0.15985600000000003	0.0	0
0.082	0.16824880000000003	0.15824880000000002	0.0	0	0.16824880000000003	0.15824880000000002	0.0	0
0.084	0.16660240000000004	0.15660240000000003	0.0	0	0.16660240000000004	0.15660240000000003	0.0	0
0.08600000000000001	0.16491680000000003	0.15491680000000002	0.0	0	0.16491680000000003	0.15491680000000002	0.0	0
0.088	0.16319200000000003	0.15319200000000002	0.0	0	0.16319200000000003	0.15319200000000002	0.0	0
0.09	0.16142800000000004	0.15142800000000003	0.0	0	0.16142800000000004	0.15142800000000003	0.0	0
0.092	0.15962480000000004	0.14962480000000003	0.0	0	0.15962480000000004	0.14962480000000003	0.0	0
0.094	0.15778240000000004	0.14778240000000004	0.0	0	0.15778240000000004	0.14778240000000004	0.0	0
0.096	0.15590080000000006	0.14590080000000005	0.0	0	0.15590080000000006	0.14590080000000005	0.0	0
0.098	0.15398000000000006	0.14398000000000005	0.0	0	0.15398000000000006	0.14398000000000005	0.0	0
0.1	0.15202000000000004	0.14202000000000004	0.0	0	0.15202000000000004	0.14202000000000004	0.0	0
0.10200000000000001	0.15002080000000007	0.14002080000000006	0.0	0	0.15002080000000007	0.14002080000000006	0.0	0
0.10400000000000001	0.14798240000000007	0.13798240000000006	0.0	0	0.14798240000000007	0.13798240000000006	0.0	0
0.106	0.14590480000000006	0.13590480000000005	0.0	0	0.14590480000000006	0.13590480000000005	0.0	0
0.108	0.14378800000000005	0.13378800000000005	0.0	0	0.14378800000000005	0.13378800000000005	0.0	0
0.11	0.14163200000000006	0.13163200000000005	0.0	0	0.14163200000000006	0.13163200000000005	0.0	0
0.112	0.13943680000000008	0.12943680000000007	0.0	0	0.13943680000000008	0.12943680000000007	0.0	0
0.114	0.13720240000000006	0.12720240000000005	0.0	0	0.13720240000000006	0.12720240000000005	0.0	0
0.116	0.13492880000000007	0.12492880000000008	0.0	0	0.13492880000000007	0.12492880000000008	0.0	0
0.11800000000000001	0.13261600000000007	0.12261600000000007	0.0	0	0.13261600000000007	0.12261600000000007	0.0	0
0.12	0.13026400000000007	0.12026400000000008	0.0	0	0.13026400000000007	0.12026400000000008	0.0	0
0.122	0.12787280000000006	0.11787280000000007	0.0	0	0.12787280000000006	0.11787280000000007	0.0	0
0.124	0.12544240000000006	0.11544240000000007	0.0	0	0.12544240000000006	0.11544240000000007	0.0	0
0.126	0.12297280000000008	0.11297280000000008	0.0	0	0.12297280000000008	0.11297280000000008	0.0	0
0.128	0.12046400000000007	0.11046400000000008	0.0	0	0.12046400000000007	0.11046400000000008	0.0	0
0.13	0.11791600000000008	0.10791600000000008	0.0	0	0.11791600000000008	0.10791600000000008	0.0	0
0.132	0.11532880000000008	0.10532880000000008	0.0	0	0.11532880000000008	0.10532880000000008	0.0	0
0.134	0.11270240000000008	0.10270240000000008	0.0	0	0.11270240000000008	0.10270240000000008	0.0	0
0.136	0.11003680000000007	0.10003680000000008	0.0	0	0.11003680000000007	0.10003680000000008	0.0	0
0.138	0.10733200000000008	0.09733200000000009	0.0	0	0.10733200000000008	0.09733200000000009	0.0	0
0.14	0.10458800000000008	0.09458800000000009	0.0	0	0.10458800000000008	0.09458800000000009	0.0	0
0.14200000000000002	0.10180480000000008	0.09180480000000009	0.0	0	0.10180480000000008	0.09180480000000009	0.0	0
0.14400000000000002	0.09898240000000008	0.08898240000000009	0.0	0	0.09898240000000008	0.08898240000000009	0.0	0
0.146	0.09612080000000008	0.08612080000000008	0.0	0	0.09612080000000008	0.08612080000000008	0.0	0
0.148	0.09322000000000008	0.08322000000000009	0.0	0	0.09322000000000008	0.08322000000000009	0.0	0
0.15	0.09028000000000008	0.08028000000000009	0.0	0	0.09028000000000008	0.08028000000000009	0.0	0
0.152	0.08730080000000008	0.07730080000000009	0.0	0	0.08730080000000008	0.07730080000000009	0.0	0
0.154	0.08428240000000008	0.07428240000000008	0.0	0	0.08428240000000008	0.07428240000000008	0.0	0
0.156	0.08122480000000007	0.07122480000000007	0.0	0	0.08122480000000007	0.07122480000000007	0.0	0
0.158	0.07812800000000007	0.06812800000000008	0.0	0	0.07812800000000007	0.06812800000000008	0.0	0
0.16	0.07499200000000006	0.06499200000000006	0.0	0	0.07499200000000006	0.06499200000000006	0.0	0
0.162	0.07181680000000007	0.06181680000000007	0.0	0	0.07181680000000007	0.06181680000000007	0.0	0
0.164	0.06860240000000006	0.05860240000000006	0.0	0	0.06860240000000006	0.05860240000000006	0.0	0
0.166	0.06534880000000007	0.055348800000000066	0.0	0	0.06534880000000007	0.055348800000000066	0.0	0
0.168	0.062056000000000056	0.052056000000000054	0.0	0	0.062056000000000056	0.052056000000000054	0.0	0
0.17	0.058724000000000054	0.04872400000000005	0.0	0	0.058724000000000054	0.04872400000000005	0.0	0
0.17200000000000001	0.05535280000000006	0.04535280000000006	0.0	0	0.05535280000000006	0.04535280000000006	0.0	0
0.17400000000000002	0.051942400000000055	0.04194240000000005	0.0	0	0.051942400000000055	0.04194240000000005	0.0	0
0.176	0.04849280000000006	0.038492800000000056	0.0	0	0.04849280000000006	0.038492800000000056	0.0	0
0.178	0.045004000000000044	0.03500400000000004	0.0	0	0.045004000000000044	0.03500400000000004	0.0	0
0.18	0.04147600000000004	0.03147600000000004	0.0	0	0.04147600000000004	0.03147600000000004	0.0	0
0.182	0.03790880000000005	0.027908800000000046	0.0	0	0.03790880000000005	0.027908800000000046	0.0	0
0.184	0.03430240000000004	0.024302400000000036	0.0	0	0.03430240000000004	0.024302400000000036	0.0	0
0.186	0.03065680000000004	0.020656800000000038	0.0	0	0.03065680000000004	0.020656800000000038	0.0	0
0.188	0.026972000000000024	0.016972000000000022	0.0	0	0.026972000000000024	0.016972000000000022	0.0	0
0.19	0.02324800000000002	0.013248000000000018	0.0	0	0.02324800000000002	0.013248000000000018	0.0	0
0.192	0.019484800000000024	0.009484800000000024	54.65266109141161	416	0.019484800000000024	0.009484800000000024	0.0	0
0.194	0.019325910739427465	0.009325910739427465	1.545353583740979	416	0.015682400000000013	0.005682400000000013	0.0	0
0.196	0.019230845051102535	0.009230845051102535	0.62504911639817	416	0.011840800000000012	0.0018408000000000122	0.0	0
0.198	0.019138249303870813	0.009138249303870813	0.6023274756607254	416	0.007960000000000023	-0.0020399999999999776	57.64976043431216	43
0.2	0.019046608721683123	0.009046608721683122	0.6016228943045089	416	0.007883317362287506	-0.002116682637712494	2.0468533591550777	43
0.202	0.018955876331415544	0.008955876331415544	0.6014817629734	416	0.007903891615185343	-0.002096108384814657	0.7816867129782232	43
0.20400000000000001	0.018866042725344395	0.008866042725344395	0.6013474382756747	416	0.007937378315618249	-0.0020626216843817515	0.6160185075919561	43
0.20600000000000002	0.01877709894848728	0.00877709894848728	0.6012144450281468	416	0.007972732916559339	-0.0020272670834406616	0.581755164675713	43
0.20800000000000002	0.01868903613463202	0.00868903613463202	0.6010826456171842	416	0.00800767119514545	-0.001992328804854551	0.5749879489192199	43
0.21	0.018601845497020042	0.008601845497020042	0.6009520254560476	416	0.008041742003675079	-0.0019582579963249216	0.5739623717060681	43
0.212	0.018515518327771707	0.008515518327771707	0.6008225842386933	416	0.008074876970318362	-0.0019251230296816382	0.5741205357853049	43
0.214	0.018430045997472555	0.008430045997472555	0.6006943140300509	416	0.008107086639347255	-0.001892913360652745	0.57450735983906	43
0.216	0.018345419954775316	0.008345419954775316	0.6005672083464488	416	0.008138396799032	-0.0018616032009680008	0.5749236615241867	43
0.218	0.01826163172596776	0.008261631725967758	0.6004412604872362	416	0.008168835202818275	-0.0018311647971817249	0.575329032434884	43
0.22	0.018178672914525934	0.008178672914525934	0.6003164635184391	416	0.008198428875433456	-0.0018015711245665447	0.575716360047412	43
0.222	0.01809653520065191	0.008096535200651908	0.6001928102929116	416	0.0082272036387184	-0.0017727963612816002	0.5760854147363066	43
0.224	0.01801521034079734	0.008015210340797338	0.6000702934709656	416	0.008255184096319007	-0.0017448159036809931	0.5764372903196124	43
0.226	0.01793469016717411	0.00793469016717411	0.5999489055394568	416	0.008282393706607521	-0.0017176062933924787	0.576773243673579	43
0.228	0.01785496658725344	0.00785496658725344	0.599828638829029	416	0.008308854866474202	-0.0016911451335257979	0.5770944630853719	43
0.23	0.017776031583254637	0.0077760315832546365	0.5997094855289352	416	0.00833458899054651	-0.0016654110094534904	0.577402031635093	43
0.232	0.01769787721162444	0.007697877211624441	0.5995914377061466	416	0.008359616583394486	-0.0016403834166055144	0.5776969302781029	43
0.234	0.017620495602507974	0.007620495602507974	0.5994744873128519	416	0.008383957304927664	-0.0016160426950723363	0.5779800478467174	43
0.23600000000000002	0.01754387895921236	0.007543878959212361	0.5993586262035137	416	0.008407630029650615	-0.0015923699703493856	0.5782521912368307	43
0.23800000000000002	0.01746801955766364	0.007468019557663639	0.5992438461441106	416	0.008430652900456026	-0.0015693470995439742	0.5785140945260858	43
0.24	0.01739290974585786	0.0073929097458578594	0.5991301388253134	416	0.008453043377563196	-0.0015469566224368039	0.5787664269369274	43
0.242	0.01731854194330712	0.0073185419433071195	0.5990174958699764	416	0.008474818283132818	-0.0015251817168671824	0.5790097997594935	43
0.244	0.017244908640481033	0.007244908640481032	0.5989059088439604	416	0.008495993842019739	-0.0015040061579802613	0.5792447723819971	43
0.246	0.01717200239824454	0.00717200239824454	0.598795369263778	416	0.008516585719065467	-0.0014834142809345332	0.5794718575584191	43
0.248	0.01709981584729231	0.00709981584729231	0.598685868605486	416	0.00853660905328174	-0.0014633909467182595	0.5796915260180331	43
0.25	0.01702834168758044	0.007028341687580439	0.5985773983104605	416	0.008556078489232566	-0.0014439215107674343	0.5799042105206389	43
0.252	0.01695757268775594	0.006957572687755939	0.5984699497938653	416	0.008575008205884749	-0.0014249917941152514	0.5801103094238294	43
0.254	0.01688750168458436	0.00688750168458436	0.5983635144493652	416	0.008593411943165208	-0.0014065880568347924	0.5810328947020585	43
0.256	0.016818121582376083	0.006818121582376083	0.5982580836560762	416	0.008611351206759127	-0.0013886487932408733	0.5815158859650958	43
0.258	0.01674942535241153	0.006749425352411529	0.5981536487830286	416	0.008628858196084055	-0.0013711418039159453	0.5816912921349908	43
0.26	0.016681406032365842	0.006681406032365842	0.5980502011948671	416	0.008645944604884659	-0.0013540553951153413	0.5818106564634566	43
0.262	0.016614056725733156	0.006614056725733156	0.597947732255654	416	0.008662618390782806	-0.0013373816092171944	0.5819191242001236	43
0.264	0.016547370601250833	0.006547370601250832	0.5978462333335435	416	0.008678886784960982	-0.0013211132150390183	0.5820248883222291	43
0.266	0.016481340892324087	0.0064813408923240865	0.5977456958049769	416	0.008694756838360629	-0.0013052431616393714	0.582129457435973	43
0.268	0.016415960896451004	0.006415960896451004	0.5976461110572667	416	0.008710235522255999	-0.0012897644777440011	0.5822331180289394	43
0.27	0.016351223974648416	0.006351223974648415	0.5975474704929368	416	0.008725329747353294	-0.001274670252646706	0.5823359301634078	43
0.272	0.01628712355087869	0.00628712355087869	0.597449765532604	416	0.008740046367794824	-0.0012599536322051765	0.5824379107667098	43
0.274	0.016223653111477804	0.0062236531114778035	0.5973529876169387	416	0.008754392182287463	-0.0012456078177125376	0.5825390676696497	43
0.276	0.01616080620458471	0.00616080620458471	0.5972571282101554	416	0.008768373934624762	-0.0012316260653752378	0.5826394059673378	43
0.278	0.0160985764395723	0.006098576439572298	0.5971621788024073	416	0.00878199831402654	-0.0012180016859734601	0.5827389291970706	43
0.28	0.01603695748648004	0.006036957486480041	0.5970681309109092	416	0.0087952719553748	-0.0012047280446251998	0.5828376395471069	43
0.28200000000000003	0.0159759430754485	0.005975943075448501	0.5969749760834469	416	0.008808201439359536	-0.0011917985606404637	0.5829355378821159	43
0.28400000000000003	0.015915526996155865	0.005915526996155865	0.5968827058990912	416	0.008820793292536405	-0.001179206707463595	0.5830326237477634	43
0.28600000000000003	0.015855703097256507	0.005855703097256507	0.5967913119697836	416	0.008833053987296446	-0.0011669460127035538	0.583128895372569	43
0.28800000000000003	0.015796465285821792	0.005796465285821792	0.5967007859426041	416	0.00884498994174801	-0.0011550100582519898	0.583224349679358	43
0.29	0.01573780752678325	0.005737807526783248	0.5966111090023661	416	0.008856607519511533	-0.0011433924804884667	0.5835222815354189	43
0.292	0.01567972384239935	0.005679723842399351	0.5965223040529646	416	0.008867926582184688	-0.0011320734178153127	0.5860098671571871	43
0.294	0.01562220831161898	0.005622208311618979	0.5964344453679302	416	0.008879112969334996	-0.0011208870306650045	0.5860909290637103	43
0.296	0.015565255077196472	0.005565255077196471	0.5963498742237053	416	0.008890172085089548	-0.001109827914910452	0.5861166546947113	43
0.298	0.015508858501055545	0.0055088585010555444	0.596264217329983	416	0.008901105644490398	-0.0010988943555096022	0.5861407526124546	43
0.3	0.015453012872736621	0.005453012872736621	0.5961789986483766	416	0.008911915254065428	-0.0010880847459345724	0.5861644546314922	43
0.302	0.015397712510994255	0.0053977125109942545	0.5961037242811008	416	0.008922602493949217	-0.0010773975060507836	0.5861877955713947	43
0.304	0.015342952397537302	0.0053429523975373015	0.5960414871206341	416	0.008933168920204432	-0.0010668310797955684	0.5862107828352756	43
0.306	0.015288728383221706	0.005288728383221706	0.5959738321537238	416	0.008943616065315324	-0.0010563839346846762	0.5862334230524114	43
0.308	0.015235035957716359	0.005235035957716358	0.5958799476408607	416	0.008953945438629707	-0.0010460545613702934	0.5862557226861567	43
0.31	0.015181868862053749	0.005181868862053749	0.5957728864987547	416	0.008964158526789834	-0.0010358414732101664	0.5862776880529378	43
0.312	0.01512921995882438	0.00512921995882438	0.5956715498858877	416	0.008974256794153507	-0.0010257432058464935	0.5862993253263422	43
0.314	0.01507708249225409	0.00507708249225409	0.5955715460451758	416	0.008984241683205607	-0.001015758316794393	0.5863206405405377	43
0.316	0.015025449795420143	0.0050254497954201425	0.5954876221068336	416	0.008994114614960413	-0.0010058853850395868	0.5863416395944447	43
0.318	0.014974316273393296	0.004974316273393295	0.5972653528976596	414	0.009003876989354842	-0.0009961230106451582	0.5863623282547393	43
0.32	0.014923800441559637	0.004923800441559637	0.5955532671636536	414	0.009013530185632918	-0.0009864698143670827	0.5863827121597233	43
0.322	0.014873788160870233	0.0048737881608702325	0.5954310966274171	415	0.009023075562721639	-0.0009769244372783616	0.5864027968226404	43
0.324	0.014824271286622642	0.004824271286622642	0.5953571048830947	415	0.009032514459598545	-0.0009674855404014551	0.5864225876348594	43
0.326	0.014775244886033934	0.004775244886033933	0.595298551923115	415	0.009041848195651098	-0.0009581518043489026	0.5864420898693216	43
0.328	0.014726705055573441	0.004726705055573441	0.5952258483679886	415	0.009051078071028285	-0.0009489219289717157	0.586461308682901	43
0.33	0.014678646948337482	0.004678646948337481	0.595153485305102	416	0.00906020536698432	-0.0009397946330156805	0.586480249120021	43
0.332	0.014631065740121851	0.004631065740121851	0.5950818444627716	416	0.009069231346215012	-0.0009307686537849882	0.5864989161157684	43
0.334	0.014583956654870417	0.004583956654870417	0.5950109287483389	416	0.00907815725318678	-0.0009218427468132197	0.5865173144978276	43
0.336	0.014537314964868847	0.004537314964868847	0.5949407309874779	416	0.009086984314458396	-0.000913015685541604	0.5865354489900441	43
0.338	0.01449113599026644	0.00449113599026644	0.5948712438117912	416	0.009095713738996009	-0.0009042862610039917	0.5865533242144129	43
0.34	0.014445415098584824	0.004445415098584824	0.5948024599227808	416	0.00910434671848126	-0.0008956532815187403	0.5865709446945518	43
0.342	0.014400147704231397	0.004400147704231397	0.5947343720996878	416	0.009112884427612794	-0.0008871155723872062	0.5865883148570132	43
0.34400000000000003	0.014355329268017969	0.004355329268017969	0.594666973198515	416	0.009121328024401465	-0.0008786719755985353	0.5866054390348098	43
0.34600000000000003	0.014310955296684441	0.004310955296684441	0.5946002561519454	416	0.009129678650459133	-0.000870321349540867	0.5866223214692121	43
0.34800000000000003	0.014267021342427688	0.004267021342427688	0.5945342139666844	416	0.009137937431281412	-0.0008620625687185881	0.5866389663118937	43
0.35000000000000003	0.014223523002435401	0.004223523002435401	0.5944688397240037	416	0.009146105476524474	-0.000853894523475526	0.5866553776275102	43
0.352	0.014180455918424706	0.004180455918424706	0.5944041265783132	416	0.009154183880276057	-0.0008458161197239435	0.5866715593963446	43
0.354	0.014137815776185891	0.004137815776185891	0.5943400677559766	416	0.009162173721320721	-0.0008378262786792792	0.5866875155148009	43
0.356	0.014095598305130824	0.004095598305130824	0.5942766565553755	416	0.009170076063399701	-0.0008299239366002988	0.5867032497992545	43
0.358	0.014053799277846113	0.004053799277846113	0.5942138863450226	416	0.009177891955465312	-0.0008221080445346887	0.58671876598718	43
0.36	0.014012414509651072	0.004012414509651072	0.5941517505634856	416	0.009185622431930052	-0.0008143775680699485	0.5867340677385428	43
0.362	0.01397143985816024	0.003971439858160239	0.5940902427179925	416	0.00919326851291069	-0.0008067314870893096	0.5867491586393739	43
0.364	0.01393087122285061	0.00393087122285061	0.5940293563845512	416	0.009200831204467297	-0.0007991687955327034	0.586764042201292	43
0.366	0.013890704544633287	0.0038907045446332864	0.5939690852058974	416	0.00920831149883733	-0.0007916885011626709	0.5867787218654119	43
0.368	0.013850935805429704	0.0038509358054297036	0.5939094228918632	416	0.009215710374665037	-0.0007842896253349631	0.5867932010030862	43
0.37	0.013811561027752245	0.0038115610277522447	0.5938503632177383	416	0.009223028797226307	-0.0007769712027736932	0.5868074829170806	43
0.372	0.013772576274289294	0.003772576274289294	0.5937919000242655	416	0.00923026771864871	-0.0007697322813512899	0.5868215708443391	43
0.374	0.013733977647494622	0.0037339776474946216	0.5937340272163878	416	0.009237428078127385	-0.0007625719218726148	0.5868354679567379	43
0.376	0.013695761289181041	0.0036957612891810408	0.5936767387627256	416	0.009244510802136535	-0.000755489197863465	0.5868491773630361	43
0.378	0.013657923380118314	0.003657923380118314	0.59362002869474	416	0.00925151680463654	-0.000748483195363461	0.5868627021101751	43
0.38	0.013620460139635249	0.0036204601396352485	0.5935638911060869	416	0.009258446987277236	-0.0007415530127227645	0.5868760451847495	43
0.382	0.0135833678252259	0.0035833678252259003	0.5935083201520117	416	0.009265302239596901	-0.0007346977604030993	0.5868892095147978	43
0.384	0.013546642732160025	0.0035466427321600245	0.5934533100486198	416	0.009272083439217566	-0.0007279165607824347	0.586902197970416	43
0.386	0.013510281193097384	0.003510281193097384	0.5933988550718904	416	0.00927879145203625	-0.00072120854796375	0.5869150133657624	43
0.388	0.013474279577706222	0.0034742795777062217	0.5933449495576864	416	0.00928542713241265	-0.000714572867587351	0.5869276584604742	43
0.39	0.013438634292285562	0.0034386342922855615	0.5932915879004252	416	0.009291991323353066	-0.0007080086766469342	0.5869401359598074	43
0.392	0.013403341779391592	0.003403341779391592	0.59324691114334	416	0.009298484856690825	-0.0007015151433091751	0.5869524485178151	43
0.394	0.013368399060573855	0.0033683990605738543	0.5931944440079634	416	0.009304908553263103	-0.0006950914467368976	0.5869645987365092	43
0.396	0.013333802638023307	0.0033338026380233064	0.5931422567952348	416	0.009311263223084482	-0.0006887367769155186	0.5869765891682641	43
0.398	0.01329954903259245	0.00329954903259245	0.5930905995998033	416	0.009317549665517066	-0.0006824503344829338	0.5869884223168803	43
0.4	0.013265634800468246	0.0032656348004682454	0.5930394736482074	416	0.00932376866943746	-0.0006762313305625402	0.5870001006380602	43
0.402	0.013232056533253933	0.003232056533253933	0.5929888734427885	416	0.009329921013400383	-0.0006700789865996173	0.5870116265413599	43
0.404	0.013198810857602467	0.0031988108576024663	0.5929387933662668	416	0.009336007465799406	-0.0006639925342005939	0.5870230023904959	43
0.406	0.01316589443484209	0.00316589443484209	0.59289177944188	416	0.009342028785024437	-0.0006579712149755636	0.5870342336971537	43
0.40800000000000003	0.013133304130668239	0.0031333041306682383	0.592848190467368	416	0.009347985719611845	-0.0006520142803881548	0.5870453132280651	43
0.41000000000000003	0.013101037039192215	0.0031010370391922146	0.5927997920492222	416	0.009353879008414473	-0.0006461209915855273	0.5870562525900915	43
0.41200000000000003	0.013069089933852807	0.0030690899338528064	0.5927517395377969	416	0.009359709380723086	-0.0006402906192769144	0.5870670509833831	43
0.41400000000000003	0.013037459611149244	0.0030374596111492434	0.5927041658312986	416	0.009365477556430607	-0.0006345224435693932	0.5870777104945992	43
0.41600000000000004	0.01300614289950111	0.0030061428995011106	0.5926570698471256	416	0.009371184246171088	-0.0006288157538289121	0.5870882332337886	43
0.418	0.0129751366591761	0.0029751366591761006	0.5926104469731395	416	0.009376830151460486	-0.0006231698485395145	0.5870986212730688	43
0.42	0.012944437781982648	0.002944437781982648	0.5925642925444425	416	0.009382415964834773	-0.0006175840351652275	0.5871088766466507	43
0.422	0.012914043190958818	0.002914043190958818	0.5925186019357274	416	0.009387942369985497	-0.0006120576300145033	0.5871190013517732	43
0.424	0.012883949840064024	0.002883949840064024	0.5924733705648874	416	0.009393410041893008	-0.0006065899581069924	0.5871289973492966	43
0.426	0.012854154713873578	0.0028541547138735777	0.5924285938913181	416	0.00939881964695713	-0.0006011803530428707	0.5871388665639562	43
0.428	0.012824654827275878	0.0028246548272758774	0.5923842674164924	416	0.00940417184312553	-0.0005958281568744696	0.5871486108864216	43
0.43	0.012795447225172618	0.002795447225172618	0.5923403866833311	416	0.009409467280019679	-0.0005905327199803214	0.5871582321726161	43
0.432	0.012766528982181558	0.0027665289821815573	0.5922969472760482	416	0.009414706599058686	-0.0005852934009413138	0.5871677322457058	43
0.434	0.012737897202342252	0.002737897202342252	0.5922539448195964	416	0.009419890433580741	-0.0005801095664192592	0.5871771128959723	43
0.436	0.012709549018824234	0.002709549018824234	0.5922113749797778	416	0.00942501940896251	-0.0005749805910374908	0.5871863758815412	43
0.438	0.012681481593638216	0.002681481593638216	0.592169233462689	416	0.009430094142736378	-0.000569905857263622	0.587195522929993	43
0.44	0.012653692117349707	0.0026536921173497072	0.5921275160145651	416	0.009435115244705583	-0.0005648847552944172	0.5872045557376121	43
0.442	0.012626177808795491	0.002626177808795491	0.5920862184209561	416	0.009440083317057285	-0.0005599166829427151	0.5872134759710742	43
0.444	0.012598935914802684	0.0025989359148026834	0.5920453365073155	416	0.009444998954473732	-0.0005550010455262679	0.5872222852677806	43
0.446	0.012571963709910372	0.002571963709910372	0.5920048661383476	416	0.009449862744241366	-0.0005501372557586339	0.5872309852367148	43
0.448	0.012545258496093947	0.002545258496093947	0.5919648032168916	416	0.009454675266358126	-0.0005453247336418745	0.587239577458087	43
0.45	0.012518817602491988	0.002518817602491988	0.5919251436850438	416	0.00945943709363875	-0.0005405629063612496	0.5872480634852237	43
0.452	0.012492638385135701	0.0024926383851357013	0.5918858835229361	416	0.009464148791818394	-0.000535851208181606	0.5872564448445063	43
0.454	0.01246671822668094	0.0024667182266809393	0.5918470187484326	416	0.009468810919654347	-0.0005311890803456534	0.5872647230354859	43
0.456	0.01244105453614272	0.0024410545361427203	0.5918085454171934	416	0.009473424029025984	-0.0005265759709740161	0.5872728995323725	43
0.458	0.012415644748632326	0.002415644748632326	0.5917704596224668	416	0.009477988665033105	-0.0005220113349668955	0.5872809757840715	43
0.46	0.012390486325096761	0.002390486325096761	0.5917327574941542	416	0.00948250536609252	-0.0005174946339074806	0.5872889532144111	43
0.462	0.01236557675206082	0.0023655767520608193	0.5916954351991072	416	0.009486974664032893	-0.0005130253359671069	0.587296833223215	43
0.464	0.012340913541371484	0.002340913541371484	0.591658488940925	416	0.009491397084188141	-0.000508602915811859	0.5873046171865693	43
0.466	0.01231649422994488	0.0023164942299448796	0.5916219149586307	416	0.009495773145489161	-0.0005042268545108388	0.5873123064571812	43
0.468	0.0122923163795155	0.0022923163795154997	0.5915857095279534	416	0.009500103360553985	-0.0004998966394460149	0.5873199023648867	43
0.47000000000000003	0.01226837757638799	0.0022683775763879897	0.5915561317759104	416	0.009504388235776484	-0.000495611764223516	0.5873274062172896	43
0.47200000000000003	0.012244675848712194	0.002244675848712194	0.5915233844640055	416	0.009508628271413466	-0.000491371728586534	0.5873348193001218	43
0.47400000000000003	0.012221209013334011	0.002221209013334011	0.5914881756636085	416	0.009512823961670441	-0.0004871760383295589	0.5873421428777277	43
0.47600000000000003	0.012197974723000077	0.0021979747230000766	0.591453242578639	416	0.009516975794785942	-0.00048302420521405785	0.5873493781929969	43
0.47800000000000004	0.012174970648838046	0.002174970648838046	0.5914186560662782	416	0.009521084253114293	-0.0004789157468857077	0.5873565264687957	43
0.48	0.012152194485080425	0.002152194485080425	0.5913844148329583	416	0.009525149813207234	-0.0004748501867927659	0.5873635889073572	43
0.482	0.012129643948978336	0.0021296439489783357	0.5913505156529769	416	0.009529172945894004	-0.0004708270541059958	0.5873705666914103	43
0.484	0.012107316780586436	0.0021073167805864355	0.5913169552716968	416	0.009533154116360215	-0.00046684588363978506	0.5873774609839861	43
0.486	0.012085210742545982	0.002085210742545982	0.5912837304585342	416	0.009537093784225348	-0.0004629062157746524	0.5873842729292389	43
0.488	0.012063323619869448	0.002063323619869448	0.5912508380082846	416	0.009540992403619108	-0.0004590075963808917	0.5873910036529437	43
0.49	0.012041653219726806	0.0020416532197268054	0.5912182747399706	416	0.009544850423256396	-0.00045514957674360444	0.5873976542619603	43
0.492	0.012020197371233471	0.0020201973712334707	0.5911860374987165	416	0.00954866828651113	-0.0004513317134888697	0.5874042258456281	43
0.494	0.011998953925240058	0.0019989539252400577	0.5911541231537338	416	0.00955244643148892	-0.00044755356851108007	0.5874107194756724	43
0.496	0.011977920754123572	0.001977920754123572	0.5911225285998698	416	0.009556185291098418	-0.00044381470890158224	0.5874171362066221	43
0.498	0.01195709575158041	0.0019570957515804097	0.5910912507566048	416	0.009559885293121684	-0.00044011470687831643	0.5874234770758474	43
0.5	0.011936476832421022	0.0019364768324210222	0.5910602865688523	416	0.00956354686028335	-0.00043645313971664955	0.5874297431042261	43
0.502	0.011916061932366218	0.0019160619323662174	0.591029633005893	416	0.009567170410318626	-0.00043282958968137407	0.5874359352964585	43
0.504	0.011895849007845127	0.0018958490078451271	0.5909992870621991	416	0.009570756356040322	-0.0004292436439596783	0.5874420546411977	43
0.506	0.011875836035794868	0.0018758360357948676	0.5909692457570842	416	0.009574305105404773	-0.0004256948945952268	0.5874481021114542	43
0.508	0.011856021013461754	0.0018560210134617536	0.5909395061344149	416	0.009577817061576649	-0.0004221829384233513	0.5874540786648905	43
0.51	0.011836401958204262	0.0018364019582042621	0.5909100652628316	416	0.00958129262299287	-0.00041870737700712944	0.5874599852440674	43
0.512	0.011816976907297633	0.0018169769072976325	0.5908809202354744	416	0.009584732183425343	-0.00041526781657465726	0.5874658227768554	43
0.514	0.011797743917740022	0.001797743917740022	0.5908520681702143	416	0.009588136132042957	-0.0004118638679570432	0.5874715921761587	43
0.516	0.011778701066060437	0.0017787010660604372	0.5908235062091834	416	0.009591504853472294	-0.0004084951465277067	0.5874772943415159	43
0.518	0.011759846448128108	0.0017598464481281082	0.5907952315189239	416	0.00959483872785774	-0.0004051612721422595	0.5874829301574841	43
0.52	0.011741178178963724	0.0017411781789637235	0.5907672412900052	416	0.009598138130920364	-0.00040186186907963627	0.5874885004956198	43
0.522	0.011722694392551997	0.0017226943925519964	0.5907395327375413	416	0.009601403434016026	-0.0003985965659839743	0.5874940062138067	43
0.524	0.01170439324165612	0.001704393241656119	0.590712103100443	416	0.009604635004192591	-0.00039536499580740923	0.5874994481564927	43
0.526	0.011686272897633604	0.0016862728976336037	0.5906849496415256	416	0.009607833204246269	-0.00039216679575373135	0.5875048271556085	43
0.528	0.011668331550253846	0.0016683315502538463	0.5906580696474977	416	0.009610998392776987	-0.0003890016072230131	0.5875101440297373	43
0.53	0.01165056740751727	0.0016505674075172703	0.5906314604291065	416	0.009614130924243014	-0.00038586907575698624	0.5875153995855507	43
0.532	0.01163297869547597	0.0016329786954759704	0.5906051193198009	416	0.009617231149014749	-0.00038276885098525136	0.5875205946171199	43
0.534	0.011615563658055966	0.001615563658055966	0.5905790436777997	416	0.009620299413427624	-0.0003797005865723759	0.5875257299066793	43
0.536	0.011598320556881148	0.0015983205568811474	0.5905532308836191	416	0.009623336059834287	-0.0003766639401657137	0.5875308062240443	43
0.538	0.011581247671098582	0.0015812476710985821	0.5905276783413135	416	0.009626341426655888	-0.00037365857334411244	0.5875358243284616	43
0.54	0.011564343297205432	0.0015643432972054314	0.5905023834783438	416	0.009629315848432712	-0.00037068415156728783	0.5875407849665543	43
0.542	0.011547605748877504	0.001547605748877504	0.5904773437450064	416	0.00963225965587397	-0.00036774034412602984	0.5875456888749441	43
0.544	0.011531033356799253	0.0015310333567992527	0.5904525566144284	416	0.009635173175906897	-0.00036482682409310317	0.5875505367779523	43
0.546	0.0115146244684953	0.001514624468495299	0.5904280195819839	416	0.00963805673172502	-0.00036194326827498034	0.5875553293903318	43
0.548	0.011498377448163483	0.0014983774481634824	0.5904037301667822	416	0.009640910642835843	-0.00035908935716415756	0.5875600674153773	43
0.55	0.011482290676509438	0.0014822906765094377	0.590379685909374	416	0.009643735225107669	-0.0003562647748923311	0.5875647515463099	43
0.552	0.011466362550582698	0.001466362550582698	0.5903558843729086	416	0.009646530790815927	-0.0003534692091840732	0.5875693824661236	43
0.554	0.011450591483614131	0.0014505914836141307	0.5903323231430134	416	0.009649297648688604	-0.00035070235131139625	0.5875739608473624	43
0.556	0.011434975904855121	0.0014349759048551212	0.5903089998269353	416	0.0096520361039511	-0.00034796389604889975	0.5875784873531492	43
0.558	0.011419514259417896	0.0014195142594178953	0.590285912054144	416	0.009654746458370472	-0.0003452535416295279	0.5875829626367316	43
0.56	0.011404205008117618	0.001404205008117618	0.5902630574758805	416	0.009657429010298951	-0.0003425709897010489	0.5875873873415309	43
0.562	0.011389046627315713	0.001389046627315713	0.5902404337647228	416	0.009660084054716855	-0.0003399159452831448	0.587591762102168	43
0.5640000000000001	0.011374037608764792	0.0013740376087647919	0.590218038614881	416	0.009662711883274916	-0.0003372881167250843	0.5875960875435927	43
0.5660000000000001	0.011359176459454862	0.0013591764594548614	0.5901958697421614	416	0.009665312784335883	-0.00033468721566411695	0.5876003642814055	43
0.5680000000000001	0.011344461701461084	0.0013444617014610836	0.5901739248829965	416	0.009667887043015605	-0.00033211295698439523	0.5876045929233993	43
0.5700000000000001	0.011329891871792841	0.0013298918717928408	0.5901522017954928	416	0.009670434941223549	-0.00032956505877645113	0.5876087740672366	43
0.5720000000000001	0.0113154655222443	0.0013154655222443	0.5901306982582808	416	0.009672956757702661	-0.00032704324229733926	0.5876129083030052	43
0.5740000000000001	0.011301181219246309	0.0013011812192463088	0.5901094120707351	416	0.009675452768068638	-0.0003245472319313627	0.5876169962118614	43
0.5760000000000001	0.011287037543719708	0.0012870375437197077	0.5900883410529643	416	0.00967792324484873	-0.00032207675515127064	0.5876210383669819	43
0.578	0.011273033090929974	0.0012730330909299734	0.590067483045458	416	0.009680368457519961	-0.0003196315424800391	0.5876250353327165	43
0.58	0.011259166470343251	0.0012591664703432513	0.5900468359092578	416	0.00968278867254671	-0.0003172113274532897	0.5876289876662192	43
0.582	0.01124543630548383	0.00124543630548383	0.5900263975251153	416	0.009685184153417875	-0.0003148158465821251	0.5876328959160598	43
0.584	0.011231841233792755	0.0012318412337927551	0.5900061657942994	416	0.009687555160683425	-0.00031244483931657484	0.5876367606235948	43
0.586	0.011218379906487969	0.0012183799064879684	0.5899861386373819	416	0.009689901951990543	-0.0003100980480094575	0.5876405823219655	43
0.588	0.011205050988425669	0.0012050509884256686	0.5899663139953756	416	0.009692224782119147	-0.0003077752178808537	0.5876443615371966	43
0.59	0.011191853157963061	0.0011918531579630607	0.5899466898280841	416	0.009694523903016894	-0.0003054760969831063	0.587648098788133	43
0.592	0.011178785106822325	0.0011787851068223252	0.5899272641154197	416	0.009696799563833847	-0.00030320043616615354	0.5876517945855517	43
0.594	0.011165845539955949	0.0011658455399559484	0.5899080348560325	416	0.0096990520109565	-0.00030094798904350094	0.5876554494339213	43
0.596	0.011153033175413302	0.0011530331754133014	0.5898890000681433	416	0.009701281488041419	-0.00029871851195858133	0.5876590638304141	43
0.598	0.011140346744208524	0.0011403467442085233	0.5898701577886266	416	0.009703488236048358	-0.00029651176395164257	0.5876626382650608	43
0.6	0.011127784990189654	0.001127784990189654	0.5898515060732554	416	0.009705672493272977	-0.00029432750672702367	0.5876661732212048	43
0.602	0.011115346669909015	0.0011153466699090151	0.5898330429964911	416	0.009707834495379014	-0.0002921655046209861	0.5876696691758	43
0.604	0.011103030552494814	0.0011030305524948134	0.5898147666515278	416	0.009709974475430094	-0.0002900255245699059	0.5876731265989452	43
0.606	0.011090835419524048	0.0010908354195240475	0.5897966751498043	416	0.009712092663921118	-0.0002879073360788822	0.5876765459541617	43
0.608	0.011078760064896581	0.001078760064896581	0.5897787666207676	416	0.009714189288809072	-0.00028581071119092825	0.5876799276989836	43
0.61	0.01106680329471052	0.0010668032947105197	0.5897610392124216	416	0.009716264575543615	-0.0002837354244563852	0.5876832722843321	43
0.612	0.011054963927138617	0.0010549639271386167	0.5897434910902105	416	0.009718318747097138	-0.0002816812529028625	0.5876865801550728	43
0.614	0.011043240792306064	0.0010432407923060636	0.5897261204379247	416	0.009720352023994322	-0.00027964797600567824	0.5876898517502023	43
0.616	0.011031632732169366	0.0010316327321693661	0.5897089254564604	416	0.009722364624341506	-0.00027763537565849393	0.587693087502476	43
0.618	0.01102013860039644	0.0010201386003964395	0.5896919043648556	416	0.009724356763855524	-0.00027564323614447626	0.587696287838841	43
0.62	0.011008757262247815	0.0010087572622478145	0.5896750553986769	416	0.009726328655892152	-0.00027367134410784776	0.5876994531804806	43
0.622	0.010997487594459121	0.0009974875944591208	0.5896583768116546	416	0.009728280511474147	-0.0002717194885258536	0.5877025839432333	43
0.624	0.010986328485124541	0.000986328485124541	0.5896418668737147	416	0.009730212539319022	-0.00026978746068097824	0.5877056805368516	43
0.626	0.010975278833581542	0.0009752788335815419	0.5896255238724943	416	0.009732124945866338	-0.00026787505413366185	0.5877087433655358	43
0.628	0.010964337550296688	0.0009643375502966876	0.5896093461118618	416	0.009734017935304706	-0.00026598206469529394	0.5877117728287815	43
0.63	0.01095350355675262	0.0009535035567526193	0.5895933319126525	416	0.009735891709598321	-0.00026410829040167914	0.5877147693198214	43
0.632	0.010942775785336062	0.0009427757853360617	0.5895774796119789	416	0.009737746468513248	-0.00026225353148675266	0.5877177332274957	43
0.634	0.010932153179226994	0.0009321531792269942	0.5895617875637088	416	0.009739582409643344	-0.00026041759035665656	0.5877206649345776	43
0.636	0.010921634692288823	0.0009216346922888228	0.5895462541373809	416	0.00974139972843574	-0.0002586002715642601	0.5877235648197697	43
0.638	0.010911219288959828	0.0009112192889598279	0.5895308777190611	416	0.009743198618216126	-0.00025680138178387456	0.5877264332559012	43
0.64	0.010900905944145417	0.0009009059441454168	0.5895156567105039	416	0.00974497927021356	-0.0002550207297864395	0.5877292706112589	43
0.642	0.01089069364311171	0.0008906936431117094	0.5895005895297992	416	0.009746741873585096	-0.00025325812641490385	0.5877320772492235	43
0.644	0.010880581381379983	0.0008805813813799832	0.5894856746098462	416	0.009748486615439894	-0.00025151338456010607	0.5877348535285719	43
0.646	0.010870568164622257	0.0008705681646222572	0.5894709103996323	416	0.00975021368086329	-0.0002497863191367102	0.5877375998026977	43
0.648	0.010860653008557847	0.0008606530085578466	0.5894562953638831	416	0.009751923252940192	-0.00024807674705980796	0.5877403164214773	43
0.65	0.010850834938851028	0.0008508349388510281	0.5894418279815574	416	0.009753615512778507	-0.00024638448722149285	0.5877430037292192	43
0.652	0.01084111299100965	0.0008411129910096491	0.5894275067478332	416	0.009755290639532121	-0.0002447093604678787	0.5877456620660902	43
0.654	0.01083148621028479	0.0008314862102847907	0.5894133301721713	416	0.009756948810423466	-0.00024305118957653436	0.5877482917680417	43
0.656	0.010821953651571403	0.000821953651571403	0.589399296779386	416	0.009758590200766026	-0.00024140979923397386	0.5877508931663021	43
0.658	0.010812514379309968	0.0008125143793099674	0.5893854051083167	416	0.009760214983986326	-0.00023978501601367407	0.5877534665881706	43
0.66	0.010803167467389102	0.0008031674673891018	0.5893716537134467	416	0.009761823331645852	-0.00023817666835414773	0.587756012356276	43
0.662	0.010793911999049138	0.0007939119990491381	0.5893580411628044	416	0.009763415413462456	-0.00023658458653754398	0.5877585307894901	43
0.664	0.01078474706678667	0.0007847470667866705	0.5893445660391593	416	0.009764991397331696	-0.00023500860266830424	0.5877610222023251	43
0.666	0.01077567177226016	0.0007756717722601589	0.5893312269393558	416	0.009766551449347738	-0.00023344855065226232	0.5877634869055813	43
0.668	0.010766685226196282	0.0007666852261962818	0.5893180224744997	416	0.009768095733824173	-0.0002319042661758277	0.5877659252054666	43
0.67	0.010757786548297371	0.0007577865482973709	0.5893049512705303	416	0.009769624413314304	-0.00023037558668569623	0.5877683374074836	43
0.672	0.010748974867149735	0.0007489748671497352	0.5892920119632835	416	0.009771137648631412	-0.00022886235136858855	0.5877707238026223	43
0.674	0.01074024932013301	0.0007402493201330105	0.5892792032082074	416	0.009772635598868706	-0.00022736440113129384	0.5877730846936519	43
0.676	0.010731609053330149	0.0007316090533301487	0.5892665236700927	416	0.009774118421418898	-0.00022588157858110212	0.5877754203689348	43
0.678	0.010723053221438628	0.0007230532214386274	0.5892539720288978	416	0.00977558627199368	-0.00022441372800631985	0.5877777311161784	43
0.68	0.010714580987682382	0.0007145809876823814	0.5892415469770824	416	0.009777039304642882	-0.00022296069535711859	0.5877800172195276	43
0.682	0.010706191523724595	0.000706191523724595	0.5892292472207561	416	0.009778477671773395	-0.00022152232822660566	0.5877822789589174	43
0.684	0.01069788400958152	0.0006978840095815207	0.589217071479242	416	0.009779901524167828	-0.00022009847583217244	0.5877845166111403	43
0.686	0.010689657633537075	0.000689657633537075	0.5892050184842954	416	0.009781311011002991	-0.00021868898899700916	0.5877867304498672	43
0.6880000000000001	0.01068151159205824	0.0006815115920582402	0.5891930869809794	416	0.009782706279868159	-0.00021729372013184166	0.5877889207444927	43
0.6900000000000001	0.010673445089711464	0.0006734450897114639	0.5891812757269346	416	0.009784087476782943	-0.00021591252321705688	0.5877910877615709	43
0.6920000000000001	0.010665457339079837	0.0006654573390798366	0.5891695834922387	416	0.009785454746215172	-0.00021454525378482824	0.5877932317644574	43
0.6940000000000001	0.010657547560681019	0.0006575475606810186	0.5891580090596492	416	0.00978680823109837	-0.0002131917689016296	0.5877953530126646	43
0.6960000000000001	0.010649714982886166	0.0006497149828861657	0.5891465512243881	416	0.009788148072849084	-0.00021185192715091582	0.5877974517629156	43
0.6980000000000001	0.010641958841839605	0.0006419588418396047	0.5891352087934754	416	0.009789474411383975	-0.00021052558861602531	0.5877995282689088	43
0.7000000000000001	0.010634278381379286	0.0006342783813792861	0.5891239805864859	416	0.009790787385136807	-0.00020921261486319363	0.5878015827802857	43
0.7020000000000001	0.010626672852958069	0.0006266728529580688	0.5891128654347042	416	0.009792087131074989	-0.00020791286892501114	0.587803615544583	43
0.704	0.010619141515565839	0.0006191415155658384	0.5891018621819646	416	0.009793373784716147	-0.00020662621528385293	0.5878056268058452	43
0.706	0.010611683635652402	0.0006116836356524023	0.5890909696827997	416	0.009794647480144358	-0.00020535251985564183	0.5878076168051374	43
0.708	0.010604298487051134	0.0006042984870511334	0.589080186804265	416	0.00979590835002625	-0.00020409164997375016	0.5878095857805609	43
0.71	0.010596985350903504	0.0005969853509035037	0.5890695124247622	416	0.009797156525626849	-0.0002028434743731513	0.5878115339670033	43
0.712	0.010589743515584171	0.0005897435155841711	0.5890589454341055	416	0.009798392136825235	-0.00020160786317476552	0.5878134615972074	43
0.714	0.010582572276627122	0.0005825722766271222	0.5890484847335272	416	0.009799615312130111	-0.00020038468786988915	0.5878153689002061	43
0.716	0.010575470936652315	0.0005754709366523145	0.589038150665553	416	0.009800826178694988	-0.00019917382130501225	0.5878172561029008	43
0.718	0.01056843880672187	0.0005684388067218691	0.5890280617482531	416	0.009802024862333392	-0.00019797513766660856	0.5878191234287772	43
0.72	0.010561475214241306	0.0005614752142413058	0.5890179743146594	416	0.009803211487533714	-0.00019678851246628624	0.5878209710992042	43
0.722	0.010554579486715066	0.0005545794867150653	0.5890080244400062	416	0.009804386177473978	-0.00019561382252602198	0.5878227993326879	43
0.724	0.010547750960818142	0.0005477509608181417	0.5889980598292244	416	0.009805549054036439	-0.00019445094596356148	0.5878246083447303	43
0.726	0.010540988972243176	0.0005409889722431758	0.5889883160123371	416	0.009806700237821875	-0.00019329976217812538	0.5878271116226217	43
0.728	0.010534292862877687	0.0005342928628776864	0.5889785104705381	416	0.009807839847194688	-0.00019216015280531205	0.5878281839452774	43
0.73	0.010527661987543568	0.0005276619875435682	0.5889689169760083	416	0.009808968002163854	-0.00019103199783614654	0.5878299224600665	43
0.732	0.010521095706674505	0.0005210957066745046	0.5889593377066178	416	0.009810084818630355	-0.00018991518136964557	0.5878316564081097	43
0.734	0.01051459338165256	0.0005145933816525592	0.5889498529031868	416	0.009811190412190751	-0.00018880958780924904	0.5878333724535354	43
0.736	0.01050815438015748	0.0005081543801574804	0.5889404642154252	416	0.00981228489724803	-0.00018771510275196988	0.5878350705241946	43
0.738	0.01050177807627678	0.0005017780762767796	0.5889311707147149	416	0.009813368387006943	-0.00018663161299305696	0.587836750812589	43
0.74	0.010495463850443726	0.0004954638504437257	0.588921971399236	416	0.00981444099348669	-0.0001855590065133108	0.5878384135141563	43
0.742	0.01048921108937062	0.0004892110893706201	0.5889128705917788	416	0.009815502827534045	-0.0001844971724659552	0.587840058822975	43
0.744	0.010483019186336956	0.00048301918633695574	0.5889039913392105	416	0.009816553998836242	-0.00018344600116375863	0.5878416869291856	43
0.746	0.010476887549392577	0.00047688754939257706	0.5888950637334247	416	0.009817594615933706	-0.00018240538406629446	0.5878432980223756	43
0.748	0.01047081558336374	0.0004708155833637404	0.5888862221804332	416	0.00981862478623266	-0.00018137521376733988	0.5878448922888806	43
0.75	0.010464802698813613	0.00046480269881361315	0.5888774702034799	416	0.009819644616017559	-0.00018035538398244143	0.5878464699141255	43
0.752	0.010458848312277197	0.0004588483122771967	0.5888688070043366	416	0.009820654210463325	-0.00017934578953667478	0.5878480310774753	43
0.754	0.010452951846207731	0.00045295184620773067	0.5888602316385019	416	0.009821653673647596	-0.00017834632635240454	0.5878495759614978	43
0.756	0.01044711272891416	0.00044711272891415944	0.5888517431763364	416	0.009822643108562623	-0.00017735689143737708	0.5878511047433166	43
0.758	0.010441330394499015	0.00044133039449901525	0.5888433496572358	416	0.009823622617127215	-0.0001763773828727857	0.587852617598742	43
0.76	0.01043560428339435	0.00043560428339435055	0.5888351411839005	416	0.009824592300198387	-0.00017540769980161318	0.5878541147015396	43
0.762	0.010429933848368628	0.0004299338483686275	0.5888269852463204	416	0.009825552257582998	-0.00017444774241700232	0.5878559655515353	43
0.764	0.010424318541305322	0.00042431854130532166	0.588818929894706	416	0.009826502587548552	-0.00017349741245144788	0.5878570697662437	43
0.766	0.010418757829568331	0.0004187578295683312	0.5888108881405808	416	0.009827443388831847	-0.00017255661116815334	0.5878585133483003	43
0.768	0.0104132511770407	0.0004132511770406997	0.5888028810137712	416	0.009828374757671704	-0.00017162524232829622	0.5878599489897692	43
0.77	0.010407798049913985	0.0004077980499139853	0.588794953966293	416	0.009829296789777536	-0.00017070321022246392	0.5878613698604578	43
0.772	0.010402397919718365	0.0004023979197183645	0.5887871076635771	416	0.009830209579874072	-0.00016979042012592836	0.5878627759813175	43
0.774	0.010397050263366986	0.0003970502633669857	0.5887793412815577	416	0.009831113221702686	-0.00016888677829731379	0.5878641675096696	43
0.776	0.010391754563101041	0.00039175456310104086	0.5887719514560793	416	0.00983200780803195	-0.00016799219196804958	0.5878655446030719	43
0.778	0.010386510326265502	0.0003865103262655021	0.5887658670850797	416	0.009832893430668094	-0.00016710656933190647	0.5878669078205612	43
0.78	0.010381317147230867	0.0003813171472308672	0.5887588504088264	416	0.009833770180464885	-0.0001662298195351155	0.5878682561171504	43
0.782	0.010376174558223511	0.00037617455822351077	0.588751313325188	416	0.00983463814733615	-0.00016536185266385027	0.5878695908284275	43
0.784	0.010371082056771147	0.0003710820567711468	0.5887438344109721	416	0.009835497420262657	-0.0001645025797373436	0.5878709117269331	43
0.786	0.010366039144279526	0.0003660391442795261	0.5887365136614595	416	0.009836348087304297	-0.00016365191269570277	0.5878722189538907	43
0.788	0.01036104533269866	0.00036104533269865936	0.5887312839520643	416	0.009837190235609528	-0.00016280976439047266	0.587873512656587	43
0.79	0.010356100273381269	0.00035610027338126883	0.5887240125817395	416	0.00983802395142519	-0.00016197604857481028	0.5878747929805129	43
0.792	0.010351203481569343	0.000351203481569343	0.5887167476767611	416	0.00983884932010623	-0.00016115067989377029	0.5878760600697198	43
0.794	0.01034635447293586	0.000346354472935859	0.5887095566247902	416	0.009839666426125243	-0.0001603335738747571	0.5878773140664548	43
0.796	0.010341552768077356	0.00034155276807735536	0.5887024408921767	416	0.009840475353082023	-0.00015952464691797695	0.5878785551115373	43
0.798	0.01033679789261166	0.0003367978926116597	0.5886953997157677	416	0.009841276183712888	-0.00015872381628711206	0.5878797833437265	43
0.8	0.010332089377127013	0.0003320893771270126	0.5886884322675141	416	0.009842068999900005	-0.0001579310000999947	0.5878809989007542	43
0.802	0.010327426757126862	0.00032742675712686166	0.5886815377271745	416	0.009842853882680525	-0.00015714611731947568	0.587882201918176	43
0.804	0.010322809572975211	0.00032280957297521097	0.5886747152836433	416	0.009843630912255569	-0.00015636908774443146	0.5878833925306574	43
0.806	0.01031823736984247	0.0003182373698424699	0.588667964136018	416	0.00984440016799934	-0.0001555998320006604	0.5878845708706951	43
0.808	0.010313709697652135	0.00031370969765213454	0.588661283492841	416	0.009845161728467805	-0.0001548382715321952	0.5878857370696501	43
0.81	0.01030922611102797	0.00030922611102796906	0.5886546725716397	416	0.009845915671407579	-0.00015408432859242115	0.5878868912571028	43
0.812	0.010304786169241908	0.0003047861692419083	0.5886481306000468	416	0.0098466620737645	-0.00015333792623549967	0.587888033561647	43
0.8140000000000001	0.010300389436162516	0.0003003894361625157	0.5886448463709084	416	0.009847401011692208	-0.00015259898830779182	0.5878891641098458	43
0.8160000000000001	0.01029603569284121	0.0002960356928412098	0.588640182595056	416	0.00984813256056058	-0.0001518674394394206	0.5878902830271472	43
0.8180000000000001	0.010291724628359561	0.0002917246283595607	0.5886344906392738	416	0.009848856794964084	-0.00015114320503591648	0.5878913912464067	43
0.8200000000000001	0.010287455863244449	0.00028745586324444884	0.5886297671824049	416	0.009849573788729	-0.00015042621127100107	0.5878924867935149	43
0.8220000000000001	0.010283229082604511	0.0002832290826045112	0.5886234148034731	416	0.009850283614925459	-0.0001497163850745411	0.5878935712329852	43
0.8240000000000001	0.010279043862951476	0.00027904386295147555	0.5886170790126612	416	0.00985098634587081	-0.00014901365412918997	0.5878946448459578	43
0.8260000000000001	0.010274899781899272	0.00027489978189927135	0.5886108093052567	416	0.009851682053139188	-0.00014831794686081222	0.5878957074408954	43
0.8280000000000001	0.010270796421467415	0.000270796421467415	0.588604606490746	416	0.009852370807570232	-0.00014762919242976812	0.5878967591264083	43
0.8300000000000001	0.01026673336813494	0.0002667333681349391	0.5885984698582396	416	0.009853052679276358	-0.0001469473207236418	0.5878978000232591	43
0.8320000000000001	0.010262710212792986	0.0002627102127929857	0.5885923986561312	416	0.009853727737650503	-0.0001462722623494974	0.5878988302368819	43
0.834	0.010258726550694763	0.00025872655069476315	0.5885863921429197	416	0.009854396051373754	-0.00014560394862624636	0.5878998498886506	43
0.836	0.010254781981406086	0.00025478198140608567	0.5885804495856818	416	0.00985505768842293	-0.00014494231157707003	0.5879008590880007	43
0.838	0.01025087610875644	0.0002508761087564402	0.5885745702601378	416	0.009855712716077963	-0.0001442872839220368	0.5879018579453296	43
0.84	0.010247008540790803	0.0002470085407908027	0.5885687534500393	416	0.009856361200929364	-0.0001436387990706358	0.5879028465701372	43
0.842	0.010243178889721843	0.00024317888972184322	0.588562998448635	416	0.00985700320888544	-0.00014299679111456041	0.587903825070607	43
0.844	0.010239386771882797	0.00023938677188279668	0.5885573045570001	416	0.009857638805179536	-0.00014236119482046415	0.5879047935537198	43
0.846	0.010235631807680862	0.00023563180768086146	0.5885516710848179	416	0.009858268054377228	-0.0001417319456227719	0.587905752125138	43
0.848	0.010231913621551264	0.00023191362155126384	0.5885460973501649	416	0.00985889102038326	-0.00014110897961674106	0.5879067008895925	43
0.85	0.010228231841911684	0.00022823184191168334	0.5885405826790144	416	0.009859507766448589	-0.0001404922335514116	0.5879076399503732	43
0.852	0.010224586101117372	0.000224586101117372	0.5885351264057481	416	0.009860118355177278	-0.00013988164482272268	0.5879085694101022	43
0.854	0.010220976035416773	0.00022097603541677314	0.588529727872301	416	0.009860722848533315	-0.00013927715146668483	0.5879094893693187	43
0.856	0.01021740128490764	0.0002174012849076399	0.5885243864288573	416	0.00986132130784731	-0.00013867869215269078	0.5879103999288	43
0.858	0.010213861493493764	0.00021386149349376417	0.5885191014332342	416	0.00986191379382323	-0.0001380862061767709	0.5879113011866092	43
0.86	0.010210356308842122	0.0002103563088421221	0.588513872250952	416	0.009862500366544902	-0.0001374996334550984	0.587912193241433	43
0.862	0.010206885382340547	0.00020688538234054678	0.5885086982548837	416	0.009863081085482672	-0.00013691891451732795	0.5879130761892574	43
0.864	0.010203448369055956	0.0002034483690559561	0.5885035788260111	416	0.009863656009499733	-0.00013634399050026745	0.5879139501261678	43
0.866	0.010200044927693108	0.000200044927693108	0.588498513352072	416	0.009864225196858534	-0.0001357748031414665	0.5879148151464664	43
0.868	0.010196674720553717	0.0001966747205537165	0.588493501228178	416	0.009864788705227112	-0.00013521129477288805	0.5879156713441795	43
0.87	0.010193337413496206	0.00019333741349620605	0.5884885418571665	416	0.009865346591685309	-0.0001346534083146913	0.5879165188111573	43
0.872	0.010190032675895855	0.0001900326758958546	0.5884836346486344	416	0.009865898912730903	-0.00013410108726909752	0.5879173576396193	43
0.874	0.010186760180605409	0.00018676018060540846	0.5884788122331777	416	0.0098664457242858	-0.00013355427571420074	0.5879183845184315	43
0.876	0.010183519603845476	0.0001835196038454754	0.5884739782265567	416	0.009866987081436934	-0.00013301291856306595	0.5879190136761802	43
0.878	0.010180310625633987	0.00018031062563398682	0.5884692453639737	416	0.009867523039499837	-0.0001324769605001632	0.5879198232694034	43
0.88	0.010177132930446753	0.00017713293044675262	0.5884645395123943	416	0.009868053652447362	-0.00013194634755263855	0.5879206283599517	43
0.882	0.010173986204560365	0.0001739862045603644	0.5884598823757888	416	0.009868578973952213	-0.0001314210260477868	0.5879214253297942	43
0.884	0.01017087013749901	0.0001708701374990105	0.5884552740962932	416	0.009869099057145725	-0.00013090094285427532	0.5879222141907078	43
0.886	0.01016778442204408	0.0001677844220440792	0.5884507141482758	416	0.009869613954618606	-0.00013038604538139452	0.5879229950255632	43
0.888	0.010164728754199048	0.0001647287541990481	0.588446201991279	416	0.009870123718426521	-0.00012987628157347907	0.5879237679182846	43
0.89	0.01016170283315343	0.0001617028331534296	0.588441741601285	416	0.009870628400095671	-0.000129371599904329	0.5879245596582203	43
0.892	0.010158706361237585	0.00015870636123758476	0.5884373367762153	416	0.00987112805059226	-0.0001288719494077408	0.5879252907420798	43
0.894	0.010155739045106804	0.00015573904510680393	0.5884329702030678	416	0.009871622720471651	-0.00012837727952834908	0.5879260608319071	43
0.896	0.010152800593411615	0.0001528005934116148	0.5884286559714667	416	0.009872112459641202	-0.00012788754035879778	0.5879267821321126	43
0.898	0.010149890718781196	0.00014989071878119577	0.5884243743354166	416	0.00987259731761958	-0.00012740268238041995	0.5879275161255288	43
0.9	0.010147009135773127	0.00014700913577312714	0.5884201501809087	416	0.009873077343339642	-0.00012692265666035783	0.5879283356651224	43
0.902	0.010144155561701423	0.0001441555617014232	0.5884159468165303	416	0.009873552585139334	-0.00012644741486066667	0.587928964484571	43
0.904	0.010141329717417491	0.0001413297174174908	0.5884118047516491	416	0.009874023091237999	-0.00012597690876200128	0.5879296749322058	43
0.906	0.010138531326783662	0.00013853132678366166	0.5884076951506224	416	0.009874488908998807	-0.00012551109100119272	0.5879303799307479	43
0.908	0.010135760115826536	0.00013576011582653626	0.5884036281991436	416	0.009874950085421663	-0.00012504991457833702	0.587931077811451	43
0.91	0.010133015813416024	0.000133015813416024	0.5883996037488411	416	0.00987540666703196	-0.00012459333296803952	0.5879317686141853	43
0.912	0.010130298151255435	0.00013029815125543444	0.5883956213320419	416	0.009875858699883194	-0.0001241413001168059	0.5879324524112867	43
0.914	0.010127606863850308	0.00012760686385030785	0.5883916804758822	416	0.009876306229561871	-0.00012369377043812933	0.5879331292755495	43
0.916	0.010124941688476913	0.00012494168847691257	0.5883877807141068	416	0.009876749301192228	-0.00012325069880777216	0.5879337992790631	43
0.918	0.010122302365151131	0.00012230236515113103	0.5883839215851404	416	0.009877187959441203	-0.00012281204055879756	0.5879344624925429	43
0.92	0.010119688636597679	0.00011968863659767882	0.5883801026341628	416	0.00987762224852301	-0.0001223777514769899	0.5879351189866213	43
0.922	0.010117100248219851	0.00011710024821985111	0.5883763234112522	416	0.00987805221220392	-0.00012194778779608083	0.5879357688308271	43
0.924	0.010114536948069436	0.00011453694806943561	0.5883725928253116	416	0.009878477893806886	-0.00012152210619311397	0.5879364675540362	43
0.926	0.010111998486796947	0.00011199848679694681	0.5883688912293359	416	0.009878899336141472	-0.0001211006638585279	0.5879370641327385	43
0.928	0.010109484618108483	0.00010948461810848277	0.5883652422505896	416	0.009879316581787118	-0.00012068341821288263	0.5879376794535648	43
0.93	0.010106995098903393	0.00010699509890339277	0.5883616248710065	416	0.009879729672729681	-0.00012027032727031893	0.5879383488430281	43
0.932	0.010104529687492009	0.00010452968749200854	0.5883580370862672	416	0.009880138650482595	-0.00011986134951740522	0.5879389216001163	43
0.934	0.010102088145219706	0.00010208814521970623	0.5883544968812155	416	0.009880543556342186	-0.00011945644365781403	0.5879395320678942	43
0.936	0.010099670236072805	9.967023607280502e-05	0.5883509822817268	416	0.009880944431006317	-0.00011905556899368362	0.587940154524615	43
0.9380000000000001	0.010097275725544086	9.727572554408571e-05	0.5883475064564072	416	0.009881341314795872	-0.00011865868520412846	0.5879407366369629	43
0.9400000000000001	0.010094904382112468	9.490438211246822e-05	0.5883440624578745	416	0.009881734247694562	-0.00011826575230543777	0.5879413293029453	43
0.9420000000000001	0.01009255597617803	9.255597617803014e-05	0.588340658324307	416	0.00988212326921345	-0.00011787673078655046	0.587941953646256	43
0.9440000000000001	0.010090230280365542	9.023028036554172e-05	0.5883372812181794	416	0.009882508418435881	-0.00011749158156411886	0.5879425197396626	43
0.9460000000000001	0.010087927069717034	8.792706971703403e-05	0.588333953051698	416	0.009882889734171313	-0.00011711026582868732	0.5879430730386497	43
0.9480000000000001	0.01008564612260529	8.564612260529049e-05	0.58833066285549	416	0.00988326725477598	-0.00011673274522402098	0.5879436419973932	43
0.9500000000000001	0.01008338721968391	8.338721968390896e-05	0.5883273894171008	416	0.009883641018180483	-0.00011635898181951675	0.5879442056343951	43
0.9520000000000001	0.010081150142723677	8.115014272367695e-05	0.5883241495159399	416	0.009884011061960601	-0.00011598893803939879	0.5879447635881231	43
0.9540000000000001	0.010078934675731177	7.893467573117686e-05	0.5883209433078753	416	0.009884377423313273	-0.00011562257668672714	0.58794531590904	43
0.9560000000000001	0.010076740604959195	7.674060495919434e-05	0.5883177704237444	416	0.009884740139059878	-0.00011525986094012251	0.5879458626548143	43
0.9580000000000001	0.010074567718882127	7.456771888212678e-05	0.5883146304823212	416	0.009885099245650147	-0.0001149007543498528	0.5879464038825601	43
0.96	0.01007241580817056	7.241580817055927e-05	0.5883115231072603	416	0.009885454779165914	-0.00011454522083408601	0.5879469396493475	43
0.962	0.010070284665666146	7.028466566614579e-05	0.5883084479271218	416	0.009885806775324968	-0.00011419322467503233	0.5879474700109089	43
0.964	0.01006817408635688	6.817408635687895e-05	0.5883054045755329	416	0.009886155269484748	-0.00011384473051525255	0.5879479950230367	43
0.966	0.010066083867352638	6.60838673526374e-05	0.5883023926912232	416	0.009886500296646061	-0.00011349970335393887	0.5879485147405874	43
0.968	0.01006401380786115	6.401380786114942e-05	0.5882994119168312	416	0.009886841891456749	-0.00011315810854325113	0.5879490292175771	43
0.97	0.010061963709164123	6.196370916412321e-05	0.5882964619009718	416	0.009887180088215292	-0.00011281991178470861	0.5879495385082375	43
0.972	0.010059933374593821	5.99333745938211e-05	0.5882935422960126	416	0.009887514920874363	-0.00011248507912563731	0.5879500426654608	43
0.974	0.010057922609509912	5.7922609509911474e-05	0.5882906527590114	416	0.009887846423044466	-0.00011215357695553395	0.5879505417420889	43
0.976	0.010055931221276598	5.593122127659812e-05	0.5882877929521446	416	0.009888174627997376	-0.00011182537200262431	0.5879510357898903	43
0.978	0.01005395901924011	5.39590192401105e-05	0.5882849625410304	416	0.009888499568669606	-0.00011150043133039376	0.5879515248607007	43
0.98	0.01005200581470636	5.200581470636047e-05	0.5882821611965678	416	0.009888821277665882	-0.00011117872233411784	0.5879520090051709	43
0.982	0.010050071420919043	5.0071420919043166e-05	0.5882793885932882	416	0.009889139787262524	-0.00011086021273747602	0.5879524882738821	43
0.984	0.010048155653037932	4.8155653037932136e-05	0.5882766444102262	416	0.009889455129410751	-0.00011054487058924888	0.5879529627170087	43
0.986	0.010046258328117508	4.625832811750753e-05	0.5882739310344254	416	0.009889767335740096	-0.00011023266425990406	0.5879534487044754	43
0.988	0.010044379265079867	4.4379265079866684e-05	0.588271240693258	416	0.009890076437539752	-0.00010992356246024813	0.5879538976482072	43
0.99	0.010042518284755136	4.251828475513621e-05	0.5882685820108413	416	0.009890382465849279	-0.00010961753415072127	0.587954357588416	43
0.992	0.010040675209897792	4.067520989779229e-05	0.5882659485946169	416	0.009890685451331371	-0.00010931454866862887	0.5879548132103661	43
0.994	0.010038849864946742	3.884986494674149e-05	0.5882633419916495	416	0.009890985424360815	-0.00010901457563918492	0.5879552642543265	43
0.996	0.01003704207612846	3.704207612846046e-05	0.5882607619643204	416	0.009891282415007224	-0.00010871758499277594	0.5879557107611747	43
0.998	0.010035251671441148	3.5251671441147506e-05	0.5882582082211243	416	0.009891576453037704	-0.00010842354696229649	0.5879561527770583	43
1.0	0.010033478480635238	3.3478480635238186e-05	0.5882556804722777	416	0.009891867567919987	-0.00010813243208001276	0.5879565903478111	43
