1 0.699472648022151 3.4951108785637826 4.99677991476387
2 0.6989463824902005 3.4901916077174735 4.993504072919939
3 0.698423048248724 3.48528696302791 4.990223291982085
4 0.6979001463173392 3.480382672875111 4.9869350096003
5 0.6973764510590559 3.4754783435421106 4.983647409177855
6 0.6968518239908639 3.4705740120300312 4.98036152385178
7 0.6963255358328018 3.4656696793776063 4.9770825584224525
8 0.6957975896805703 3.460765345981586 4.973810483549345
9 0.6952677460691188 3.4558610109634973 4.970547002219112
10 0.6947362959982718 3.450956675411448 4.9672900283016626
11 0.6942037024146913 3.446052339452565 4.964036243923721
12 0.6936707586536487 3.441148004526809 4.960779968879994
13 0.6931374717643818 3.436243670604265 4.957521142028731
14 0.6926038356322455 3.4313393379830064 4.954259796801007
15 0.6920698491111729 3.426435006584148 4.950995930518759
16 0.6915355117329156 3.4215306761976305 4.947729535427086
16 0.6910008224334234 3.416626347002075 4.94446060855631
17 0.6910008224334234 3.416626347002075 4.94446060855631
18 0.6904657807337259 3.411722018886467 4.941189142293176
19 0.6899303859760996 3.4068176919116095 4.937915130512352
20 0.6893946374481341 3.4019133660074354 4.9346385672507855
21 0.6888585332179952 3.3970090411045373 4.931359455235963
22 0.6883220737770601 3.392104717474095 4.928077780304863
23 0.6877852583745885 3.3872003948716713 4.9247935363960655
24 0.6872480856789808 3.3822960733986664 4.921506722069743
25 0.686710555312438 3.3773917530745914 4.918217328897695
26 0.6861726660662194 3.3724874339526116 4.914925354410938
27 0.6856344172729366 3.3675831159284844 4.9116307919938045
28 0.6850958090084774 3.3626787990612153 4.908333629901982
29 0.6845568391832231 3.357774483439478 4.905033871907256
30 0.684017508087147 3.3528701689633005 4.901731504416594
31 0.6834778139630454 3.3479658555710925 4.898426528519493
32 0.6829377575949052 3.3430615433312463 4.895118927242318
33 0.6823973370967807 3.3381572322641215 4.89180870263374
33 0.6818565516561013 3.3332529223645433 4.888495848971018
34 0.6818565516561013 3.3332529223645433 4.888495848971018
35 0.6813154011852818 3.3283486135723352 4.8851803552099655
36 0.6807738839548376 3.3234443059637395 4.881862222235623
37 0.6802319993428034 3.318539999649178 4.878541443000827
38 0.6796897468230868 3.3136356944267864 4.875218009268098
39 0.6791471261979767 3.3087313903460314 4.871891910769141
40 0.6786041357237386 3.3038270875301365 4.868563148390733
41 0.6780607753146144 3.2989227858644345 4.865231710732364
42 0.677517043630352 3.2940184854836256 4.861897595716893
43 0.6769729402611566 3.2891141861704813 4.858560794027655
44 0.6764284638119362 3.284209888167968 4.855221304053608
45 0.6758836140405984 3.279305591361174 4.85187911533567
46 0.6753383897040758 3.2744012957653004 4.848534224746351
47 0.6747927903312739 3.2694970013479585 4.8451866235009335
48 0.6742468149319639 3.264592708191575 4.84183630666612
49 0.6737004624649109 3.259688416138808 4.838483269274268
50 0.6731537324987518 3.254784125489265 4.835127502609963
51 0.6726066240516757 3.249879835864415 4.831769000857669
52 0.6720591358703659 3.2449755476322504 4.82840776121549
53 0.6715112682375938 3.2400712605988318 4.825043768963876
54 0.6709630192159414 3.2351669748172043 4.821677025654382
55 0.6704143882838157 3.2302626902213287 4.818307522442101
56 0.6698653752041941 3.225358406905948 4.814935248627781
57 0.669315978254753 3.2204541249125205 4.811560204060691
58 0.6687661966921096 3.215549844174372 4.808182381345397
59 0.6682160301030294 3.2106455647129066 4.804801770795398
60 0.6676654775796156 3.2057412863698156 4.801418365962388
61 0.6671145376660478 3.2008370094728185 4.7980321650180136
62 0.6665632101015521 3.195932733774782 4.794643156630076
63 0.6660114937073429 3.1910284592947944 4.791251336417608
64 0.6654593876878647 3.1861241861240814 4.787856697302376
65 0.6649068907531056 3.1812199143253026 4.784459235671478
66 0.6643540025262846 3.176315643819502 4.78105894107838
66 0.6638006844228899 3.171411374464938 4.777656077926722
67 0.6638006844228899 3.171411374464938 4.777656077926722
68 0.6632469738162668 3.1665071063889707 4.7742503643388785
69 0.6626928690627729 3.1616028396196345 4.770841798993547
70 0.6621383692701218 3.156698574168593 4.767430375086459
71 0.661583473630718 3.1517943099726624 4.76401608503892
72 0.6610281812497624 3.1468900470000443 4.760598921895322
73 0.6604724915913733 3.1419857854463786 4.757178876406996
74 0.6599164030962722 3.1370815251692368 4.753755946132441
75 0.659359915663834 3.1321772662163454 4.750330118358673
76 0.6588030274708742 3.127273008649444 4.746901392750053
77 0.6582457381944019 3.1223687522944066 4.743469757752183
78 0.6576880467022082 3.1174644973267434 4.74003520811788
79 0.6571299526816486 3.112560243695619 4.736597732295915
80 0.6565714541505382 3.1076559914230866 4.733157330825056
81 0.6560125504330648 3.102751740434691 4.729713994627722
82 0.655453241006638 3.097847490828069 4.726267713728028
83 0.6548935253042999 3.092943242545584 4.722818478176938
83 0.6543334011811218 3.0880389956362646 4.71936628951253
84 0.6543334011811218 3.0880389956362646 4.71936628951253
85 0.6537728683756623 3.0831347501804878 4.715911135683437
86 0.6532119258047968 3.078230505996111 4.712453010106243
87 0.6526505731077717 3.07332626316478 4.708991901332911
88 0.6520888078056184 3.0684220217913003 4.705527813177816
89 0.6515266302271009 3.063517781825401 4.702060728903067
90 0.6509640388233006 3.058613543126524 4.698590645122813
91 0.6504010328821147 3.0537093058495257 4.6951175528083935
92 0.6498376116866111 3.04880506998438 4.691641442654274
93 0.6492737739808588 3.043900835503668 4.688162309160827
94 0.648709518237352 3.0389966024607924 4.684680148856509
95 0.6481448446144787 3.0340923708447187 4.68119494593746
96 0.6475797515801992 3.0291881406157612 4.677706696702688
97 0.647014238538554 3.0242839117460942 4.674215390649219
98 0.6464483036015684 3.019379684400199 4.670721026845113
99 0.645881946334916 3.0144754584750237 4.667223593383884
100 0.6453151654185005 3.0095712339442158 4.663723084816153
101 0.6447479601444277 3.0046670108578515 4.660219491326171
102 0.644180329595366 2.999762789283404 4.656712804577048
103 0.6436122723894684 2.99485856906738 4.653203019185291
104 0.6430437879172729 2.989954350319572 4.649690124530411
105 0.6424748746624688 2.985050133074979 4.6461741163702435
106 0.6419055319228453 2.9801459172263867 4.642654984292283
107 0.6413357579394976 2.975241702935287 4.63913272588173
108 0.6407655531675093 2.970337490091981 4.63560732222363
109 0.6401949156759222 2.9654332787303943 4.632078771821344
110 0.639623844293786 2.9605290688112125 4.628547067503334
111 0.6390523380262012 2.95562486040826 4.62501220093663
112 0.6384803959979625 2.9507206534715027 4.621474162663123
113 0.6379080175216669 2.945816448016462 4.61793294190162
114 0.6373352006341924 2.9409122440825852 4.614388537077781
115 0.6367619449809043 2.936008041697411 4.610840934888874
116 0.636188249172402 2.9311038407944534 4.607290129309112
116 0.6356141119294054 2.926199641389229 4.603736113578025
117 0.6356141119294054 2.926199641389229 4.603736113578025
118 0.635039532638133 2.9212954435095426 4.6001788760672255
119 0.6344645098407425 2.916391247278246 4.596618411343909
120 0.6338890421417817 2.91148705256236 4.593054713053628
121 0.6333131295190103 2.9065828593575924 4.589487765025634
122 0.6327367697357104 2.901678667710113 4.5859175671458505
123 0.6321599625330836 2.896774477545982 4.58234410470812
124 0.631582705792181 2.891870289057525 4.578767376839922
125 0.6310049997095317 2.8869661021182327 4.575187365309593
126 0.6304268422122746 2.882061916808244 4.57160406859359
127 0.629848232547223 2.877157733024301 4.5680174752393
128 0.6292691697673531 2.8722535508249947 4.564427575383829
129 0.6286896179108846 2.867349370065588 4.560834612783487
130 0.6281096106444753 2.862445190853964 4.557238326471293
131 0.6275291467104792 2.857541013332687 4.553638708754766
132 0.62694822502106 2.8526368373825455 4.5500357502196005
133 0.6263668443838699 2.8477326629537063 4.546429442246258
133 0.6257850034104384 2.8428284901210463 4.542819777763992
134 0.6257850034104384 2.8428284901210463 4.542819777763992
135 0.6252027008367351 2.837924318937032 4.539206748689534
136 0.6246199361228233 2.8330201493564173 4.535590341450999
137 0.6240367079545148 2.828115981448466 4.531970548204679
138 0.6234530147781203 2.8232118151813586 4.528347362609365
139 0.6228688557752404 2.818307650547653 4.524720772946508
140 0.6222842293487154 2.813403487547292 4.521090773089025
141 0.6216991349948787 2.8084993261517024 4.5174573488425995
142 0.6211135707725457 2.8035951664534746 4.513820496574148
143 0.6205275354559207 2.798691008390791 4.5101802071273225
144 0.6199410286032334 2.7937868519785187 4.506536465691097
145 0.6193540484553747 2.7888826972355667 4.502889266956184
146 0.6187665934776114 2.7839785442230847 4.499238603972592
147 0.6181786630332694 2.779074392872487 4.495584462970896
148 0.6175902561328828 2.7741702431946877 4.491926832792822
149 0.6170013709869204 2.7692660952682204 4.488265708127454
150 0.6164120061741175 2.764361949004786 4.48460108063492
151 0.6158221610773896 2.7594578044101175 4.480932936194447
152 0.6152318343106163 2.7545536615876878 4.477261266355371
153 0.6146410238964478 2.7496495205433438 4.473586066729242
154 0.6140497290293687 2.7447453811110027 4.469907324036499
155 0.6134579491168873 2.739841243437342 4.466225023869235
156 0.6128656822441977 2.734937107498524 4.462539161082905
157 0.6122729270029665 2.7300329733268494 4.458849726853303
158 0.6116796827224888 2.7251288408827254 4.455156706780927
159 0.6110859472753105 2.7202247101770376 4.451460097071261
160 0.6104917196082271 2.7153205813087955 4.44775988616407
161 0.6098969988564629 2.7104164541444025 4.4440560606567105
162 0.6093017835790854 2.7055123287895055 4.44034861164712
163 0.6087060723485986 2.7006082052183826 4.43663752983193
164 0.6081098639753837 2.6957040834390376 4.432922804140141
165 0.6075131567637504 2.690799963519625 4.42920442719897
166 0.6069159495626846 2.685895845385595 4.425482387340334
166 0.606318240817251 2.680991729017044 4.42175667583967
167 0.606318240817251 2.680991729017044 4.42175667583967
168 0.605720029647893 2.676087614500908 4.41802727913179
169 0.6051213147655673 2.6711835018402827 4.414294186406469
170 0.6045220946225721 2.6662793910550606 4.41055738867531
171 0.60392236751741 2.6613752820118264 4.406816877725768
172 0.6033221321550943 2.6564711748221757 4.403072642691125
173 0.602721387619912 2.651567069561208 4.399324669781485
174 0.6021201323159532 2.6466629660904895 4.395572949721093
175 0.6015183649231269 2.641758864591356 4.391817471656029
176 0.600916083807675 2.6368547649378344 4.3880582264158
177 0.6003132874911088 2.6319506671205195 4.384295203793071
178 0.5997099752077956 2.627046571214568 4.38052838841694
179 0.5991061450367324 2.6221424772409656 4.376757773165883
180 0.5985017956820239 2.617238385185965 4.372983346196123
181 0.5978969256268061 2.6123342950179 4.369205097148234
182 0.5972915334960828 2.607430206761577 4.365423014620175
183 0.5966856180785388 2.6025261204058885 4.361637085852019
183 0.5960791779412842 2.5976220360134863 4.357847299724603
184 0.5960791779412842 2.5976220360134863 4.357847299724603
185 0.5954722115760456 2.592717953494525 4.35405364531174
186 0.5948647169849358 2.587813872999396 4.350256115568087
187 0.5942566928148444 2.5829097945680686 4.346454698446012
188 0.5936481381387326 2.578005718025552 4.342649378314204
189 0.5930390510877798 2.5731016434838963 4.338840146806848
190 0.5924294303717357 2.5681975709449536 4.335026991034982
191 0.5918192743420005 2.563293500378678 4.331209900570764
192 0.5912085818950663 2.558389431832586 4.327388861020754
193 0.5905973510108482 2.5534853652374627 4.323563864394237
194 0.5899855495499017 2.548581300532248 4.319735123134039
195 0.5893732063955042 2.543677237831603 4.315902403144953
196 0.5887603207739865 2.538773177190065 4.312065687192683
197 0.5881468910028577 2.5338691186322984 4.30822496453524
198 0.5875329156688743 2.5289650620494117 4.304380222119678
199 0.5869183925969781 2.524061007530506 4.300531452698424
200 0.5863033208302477 2.519156955013362 4.296678639728757
201 0.5856876984044632 2.5142529046311597 4.292821774267267
202 0.5850715243622503 2.5093488562984807 4.288960839503793
203 0.5844547963233234 2.5044448100141787 4.2850958290856545
204 0.5838375132048533 2.499540765860382 4.281226727175645
205 0.5832196733165081 2.494636723829348 4.27735352211881
206 0.5826012748958928 2.489732683894825 4.273476202639146
207 0.5819823163046641 2.4848286461125153 4.269594756572849
208 0.5813627963297481 2.479924610437854 4.265709168343901
209 0.5807427133112574 2.47502057692644 4.261819425704817
210 0.5801220656178738 2.4701165454682887 4.25792551579197
211 0.5795008513357065 2.4652125162010723 4.254027428120149
212 0.5788790691944151 2.4603084890346305 4.250125146964576
213 0.5782567172345546 2.455404464098134 4.246218661913379
214 0.577633793912184 2.45050044127194 4.242307958949651
215 0.5770102970607479 2.445596420695414 4.238393028951337
216 0.576386225813139 2.4406924022592453 4.234473852694917
216 0.5757615778777921 2.4357883860938028 4.230550421707385
217 0.5757615778777921 2.4357883860938028 4.230550421707385
218 0.5751363519568478 2.4308843721698676 4.22662271981072
219 0.5745105461949714 2.425980360398212 4.222690734688285
220 0.5738841587551577 2.4210763508774704 4.218754454085567
221 0.5732571879091114 2.416172343590774 4.214813864617172
222 0.572629632252566 2.4112683386213756 4.2108689505573
223 0.5720014896795211 2.4063643358784765 4.206919700902712
224 0.5713727587748556 2.4014603353926276 4.202966099647221
225 0.5707434369781225 2.3965563372075227 4.199008139097335
226 0.5701135234090003 2.391652341285277 4.1950457989215275
227 0.5694830159009653 2.3867483476847147 4.1910790682821295
228 0.568851913140682 2.381844356345981 4.187107929716904
229 0.568220212852016 2.3769403673804756 4.183132373011012
230 0.5675879136027531 2.372036380754309 4.1791523813427505
231 0.5669550132961806 2.367132396429538 4.175167942633456
232 0.5663215098497899 2.362228414456994 4.171179044715337
233 0.5656874020859739 2.357324434841369 4.167185668531292
233 0.5650526872300807 2.3524204576228187 4.163187806706155
234 0.5650526872300807 2.3524204576228187 4.163187806706155
235 0.5644173643842311 2.347516482806252 4.1591854378317175
236 0.5637814311812781 2.34261251032464 4.15517855104986
237 0.5631448857627509 2.3377085402754094 4.151167131899108
238 0.5625077263058145 2.332804572620057 4.1471511652655915
239 0.5618699509709586 2.3279006074033752 4.143130636156226
240 0.5612315579242596 2.32299664461414 4.1391055292860734
241 0.560592545049699 2.318092684242088 4.135075831300216
242 0.5599529109487517 2.313188726308736 4.131041523454899
243 0.5593126529333426 2.3082847709340584 4.127002596540853
244 0.5586717695233022 2.3033808179661603 4.122959031797088
245 0.5580302588437217 2.2984768674836498 4.118910813629098
246 0.5573881187571942 2.293572919568269 4.114857928228248
247 0.5567453473794804 2.288668974132358 4.110800359454804
248 0.5561019425184137 2.2837650312031132 4.106738093488125
249 0.5554579025664335 2.2788610907834372 4.102671111985633
250 0.5548132252697393 2.2739571529574834 4.098599401360575
251 0.5541679086228822 2.2690532176426954 4.0945229457283725
252 0.5535219507543321 2.264149284948778 4.090441728396185
253 0.5528753494821973 2.259245354787856 4.086355734441375
254 0.5522281026502484 2.254341427232933 4.082264948875142
255 0.5515802086989836 2.2494375022464665 4.078169351928402
256 0.550931665110093 2.244533579882123 4.074068930914684
257 0.5502824700220038 2.239629660138939 4.06996366802196
258 0.5496326212378863 2.2347257430154492 4.065853547743191
259 0.5489821166971857 2.229821828565824 4.0617385534905805
260 0.5483309542422261 2.2249179168297384 4.057618669193126
261 0.5476791316885573 2.2200140077507333 4.053493878625933
262 0.5470266320885834 2.215110101266791 4.049364274659455
263 0.5463734559227937 2.210206197472998 4.045229821313492
264 0.5457196131474628 2.205302296312791 4.041090411967438
265 0.5450651019785229 2.2003983979092396 4.0369460270379625
266 0.5444099201875845 2.1954945022112113 4.03279664972806
266 0.54375406558523 2.190590609260628 4.028642262937281
267 0.54375406558523 2.190590609260628 4.028642262937281
268 0.5430975357316343 2.1856867190731215 4.024482851185601
269 0.5424403290458525 2.180782831655822 4.02031839242447
270 0.541782442485157 2.175878947015571 4.016148875247434
271 0.5411238744546342 2.170975065171697 4.011974277349508
272 0.5404646224595296 2.166071186093745 4.007794582809982
273 0.5398046843747445 2.161167309806468 4.003609772875067
274 0.5391440576650346 2.156263436401578 3.999419831760893
275 0.5384827399886344 2.151359565820015 3.9952247417724536
276 0.5378207294160338 2.146455698125041 3.991024482183244
277 0.5371580233673532 2.141551833269077 3.9868190366850507
278 0.5364946196078155 2.1366479712692725 3.982608386326763
279 0.5358305159087428 2.1317441121808303 3.978392511978335
280 0.5351657096147806 2.126840256020832 3.9741713974009287
281 0.5345001986334923 2.121936402830357 3.9699450220136816
282 0.5338339802916336 2.1170325525385656 3.965713369130287
283 0.5331670526621888 2.1121287051806275 3.9614764165085394
283 0.532499412918869 2.10722486081753 3.957234148422591
284 0.532499412918869 2.10722486081753 3.957234148422591
285 0.5318310588338214 2.1023210194271726 3.952986544330564
286 0.5311619877036453 2.0974171810388076 3.9487335871049445
287 0.5304921975970824 2.0925133456554628 3.9444752536111025
288 0.529821685879397 2.087609513263046 3.9402115256910175
289 0.529150449754697 2.0827056839392246 3.9359423863378042
290 0.5284784871478145 2.0778018576520214 3.931667812754058
291 0.527805794961331 2.0728980345042496 3.927387789776196
292 0.5271323710808232 2.0679942144035084 3.923102294331362
293 0.5264582130502116 2.0630903974232684 3.9188113059725387
294 0.5257833185005392 2.0581865835227986 3.9145148031559085
295 0.5251076843156233 2.05328277278521 3.9102127699031266
296 0.5244313083610721 2.048378965173759 3.9059051824637554
297 0.5237541877367654 2.0434751607521897 3.901592022743355
298 0.5230763199553664 2.0385713594523645 3.897273269083016
299 0.5223977023413702 2.0336675613794064 3.89294890131517
300 0.521718332332551 2.0287637665038085 3.8886188979279424
301 0.5210382073833141 2.023859974882341 3.884283237204984
302 0.5203573243873333 2.0189561864998704 3.879941901225243
303 0.5196756810286483 2.014052401354483 3.8755948659515087
304 0.5189932746206453 2.0091486194772865 3.871242109921098
305 0.5183101022177242 2.004244840890907 3.866883613333457
306 0.5176261613911138 1.9993410656491228 3.862519352337059
307 0.5169414491738362 1.9944372937118533 3.8581493066561343
308 0.5162559627937123 1.989533525173667 3.853773454561827
309 0.5155696995042423 1.9846297599568055 3.8493917735374508
310 0.5148826565297092 1.9797259981293673 3.845004241301601
311 0.514194830851721 1.9748222396981812 3.8406108369993768
312 0.5135062199062086 1.9699184846210636 3.8362115360177476
313 0.512816820847823 1.9650147330287087 3.8318063159083104
314 0.5121266305650446 1.9601109848676106 3.827395155578927
315 0.511435646236063 1.9552072401828993 3.8229780316885376
316 0.5107438650178607 1.9503034989747177 3.8185549206871343
316 0.510051284082856 1.9453997612850442 3.8141257987089405
317 0.510051284082856 1.9453997612850442 3.8141257987089405
318 0.5093579002989717 1.9404960270878013 3.809690643747376
319 0.5086637106047804 1.9355922964579453 3.805249433179742
320 0.5079687122949328 1.930688569393269 3.800802141278906
321 0.507272902283095 1.925784845852298 3.7963487447976685
322 0.5065762776998953 1.9208811259282894 3.7918892188359696
323 0.5058788350815331 1.915977409598413 3.787423542417252
324 0.5051805717245446 1.9110736969391526 3.7829516887699857
325 0.5044814844969749 1.906169987906929 3.7784736337897433
326 0.5037815704494305 1.9012662825096738 3.7739893518008762
327 0.5030808259191346 1.8963625808471893 3.7694988223463146
328 0.5023792484198465 1.8914588828827186 3.765002015572896
329 0.5016768344382448 1.8865551886635274 3.76049890917528
330 0.5009735808865547 1.8816514982094565 3.7559894772885354
331 0.5002694845283977 1.876747811495758 3.7514736947526623
332 0.4995645421600071 1.871844128591089 3.7469515360270504
333 0.4988587506407077 1.8669404494975135 3.742422974639042
333 0.4981521066729695 1.8620367742377841 3.7378879850049245
334 0.4981521066729695 1.8620367742377841 3.7378879850049245
335 0.49744460679879926 1.8571331028401206 3.733346542424718
336 0.4967362480194678 1.8522294353127695 3.7287986183770063
337 0.4960270032592113 1.8473257715663234 3.72424436457738
338 0.49531689271443663 1.84242211173363 3.7196835779954616
339 0.4946059131431635 1.8375184558037727 3.715116230872686
340 0.4938940612545162 1.832614803813497 3.7105422955654936
341 0.493181333696168 1.8277111558511279 3.7059617446452617
342 0.49246772687602874 1.822807511858995 3.701374551835067
343 0.4917532374154222 1.8179038718994602 3.696780689140101
344 0.49103786180506503 1.8130002359910873 3.6921801290973004
345 0.4903215963741218 1.808096604139573 3.687572845067937
346 0.48960443785826374 1.8031929763694088 3.6829588070266177
347 0.4888863828058473 1.7982893527351238 3.678337986045488
348 0.4881674274713373 1.7933857331976202 3.673710354841155
349 0.48744756812867945 1.7884821178481154 3.6690758858724695
350 0.48672680132649765 1.7835785066643097 3.6644345489162418
350 0.48672680132649765 1.7835785066643097 3.6644345489162418
351 0.4860051233827585 1.7786748996781834 3.6597863152100336
352 0.4852825306773241 1.7737712969362376 3.6551311551654853
353 0.48455901935798434 1.7688676984418312 3.6504690404596936
354 0.4838345858167487 1.7639641042569263 3.645799940653734
355 0.4831092263614694 1.7590605143374387 3.641123825321613
356 0.4823829369917099 1.754156928749109 3.636440666182302
357 0.48165571421255454 1.7492533475116745 3.6317504306400266
358 0.4809275540304224 1.7443497706516857 3.6270530894583386
359 0.4801984528772788 1.739446198215018 3.6223486098143614
360 0.4794684064095381 1.7345426302071683 3.6176369642291055
361 0.4787374111138181 1.7296390666108394 3.612918118487347
362 0.4780054630145382 1.7247355075272242 3.608192041677079
363 0.47727255802184043 1.7198319529392023 3.6034587030677367
364 0.47653869221649975 1.7149284028914606 3.598718070331085
365 0.4758038616194031 1.710024857450021 3.5939701111923195
366 0.4750680621595982 1.705121316550116 3.5892147933474083
366 0.47433128961080656 1.7002177802784304 3.5844520855317716
367 0.47433128961080656 1.7002177802784304 3.5844520855317716
368 0.4735935401648046 1.6953142486184134 3.5796819526475496
369 0.47285480947205233 1.6904107216626933 3.574904363455784
370 0.472115093669015 1.6855071993970994 3.570119282351848
371 0.4713743882952351 1.6806036818821644 3.5653266779304835
372 0.4706326891741638 1.675700169122661 3.560526516046033
373 0.469889992052231 1.6707966611387959 3.555718762686644
374 0.4691462927154874 1.665893157981454 3.550903383119625
375 0.46840158685783967 1.660989659677825 3.5460803427677905
376 0.46765587015250887 1.6560861662211463 3.54124960664147
377 0.4669091383272889 1.6511826776953211 3.5364111390295663
378 0.46616138665460355 1.6462791941402435 3.531564907069477
379 0.46541261109540943 1.6413757155002908 3.526710871966057
380 0.4646628068638722 1.6364722418609798 3.521849000366413
381 0.4639119697309469 1.6315687732283266 3.5169792540049802
382 0.4631600951552456 1.6266653096981403 3.5121015966474873
383 0.4624071783498385 1.6217618512422005 3.5072159931203344
383 0.4616532148597829 1.616858397905023 3.502322405349454
384 0.4616532148597829 1.616858397905023 3.502322405349454
385 0.4608982000486156 1.6119549497171877 3.497420796061166
386 0.4601421293818635 1.6070515066863007 3.4925111266059234
387 0.45938499797956983 1.6021480689147989 3.487593360604368
388 0.4586268010971578 1.5972446363645232 3.482667459780997
389 0.45786753395832547 1.5923412091177624 3.4777333857934014
390 0.4571071917979126 1.5874377872082106 3.472791099532772
391 0.45634576989253844 1.582534370638706 3.467840560922402
392 0.4555832631713133 1.5776309594362357 3.4628817319897855
393 0.4548196667660108 1.572727553687871 3.4579145727596377
394 0.45405497574812714 1.5678241534029902 3.4529390429424383
395 0.4532891852526736 1.5629207585992941 3.4479551011747325
396 0.4525222900282666 1.558017369328887 3.442962708492362
397 0.4517542850355174 1.5531139856268985 3.437961823659937
398 0.450985165199743 1.5482106074988746 3.432952405015731
399 0.45021492534117885 1.5433072350222052 3.427934411220744
400 0.44944356035794203 1.5384038682275378 3.422907799596317
401 0.44867106496305115 1.533500507160861 3.417872528256636
402 0.4478974338563214 1.5285971518477115 3.412828554713403
403 0.44712266167404213 1.5236938023554545 3.4077758363906097
404 0.4463467432977324 1.5187904586555072 3.4027143279555845
405 0.44556967313653056 1.5138871208184284 3.397643987216666
406 0.444791445664599 1.508983788896072 3.3925647707576227
407 0.4440120556117531 1.5040804629169091 3.3874766324635255
408 0.4432314973457317 1.4991771429311467 3.382379528325242
409 0.4424497653700635 1.4942738289858122 3.377273412578277
410 0.4416668538717141 1.48937052108638 3.3721582410596294
411 0.44088275734170645 1.4844672193016175 3.367033966699406
412 0.4400974698659785 1.479563923705923 3.361900544796338
413 0.4393109858861075 1.4746606342873296 3.356757926990788
414 0.438523299646281 1.469757351080871 3.3516060657812203
415 0.4377344051608845 1.4648540741896139 3.346444914813636
416 0.43694429661275663 1.459950803605375 3.341274425420093
416 0.4361529679744925 1.4550475393930076 3.3360945499242893
417 0.4361529679744925 1.4550475393930076 3.3360945499242893
418 0.43536041335701736 1.4501442815883485 3.330905238734137
419 0.4345666267211478 1.445241030236898 3.3257064426262963
420 0.4337715823385116 1.440337785289297 3.3204982620674994
421 0.432975293746541 1.4354345468706302 3.3152804966070835
422 0.43217775457215835 1.4305313150465642 3.310053097163094
423 0.4313789588905832 1.425628089863042 3.304816010334534
424 0.4305789001528273 1.4207248713709202 3.299569186661622
425 0.42977757204175193 1.41582165960291 3.2943125740059935
426 0.4289749681502499 1.4109184546187272 3.28904612010962
427 0.4281710819240323 1.4060152564443746 3.283769772882128
428 0.4273659070640411 1.4011120651782856 3.2784834775515397
429 0.4265594367710605 1.3962088808221527 3.2731871820515237
430 0.4257516645119392 1.3913057034441014 3.2678808315148364
431 0.4249425835392349 1.3864025331032341 3.26256437177054
432 0.4241321872597704 1.3814993698615685 3.257237746531683
433 0.4233204686594212 1.3765962137377752 3.251900901690874
433 0.4225074210549715 1.3716930648054184 3.2465537797665105
434 0.4225074210549715 1.3716930648054184 3.2465537797665105
435 0.4216930373456561 1.3667899231324525 3.2411963254971012
436 0.420877310768667 1.3618867887274195 3.2358284798963024
437 0.4200602341330928 1.3569836616714 3.230450186440286
438 0.41924180046192033 1.3520805420315185 3.2250613859157102
439 0.41842200228579235 1.3471774298529406 3.2196620218187904
440 0.4176008325988464 1.3422743251876594 3.2142520330582487
441 0.4167782840744973 1.3373712280824857 3.208831359945415
442 0.41595434924365327 1.3324681386298816 3.203399942933071
443 0.4151290207659233 1.327565056879773 3.1979577203019502
444 0.4143022910860713 1.322661982875172 3.1925046308768517
445 0.4134741526115035 1.3177589166628616 3.18704061267166
446 0.41264459787241214 1.3128558583147154 3.1815656016915663
447 0.4118136189440241 1.307952807909864 3.1760795363293894
448 0.4109812080445631 1.3030497654896664 3.170582352632472
449 0.41014735730624696 1.2981467311341248 3.1650739862376596
450 0.40931205884316985 1.2932437048919905 3.159554371662194
451 0.40847530484484335 1.288340686830405 3.154023441685839
452 0.40763708694738265 1.2834376770112088 3.1484811321323014
453 0.40679739716688995 1.2785346755223732 3.1429273747242052
454 0.40595622712002116 1.273631682405424 3.137362102906908
455 0.4051135686283032 1.2687286977298173 3.1317852473460146
456 0.4042694133363088 1.263825721581324 3.126196738831579
457 0.4034237525961566 1.2589227540241883 3.120596509061827
458 0.402576578006958 1.254019795099169 3.114984486448426
459 0.401727880946128 1.2491168448825913 3.109360599868593
460 0.40087765260464786 1.2442139034743724 3.1037247783463666
461 0.4000258843278914 1.2393109709419756 3.0980769482560357
462 0.39917256719921435 1.234408047328154 3.0924170365447488
463 0.3983176920617798 1.229505132745244 3.08674497078213
464 0.39746125004502575 1.2246022272316595 3.081060674702081
465 0.39660323195038644 1.2196993308949249 3.0753640733001
466 0.39574362861480017 1.2147964437850116 3.069655089677874
466 0.39488243057461186 1.209893566008837 3.0639336479170884
467 0.39488243057461186 1.209893566008837 3.0639336479170884
468 0.3940196285192283 1.2049906976151112 3.0581996692489835
469 0.39315521274868975 1.2000878387001304 3.052453076508598
470 0.39228917396815915 1.195184989337951 3.046693787769326
471 0.3914215021832312 1.1902821496186506 3.0409217249936846
472 0.3905521876777603 1.1853793196324756 3.0351368063786577
473 0.38968122066635424 1.1804764994390733 3.029338948950274
474 0.38880859104062465 1.1755736891297388 3.0235280706719494
475 0.3879342886926815 1.1706708887921566 3.0177040878166688
476 0.38705830341646696 1.1657680985148344 3.011866915720166
477 0.3861806249259308 1.160865318372541 3.0060164685765742
478 0.3853012427794195 1.1559625484876546 3.000152660160065
479 0.38442014644446226 1.151059788912661 2.9942754029905045
480 0.38353732533373885 1.1461570397712448 2.988384608392168
481 0.3826527685387821 1.1412543011434382 2.982480188243487
482 0.38176646538182374 1.136351573120166 2.9765620507910353
483 0.38087840483612345 1.131448855793071 2.9706301051115975
483 0.37998857579532797 1.1265461492651527 2.964684259012936
484 0.37998857579532797 1.1265461492651527 2.964684259012936
485 0.3790969669368801 1.1216434536355826 2.9587244200303426
486 0.3782035669657334 1.1167407690190387 2.952750493546296
487 0.3773083645904973 1.1118380954803089 2.9467623827714924
488 0.37641134805476817 1.106935433149569 2.9407599926783
489 0.3755125056676918 1.1020327821134466 2.9347432255390338
490 0.3746118256578273 1.097130142462791 2.928711982159678
491 0.3737092960084299 1.092227514334724 2.922666163247077
492 0.3728049046847887 1.0873248978428032 2.9166056674124237
493 0.37189863928583755 1.0824222930573038 2.910530393808096
494 0.37099048761115716 1.0775197001198837 2.9044402379644154
495 0.3700804370918275 1.0726171191205092 2.898335095876366
496 0.3691684750255197 1.067714550189429 2.8922148623758313
497 0.36825458867832256 1.0628119934347564 2.886079430128006
498 0.36733876519551023 1.0579094489939105 2.87992869043063
499 0.3664209913247169 1.0530069169562295 2.873762535135631
500 0.3655012539734624 1.048104397451832 2.8675808524802786
501 0.364579539698142 1.043201890611647 2.861383530944656
502 0.3636558349711251 1.038299396545344 2.8551704570553276
503 0.3627301261003463 1.0333969153805271 2.848941516080874
504 0.3618023992092792 1.0284944472550857 2.842696592125605
505 0.36087264036358746 1.0235919922871008 2.8364355670072645
506 0.35994083535092286 1.0186895506093694 2.8301583220370152
507 0.35900696980895414 1.0137871223578148 2.823864736936173
508 0.35807102921818657 1.0088847076704777 2.8175546898426265
509 0.35713299885640454 1.003982306679699 2.8112280575992883
510 0.356192863830908 0.9990799195244753 2.804884715485931
511 0.35525060925481594 0.994177546361521 2.798524535811316
512 0.3543062197691018 0.9892751872990606 2.792147391439423
513 0.3533596799856718 0.9843728425306011 2.785753152624872
514 0.3524109743117098 0.9794705121713039 2.779341687881024
515 0.3514600869125654 0.9745681963911806 2.7729128645940078
516 0.35050700189217227 0.9696658953259553 2.766466547290993
516 0.3495516931950468 0.9647636090824872 2.7600026773269195
517 0.3495516931950468 0.9647636090824872 2.7600026773269195
518 0.34859414932576677 0.9598613378151857 2.753521077940353
519 0.3476343587444139 0.9549590817493515 2.7470215694400104
520 0.346672304585826 0.9500568410375848 2.7405040104736096
521 0.34570796997863756 0.9451546158370472 2.733968256200317
522 0.34474133750916564 0.9402524063196118 2.7274141624939694
523 0.34377238986233344 0.9353502126645987 2.720841580788869
524 0.3428011093046344 0.9304480350382541 2.7142503620412732
525 0.34182747792172513 0.9255458736195417 2.7076403548560886
526 0.34085147766893276 0.9206437285760544 2.701011404944739
527 0.3398730900777167 0.9157416001129398 2.6943633575213113
528 0.33889229654192127 0.9108394883911457 2.68769605472125
529 0.33790907823476524 0.9059373935857217 2.6810093363526444
530 0.3369234160148279 0.9010353159122685 2.6743030406429638
531 0.33593529055639076 0.8961332555720669 2.667577002963433
532 0.3349446822329759 0.8912312127361933 2.6608310566229076
533 0.33395157113710094 0.8863291876380178 2.654065032903058
533 0.3329559371238193 0.8814271804607491 2.64727876029123
534 0.3329559371238193 0.8814271804607491 2.64727876029123
535 0.33195775973060837 0.8765251914174043 2.640472065267356
536 0.33095701828816493 0.8716232207109166 2.6336447712131386
537 0.32995369179886275 0.8667212685724849 2.626796699401174
538 0.3289477589622351 0.8618193352249509 2.619927668587316
539 0.3279391981520282 0.8569174208806711 2.6130374950890003
540 0.32692798754953223 0.8520155257612912 2.6061259916825077
541 0.3259141049356777 0.84711365009947 2.5991929691617863
542 0.32489752774451347 0.8422117941305276 2.592238235782482
543 0.32387823321865705 0.8373099581013254 2.5852615959407177
544 0.3228561981722828 0.8324081422484239 2.5782628518850164
545 0.3218313990274177 0.8275063468309466 2.5712418034153623
546 0.32080381206288167 0.8226045720778452 2.5641982456137526
547 0.31977341308076324 0.8177028182632872 2.5571319716213083
548 0.318740177481669 0.8128010856414135 2.550042771712262
549 0.31770408039969117 0.80789937449089 2.542930432226439
550 0.31666509661236014 0.80299768507107 2.535794736020576
551 0.3156232004296876 0.7980960176633297 2.5286354633525243
552 0.31457836573507486 0.7931943725551619 2.5214523913674283
553 0.3135305661765623 0.7882927500413814 2.5142452924269607
554 0.31247977489586687 0.7833911504017286 2.507013936062876
555 0.31142596467466843 0.7784895739453428 2.499758087796543
556 0.31036910779298515 0.7735880209492413 2.492477509924155
557 0.3093091762099067 0.7686864917578693 2.485171960227313
558 0.30824614138442025 0.7637849866711857 2.4778411928882944
559 0.3071799742562319 0.7588835060069152 2.470484958677346
560 0.30611064545438565 0.7539820501058866 2.4631030031206134
561 0.305038125028979 0.749080619301302 2.455695068379202
562 0.3039623826611453 0.7441792139356351 2.4482608914315556
563 0.3028833874164217 0.7392778343533055 2.4408002058459
564 0.30180110790464354 0.7343764809088775 2.4333127403260217
565 0.3007155122375129 0.7294751539619417 2.4257982188354266
566 0.2996265679556242 0.7245738538971302 2.418256361046202
566 0.2985342421589977 0.7196725810959433 2.410686880979803
567 0.2985342421589977 0.7196725810959433 2.410686880979803
568 0.2974385013677861 0.7147713359376495 2.4030894879134244
569 0.2963393115281571 0.7098701188172157 2.3954638861667408
570 0.29523663847304493 0.7049689301398985 2.3878097711245347
571 0.29413044637622915 0.7000677703193114 2.3801268414893655
572 0.2930206994917846 0.6951666397775559 2.3724147849733948
573 0.29190736134333267 0.6902655389455654 2.364673284596259
574 0.29079039481534613 0.6853644682569308 2.356902017661697
575 0.289669762180893 0.6804634281635905 2.349100655313324
576 0.2885454250222076 0.6755624191267786 2.341268862865473
577 0.28741734418765874 0.6706614416182947 2.3334062998661995
578 0.28628547995036274 0.6657604961155217 2.325512618491702
579 0.28514979182280054 0.6608595831117149 2.3175874647749706
580 0.2840102385061518 0.6559587031129608 2.309630478686959
581 0.2828667780117188 0.6510578566320931 2.3016412927965715
582 0.28171936760721716 0.6461570441984544 2.293619532397037
583 0.28056796367931086 0.6412562663480956 2.2855648162348694
583 0.2794125218496497 0.6363555236324272 2.277476755228767
584 0.2794125218496497 0.6363555236324272 2.277476755228767
585 0.2782529969056997 0.6314548166141796 2.2693549526375105
586 0.2770893427611578 0.626554145873438 2.261199004010442
587 0.2759215124412948 0.6216535120033339 2.2530084968840445
588 0.2747494581070512 0.6167529156161351 2.244783010184604
589 0.2735731309745039 0.6118523573252256 2.2365221143820886
590 0.2723924812324697 0.6069518377680718 2.2282253717938603
591 0.2712074581423317 0.6020513576034136 2.219892335289144
592 0.2700180100151368 0.5971509175021231 2.2115225479539227
593 0.26882408399212193 0.5922505181487232 2.2031155443873085
594 0.26762562627698483 0.5873501602431923 2.1946708482815533
595 0.2664225818987573 0.5824498445023994 2.1861879738247376
596 0.26521489467777476 0.5775495716853423 2.177666425511438
597 0.2640025074661825 0.5726493425389009 2.1691056953777403
598 0.26278536179741735 0.5677491578477696 2.1605052654548182
599 0.26156339796862027 0.5628490184200604 2.15186460640638
600 0.26033655499937713 0.5579489250730092 2.1431831771544494
601 0.2591047706567583 0.5530488786492481 2.1344604240494047
602 0.25786798132208133 0.5481488800220056 2.125695781274057
603 0.25662612193555473 0.5432489300859831 2.116888670524377
604 0.25537912610651536 0.5383490297566876 2.1080384993257013
605 0.2541269259134627 0.5334491799818645 2.0991446619218888
606 0.25286945189977417 0.5285493817234421 2.090206538403598
607 0.2516066330197338 0.5236496359826881 2.0812234943806813
608 0.25033839665884217 0.5187499437870491 2.072194879852948
609 0.2490646684771567 0.5138503062039846 2.063120029612362
610 0.24778537241855297 0.5089507243111305 2.0539982620581148
611 0.24650043064146357 0.5040511992363044 2.044828878897376
612 0.24520976341687634 0.49915173213296476 2.0356111648147004
613 0.24391328918776842 0.4942523241861376 2.026344385875811
614 0.24261092433210316 0.4893529766222893 2.017027790357981
615 0.24130258322367443 0.4844536907142534 2.0076606070362333
616 0.2399881781100011 0.4795544677618962 1.9982420448314224
616 0.23866761908875242 0.47465530910881626 1.9887712917281335
617 0.23866761908875242 0.47465530910881626 1.9887712917281335
618 0.237340813915361 0.46975621614936003 1.979247514997069
619 0.23600766803512138 0.46485719031816614 1.9696698594089266
620 0.23466808446183698 0.45995823308493033 1.9600374466760146
621 0.2333219636495994 0.4550593459927966 1.9503493750644076
622 0.231969203526602 0.45016053061513095 1.9406047172270735
623 0.23060969920760724 0.44526178858216414 1.9308025209352342
624 0.22924334303069496 0.44036312158739843 1.9209418069271271
625 0.22787002440122642 0.4354645313781464 1.9110215682050133
626 0.22648962968384556 0.43056601976609193 1.9010407689178281
627 0.22510204210774162 0.4256675886227361 1.8909983429603756
628 0.2237071415953859 0.420769239886794 1.8808931931544228
629 0.22230480470075123 0.4158709755686001 1.870724189377787
630 0.22089490437626857 0.4109727977518923 1.8604901679934107
631 0.21947730989025713 0.406074708594278 1.8501899298716717
632 0.21805188667852918 0.4011767103327005 1.8398222388423986
633 0.21661849616294593 0.39627880529859205 1.8293858203156441
633 0.21517699559424325 0.391380995905947 1.8188793594087054
634 0.21517699559424325 0.391380995905947 1.8188793594087054
635 0.2137272378416022 0.3864832846617652 1.8083014994476099
636 0.21226907126532735 0.38158567417734296 1.797650839581698
637 0.21080233941941137 0.37668816716148057 1.786925933549644
638 0.20932688094377105 0.37179076644007886 1.7761252867468489
639 0.20784252930551592 0.36689347494215074 1.7652473541776408
640 0.2063491125047252 0.3619962957266103 1.7542905386536174
641 0.20484645289993889 0.3570992319850863 1.743253187593725
642 0.20333436693176193 0.3522022870348701 1.7321335903490802
643 0.20181266476963935 0.34730546434064247 1.7209299760105592
644 0.20028115011439215 0.34240876752252203 1.7096405094885494
645 0.19873961978509508 0.3375122003578228 1.6982632890351101
646 0.1971878634407828 0.33261576679735977 1.6867963422974412
647 0.19562566323055933 0.3277194709668392 1.6752376224820642
648 0.1940527933124698 0.3228233171848796 1.6635850052674044
649 0.19246901955246062 0.3179273099845834 1.6518362836982554
650 0.19087409903722463 0.3130314541019562 1.6399891639614665
651 0.1892677795717412 0.3081357545085804 1.6280412609362427
652 0.18764979924887928 0.3032402164223419 1.6159900923749746
653 0.18601988588725665 0.2983448453256708 1.6038330735590942
654 0.18437775639282777 0.29344964697825876 1.5915675118263553
655 0.1827231162476802 0.28855462743529786 1.579190599202367
656 0.18105565876094606 0.28365979307573286 1.5666994062320831
657 0.17937506434029787 0.2787651506211097 1.5540908745947868
658 0.17768099981860858 0.27387070716192463 1.5413618081928537
659 0.17597311754869588 0.2689764701772255 1.5285088650133927
660 0.17425105450966144 0.26408244758025246 1.5155285477231375
661 0.1725144313718142 0.2591886477288502 1.5024171929722805
662 0.17076285140693748 0.254295079482245 1.489170960704126
663 0.16899589934746373 0.24940175222308608 1.4757858219405906
664 0.1672131401848215 0.24450867591569922 1.462257545342684
665 0.16541411778903925 0.2396158611454655 1.4485816830402551
666 0.16359835347412857 0.23472331916247388 1.4347535545312993
666 0.16176534435425322 0.2298310619603226 1.420768229918337
667 0.16176534435425322 0.2298310619603226 1.420768229918337
668 0.15991456163179482 0.2249391023215401 1.4066205105165162
669 0.15804544866547035 0.22004745390049896 1.3923049082309622
670 0.1561574188605366 0.2151561312978631 1.377815622644339
671 0.1542498533546687 0.21026515014944963 1.36314651571165
672 0.15232209850641118 0.2053745272314321 1.3482910834686799
673 0.15037346313785563 0.20048428056605155 1.3332424244446415
674 0.14840321658798925 0.19559442957522258 1.3179931949740007
675 0.14641058287718325 0.19070499517441453 1.3025355915315746
676 0.14439473636012426 0.18581599992878786 1.2868613123497652
677 0.14235480031532638 0.18092746828946515 1.2709614841838666
678 0.1402898411807804 0.1760394267763963 1.25482661677226
679 0.13819886299050427 0.1711519042172349 1.2384465437244216
680 0.13608080132874326 0.16626493201956266 1.221810353819866
681 0.13393451654987426 0.16137854448732059 1.2049063127593906
682 0.13175878611773775 0.1564927791833889 1.1877217739661718
683 0.12955229587414202 0.1516076773519537 1.1702430769674521
683 0.12731363015669367 0.14672328441128685 1.1524554301900305
684 0.12731363015669367 0.14672328441128685 1.1524554301900305
685 0.1250412603972732 0.14183965053213382 1.1343427767881564
686 0.12273353210225679 0.13695683132000697 1.1158876386438539
687 0.12038864981185357 0.13207488861931557 1.0970709350567978
688 0.11800465970708705 0.12719389147579546 1.0778717704158298
689 0.11557942928701714 0.12231391728792575 1.058267185107697
690 0.11311062361292273 0.11743505319844887 1.0382318605220038
691 0.11059567736714432 0.1125573977847028 1.0177377675534838
692 0.1080317617065675 0.10768106312974796 0.9967537456459138
693 0.10541574477021667 0.10280617738286399 0.9752449940657254
694 0.10274414426133974 0.09793288795092601 0.953172452357228
695 0.10001307008237044 0.0930613655169301 0.9304920390933411
696 0.0972181543458903 0.08819180915853934 0.9071537075756826
697 0.09435446526461735 0.08332445294143274 0.8831002614211112
698 0.09141640011883746 0.07845957452914704 0.8582658519385241
699 0.08839755084845921 0.07359750659125464 0.8325740462812545
700 0.08529053326315633 0.06873865216674944 0.8059353076696386
700 0.08529053326315633 0.06873865216674944 0.8059353076696386
701 0.08208676727706483 0.06388350574520055 0.7782436544196777
702 0.07877619015565664 0.059032682787548876 0.7493721474839559
703 0.07534687660107277 0.05418696207100698 0.7191666664286849
704 0.07178452700237678 0.04934734810065822 0.6874371143940856
705 0.06807176561590719 0.04451516605285819 0.6539446369590827
706 0.06418715987147197 0.039692211696846724 0.6183824268954444
707 0.06010382691054366 0.034880998970036374 0.5803457244403418
708 0.05578741245135382 0.030085190847018543 0.5392827794845763
709 0.051193172139545336 0.025310401610227563 0.4944097142727353
710 0.046261915181642924 0.020565819675883577 0.44455184345770987
711 0.04091558377477774 0.01586786238535201 0.38781952795046504
712 0.03506011236681421 0.011249625506921237 0.3208667841455481
713 0.02865034423927449 0.006789644443181951 0.2369829970096682
714 0.022491122355927123 0.002717873445548167 0.12084205503563591
715 0.020212207745845274 0.0003195211187568276 0.015808323503032806
716 0.018724650867173936 3.0178217732369184e-05 0.001611683867776377
716 0.01737324105842266 2.8014491504192463e-06 0.00016125080754929638
717 0.01737324105842266 2.8014491504192463e-06 0.00016125080754929638
718 0.016133447522277956 2.600260618627723e-07 1.6117203809273493e-05
719 0.014982594161922302 2.4137414968910962e-08 1.611030420236256e-06
720 0.013910418647564858 2.240539129229691e-09 1.6106913716949253e-07
