1 0.5994727110743624 2.9951111238147905 4.996242645385834
2 0.5989459541931987 2.990192080360343 4.992423873015783
3 0.5984223616284998 2.9852877133236975 4.988596524367454
4 0.5978992399830988 2.9803836780688147 4.98475910113728
5 0.5973755940272886 2.9754796041235116 4.980919263982501
6 0.5968511573684041 2.970575528784376 4.977079280338565
7 0.5963257404547562 2.9656714538279285 4.973240718346849
8 0.5957987551229391 2.960767378168953 4.969408466719637
9 0.5952702471502941 2.955863302098774 4.965582130552002
10 0.594740102735587 2.9509592248747722 4.961762644391119
11 0.5942082767226987 2.946055146900908 4.95795037246806
12 0.5936750166167095 2.9411510684420823 4.954143236822374
13 0.5931410796452818 2.936246991181864 4.950334906727144
14 0.5926067356583586 2.9313429153969652 4.946523113916988
15 0.592071982655602 2.9264388415029483 4.94270785855646
16 0.5915368180916302 2.9215347694528853 4.938889144513628
16 0.5910012406642866 2.9166306991981235 4.935066965206071
17 0.5910012406642866 2.9166306991981235 4.935066965206071
18 0.5904652496480693 2.9117266307841936 4.931241309322858
19 0.5899288437617929 2.906822563989466 4.9274121696670425
20 0.5893920218938807 2.9019184989905717 4.923579538226356
21 0.588854783213954 2.897014435803356 4.9197434042932064
22 0.5883171271707806 2.892110374357701 4.915903754605737
23 0.5877790516505381 2.8872063147979636 4.912060589247644
24 0.5872405559288093 2.882302256986415 4.9082138961394115
25 0.5867016390497103 2.8773982010222436 4.904363665461733
26 0.5861623005844446 2.8724941468741125 4.900509882689549
27 0.5856225389965191 2.867590094612601 4.8966525426536665
28 0.5850823530856485 2.8626860441126794 4.8927916369640005
29 0.5845417419915739 2.8577819953142503 4.888927154419444
30 0.5840007042857646 2.8528779484156455 4.885059088935051
31 0.583459238966618 2.847973903436056 4.881187430471042
32 0.5829173454859106 2.843069860264136 4.877312164890545
33 0.5823750226046169 2.8381658189632213 4.87343328405431
33 0.5818322690932282 2.8332617794858215 4.869550779473598
34 0.5818322690932282 2.8332617794858215 4.869550779473598
35 0.5812890836055734 2.8283577418518444 4.865664643671499
36 0.5807454653076899 2.8234537060908558 4.861774864819542
37 0.5802014131485722 2.818549672199706 4.857881432767141
38 0.5796569259278704 2.8136456402431267 4.85398433864869
39 0.5791120026674669 2.8087416101520777 4.85008357142425
40 0.5785666418040046 2.80383758203468 4.8461791251776125
41 0.5780208426311477 2.7989335557756543 4.842270986345274
42 0.5774746040774292 2.7940295314688424 4.8383591446979235
43 0.5769279249716174 2.789125509063572 4.834443590507057
44 0.5763808039212805 2.7842214886202172 4.830524316004933
45 0.5758332402068901 2.7793174700787975 4.826601307490032
46 0.5752852321683226 2.7744134534888305 4.8226745592472735
47 0.5747367789246686 2.7695094389378405 4.818744059010087
48 0.5741878790448318 2.764605426271912 4.814809798616552
49 0.5736385316138405 2.759701415624407 4.810871765988988
50 0.5730887358454595 2.7547974068759915 4.806929947439862
51 0.5725384901126708 2.7498934001531223 4.802984336672223
52 0.571987793321443 2.744989395432625 4.799034922568722
53 0.5714366442736072 2.740085392681921 4.795081694778314
54 0.5708850421181604 2.7351813918933496 4.791124639988778
55 0.5703329849899339 2.730277393190927 4.78716375353797
56 0.5697804721570192 2.7253733966085867 4.783199021003886
57 0.5692275023543886 2.7204694020287667 4.779230432079618
58 0.56867407467149 2.7155654093791313 4.775257973467229
59 0.5681201874302759 2.7106614188595013 4.771281638697577
60 0.5675658395483818 2.7057574303437923 4.767301415632753
61 0.5670110296013546 2.700853443911371 4.763317295274213
62 0.5664557566299502 2.6959494595420255 4.759329264444592
63 0.5659000196265608 2.6910454772100825 4.755337310265357
64 0.5653438167622511 2.6861414970014352 4.751341426859651
65 0.5647871473589553 2.681237518898415 4.74734159839925
66 0.5642300099357447 2.6763335427507196 4.743337815469093
66 0.5636724032213689 2.671429568831425 4.7393300675433006
67 0.5636724032213689 2.671429568831425 4.7393300675433006
68 0.5631143258988275 2.666525597055694 4.735318343747443
69 0.5625557486010091 2.661621627172914 4.7313028687236125
70 0.5619966986347433 2.656717659520649 4.727283391476506
71 0.561437174594267 2.6518136939841357 4.723259901520625
72 0.5608771749574398 2.6469097305172533 4.71923238936957
73 0.5603166982607566 2.642005769211376 4.7152008451867635
74 0.5597557432126782 2.637101810088146 4.7111652574615634
75 0.559194308505228 2.6321978531484587 4.707125614680411
76 0.5586323935035651 2.6272938983599956 4.703081899498241
77 0.5580699963314061 2.6223899457180484 4.699034104963349
78 0.557507115803087 2.617485995298757 4.6949822183494065
79 0.5569437505358401 2.6125820470869368 4.690926228319018
80 0.5563798991627116 2.6076781010564147 4.686866123274176
81 0.5558155603177661 2.602774157184323 4.682801891505677
82 0.5552507326072411 2.597870215544498 4.678733521603676
83 0.5546854147590201 2.5929662761954604 4.674661000996321
83 0.5541196057051564 2.588062339039622 4.670584314998437
84 0.5541196057051564 2.588062339039622 4.670584314998437
85 0.5535533038877014 2.5831584041963396 4.666503453333884
86 0.5529865078375374 2.578254471575274 4.662418404487986
87 0.5524192162771926 2.5733505412498547 4.658329155513302
88 0.5518514277497307 2.5684466132079087 4.654235694707165
89 0.5512831409841645 2.563542687401608 4.650138008619504
90 0.5507143547016196 2.558638763876406 4.646036083919934
91 0.5501450672672505 2.553734842678847 4.641929910167292
92 0.5495752773672979 2.548830923745203 4.637819473894823
93 0.5490049835007139 2.5439270071887323 4.633704763420284
94 0.5484341844943508 2.5390230930208775 4.629585763990667
95 0.547862878692589 2.534119181130561 4.625462464582272
96 0.5472910647082905 2.529215271549309 4.62133485204513
97 0.5467187406969726 2.5243113643808024 4.617202917102747
98 0.5461459061199472 2.5194074595325033 4.6130666389709765
99 0.5455725589630782 2.514503557089763 4.608926009528153
100 0.5449986975186835 2.5095996571027053 4.604781017878803
101 0.5444243209126325 2.5046957594873147 4.600631645714557
102 0.5438494273150378 2.499791864270251 4.596477882879495
103 0.5432740151977166 2.4948879713554564 4.592319716317517
104 0.5426980829721386 2.4899840809179428 4.588157133854802
105 0.5421216293847421 2.485080192961155 4.583990120042787
106 0.5415446531440238 2.4801763074304164 4.579818659516547
107 0.5409671520775035 2.47527242436742 4.5756427444097225
108 0.5403891251022491 2.4703685437865386 4.5714623574615985
109 0.5398105706845026 2.465464665606224 4.567277484914589
110 0.5392314874535683 2.460560789964781 4.563088111906025
111 0.538651873390851 2.4556569168781324 4.558894228696545
112 0.538071727018241 2.4507530463347043 4.5546958207890045
113 0.5374910471733095 2.445849178210949 4.550492870669723
114 0.5369098321566517 2.440945312638957 4.5462853657088065
115 0.5363280804196696 2.4360414496423335 4.542073291661633
116 0.5357457901373892 2.43113758914329 4.537856636297295
116 0.5351629599888796 2.426233731220212 4.533635383268355
117 0.5351629599888796 2.426233731220212 4.533635383268355
118 0.5345795881632419 2.421329875900149 4.529409520141947
119 0.5339956733202665 2.416426023165387 4.52517903027301
120 0.533411213652468 2.411522173024035 4.520943900881708
121 0.5328262073002266 2.406618325515227 4.516704119546418
122 0.532240652878549 2.401714480629192 4.512459669587161
123 0.5316545490402214 2.3968106382669507 4.508210533689282
124 0.5310678936965102 2.3919067986418003 4.503956701266346
125 0.5304806855368162 2.3870029615918 4.49969815428113
126 0.5298929227737712 2.382099127234475 4.495434879117025
127 0.5293046036097054 2.3771952955846984 4.491166861903163
128 0.5287157265712218 2.372291466605836 4.486894085769683
129 0.5281262896683777 2.3673876403392615 4.482616538225728
130 0.5275362915290596 2.362483816776872 4.478334201291123
131 0.5269457213156058 2.3575799958904837 4.474047137159405
132 0.5263545701663631 2.3526761776476297 4.469755391131167
133 0.5257628525959809 2.347772362140306 4.465458810085308
133 0.5251705668823285 2.3428685493563806 4.461157378382424
134 0.5251705668823285 2.3428685493563806 4.461157378382424
135 0.524577711424804 2.337964739374115 4.456851079364344
136 0.5239842843326351 2.3330609321378386 4.4525398984233036
137 0.5233902838069135 2.3281571277001363 4.448223820217168
138 0.5227957080796937 2.3232533259951396 4.4439028287527345
139 0.5222005552904299 2.318349527129492 4.4395769089906585
140 0.5216048239878508 2.3134457310871475 4.4352460420132775
141 0.5210085119024331 2.3085419378804004 4.430910215748472
142 0.5204116179386062 2.303638147521972 4.426569407975315
143 0.5198141398301978 2.2987343599975882 4.42222360620758
144 0.5192160755711742 2.29383057534753 4.417872795683675
145 0.518617423848605 2.2889267936146402 4.413516955579234
146 0.518018182590445 2.2840230147458045 4.40915607117134
147 0.5174183497164874 2.2791192387995336 4.404790127849829
148 0.5168179237278295 2.2742154657630964 4.400419105744406
149 0.5162169023718631 2.269311695670339 4.396042991315331
150 0.5156152840368291 2.2644079284885588 4.391661765260662
151 0.5150130667442683 2.259504164303154 4.387275411451103
152 0.5144102487121104 2.2546004030377635 4.382883911590864
153 0.5138068278838755 2.2496966447853066 4.378487249869237
154 0.5132028025403471 2.244792889572299 4.374085407290458
155 0.5125981704755738 2.239889137315429 4.369678368608543
156 0.5119929301148155 2.23498538811202 4.365266113363752
157 0.511387078967812 2.230081641968699 4.36084862853773
158 0.5107806154308533 2.225177898865849 4.356425893314038
159 0.5101735376218921 2.2202741588694606 4.351997889226048
160 0.509565843125419 2.215370421940562 4.347564601961154
161 0.50895753037708 2.210466688071806 4.3431260098148075
162 0.5083485971279365 2.205562957320884 4.3386820968560835
163 0.507739041528621 2.200659229716657 4.334232843492313
164 0.5071288614137085 2.195755505293171 4.329778232641161
165 0.5065180548570062 2.1908517839917936 4.325318244796402
166 0.5059066197705359 2.185948065853156 4.320852861827815
166 0.5052945541839257 2.1810443508738575 4.316382064311669
167 0.5052945541839257 2.1810443508738575 4.316382064311669
168 0.5046818560871086 2.176140639065191 4.311905832987955
169 0.5040685229200286 2.171236930532535 4.3074241532772835
170 0.5034545529574592 2.1663332251943452 4.3029370028904985
171 0.5028399440584919 2.1614295231282052 4.298444363196376
172 0.502224693938811 2.1565258243414283 4.293946216440267
173 0.5016088009585286 2.151622128812758 4.289442539088638
174 0.5009922624541353 2.146718436572539 4.284933316248703
175 0.5003750765055757 2.141814747651726 4.280418526456843
176 0.4997572408554691 2.1369110620417806 4.275898150837959
177 0.4991387533981259 2.1320073797497896 4.271372169031415
178 0.4985196119314469 2.127103700819433 4.266840561353759
179 0.49789981413512535 2.122200025281489 4.262303308885237
180 0.49727935799600126 2.117296353117484 4.25776038975362
181 0.4966582410306641 2.1123926843364402 4.253211785941189
182 0.49603646129025675 2.1074890190226956 4.248657474776827
183 0.4954140163724 2.1025853571111783 4.244097436941866
183 0.4947909040387017 2.097681698677218 4.239531651764441
184 0.4947909040387017 2.097681698677218 4.239531651764441
185 0.49416712171328075 2.092778043696897 4.234960101030642
186 0.493542667306162 2.087874392201729 4.230382762239575
187 0.4929175387240518 2.0829707442388523 4.225799612711598
188 0.49229173347829847 2.0780670998033 4.221210632810488
189 0.4916652493469576 2.073163458914963 4.216615800422324
190 0.4910380837713821 2.0682598215536436 4.2120150959952545
191 0.49041023464222766 2.0633561877527535 4.207408495987136
192 0.4897816994214582 2.05845255756133 4.202795980316992
193 0.4891524758953108 2.0535489309395905 4.198177525690567
194 0.4885225614260381 2.048645307970337 4.193553112450263
195 0.48789195384878375 2.0437416886527084 4.188922716454844
196 0.48726065047214717 2.038838072990238 4.184286317835514
197 0.4866286491270169 2.0339344609972287 4.179643892002633
198 0.485995924929623 2.0290308526041563 4.174995609063965
199 0.48536249777792617 2.0241272479402435 4.170341254643796
200 0.48472836516916223 2.0192236469936518 4.165680806174765
201 0.4840935246232525 2.014320049750031 4.1610142406215465
202 0.4834579735242249 2.009416456309161 4.156341536082813
203 0.48282170965393495 2.004512866659182 4.151662666734532
204 0.48218473008352414 1.9996092807703512 4.146977612551062
205 0.4815470324271948 1.994705698736254 4.142286348816476
206 0.4809086139488713 1.9898021204899823 4.137588853215118
207 0.48026947252221047 1.9848985461726074 4.132885098335735
208 0.47962960513729536 1.9799949757407977 4.128175063701538
209 0.47898900911290737 1.9750914091965517 4.123458725815946
210 0.47834768181854187 1.9701878465500111 4.1187360604736645
211 0.4777056209093094 1.9652842878597143 4.114007040819007
212 0.4770628236092873 1.9603807331513865 4.109271643344255
213 0.47641928701798536 1.9554771824297537 4.104529845274572
214 0.4757750085164365 1.9505736356909347 4.099781621092753
215 0.4751299854676647 1.9456700929831405 4.0950269452432915
216 0.47448421481660236 1.9407665543222405 4.090265795401404
216 0.4738376942960363 1.9358630197179223 4.08549814213064
217 0.4738376942960363 1.9358630197179223 4.08549814213064
218 0.4731904209758095 1.9309594892347308 4.080723961513679
219 0.4725423918386302 1.926055962844016 4.075943229875871
220 0.4718936043499634 1.921152440607248 4.071155919253553
221 0.4712440555938669 1.9162489225163155 4.0663620045062165
222 0.4705937425030074 1.911345408610529 4.061561461579176
223 0.4699426624480675 1.9064418989010088 4.056754262253613
224 0.4692908125867053 1.9015383934191743 4.051940379863818
225 0.46863818979448435 1.8966348921596823 4.047119789770929
226 0.467984791262826 1.8917313951616987 4.0422924643704485
227 0.46733061420684985 1.8868279024488266 4.037458375482499
228 0.46667565540842515 1.8819244140336735 4.032617498306508
229 0.4660199121616488 1.8770209299744844 4.027769803371407
230 0.4653633813918104 1.8721174502852318 4.022915263951574
231 0.4647060599299799 1.867213974952099 4.01805385372733
232 0.46404794503915586 1.862310504023792 4.013185542426338
233 0.4633890333852262 1.8574070375262381 4.008310304534402
233 0.46272932198501643 1.8525035754971497 4.003428111169353
234 0.46272932198501643 1.8525035754971497 4.003428111169353
235 0.4620688079094811 1.8476001179613182 3.998538932589584
236 0.4614074878991585 1.8426966649528667 3.9936427415664126
237 0.46074535879013506 1.8377932164360244 3.9887395095240037
238 0.46008241742819966 1.8328897724687214 3.983829207632699
239 0.459418660754214 1.8279863330683934 3.978911805775243
240 0.45875408548655094 1.823082898302001 3.973987275488683
241 0.4580886885929419 1.818179468162764 3.969055585606045
242 0.4574224665406817 1.8132760426883061 3.9641167090052387
243 0.45675541613258136 1.8083726218514045 3.9591706151252124
244 0.45608753420832243 1.8034692057475692 3.954217272958434
245 0.4554188173748342 1.7985657944235098 3.9492566530099995
246 0.4547492625151153 1.7936623878389648 3.944288722797754
247 0.4540788661695527 1.7887589860634532 3.9393134526448805
248 0.4534076249098929 1.7838555890790055 3.934330812000607
249 0.45273553545250056 1.7789521969540378 3.9293407688354063
250 0.452062594263271 1.7740488097219658 3.9243432927980764
251 0.4513887980106229 1.7691454273816856 3.9193383512810405
252 0.45071414312042857 1.7642420499557545 3.914325913407953
253 0.45003862620876817 1.7593386774807658 3.9093059462514383
254 0.44936224361723937 1.7544353099936103 3.9042784188339916
255 0.4486849920501797 1.7495319475453408 3.899243296619286
256 0.44800686788511496 1.744628590154158 3.8942005473932677
257 0.4473278675276491 1.7397252377985692 3.8891501381613294
258 0.44664798742027984 1.7348218905709694 3.8840920354098984
259 0.4459672238992786 1.7299185485082405 3.879026205968314
260 0.4452855730498737 1.725015211566151 3.8739526182065247
261 0.44460303153576597 1.720111879815224 3.868871235253487
262 0.44391959570717304 1.7152085533130343 3.8637820224643877
263 0.44323526154377546 1.7103052320449403 3.8586849477814495
264 0.4425500252692995 1.7054019160638398 3.853579976695454
265 0.4418638833746218 1.700498605411722 3.848467071860685
266 0.4411768318903232 1.6955953001250827 3.8433461994364397
266 0.44048886686011407 1.6906920002367412 3.8382173249651137
267 0.44048886686011407 1.6906920002367412 3.8382173249651137
268 0.4397999846804699 1.6857887057038135 3.8330804102428475
269 0.43911018139972086 1.6808854166233027 3.827935419910469
270 0.43841945300998647 1.6759821330562081 3.8227823185072767
271 0.4377277765047233 1.6710788548585094 3.8176212352849803
272 0.43703516705457485 1.666175582212719 3.812451966833724
273 0.43634162074265853 1.6612723151194715 3.807274475196674
274 0.43564713341598776 1.6563690536511202 3.802088724108504
275 0.43495170100409286 1.6514657978439937 3.796894675964156
276 0.4342553193767797 1.64656254771272 3.7916922930864256
277 0.43355798465426 1.6416593032722733 3.7864815350625163
278 0.43285969243389355 1.6367560645912507 3.7812623656133484
279 0.43216043851710445 1.6318528317268697 3.776034746091833
280 0.4314602188294518 1.6269496046444876 3.7707986359863934
281 0.4307590291119385 1.6220463834361944 3.765553996117593
282 0.43005686499163487 1.6171431680963446 3.760300787496556
283 0.4293537221860126 1.612239958730197 3.7550389700166904
283 0.42864959640857314 1.607336755324823 3.749768502739399
284 0.42864959640857314 1.607336755324823 3.749768502739399
285 0.42794448324554657 1.6024335579046747 3.7444893453275996
286 0.42723837831069833 1.5975303665355083 3.7392014566953176
287 0.42653127723254863 1.5926271812408612 3.733904794917412
288 0.42582317534371494 1.587724002064295 3.7285993200880148
289 0.42511406828002435 1.5828208290689998 3.7232849890688384
290 0.4244039514055611 1.5779176622486761 3.7179617603060806
291 0.42369282023562654 1.5730145016885515 3.7126295904985063
292 0.4229806700839631 1.5681113473993744 3.707288437289815
293 0.42226749641552624 1.5632081994350224 3.7019382564476855
294 0.4215532943350302 1.5583050578520043 3.696579006244318
295 0.42083805932964147 1.553401922668927 3.691210640842137
296 0.4201217866144838 1.5484987939062194 3.68583311611775
297 0.4194044712894936 1.5435956716301897 3.6804463883856022
298 0.41868610860545236 1.5386925559017106 3.6750504119344765
299 0.4179666937221681 1.5337894467607334 3.669645141103702
300 0.41724622166179853 1.5288863442184908 3.664230530666708
301 0.41652468760771105 1.523983248344315 3.6588065334067887
302 0.4158020865144401 1.5190801591729006 3.653373103312086
303 0.4150784132855961 1.514177076774065 3.6479301941732887
304 0.41435366286771497 1.509274001177174 3.6424777585688175
305 0.4136278302622059 1.5043709323984558 3.637015747815636
306 0.4129009103370337 1.4994678705185271 3.631544113803417
307 0.4121728977507932 1.49456481557581 3.6260628093976464
308 0.4114437874306886 1.4896617676099817 3.6205717843313616
309 0.41071357397027153 1.4847587266775992 3.615070990531883
310 0.4099822520988559 1.479855692842475 3.609560377959114
311 0.4092498163882153 1.4749526661243428 3.604039897052023
312 0.4085162616490594 1.4700496466003963 3.59850949547575
313 0.40778158223925287 1.4651466343269985 3.5929691240134782
314 0.40704577288648686 1.4602436292993684 3.5874187292115365
315 0.40630882788453493 1.4553406315831419 3.581858260772816
316 0.40557074165719986 1.4504376412670492 3.576287666463379
316 0.40483150864005846 1.4455346583871385 3.570706892956754
317 0.40483150864005846 1.4455346583871385 3.570706892956754
318 0.404091123181443 1.4406316829857695 3.565115886841454
319 0.4033495794168315 1.4357287151446667 3.5595145958016454
320 0.40260687170889486 1.4308257548995817 3.5539029645130875
321 0.4018629942342938 1.4259228023017798 3.5482809384295773
322 0.40111794108146903 1.4210198574144377 3.542648462901393
323 0.40037170636857705 1.4161169202586137 3.537005481988167
324 0.3996242841933177 1.4112139908982435 3.5313519391018056
325 0.3988756684625478 1.40631106940392 3.5256877784109935
326 0.39812585307058695 1.4014081558388578 3.5200129432197182
327 0.3973748319373356 1.3965052502588784 3.5143273756177433
328 0.39662259892730806 1.3916023527010941 3.5086310171552864
329 0.39586914789529165 1.3866994632406948 3.502923808569897
330 0.39511447243074294 1.3817965819469256 3.4972056919254753
331 0.39435856617139237 1.376893708874585 3.491476607804108
332 0.393601422753341 1.371990844087987 3.485736495794568
333 0.3928430358364916 1.3670879876398434 3.479985294199921
333 0.3920833987558614 1.362185139602669 3.474222943192912
334 0.3920833987558614 1.362185139602669 3.474222943192912
335 0.39132250496874615 1.3572823000392193 3.4684493807674612
336 0.39056034799407136 1.3523794689773814 3.4626645431960497
337 0.38979692114306147 1.3474766465210735 3.45686836768659
338 0.38903221748684347 1.3425738327393553 3.451060792374501
339 0.3882662304767562 1.3376710276821226 3.445241750846017
340 0.3874989530180583 1.3327682313950564 3.4394111803779412
341 0.3867303783530398 1.3278654439753155 3.4335690142322592
342 0.38596049938831517 1.322962665490697 3.4277151874022818
343 0.38518930922408046 1.3180598960012828 3.4218496319546428
344 0.3844168007125107 1.3131571355622758 3.415972280941829
345 0.38364296657838554 1.3082543842570977 3.410083067402714
346 0.38286779950443084 1.3033516421712674 3.404181923521056
347 0.3820912924067797 1.2984489093630551 3.3982687780822505
348 0.3813134378221761 1.293546185897682 3.3923435619935374
349 0.3805342283941651 1.288643471855641 3.3864062039665925
350 0.37975365649442605 1.2837407673126509 3.380456633816489
350 0.37975365649442605 1.2837407673126509 3.380456633816489
351 0.37897171456165574 1.2788380723652104 3.3744947794966724
352 0.3781883924297653 1.2739353870310528 3.3685205906144775
353 0.3774036719259099 1.2690327113324857 3.3625340867950437
354 0.37661755834141036 1.264130045446552 3.3565350776890654
355 0.3758300437240159 1.2592273894301715 3.350523489162199
356 0.3750411202066035 1.2543247433816729 3.344499245017953
357 0.3742507796152178 1.2494221073564307 3.3384622702483386
358 0.37345901394289766 1.244519481472353 3.332412487070513
359 0.37266581498531454 1.2396168657795255 3.3263498178076096
360 0.3718711744973456 1.234714260368184 3.3202741837603695
361 0.3710750841445211 1.2298116653335531 3.3141855055258396
362 0.37027753557376314 1.2249090807629441 3.308083702309641
363 0.369478520139145 1.2200065067610617 3.30196869442264
364 0.3686780293819108 1.2151039433909099 3.295840398810944
365 0.36787605454138356 1.2102013907420903 3.2896987335878665
366 0.3670725868493269 1.2052988489088583 3.283543615322056
366 0.3662676175143691 1.2003963179688175 3.2773749590945607
367 0.3662676175143691 1.2003963179688175 3.2773749590945607
368 0.3654611374931482 1.1954937980415954 3.2711926806827964
369 0.36465313788134673 1.1905912892126016 3.2649966928297878
370 0.36384360944449207 1.1856887915804766 3.2587869095481947
371 0.3630325430789767 1.180786305220891 3.2525632418689643
372 0.3622199294093003 1.1758838302379322 3.246325601563491
373 0.36140575916690515 1.1709813667495292 3.24007389768447
374 0.3605900226587099 1.1660789148443864 3.233808041183805
375 0.3597727104879321 1.1611764746311504 3.2275279385596978
376 0.35895381271373317 1.1562740461992036 3.2212334992561726
377 0.3581333197189222 1.1513716296371728 3.2149246279034207
378 0.35731122156136064 1.146469225079195 3.2086012302367983
379 0.3564875082732649 1.1415668326242208 3.202263210157576
380 0.3556621697312683 1.136664452383158 3.1959104710011763
381 0.3548351957125995 1.1317620844518363 3.189542914926941
382 0.35400657589180845 1.1268597289526237 3.1831604430337324
383 0.3531762998418001 1.1219573860039476 3.1767629552337207
383 0.3523443570616799 1.1170550557097325 3.170350349939578
384 0.3523443570616799 1.1170550557097325 3.170350349939578
385 0.35151073682800793 1.1121527381895413 3.163922525455349
386 0.35067542839185867 1.1072504335600166 3.157479378118078
387 0.34983842080000765 1.1023481419402206 3.1510208038882057
388 0.34899970319680534 1.09744586343213 3.1445466955405013
389 0.3481592643429027 1.0925435981917506 3.1380569471668647
390 0.34731709301533364 1.0876413463320378 3.1315514502593733
391 0.3464731778845737 1.082739107954401 3.1250300948696
392 0.3456275073758708 1.0778368832232732 3.1184927710372397
393 0.34478006989783117 1.0729346722471151 3.1119393663475337
394 0.3439308537063969 1.0680324751616554 3.105369767358533
395 0.34307984694995364 1.0631302920916088 3.0987838590434365
396 0.34222703749639144 1.0582281231813706 3.0921815264012533
397 0.3413724132644446 1.053325968557541 3.085562651313539
398 0.34051596189422 1.0484238283670755 3.078927115589267
399 0.33965767095899185 1.0435217027424013 3.0722747989059536
400 0.33879752789380585 1.0386195918334151 3.0656055795040054
401 0.3379355199073705 1.033717495773509 3.0589193348389516
402 0.33707163414732305 1.0288154147359765 3.0522159402066884
403 0.336205857658997 1.0239133488430379 3.0454952687991557
404 0.33533817716634046 1.019011298260694 3.0387571939213642
405 0.33446857938184743 1.0141092631380932 3.032001585955646
406 0.3335970507465988 1.0092072436332122 3.0252283147425327
407 0.332723577659647 1.0043052398946903 3.0184372473958683
408 0.33184814629742004 0.9994032520871095 3.0116282499628335
409 0.33097074264691817 0.9945012803652165 3.0048011869924016
410 0.3300913525790183 0.989599324910664 2.997955920925771
411 0.3292099616970742 0.9846973858858614 2.991092313275564
412 0.32832655556858464 0.9797954634480773 2.984210222506374
413 0.3274411195013059 0.9748935577904986 2.97730950613431
414 0.3265536385984352 0.9699916690800952 2.970390019977389
415 0.32566409785663597 0.9650897974990792 2.9634516173285137
416 0.32477248200780673 0.9601879432150493 2.9564941502401325
416 0.3238787756485904 0.9552861064203038 2.949517468402414
417 0.3238787756485904 0.9552861064203038 2.949517468402414
418 0.32298296310804847 0.9503842873003805 2.942521420185391
419 0.32208502864865973 0.9454824860570546 2.9355058508118863
420 0.32118495616135434 0.9405807028804214 2.928470604980328
421 0.3202827295207655 0.9356789379557987 2.9214155235776897
422 0.31937833229295964 0.9307771914963285 2.9143404463723743
423 0.3184717477945496 0.9258754636876265 2.9072452112296037
424 0.31756295922399086 0.9209737547402446 2.900129653001004
425 0.3166519494154042 0.9160720648635803 2.8929936056127623
426 0.31573870115377517 0.9111703942800117 2.8858368991523835
427 0.31482319680494064 0.90626874319427 2.8786593630703123
428 0.31390541869186556 0.9013671118360022 2.8714608227926073
429 0.31298534881256124 0.8964655004288464 2.864241102115346
430 0.31206296887917767 0.891563909194844 2.857000022774357
431 0.31113826040588344 0.8866623383677739 2.8497374035938643
432 0.310211204721492 0.8817607881774534 2.8424530602274647
433 0.30928178277925283 0.8768592588577461 2.83514680683148
433 0.30834997537465475 0.8719577506774758 2.8278184540732334
434 0.30834997537465475 0.8719577506774758 2.8278184540732334
435 0.3074157629186635 0.8670562638594018 2.8204678108481014
436 0.3064791256928911 0.8621547986530468 2.813094682072975
437 0.30554004357519365 0.8572533553339304 2.8056988710972663
438 0.30459849628882224 0.8523519341419052 2.798280177107965
439 0.3036544631557515 0.8474505353631474 2.790838397552122
440 0.3027079232635045 0.8425491592510315 2.783373326233024
441 0.3017588554348278 0.8376478060869833 2.775884753671774
442 0.3008072380510012 0.8327464761667158 2.7683724685691424
443 0.2998530493852485 0.827845169766962 2.7608362545059664
444 0.2988962672463705 0.8229438871557114 2.753275893129122
445 0.29793686913026723 0.8180426286636288 2.745691162868316
446 0.29697483224713866 0.8131413945649729 2.7380818381548475
447 0.2960101334311118 0.808240185188352 2.730447690489108
448 0.29504274929618335 0.8033390008251092 2.7227884865547556
449 0.29407265589358844 0.7984378417944085 2.7151039914548427
450 0.29309982906545773 0.7935367084399425 2.707393965292019
451 0.29212424422293953 0.7886356010965422 2.6996581649508067
452 0.2911458672462861 0.7837345199899645 2.6918964277345823
453 0.29016467999808254 0.7788334655434522 2.684108436452703
454 0.28918065888068756 0.7739324381190178 2.67629391645564
455 0.288193777819647 0.7690314380779322 2.668452608158652
456 0.28720401026509407 0.764130465791116 2.6605842484086866
457 0.28621132929423926 0.7592295216264597 2.6526885693121347
458 0.2852157075800024 0.7543286059443702 2.6447652983234895
459 0.2842171173241482 0.7494277191537796 2.636814158870878
460 0.2832155302381886 0.7445268616331956 2.628834870061812
461 0.2822109176870104 0.7396260337860503 2.6208271453422007
462 0.28120325049626144 0.7347252360324289 2.612790694047105
463 0.28019249903414617 0.729824468786454 2.6047252203475746
464 0.27917863319589215 0.7249237324780995 2.5966304232510518
465 0.27816162232949676 0.7200230275500776 2.58850599705366
466 0.27714143534555363 0.715122354436362 2.580351630006939
466 0.27611804061124146 0.7102217135924257 2.572167005170001
467 0.27611804061124146 0.7102217135924257 2.572167005170001
468 0.275091405873806 0.7053211054785188 2.5639518008137054
469 0.2740614984294449 0.7004205305755792 2.5557056886481897
470 0.27302828501223314 0.6955199893662917 2.5474283345226616
471 0.2719917317297083 0.6906194823498927 2.5391193988065623
472 0.27095180411690883 0.6857190100294696 2.5307785355568226
473 0.269908467152473 0.6808185729225746 2.522405392113823
474 0.2688616850945657 0.6759181715559074 2.5139996103132702
475 0.26781142170396643 0.6710178064719183 2.505560824114695
476 0.26675763999925173 0.6661174782280155 2.497088661565172
477 0.2657003023447228 0.6612171873875633 2.4885827436119814
478 0.26463937047347263 0.6563169345303593 2.480042683581536
479 0.263574805322774 0.6514167202538201 2.4714680883709446
480 0.2625065672343588 0.6465165451505194 2.4628585561188148
481 0.26143461570073556 0.6416164098467575 2.454213678349375
482 0.2603589095125867 0.6367163149704714 2.4455330380760034
483 0.25927940672085953 0.6318162611799851 2.4368162098588844
483 0.25819606448640264 0.6269162491363134 2.4280627606906404
484 0.25819606448640264 0.6269162491363134 2.4280627606906404
485 0.2571088392260274 0.6220162795171152 2.4192722482415063
486 0.2560176865058882 0.6171163530323899 2.4104442214706006
487 0.25492256099090843 0.6122164703849248 2.401578220480685
488 0.2538234164971143 0.6073166323236422 2.392673775748924
489 0.2527202059229984 0.6024168395862989 2.383730408046003
490 0.2516128811904698 0.5975170929472051 2.374747628659311
491 0.2505013933519032 0.5926173931828402 2.3657249377065703
492 0.24938569239476624 0.5877177411231488 2.356661825622371
493 0.24826572728192084 0.5828181375891267 2.347557771948527
494 0.24714144710583202 0.5779185834521522 2.338412234046171
495 0.24601279765181222 0.573019079566194 2.329224678698226
496 0.24487972456066792 0.5681196268304145 2.319994551813804
497 0.2437421724661947 0.5632202261631961 2.3107212857935395
498 0.2426000848148127 0.5583208785216687 2.3014043006120937
499 0.24145340376800245 0.5534215848623463 2.292043003850526
500 0.240302070347939 0.5485223462013882 2.282636788801569
501 0.23914602415135505 0.5436231635533773 2.2731850361405934
502 0.23798520356573136 0.5387240379767255 2.2636871112364356
503 0.2368195455404424 0.5338249705655416 2.2541423654340162
504 0.2356489856361213 0.5289259624205837 2.244550134568912
505 0.23447345797143737 0.5240270146996516 2.2349097387538275
506 0.23329289511788145 0.5191281285795307 2.225220482249228
507 0.23210722812477372 0.5142293052767491 2.2154816523004413
508 0.23091638642770662 0.5093305460464932 2.2056925189497116
509 0.22972029781192477 0.504431852170392 2.1958523342302882
510 0.22851888832729844 0.49953322497154096 2.1859603318920384
511 0.2273120822782186 0.4946346658340762 2.176015726382147
512 0.22609980210465533 0.4897361761577169 2.1660177125278137
513 0.22488196840282793 0.4848377573964209 2.155965464193811
514 0.22365849976630603 0.47993941105088056 2.1458581343984453
515 0.2224293127973386 0.4750411386624053 2.1356948537409197
516 0.22119432196449776 0.47014294183044675 2.12547473034098
516 0.21995343957339233 0.46524482220148045 2.1151968484959345
517 0.21995343957339233 0.46524482220148045 2.1151968484959345
518 0.21870657569300112 0.46034678147598007 2.104860267768857
519 0.21745363803119064 0.4554488214154607 2.0944640224880167
520 0.2161945318946846 0.4505509438353688 2.0840071202857566
521 0.2149291600643835 0.4456531506095254 2.0734885414153523
522 0.2136574227199492 0.4407554436743515 2.06290723749893
523 0.21237921734539414 0.4358578250436971 2.0522621304082582
524 0.21109443859799398 0.4309602967888053 2.0415521112307538
525 0.20980297821296062 0.4260628610673564 2.0307760390078022
526 0.2085047248988716 0.42116552010353625 2.019932739211588
527 0.20719956424288466 0.4162682762010993 2.0090210021539376
528 0.20588737850345956 0.41137113175694184 1.998039582353658
529 0.20456804654052915 0.40647408925152706 1.9869871963165868
530 0.20324144363486213 0.4015771512559197 1.9758625213142154
531 0.20190744140007727 0.39668032044390283 1.9646641931234488
532 0.2005659075636859 0.39178359958557485 1.9533908047716007
533 0.19921670582825396 0.3868869915617633 1.9420409044174296
533 0.1978596957038841 0.3819904993648019 1.9306129932418734
534 0.1978596957038841 0.3819904993648019 1.9306129932418734
535 0.1964947322957369 0.37709412610170817 1.919105523572804
536 0.1951216661439131 0.3721978750154034 1.9075168963598679
537 0.19374034298208265 0.36730174948146593 1.8958454590711367
538 0.19235060358821957 0.3624057529995408 1.8840895023930988
539 0.19095228342994947 0.3575098892280339 1.8722472588770367
540 0.18954521253871204 0.352614161981191 1.86031689884636
541 0.18812921520872822 0.3477185752368786 1.8482965277407177
542 0.18670410968608164 0.34282313314224494 1.8361841831904873
543 0.1852697079178339 0.33792784003151993 1.8239778311810644
544 0.18382581523023298 0.33303270043542194 1.8116753624528443
545 0.1823722299976924 0.3281377190932596 1.7992745885566659
546 0.18090874325310868 0.32324290095648844 1.7867732379536827
547 0.17943513838102598 0.3183482512147102 1.774168950892471
548 0.1779511906502492 0.3134537753057359 1.7614592752110758
549 0.1764566667951428 0.3085594789309283 1.7486416610665672
550 0.17495132457195117 0.30366536807031225 1.7357134552326619
551 0.17343491228085542 0.2987714490055234 1.7226718950432636
552 0.17190716816430135 0.2938777283437354 1.7095141027677212
553 0.1703678199350955 0.28898421302116617 1.6962370777019955
554 0.16881658408610326 0.28409091035330114 1.6828376897402646
555 0.16725316526849754 0.27919782803833276 1.6693126709448305
556 0.16567725560393035 0.2743049741988802 1.6556586068436356
557 0.1640885338612684 0.26941235740775493 1.6418719277212535
558 0.16248666472135087 0.2645199867200089 1.6279488976749905
559 0.16087129781212423 0.25962787171490875 1.6138856044918513
560 0.1592420667678465 0.25473602253258393 1.5996779475611476
561 0.1575985881854457 0.24984444992182236 1.5853216250124733
562 0.15594046052579566 0.24495316528344385 1.5708121193019289
563 0.15426726281589617 0.24006218072885807 1.5561446825912135
564 0.15257855335427936 0.2351715091415302 1.5413143195523316
565 0.15087386825153823 0.230281164239679 1.5263157689822882
566 0.1491527197990797 0.22539116064661394 1.5111434840090971
566 0.14741459474046514 0.22050151397940326 1.4957916098308537
567 0.14741459474046514 0.22050151397940326 1.4957916098308537
568 0.14565895233323128 0.21561224093382048 1.480253959540733
569 0.14388522227168135 0.21072335938694695 1.4645239869669386
570 0.1420928023352646 0.20583488851253265 1.448594757297207
571 0.1402810558365545 0.20094684890305362 1.4324589140331434
572 0.13844930878622824 0.19605926272122148 1.4161086425064462
573 0.13659684675781233 0.1911721538499466 1.3995356290244156
574 0.13472291137565748 0.18628554808685424 1.382731015717297
575 0.13282669647617393 0.18139947334582493 1.3656853490921823
576 0.13090734371157445 0.1765139598908989 1.348388523410945
577 0.12896393774314246 0.1716290406080572 1.3308297157449616
578 0.1269955007440169 0.16674475131571856 1.3129973135963589
579 0.12500098627527195 0.16186113111995326 1.2948788321038478
580 0.12297927234493479 0.1569782228245544 1.2764608200336285
581 0.12092915350733478 0.15209607340728473 1.257728752711889
582 0.11884933191802612 0.14721473458174267 1.2386669088159536
583 0.11673840714620302 0.14233426344330055 1.2192582280572093
583 0.11459486557212226 0.13745472327338656 1.1994841355861363
584 0.11459486557212226 0.13745472327338656 1.1994841355861363
585 0.11241706468335097 0.13257618438277652 1.1793243735389145
586 0.1102032166571196 0.12769872518088307 1.1587567863667543
587 0.1079513731271794 0.12282243353865512 1.1377570287499341
588 0.10565940290178173 0.11794740832818261 1.1162982667791856
589 0.10332496674224441 0.11307376131251824 1.0943508125639496
590 0.1009454878264158 0.10820161946081182 1.07188168377445
591 0.09851811658664998 0.10333112780844672 1.048854072616822
592 0.09603968862208165 0.09846245301868325 1.0252266998296427
593 0.09350667392467261 0.09359578786120756 1.000953022204669
594 0.09091511509367693 0.08873135689437013 0.9759802515010105
595 0.08826055160682489 0.08386942378277241 0.9502481262114283
596 0.08553792607121033 0.07901030081916276 0.9236873565696072
597 0.0827414669545315 0.07415436150882052 0.8962176311131901
598 0.07986454043015234 0.06930205746592251 0.8677450229183058
599 0.07689946078280407 0.06445394150996087 0.8381585625418817
600 0.073837244783578 0.059610699879739555 0.8073256261723006
601 0.0706672889586337 0.05477319821623388 0.7750856021701399
602 0.06737693929213218 0.04994254895400715 0.7412409865854369
603 0.06395091089070729 0.04512021326640333 0.705544497145853
604 0.060370480907340394 0.040308160262659154 0.6676799597559296
605 0.05661237341612796 0.03550912763161978 0.6272326258185776
606 0.052647201616039106 0.030727070095009256 0.5836410892093489
607 0.04843730168137664 0.025967979267030712 0.5361153153792417
608 0.04393400674116463 0.0212415067131976 0.4834866721430861
609 0.03907550557979845 0.01656450548305196 0.4239102024982014
610 0.03379274277645711 0.011969769908336491 0.35421125735540027
611 0.028066897999589106 0.007530717739367913 0.2683131473766058
612 0.022540009189052457 0.0034467142218064335 0.1529153867195618
613 0.019858992584442802 0.0004639498147577142 0.023362202930734998
614 0.018389404955012966 4.4282661775653185e-05 0.0024080530003001374
615 0.01706037532604419 4.112929991850542e-06 0.00024108086212920455
616 0.015840836463004954 3.8172973449202286e-07 2.409782686561553e-05
616 0.014711032640992076 3.543055377401338e-08 2.4084341758094307e-06
617 0.014711032640992076 3.543055377401338e-08 2.4084341758094307e-06
618 0.013658856015999856 3.2889043529007915e-09 2.4078915167186766e-07
