1 0.7493407819214727 2.9951107912945325 3.996994242878944
2 0.7486822494927766 2.990191409617687 3.9939392334244688
3 0.748027687798005 2.9852867033239954 3.9908772790374742
4 0.7473736971110472 2.9803823274834764 3.987807356619672
5 0.7467190448967953 2.9754779124918027 3.9847355345048765
6 0.7460634728153668 2.9705734959355516 3.981663228633496
7 0.7454066509586924 2.9656690795816676 3.97859218960204
8 0.7447478481631256 2.9607646628228266 3.975526307495039
9 0.7440871671132305 2.955860245788876 3.972465023495119
10 0.7434244058378594 2.950955828008467 3.9694094044204267
11 0.7427595341568589 2.9460514096657855 3.9663596011729236
12 0.7420928516554817 2.9411469911375465 3.9633140038693986
13 0.7414253134113179 2.9362425732134896 3.960267501123961
14 0.7407572674481205 2.93133815624894 3.9572182212228353
15 0.7400887106488526 2.926433740484274 3.9541661673485105
16 0.7394196394676091 2.921529326063174 3.951111344792937
16 0.7387500513458813 2.916624912731884 3.9480537529821786
17 0.7387500513458813 2.916624912731884 3.9480537529821786
18 0.7380799458008523 2.9117205005908584 3.944993380671658
19 0.7374093219269067 2.9068160895659667 3.9419302185796012
20 0.7367381777948439 2.9019116796608397 3.93886426294162
21 0.7360665119799673 2.8970072708391124 3.935795507183673
22 0.7353943237066001 2.892102863189104 3.932723941370759
23 0.7347216112519159 2.887198456707898 3.929649560448218
24 0.7340483739643356 2.882294051389604 3.9265723535675905
25 0.7333746100759424 2.877389647218947 3.9234923157770454
26 0.732700318493064 2.8724852442767834 3.9204094385881927
27 0.7320254972792569 2.867580842475341 3.917323717730287
28 0.7313501460229395 2.862676441912718 3.914235140964787
29 0.7306742622311172 2.8577720424774427 3.9111437068430774
30 0.7299978453692412 2.852867644212231 3.908049403583127
31 0.7293208939676856 2.8479632471557754 3.904952224338662
32 0.7286434070866742 2.843058851321649 3.9018521593285462
33 0.7279653823121086 2.83815445659771 3.898749206429815
33 0.7272868191196624 2.833250063087232 3.8956433536313955
34 0.7272868191196624 2.833250063087232 3.8956433536313955
35 0.7266077162785384 2.8283456708163395 3.8925345925339983
36 0.7259280720190344 2.8234412797642614 3.8894229174956445
37 0.7252478852574422 2.8185368899540992 3.886308319194339
38 0.7245671545135524 2.8136325013888914 3.883190790338627
39 0.7238858773776446 2.8087281139867026 3.880070328435783
40 0.7232040537035567 2.803823727804509 3.8769469189864414
41 0.7225216819843719 2.7989193428325563 3.873820554623988
42 0.7218387599367041 2.7940149591596732 3.8706912322146185
43 0.7211552875451909 2.789110576752947 3.867558936227267
44 0.7204712622431874 2.7842061955777355 3.8644236647400887
45 0.7197866833007784 2.779301815655232 3.8612854059899866
46 0.719101549106529 2.7743974369546125 3.8581441527997713
47 0.7184158579599214 2.769493059483228 3.854999898453983
48 0.7177296086147489 2.7645886833133666 3.8518526338200676
49 0.7170427994691985 2.7596843083634575 3.8487023513887237
50 0.7163554292025692 2.754779934662694 3.845549042225105
51 0.7156674963652788 2.749875562269036 3.8423926980547005
52 0.7149789996402287 2.7449711912390766 3.839233309817942
53 0.7142899371493111 2.740066821450642 3.8360708711452474
54 0.7136003075871054 2.735162452976613 3.832905372791962
55 0.7129101096019199 2.7302580857765513 3.829736805529512
56 0.712219341496743 2.725353719877927 3.826565162005489
57 0.7115280017035351 2.720449355287512 3.8233904340717895
58 0.7108360883335402 2.7155449920713326 3.820212615312714
59 0.7101436004915559 2.710640630130908 3.817031693666779
60 0.709450537136644 2.705736269528959 3.8138476580049723
61 0.7087568962555798 2.7008319101722975 3.8106605021284614
62 0.70806267566818 2.6959275522156085 3.807470221010496
63 0.7073678747598583 2.691023195592232 3.8042768008171106
64 0.7066724913826968 2.686118840342124 3.8010802360318037
65 0.7059765237310166 2.6812144864597665 3.7978805191563754
66 0.7052799715358133 2.676310133842335 3.7946776342087505
66 0.7045828320701567 2.6714057826112287 3.7914715786677466
67 0.7045828320701567 2.6714057826112287 3.7914715786677466
68 0.7038851042478309 2.666501432705469 3.78826234084735
69 0.7031867863950814 2.6615970842334638 3.785049912382826
70 0.7024878768151647 2.6566927370930187 3.7818342846534776
71 0.7017883741811864 2.6517883913523055 3.778615447208408
72 0.7010882762923772 2.646884047030964 3.775393394151017
73 0.7003875825238447 2.6419797040344175 3.7721681108537806
74 0.6996862898646297 2.637075362482743 3.768939595762189
75 0.6989843979438639 2.632171022326025 3.7657078327768585
76 0.6982819048264793 2.6272666835885095 3.7624728142445223
77 0.697578808286305 2.622362346220681 3.759234533891392
78 0.696875107192751 2.617458010311653 3.7559929796540734
79 0.6961707997053814 2.6125536757665033 3.752748142944422
80 0.6954658843302344 2.6076493427815852 3.749500013638874
81 0.6947603589228524 2.6027450111672 3.746248584479493
82 0.6940542223895864 2.5978406809430963 3.7429938427561025
83 0.6933474729075041 2.592936352158753 3.7397357796451702
83 0.6926400659999025 2.588032024819115 3.736474616268415
84 0.6926400659999025 2.588032024819115 3.736474616268415
85 0.6919320424939359 2.5831276988418774 3.73321011342601
86 0.6912234013023129 2.5782233744406664 3.7299422582961093
87 0.6905141402568868 2.573319051396368 3.7266710431723173
88 0.6898042573780431 2.568414729819156 3.723396459717052
89 0.6890937517135174 2.563510409717346 3.7201184938085103
90 0.6883826206056101 2.558606091042994 3.7168371403566813
91 0.6876708630420472 2.553701773910796 3.713552385532222
92 0.6869584770822312 2.548797458271508 3.7102642201857687
93 0.6862454606443257 2.5438931441411143 3.7069726359320714
94 0.6855318119294854 2.538988831467156 3.703677622663438
95 0.6848175298724627 2.5340845203463505 3.7003791664303436
96 0.6841026120861962 2.52918021073859 3.6970772601288004
97 0.6833870566104276 2.5242759026723163 3.693771894353141
98 0.6826708618787598 2.5193715960842833 3.690463057337455
99 0.6819540263113275 2.5144672910347423 3.687150737470433
100 0.6812365479988111 2.509562987564415 3.683834924794427
101 0.6805184249559763 2.5046586855774158 3.6805156094626623
102 0.6797996550402771 2.4997543851428454 3.6771927826217254
103 0.6790802368521742 2.4948500862410485 3.67386643116834
104 0.6783601684602081 2.4899457888759904 3.67053654480901
105 0.677639447677644 2.485041493117991 3.667203114627613
106 0.6769180734107457 2.480137198953716 3.6638661255670133
107 0.6761960428684237 2.475232906356703 3.660525571632695
108 0.6754733546432402 2.470328615358492 3.657181439322988
109 0.6747500067158122 2.4654243259316067 3.653833718255866
110 0.6740259971782708 2.460520038122772 3.650482397449719
111 0.6733013238912569 2.4556157519993898 3.6471274671011784
112 0.6725759852031974 2.4507114673887735 3.6437689143009906
113 0.6718499789073152 2.4458071844261857 3.6404067294963713
114 0.6711233033431432 2.4409029031062213 3.637040899857109
115 0.6703959564139794 2.4359986233513067 3.633671414699049
116 0.6696679362845788 2.4310943453072027 3.630298262143608
116 0.6689392407841148 2.426190068829447 3.6269214315870064
117 0.6689392407841148 2.426190068829447 3.6269214315870064
118 0.6682098679206045 2.4212857941085075 3.623540911844481
119 0.667479816049184 2.416381521026413 3.6201566892748693
120 0.6667490826044898 2.411477249564191 3.616768755263005
121 0.6660176655583727 2.4065729798028177 3.6133770983164637
122 0.6652855631491935 2.401668711729497 3.609981705240928
123 0.6645527733214274 2.396764445358078 3.606582564359902
124 0.6638192941146008 2.3918601806983566 3.603179663357946
125 0.6630851233746656 2.386955917729075 3.5997729908055316
126 0.6623502585845743 2.38205165644997 3.5963625371572348
127 0.6616146981876299 2.3771473969106625 3.592948287609714
128 0.6608784400355117 2.372243139103534 3.5895302303643977
129 0.660141482054849 2.3673388829908153 3.5861083530486586
130 0.6594038217413761 2.362434628586538 3.582682645586948
131 0.6586654573727941 2.357530376014533 3.579253093699444
132 0.657926386506503 2.352626125136828 3.5758196864985807
133 0.6571866069688431 2.34772187601507 3.5723824118137797
133 0.6564461165876693 2.3428176287037767 3.5689412573299766
134 0.6564461165876693 2.3428176287037767 3.5689412573299766
135 0.6557049135136522 2.337913383204502 3.565496208769564
136 0.6549629951159323 2.3330091394766166 3.562047255912008
137 0.6542203596193922 2.3281048974947987 3.5585943837780096
138 0.6534770048298135 2.323200657351935 3.555137579717853
139 0.6527329282877079 2.3182964189825435 3.551676832152549
140 0.6519881278526451 2.313392182502271 3.5482121279133434
141 0.6512426012470419 2.3084879478080524 3.5447434541100487
142 0.6504963461773411 2.3035837149489784 3.541270798039142
143 0.64974936014223 2.2986794839658717 3.5377941479814488
144 0.6490016410882063 2.293775254821083 3.5343134895237256
145 0.6482531864616237 2.28887102756675 3.5308288109776234
146 0.6475039943989547 2.283966802108533 3.5273400965327233
147 0.6467540628239882 2.2790625785219096 3.5238473316589713
148 0.6460033886990948 2.2741583568931096 3.5203505069420022
149 0.6452519699395696 2.269254137134536 3.516849607366655
150 0.6444998044994218 2.264349919279792 3.513344617751274
151 0.6437468896177299 2.259445703332728 3.5098355266220134
152 0.6429932231688297 2.2545414893040903 3.50632231890898
153 0.6422388024859443 2.2496372772126816 3.5028049823599936
154 0.6414836256607102 2.244733066991639 3.499283500307006
155 0.64072768961988 2.2398288587547954 3.495757862569671
156 0.6399709926225381 2.2349246524694366 3.4922280513229755
157 0.6392135316052178 2.230020448179414 3.48869405592729
158 0.6384553049301421 2.225116245813867 3.48515585763256
159 0.6376963094285357 2.2202120454750744 3.4816134461632564
160 0.6369365427056016 2.2153078471164824 3.478066806633859
161 0.6361760021824312 2.2104036507217257 3.4745159250566413
162 0.6354146853560062 2.2054994563543606 3.470960786999559
163 0.6346525902749683 2.2005952639558086 3.4674013746676478
164 0.6338896768096066 2.195691073578676 3.463837878902969
165 0.6331259796225904 2.1907868851512307 3.4602700815676046
166 0.6323614963995547 2.1858826987929794 3.456697966651403
166 0.6315962244014472 2.1809785144793437 3.4531215200759298
167 0.6315962244014472 2.1809785144793437 3.4531215200759298
168 0.6308301605500268 2.1760743322097933 3.4495407294927896
169 0.6300633029929801 2.171170152033974 3.4459555757656375
170 0.6292956487358329 2.1662659739167616 3.4423660457028227
171 0.6285271955005475 2.161361797887162 3.4387721221289294
172 0.627757940646923 2.156457623943424 3.435173789631607
173 0.6269878808236307 2.15155345209084 3.4315710365318277
174 0.6262170140263902 2.1466492823757837 3.427963843673719
175 0.6254453370701524 2.141745114752189 3.4243521980434277
176 0.624672847491317 2.1368409492733544 3.420736082662944
177 0.6238995429106019 2.1319367859367113 3.417115479826846
178 0.6231254200664184 2.1270326247643245 3.4134903765242095
179 0.6223504763638982 2.122128465754131 3.4098607558762257
180 0.6215747091890903 2.1172243089151386 3.406226600945976
181 0.620798115673112 2.112320154294325 3.402587896073109
182 0.620020692810146 2.1074160018089674 3.3989446259566543
183 0.619242438127437 2.102511851567125 3.395296772496782
183 0.6184633485280999 2.097607703570219 3.3916443206576115
184 0.6184633485280999 2.097607703570219 3.3916443206576115
185 0.6176834212807623 2.092703557759584 3.3879872531148365
186 0.6169026533125335 2.087799414232643 3.3843255544808426
187 0.616121042220413 2.082895272963043 3.3806592053025546
188 0.6153385843677238 2.0779911339333963 3.376988192717649
189 0.6145552773472889 2.073086997209244 3.3733124970591213
190 0.6137711179487675 2.0681828626787158 3.3696321025834757
191 0.6129861035655282 2.0632787304727795 3.3659469904315946
192 0.6122002309837261 2.0583746005824737 3.362257144651732
193 0.6114134973515897 2.0534704729881605 3.358562547086403
194 0.6106258994947202 2.0485663477466076 3.3548631812731036
195 0.6098374341798593 2.043662224824048 3.3511590307218024
196 0.6090480990100468 2.03875810429552 3.3474500743198097
197 0.6082578904488568 2.0338539861102083 3.343736296802249
198 0.6074668057966679 2.0289498702394515 3.340017678132333
199 0.6066748416248721 2.024045756775046 3.336294202268211
200 0.6058819949915834 2.0191416457132103 3.3325658501227773
201 0.6050882624533216 2.0142375370884333 3.328832605216529
202 0.6042936411790174 2.0093334308962136 3.325094447421074
203 0.6034981279446836 2.004429327128862 3.3213513585457
204 0.6027017193840809 1.9995252257807592 3.3176033209663554
205 0.6019044125150337 1.994621126914159 3.313850314836061
206 0.6011062039510227 1.9897170305550662 3.310092322249906
207 0.6003070904300927 1.9848129366544032 3.3063293242669767
208 0.5995070686453963 1.979908845235593 3.3025613020864877
209 0.5987061355564235 1.975004756338428 3.298788235238152
210 0.5979042878485518 1.9701006700012194 3.2950101045273703
211 0.5971015221010921 1.96519658617395 3.2912268909628284
212 0.5962978348708425 1.9602925049204083 3.287438575632269
213 0.5954932229698747 1.9553884261922447 3.2836451377905362
214 0.5946876830750777 1.9504843500599205 3.279846557396544
215 0.5938812111433946 1.9455802765349341 3.2760428180395276
216 0.5930738045560366 1.9406762056095106 3.2722338951764405
216 0.5922654594073764 1.9357721372551941 3.268419771080584
217 0.5922654594073764 1.9357721372551941 3.268419771080584
218 0.5914561723375117 1.9308680715470996 3.264600424941138
219 0.5906459401124351 1.9259640084970846 3.2607758348943516
220 0.5898347588222591 1.9210599481074293 3.2569459825380043
221 0.5890226250226189 1.9161558903959575 3.253110846671426
222 0.5882095349963347 1.911251835355167 3.2492704072998015
223 0.5873954856008323 1.9063477829954494 3.2454246410244254
224 0.5865804727874031 1.9014437333427598 3.2415735292161836
225 0.5857644932029993 1.896539686454884 3.2377170491923786
226 0.5849475429787536 1.8916356422944072 3.23385518069116
227 0.5841296185185998 1.8867316009079564 3.2299879018168283
228 0.583310716123267 1.8818275622910392 3.2261151908845878
229 0.582490832048167 1.8769235264766306 3.222237026249754
230 0.581669962842528 1.872019493437557 3.218353384261579
231 0.5808481045177535 1.867115463257845 3.2144642441555513
232 0.5800252531611259 1.8622114358894992 3.210569584238763
233 0.5792014052189961 1.8573074113598296 3.2066693806752444
233 0.5783765565943214 1.8524033896820953 3.202763612324951
234 0.5783765565943214 1.8524033896820953 3.202763612324951
235 0.5775507035905342 1.8474993708969294 3.1988522555878487
236 0.5767238423726982 1.8425953550055254 3.1949352872683536
237 0.575895968826663 1.837691342056031 3.1910126855031895
238 0.5750670792829025 1.8327873320216954 3.1870844255371837
239 0.574237169480927 1.827883324941096 3.18315048570155
240 0.5734062355696583 1.8229793208291423 3.1792108417134295
241 0.5725742735050747 1.8180753196962487 3.1752654700440974
242 0.5717412793521524 1.8131713215494358 3.171314346244099
243 0.5709072486136502 1.808267326403287 3.167357448682518
244 0.5700721775864251 1.8033633342539663 3.1633947509753177
245 0.5692360619339822 1.7984593451634145 3.159426230047935
246 0.568398897671083 1.7935553591516336 3.155451860481115
247 0.5675606804590796 1.7886513762169414 3.1514716184534928
248 0.5667214062444098 1.783747396357591 3.1474854782321646
249 0.5658810707450973 1.7788434196125618 3.1434934150922444
250 0.5650396695914542 1.7739394460200504 3.139495404460147
251 0.5641971985945718 1.7690354755955393 3.1354914203796955
252 0.5633536224603699 1.764131508224174 3.1314816092236537
253 0.5625089674680375 1.759227544054669 3.127465775298295
254 0.5616632296058205 1.75432358307279 3.123443890574762
255 0.5608164041657127 1.7494196252750813 3.1194159305621074
256 0.5599684873327799 1.744515670727904 3.115381865571245
257 0.5591194742281083 1.7396117194396705 3.1113416713686988
258 0.5582693604673575 1.734707771441078 3.107295320647474
259 0.5574181411910571 1.7298038267499005 3.103242788355903
260 0.556565812132572 1.7248998853237556 3.099184045664829
261 0.5557123684875794 1.719995947239377 3.095119066578451
262 0.5548578057882891 1.7150920125069868 3.0910478227306317
263 0.5540021193672993 1.7101880811535204 3.086970286515598
264 0.5531453043588836 1.705284153179896 3.082886431000955
265 0.5522873562166007 1.700380228613143 3.0787962271333864
266 0.5514282697775412 1.6954763074846153 3.0746996489110168
266 0.5505680407345552 1.6905723897990435 3.0705966651161236
267 0.5505680407345552 1.6905723897990435 3.0705966651161236
268 0.5497066638777361 1.6856684755963462 3.066487249227284
269 0.548844134669422 1.6807645648859724 3.0623713705136435
270 0.5479804477360789 1.6758606577102169 3.058249002558123
271 0.5471155986809676 1.6709567540397086 3.0541201129490587
272 0.5462495823293511 1.6660528539359591 3.049984673363912
273 0.5453823933698512 1.6611489574241154 3.0458426557558615
274 0.5445140270705544 1.6562450645009745 3.041694028364066
275 0.5436444782291924 1.6513411752346299 3.0375387617538703
276 0.5427737416419406 1.6464372896073614 3.0333768259067524
277 0.5419018120400843 1.6415334076487664 3.0292081908139896
278 0.5410286845956884 1.636629529343849 3.0250328234757182
279 0.5401543539830136 1.6317256547766488 3.0208506934074664
280 0.539278814709312 1.6268217839688122 3.01666177049013
281 0.5384020615864474 1.6219179168731026 3.0124660223142232
282 0.537524089335921 1.617014053592436 3.0082634167896747
283 0.5366448921658028 1.6121101940988969 3.004053923988186
283 0.5357644651341414 1.6072063384360942 2.999837508883109
284 0.5357644651341414 1.6072063384360942 2.999837508883109
285 0.5348828025208905 1.6023024866126552 2.995614140258464
286 0.5339998988104719 1.5973986387030137 2.9913837853927476
287 0.5331157485983843 1.5924947947036998 2.9871464103068255
288 0.5322303461355443 1.5875909546273907 2.9829019824868745
289 0.5313436856735829 1.5826871185273492 2.9786504689916113
290 0.5304557618955509 1.5777832863672068 2.9743918337866586
291 0.5295665686634299 1.572879458220972 2.9701260451367877
292 0.5286761001970277 1.567975634120691 2.9658530687056515
293 0.5277843509075723 1.5630718140828264 2.961572868530461
294 0.5268913149664202 1.5581679981094816 2.9572854094374033
295 0.5259969863678285 1.55326418626075 2.952990656822044
296 0.5251013590404275 1.5483603785620392 2.9486885758428043
297 0.5242044272217977 1.5434565750249611 2.9443791293504367
298 0.5233061847118681 1.5385527756669823 2.9400622821113958
299 0.5224066256405804 1.5336489805316529 2.9357379965291917
300 0.5215057434109754 1.5287451896469122 2.9314062384969293
301 0.5206035322148848 1.5238414030589222 2.927066968938544
302 0.5196999856057543 1.5189376207534782 2.922720151671792
303 0.5187950973667952 1.5140338428077789 2.918365748813806
304 0.5178888612722351 1.5091300692179885 2.9140037217844204
305 0.5169812709644309 1.5042263000344802 2.9096340322509926
306 0.5160723197439303 1.4993225352451258 2.905256643078772
307 0.5151620012816676 1.4944187749452524 2.900871514644519
308 0.5142503088678384 1.4895150191036421 2.8964786086038994
309 0.5133372360828722 1.4846112677694885 2.892077884507516
310 0.512422776091336 1.4797075209923947 2.88766930361551
311 0.5115069224549958 1.4748037787814223 2.8832528242297264
312 0.5105896680912493 1.469900041172542 2.878828407686955
313 0.5096710063999281 1.464996308211188 2.874396011967054
314 0.5087509304328306 1.4600925799592914 2.8699555963801124
315 0.5078294331020333 1.4551888563813689 2.865507120161331
316 0.506906507719537 1.4502851375253323 2.8610505397728114
316 0.5059821470777963 1.445381423440524 2.8565858139225853
317 0.5059821470777963 1.445381423440524 2.8565858139225853
318 0.5050563440050183 1.4404777141711151 2.8521129004109733
319 0.5041290915109857 1.4355740097397864 2.8476317552654136
320 0.5032003822538315 1.4306703101709757 2.8431423357888006
321 0.5022702089584378 1.4257666155293016 2.838644598264999
322 0.5013385642974596 1.420862925832577 2.8341384984489943
323 0.5004054408005649 1.4159592410714568 2.829623992109596
324 0.499470830929362 1.4110555613256883 2.825101034829495
325 0.49853472732233206 1.4061518866652178 2.8205695804137187
326 0.49759712254561683 1.4012482170745033 2.816029582136591
327 0.496658008665014 1.3963445525923441 2.8114809954351325
328 0.49571737780883424 1.3914408932838613 2.806923774660264
329 0.4947752223621173 1.3865372391572104 2.802357871798253
330 0.4938315346945766 1.3816335902605978 2.797783238194998
331 0.49288630649167486 1.3767299466568268 2.7931998282855126
332 0.49193952991880385 1.3718263083601503 2.788607592861209
333 0.4909911968202483 1.3669226754176447 2.7840064837620186
333 0.4900412991203175 1.3620190478582062 2.7793964514892777
334 0.4900412991203175 1.3620190478582062 2.7793964514892777
335 0.4890898286588582 1.3571154257399183 2.774777446223505
336 0.48813677692159047 1.3522118090879407 2.770149419217284
337 0.4871821356203588 1.3473081979462112 2.765512319598093
338 0.486225896422899 1.3424045923630503 2.760866095859861
339 0.4852680509276154 1.3375009923812138 2.756210695974133
340 0.4843085903611372 1.3325973980234767 2.7515460690668134
341 0.48334750590897024 1.3276938093591069 2.7468721636667635
342 0.48238478907386617 1.322790226428737 2.742188925501509
343 0.4814204309341223 1.3178866492651062 2.737496301741806
344 0.48045442249128467 1.3129830779328386 2.732794239096958
345 0.4794867548473968 1.3080795124390063 2.728082682607824
346 0.4785174187911531 1.3031759528494251 2.7233615782295915
347 0.47754640553010935 1.2982723992262348 2.7186308685227423
348 0.4765737054706904 1.2933688516115205 2.7138904995484765
349 0.4755993094292913 1.2884653100189223 2.7091404139443607
350 0.4746232079890922 1.283561774535989 2.7043805547862885
350 0.4746232079890922 1.283561774535989 2.7043805547862885
351 0.47364539170338954 1.2786582451777848 2.69961086410932
352 0.47266584552715196 1.2737547219887622 2.694831314854528
353 0.471684546258334 1.2688512049711451 2.6900419253426544
354 0.47070150321326776 1.2639476942383077 2.685242527610183
355 0.46971670644942976 1.2590441898562206 2.6804330622457235
356 0.46873014588941603 1.254140691841472 2.6756134693699685
357 0.46774181177633023 1.2492372003061718 2.6707836863289556
358 0.46675169372420416 1.2443337152465894 2.6659436526476656
359 0.4657597814871702 1.23943023672151 2.6610933060042483
360 0.4647660648233897 1.2345267647889893 2.656232582854575
361 0.46377053314656497 1.2296232995326675 2.6513614204636644
362 0.4627731758613766 1.2247198409808135 2.6464797547982286
363 0.4617739824248481 1.2198163891759868 2.6415875203070955
364 0.4607729421093164 1.214912944193985 2.636684651300015
365 0.45977004394692994 1.2100095061201228 2.6317710821973237
366 0.4587652770665945 1.2051060749597544 2.6268467453887556
366 0.4577586301865711 1.2002026508003916 2.621911574471504
367 0.4577586301865711 1.2002026508003916 2.621911574471504
368 0.4567500922592581 1.1952992336928574 2.616965500281471
369 0.45573965189594023 1.190395823699404 2.6120084542725044
370 0.4547272976892129 1.185492420893391 2.607040366649872
371 0.45371301813208054 1.1805890252901783 2.602061166661294
372 0.4526968014801044 1.1756856370084665 2.597070783722197
373 0.45167863611488507 1.170782256095514 2.592069144925694
374 0.4506585098377449 1.1658788825951967 2.5870561792230657
375 0.44963641076465777 1.1609755165987954 2.5820318123801957
376 0.4486123268646888 1.1560721581594884 2.5769959694134412
377 0.44758624582702494 1.1511688073302657 2.5719485754152256
378 0.4465581551475559 1.1462654642315528 2.5668895551863633
379 0.44552804233380755 1.1413621288760991 2.5618188316436985
380 0.44449589460795785 1.1364588013178079 2.55673632783528
381 0.44346169942005453 1.1315554816876447 2.551641964046631
382 0.44242544367348036 1.1266521700259526 2.5465356618536763
383 0.441387114262916 1.1217488664008721 2.541417341269942
383 0.4403466979024727 1.116845570911831 2.536286921718187
384 0.4403466979024727 1.116845570911831 2.536286921718187
385 0.439304181319424 1.111942283590619 2.5311443206640245
386 0.43825955101138964 1.1070390045414182 2.525989455304873
387 0.43721279333541346 1.102135733849277 2.5208222418225517
388 0.4361638945535955 1.097232471555107 2.515642595034376
389 0.4351128405536474 1.092329217756753 2.5104504302075954
390 0.43405961729280174 1.0874259725535687 2.50524566034446
391 0.43300421066231837 1.0825227359918204 2.500028196806691
392 0.4319466060499778 1.077619508180736 2.4947979520784833
393 0.4308867889813608 1.0727162891811677 2.4895548357774575
394 0.42982474460193054 1.0678130790977431 2.4842987578266733
395 0.42876045819589303 1.0629098780047619 2.479029625253216
396 0.42769391447521105 1.0580066859805977 2.473747346344156
397 0.426625098345567 1.053103503123178 2.468451826221819
398 0.4255539942405997 1.0482003295164826 2.4631429705811927
399 0.42448058670969857 1.0432971652530243 2.4578206823072763
400 0.42340485980357007 1.0383940104282576 2.452484864982417
401 0.42232679764439773 1.0334908651215815 2.4471354195046566
402 0.42124638405924364 1.0285877294336967 2.4417722462610794
403 0.42016360269900294 1.0236846034561078 2.43639524432928
404 0.4190784370003871 1.018781487292702 2.4310043117101747
405 0.41799087031459853 1.013878381057284 2.4255993445363866
406 0.4169008856429489 1.0089752848259126 2.4201802384513056
407 0.4158084658516234 1.004072198721487 2.4147468875243603
408 0.41471359371365907 0.9991691228195679 2.409299183738474
409 0.41361625154120785 0.9942660572537055 2.4038370193359015
410 0.4125164217293399 0.9893630021077395 2.398360283355895
411 0.4114140861133613 0.984459957486402 2.392868865494176
412 0.4103092265837519 0.9795569235086904 2.3873626524670515
413 0.40920182467963967 0.9746539002860595 2.381841530274473
414 0.4080918619249039 0.9697508879298175 2.3763053822138427
415 0.406979319248799 0.9648478865711658 2.37075409225235
416 0.4058641776679601 0.9599448962963553 2.3651875408469576
416 0.40474641778465426 0.9550419172350763 2.3596056080308716
417 0.40474641778465426 0.9550419172350763 2.3596056080308716
418 0.4036260199675891 0.9501389495127123 2.3540081721911976
419 0.402502964429073 0.9452359932476384 2.3483951095575173
420 0.4013772311001382 0.9403330485605683 2.342766294897201
421 0.40024879960409143 0.9354301155795604 2.3371216016259058
422 0.3991176493179499 0.9305271944290505 2.331460901363855
423 0.3979837593103413 0.9256242852446491 2.3257840642760055
424 0.3968471084978236 0.920721388152037 2.320090958044832
425 0.3957076753997448 0.915818503281466 2.3143814492764236
426 0.39456543842670627 0.910915630783021 2.3086554017889
427 0.393420375542595 0.9060127708086907 2.3029126784781844
428 0.3922724643984963 0.901109923474345 2.2971531403716834
429 0.39112168242385015 0.8962070889221704 2.291376646183911
430 0.38996800671157805 0.8913042673097528 2.285583052891221
431 0.3888114141401186 0.886401458781194 2.2797722148706145
432 0.38765188106410126 0.8814986634815815 2.2739439856756913
433 0.3864893837205203 0.8765958815726671 2.268098215620211
433 0.3853238978976544 0.8716931132129964 2.2622347535904095
434 0.3853238978976544 0.8716931132129964 2.2622347535904095
435 0.38415539923108977 0.8667903585509454 2.2563534452096174
436 0.3829838628205197 0.8618876177585008 2.250454135093449
437 0.3818092634838343 0.856984890996053 2.2445366651831837
438 0.38063157567902683 0.8520821784293272 2.2386008751619126
439 0.3794507734719167 0.8471794802147992 2.232646602517729
440 0.37826683072398104 0.842276796546009 2.226673681469611
441 0.3770797206617509 0.8373741275854397 2.220681945228721
442 0.37588941633022993 0.8324714735249094 2.214671223393953
443 0.37469589029889483 0.8275688345445031 2.2086413434755094
444 0.37349911476686465 0.8226662108357589 2.202592130236402
445 0.37229906139120916 0.8177636025938801 2.1965234065808725
446 0.37109570174011736 0.8128610099779261 2.190434990667669
447 0.36988900665409097 0.8079584332166989 2.184326699853173
448 0.3686789466758658 0.8030558725102405 2.178198347778912
449 0.36746549193117106 0.798153328049219 2.1720497450103937
450 0.3662486119061603 0.7932508000597501 2.165880700356062
451 0.36502827589548886 0.7883482887359052 2.1596910179134094
452 0.3638044525449964 0.7834457942967534 2.1534804998018946
453 0.3625771100683866 0.7785433169705828 2.1472489447106566
454 0.36134621617651635 0.7736408569884625 2.1409961481665043
455 0.36011173807317903 0.7687384145648812 2.134721902368715
456 0.35887364241263564 0.7638359899359793 2.1284259964060412
457 0.3576318955350685 0.7589335833421174 2.12210821466761
458 0.35638646295602167 0.7540311950265801 2.1157683397184144
459 0.35513730969745566 0.7491288252398447 2.109406150195916
460 0.35388440042319086 0.7442264742179828 2.1030214197856796
461 0.35262769905735863 0.7393241422399734 2.096613919485986
462 0.35136716895634224 0.7344218295680421 2.0901834162522306
463 0.350102772877148 0.7295195364604888 2.083729673047974
464 0.3488344730083469 0.7246172631984652 2.077252448559253
465 0.3475622309151052 0.7197150100525826 2.0707514972430325
466 0.3462860074608402 0.7148127773211456 2.064226569714863
466 0.34500576288068907 0.7099105652775647 2.057677411965632
467 0.34500576288068907 0.7099105652775647 2.057677411965632
468 0.34372145670107557 0.7050083742296817 2.0511037658111833
469 0.34243304779422495 0.7001062044925173 2.0445053682821683
470 0.3411404943432919 0.6952040563639751 2.03788195154688
471 0.33984375377262893 0.6903019301663538 2.0312332432279967
472 0.3385427828060582 0.6853998262140492 2.02455896573254
473 0.3372375373346265 0.6804977448614623 2.017858836948608
474 0.3359279725743244 0.6755956864296842 2.0111325688431854
475 0.3346140428818461 0.6706936512791726 2.0043798685281056
476 0.33329570181319296 0.6657916397502768 1.9976004374741159
477 0.3319729020052871 0.660889652214516 1.990793972105562
478 0.33064559535801186 0.6559876890391731 1.983960162326953
479 0.32931373284458354 0.6510857506087874 1.977098692437649
480 0.327977264478911 0.6461838373108538 1.9702092409896406
481 0.3266361394456125 0.6412819495364154 1.9632914797022758
482 0.32529030587437 0.6363800877018927 1.956345074567541
483 0.32393970913440007 0.6314782522110802 1.9493696956710076
483 0.32258428528592004 0.6265764434300363 1.942365056235381
484 0.32258428528592004 0.6265764434300363 1.942365056235381
485 0.321223989752878 0.6216746618635525 1.935330740215932
486 0.31985876852832973 0.6167729079624356 1.9282663745633983
487 0.3184885645625077 0.6118711821803723 1.9211715906373912
488 0.3171133197326916 0.606969484985404 1.9140460119967357
489 0.31573297485122337 0.6020678168710714 1.9068892539804305
490 0.31434746942244984 0.5971661783295088 1.89970092467002
491 0.3129567418557744 0.5922645698714328 1.8924806232305966
492 0.3115607291904646 0.5873629920029089 1.8852279410472161
493 0.3101593672982629 0.5824614452677429 1.8779424601663646
494 0.30875259060793525 0.5775599302046734 1.8706237543382398
495 0.307340332274903 0.5726584473835862 1.8632713876009195
496 0.30592252399026243 0.5677569973814148 1.8558849148338181
497 0.3044990960801835 0.5628555807826144 1.848463880610004
498 0.303069977315523 0.5579541982047312 1.8410078198667992
499 0.3016350949452375 0.5530528502632021 1.8335162569979133
500 0.30019437464335175 0.5481515376127871 1.8259887056978426
501 0.2987477404152003 0.5432502608991748 1.818424668732772
502 0.2972951146632804 0.5383490208058855 1.8108236370302464
503 0.29583641806888483 0.5334478180251894 1.8031850896091408
504 0.2943715694388771 0.5285466532821811 1.7955084938728356
505 0.29290048581610206 0.5236455273098687 1.787793304100698
506 0.291423082263608 0.5187444408698665 1.7800389620498005
507 0.28993927193909513 0.5138433947370057 1.772244895630917
508 0.2884489659490651 0.5089423897218276 1.7644105190229653
509 0.28695207339213763 0.5040414266513467 1.7565352314515013
510 0.2854485010122322 0.4991405063724164 1.7486184183921394
511 0.2839381534822393 0.49423962976778124 1.7406594489200855
512 0.2824209330651202 0.489338797744741 1.7326576767307469
513 0.2808967396984871 0.4844380112403945 1.724612438579342
514 0.27936547079575264 0.4795372712098348 1.71652305434851
515 0.2778270211419346 0.47463657865320663 1.7083888266243448
516 0.27628128301698746 0.46973593459563406 1.7002090386512063
516 0.2747281458006233 0.46483534009700705 1.6919829555226897
517 0.2747281458006233 0.46483534009700705 1.6919829555226897
518 0.27316749612290236 0.45993479624599276 1.6837098219001168
519 0.27159921760303696 0.4550343041758515 1.6753888622791209
520 0.2700231908323061 0.4501338650559911 1.6670192795978778
521 0.26843929316168375 0.44523348008825114 1.6586002549935284
522 0.2668473987132786 0.440333150526625 1.650130946188285
523 0.2652473780984029 0.4354328776604634 1.6416104874707724
524 0.26363909843722166 0.4305326628273809 1.6330379878381365
525 0.2620224230888621 0.42563250740882325 1.6244125307721262
526 0.260397211588233 0.4207324128347558 1.6157331726733752
527 0.25876331950279896 0.4158323805946621 1.6069989417111499
528 0.2571205982046057 0.41093241222806637 1.5982088370106533
529 0.2554688947353888 0.40603250932600893 1.589361827186718
530 0.2538080516236108 0.4011326735477382 1.580456849109756
531 0.2521379066924968 0.39623290661380284 1.571492806502284
532 0.250458292839807 0.3913332103055071 1.562468568592391
533 0.24876903787408808 0.38643358647501747 1.553382968304146
533 0.24706996426970618 0.3815340370556429 1.544234800791703
534 0.24706996426970618 0.3815340370556429 1.544234800791703
535 0.24536088893899205 0.37663456404572015 1.535022821584938
536 0.24364162292149638 0.3717351695334594 1.5257457452302228
537 0.24191197119693716 0.36683585569114446 1.5164022428328217
538 0.24017173241656742 0.3619366247734302 1.5069909399065617
539 0.2384206985190788 0.357037479139948 1.4975104148156722
540 0.23665865450475368 0.3521384212496931 1.487959195857846
541 0.23488537802464804 0.34723945365674314 1.47833575924128
542 0.2331006391007223 0.34234057903795956 1.468638526083298
543 0.23130419969923446 0.3374418001897499 1.4588658598872242
544 0.22949581377493317 0.33254312003188213 1.4490160607374198
545 0.22767522783927138 0.327644541634202 1.4390873558958488
546 0.22584217607265825 0.32274606818248724 1.4290779242166571
547 0.22399638291487217 0.3178477030148761 1.4189858732481018
548 0.2221375635647591 0.3129494496401184 1.4088092289212724
549 0.22026542238396737 0.30805131173199224 1.398545937886684
550 0.21837965221427993 0.30315329315075334 1.3881938636539783
551 0.21647993385624323 0.2982553979497778 1.3777507810393124
552 0.21456593521575112 0.2933576303916105 1.3672143721072614
553 0.21263731076245534 0.28845999495869157 1.3565822193873607
554 0.21069370062520917 0.2835624963694743 1.345851800637776
555 0.20873472977441662 0.2786651395981773 1.3350204822136484
556 0.20676000712974643 0.2737679298908057 1.3240855119482091
557 0.20476912456119925 0.26887087278501365 1.3130440116945283
558 0.20276165579385722 0.26397397413698725 1.3018929693756451
559 0.2007371553180715 0.25907724013516936 1.2906292296742823
560 0.19869515708327196 0.25418067733445326 1.2792494848172251
561 0.1966351732115795 0.2492842926893865 1.2677502636883613
562 0.1945566924557447 0.24438809357493724 1.2561279208142766
563 0.19245917865875664 0.23949208782751924 1.2443786235425809
564 0.1903420689613794 0.23459628378540287 1.2324983387303765
565 0.1882047719692536 0.22970069033137352 1.2204828173480053
566 0.18604666557706434 0.22480531693715747 1.2083275786742789
566 0.18386709478956184 0.21991017372088636 1.1960278916277884
567 0.18386709478956184 0.21991017372088636 1.1960278916277884
568 0.18166536914210107 0.21501527150261152 1.1835787553676436
569 0.17944075998852976 0.21012062187532843 1.1709748771057356
570 0.17719249741261744 0.2052262372763617 1.1582106481543841
571 0.17491976695399136 0.20033213106875541 1.1452801164630422
572 0.17262170581776035 0.19543831764001376 1.1321769572034082
573 0.1702973988057181 0.19054481250237518 1.118894439014633
574 0.16794587369414066 0.18565163242009944 1.105425386980356
575 0.1655660961448682 0.1807587955415824 1.0917621406222007
576 0.1631569639781819 0.17586632155449705 1.077896506936809
577 0.1607173007402834 0.17097423186491056 1.0638197075074214
578 0.15824584848920464 0.16608254980326154 1.0495223185244666
579 0.1557412596522797 0.16119130085641334 1.0349942026685917
580 0.15320208774994634 0.15630051294302066 1.0202244319159117
581 0.15062677698245755 0.1514102167261096 1.0052011983483076
582 0.14801365017221996 0.14652044598830577 0.9899117129928438
583 0.14536089512996425 0.1416312380614249 0.9743420879101995
583 0.14266654879970284 0.13674263433657927 0.9584772007666599
584 0.14266654879970284 0.13674263433657927 0.9584772007666599
585 0.13992847911073705 0.1318546808708387 0.9423005360223426
586 0.1371443637742904 0.126967429114742 0.9257939999904231
587 0.13431166563606117 0.12208093677219232 0.9089377024255663
588 0.13142760368632678 0.11719526885209022 0.8917096984572258
589 0.12848911885913786 0.11231049894207877 0.8740856808676878
590 0.12549283349026719 0.107426710776384 0.8560386102423583
591 0.12243500271580018 0.1025440001686253 0.8375382684202942
592 0.11931145603304108 0.09766247743006076 0.8185507132107663
593 0.11611752629220937 0.09278227041882789 0.7990376076850071
594 0.11284796271943463 0.0879035284362841 0.7789553866810339
595 0.10949682343259122 0.0830264272449192 0.7582542090459107
596 0.10605734112404507 0.07815117565066478 0.7368766256289497
597 0.10252175427886416 0.0732780242590889 0.7147558562036415
598 0.09888109067001095 0.06840727729646255 0.6918135392008715
599 0.09512488122424459 0.06353930878027837 0.6679567739011698
600 0.09124078992686248 0.05867458541082487 0.6430740621366574
601 0.08721412013457797 0.053813699623136764 0.6170296683621662
602 0.08302713400393685 0.04895741846931118 0.589655647598167
603 0.07865810372247742 0.044106758570938834 0.5607401714965936
604 0.07407995559794285 0.039263105577380795 0.5300098422098826
605 0.06925827002082353 0.03442841341507811 0.49710183931430413
606 0.0641482786330071 0.029605557089177066 0.4615175608772098
607 0.058690195166656134 0.02479900227134632 0.42254080431880153
608 0.052801870089512766 0.02001619857587618 0.379081243560949
609 0.046367727324273335 0.015270851220929032 0.32934224086792363
610 0.03922775938662456 0.01059197403442029 0.2700122107415552
611 0.031223462757844676 0.006055113617372701 0.19392831808353467
612 0.023373723718513126 0.0019300936857645744 0.08257536150458758
613 0.021241080052398758 0.00020605377800438754 0.009700720372790924
614 0.019682061424898985 1.9306047409929655e-05 0.000980895597932966
615 0.018264141843896905 1.7916856563261422e-06 9.809854038802523e-05
616 0.016962727680033256 1.6631151026900994e-07 9.804526335983947e-06
616 0.015752408206085262 1.5439046916400222e-08 9.801070867650582e-07
617 0.015752408206085262 1.5439046916400222e-08 9.801070867650582e-07
