1 1.3743406478041502 5.49511037587332 3.9983612393718553
2 1.3736845467764467 5.490190679337047 3.996689554541899
3 1.3730314203959737 5.485285411626851 3.9950181256922215
4 1.3723772221488286 5.480380593133159 3.993348552194809
5 1.371720407487034 5.475475736893725 3.9916849723951358
6 1.3710603054509831 5.470570876163398 3.990029362248922
7 1.3703973833694592 5.4656660146505445 3.98838036395827
8 1.3697338311581355 5.460761152724975 3.98673160325448
9 1.3690700336548303 5.4558562902405106 3.9850819579154124
10 1.368405968266497 5.450951428562304 3.9834314925325804
11 1.367741629483288 5.446046567269898 3.981780220674669
12 1.367077014992889 5.441141706231619 3.980128146811042
13 1.3664121288335371 5.4362368451638385 3.978475256805999
14 1.3657469683698422 5.431331984551884 3.976821556510376
15 1.3650815343669882 5.426427124181566 3.9751670413576385
16 1.364415822127123 5.421522263865388 3.973511722704329
16 1.3637498369124708 5.416617403770965 3.9718555831575273
17 1.3637498369124708 5.416617403770965 3.9718555831575273
18 1.3630835792442786 5.411712544004717 3.9701986190788694
19 1.3624170412393901 5.406807684468758 3.9685408511553755
20 1.3617502267990726 5.401902824984415 3.966882265686944
21 1.3610831350820023 5.396997965700214 3.965222863021557
22 1.360415770812079 5.3920931067969 3.963562627312218
23 1.3597481268961331 5.387188247741698 3.961901576609569
24 1.3590802062321128 5.38228338918016 3.9602397007178087
25 1.3584120054999491 5.377378530706273 3.958577006780197
26 1.3577435262955864 5.372473672529607 3.9569134880632806
27 1.3570747694531045 5.367568814324483 3.9552491396532194
28 1.3564057329711086 5.362663956305549 3.9535839652926135
29 1.355736420471556 5.357759098421638 3.9519179521326766
30 1.3550668237050383 5.352854240951727 3.9502511221667245
31 1.3543969480984328 5.347949383540207 3.9485834570497995
32 1.3537267889261446 5.343044526356413 3.946914968414586
33 1.353056353552594 5.338139669428142 3.945245632535767
33 1.3523856304032025 5.333234812900854 3.94357548098969
34 1.3523856304032025 5.333234812900854 3.94357548098969
35 1.3517146289916953 5.328329956643343 3.9419044836542048
36 1.3510433483472672 5.323425100600641 3.940232641027242
37 1.3503717800713142 5.318520244653961 3.938559975218888
38 1.3496999293020802 5.313615389074216 3.9368864691441803
39 1.34902779650883 5.30871053342143 3.9352121188013505
40 1.3483553798121641 5.303805678056803 3.9335369276278356
41 1.347682679686979 5.298900822882419 3.9318608918482014
42 1.3470096926487303 5.293995968091435 3.9301840194493614
43 1.3463364240617992 5.289091113599156 3.928506292388905
44 1.3456628636571404 5.284186259183402 3.9268277381323
45 1.344989022536808 5.27928140496976 3.9251483220379098
46 1.3443148926192723 5.2743765509515805 3.923468065339178
47 1.3436404762515395 5.269471697212864 3.9217869588995464
48 1.342965776302003 5.2645668436258015 3.9201049918951307
49 1.342290786737021 5.259661990198531 3.918422179581713
50 1.3416155081117702 5.254757137046571 3.9167385180589283
51 1.3409399423262718 5.24985228416428 3.915053999403434
52 1.3402640881152712 5.244947431628983 3.913368624988394
53 1.3395879445570626 5.240042578994976 3.91168239478865
54 1.3389115101710376 5.235137726596043 3.90999531098757
55 1.3382347851848206 5.230232874671965 3.9083073707052303
56 1.3375577722359249 5.225328023009042 3.9066185636782897
57 1.3368804698925054 5.220423171417013 3.904928891538652
58 1.3362028736781941 5.215518319998398 3.9032383650257607
59 1.3355249856458327 5.210613468984651 3.9015469758994468
60 1.334846806810514 5.205708618160769 3.899854718609472
61 1.334168337990539 5.200803767484019 3.898161588302435
62 1.3334895742773727 5.195898917073389 3.8964675969732143
63 1.332810519581499 5.190994066935845 3.894772730759817
64 1.3321311685575132 5.186089216927241 3.8930770027271056
65 1.331451521824505 5.181184367206156 3.8913804087334043
66 1.3307715817699213 5.176279517779227 3.8896829393477086
66 1.330091348592948 5.171374668480689 3.88798459139764
67 1.330091348592948 5.171374668480689 3.88798459139764
68 1.3294108217503577 5.166469819574836 3.886285364197988
69 1.328729996383761 5.161564970790322 3.8845852692705893
70 1.3280488732565996 5.156660122490834 3.8828843021761954
71 1.3273674562843194 5.151755274024214 3.8811824484875106
72 1.3266857397317242 5.146850426018547 3.8794797229518103
73 1.326003727943936 5.141945578155559 3.8777761101233965
74 1.325321419421823 5.137040730615034 3.8760716120140044
75 1.3246388141938727 5.132135883170308 3.874366225855718
76 1.3239559083690544 5.127231035899275 3.8726599605687566
77 1.3232727034909604 5.122326189002075 3.8709528092650376
78 1.3225891999438855 5.117421342387107 3.869244768219964
79 1.321905254122207 5.112516495900924 3.8675362549306307
80 1.3212210092360386 5.107611649571939 3.865826847943692
81 1.3205364639275923 5.102706803379263 3.864116548665827
82 1.3198516215958775 5.097801957667089 3.862405344854722
83 1.3191664729271853 5.092897111927487 3.860693260818343
83 1.3184810236799838 5.087992266613602 3.858980277480686
84 1.3184810236799838 5.087992266613602 3.858980277480686
85 1.3177952727225986 5.083087421393884 3.857266395327171
86 1.317109219254209 5.078182576233359 3.855551614093776
87 1.3164228624544567 5.073277731602685 3.853835933951809
88 1.3157362007889326 5.068372887274211 3.852119356627224
89 1.3150492371861298 5.063468042938199 3.8504018707107353
90 1.3143619677995693 5.058563198823511 3.8486834850313514
91 1.3136743932592794 5.05365835503196 3.8469641952094604
92 1.3129865136619163 5.048753511365984 3.845243998192352
93 1.312298330024809 5.043848668144804 3.843522888617446
94 1.3116098402937546 5.038943824963302 3.8418008695594685
95 1.3109210449128572 5.034038982068611 3.8400779372668064
96 1.3102319400530515 5.0291341393026405 3.8383541001900854
97 1.309542525732399 5.02422929664168 3.8366293556077813
98 1.3088528050994674 5.019324454369583 3.834903691854131
99 1.30816277665997 5.014419612406813 3.833177110580795
100 1.3074724382978054 5.0095147704641265 3.831449615095519
101 1.3067817912415156 5.004609928924996 3.8297211994133598
102 1.3060908354325267 4.999705087734097 3.8279918609783277
103 1.3053995670012875 4.994800246802324 3.826261608371897
104 1.3047079886511126 4.989895406148091 3.824530430987053
105 1.3040161003860653 4.98499056553873 3.8227983259277862
106 1.3033238994223586 4.980085725155248 3.82106529878141
107 1.3026313869353943 4.975180885106646 3.819331343467311
108 1.301938563039032 4.9702760452337 3.817596456803539
109 1.3012454247234737 4.965371205491077 3.815860644848194
110 1.3005519701195325 4.960466366009862 3.8141239104454625
111 1.299858206098257 4.955561526912803 3.8123862307933982
112 1.2991641277232722 4.950656687967355 3.8106476174362682
113 1.2984697353225785 4.945751849302028 3.808908066750864
114 1.2977750265297727 4.9408470108080405 3.8071675828281095
115 1.2970800001592884 4.935942172652449 3.805426166501903
116 1.2963846593923 4.9310373347205125 3.803683805570494
116 1.2956890037535933 4.926132497234485 3.801940498810707
117 1.2956890037535933 4.926132497234485 3.801940498810707
118 1.2949930272980994 4.92122765984229 3.800196260600756
119 1.2942967323572458 4.916322822696214 3.7984510814164936
120 1.2936001200612588 4.911417985806448 3.7967049551401297
121 1.292903190458435 4.906513149083427 3.7949578787439497
122 1.292205944340145 4.901608312744644 3.7932098472489324
123 1.2915083769059135 4.896703476656906 3.7914608718125504
124 1.2908104916511856 4.891798640698974 3.7897109392421022
125 1.2901122828673646 4.886893804958459 3.787960063520205
126 1.289413755758638 4.881988969507318 3.786208226571118
127 1.2887149053865499 4.877084134157395 3.7844554398899537
128 1.2880157318500058 4.872179299388804 3.782701700693347
129 1.287316237214967 4.867274464793532 3.7809469997236995
130 1.286616418835521 4.862369630419835 3.7791913419079664
131 1.285916275408662 4.8574647963307624 3.7774347282345957
132 1.2852158109557217 4.852559962426744 3.7756771439173686
133 1.2845150220612291 4.847655128669617 3.7739185960555806
133 1.283813909495646 4.842750295310648 3.772159079670005
134 1.283813909495646 4.842750295310648 3.772159079670005
135 1.2831124703303474 4.837845462458296 3.7703986005316863
136 1.2824107073851216 4.832940629548706 3.7686371469895428
137 1.2817086143766687 4.828035796798235 3.7668747347432365
138 1.2810061940046793 4.823130964315593 3.7651113530041016
139 1.2803034480648734 4.818226132317146 3.7633469937144186
140 1.2796003741643778 4.8133213004876465 3.76158166070474
141 1.2788969723452461 4.808416468840561 3.7598153508979455
142 1.2781932442116828 4.80351163751864 3.7580480567171
143 1.2774891847078325 4.7986068067165375 3.756279790199555
144 1.2767847967332049 4.793701975987361 3.7545105394836917
145 1.2760800785848254 4.788797145785567 3.752740306937751
146 1.2753750281306202 4.7838923156143185 3.7509690954403463
147 1.2746696458318267 4.778987485666179 3.7491969007761985
148 1.273963933793344 4.774082655928607 3.7474237137258197
149 1.2732578905655072 4.769177826476595 3.745649535584973
150 1.2725515149175182 4.764272997351565 3.7438743669723786
151 1.2718448052486797 4.759368168453077 3.742098209476503
152 1.2711377614559995 4.7544633396769 3.740321060268869
153 1.27043038396074 4.749558511452574 3.7385429153899623
154 1.2697225414152844 4.744653683263532 3.7367641579198465
155 1.2690143651348995 4.739748855510893 3.734984398704616
156 1.268305851186139 4.734844027838729 3.733203645958608
157 1.2675970024450947 4.729939200563491 3.731421888376046
158 1.2668878172899247 4.725034373385961 3.729639127396113
159 1.2661782932215564 4.720129546542388 3.7278553674561046
160 1.2654684313476747 4.715224719876577 3.7260706020576473
161 1.2647582337237955 4.710319893596136 3.724284822189029
162 1.264047696358744 4.705415067497797 3.7224980363101534
163 1.2633368181077063 4.700510241620809 3.7207102446847755
164 1.2626255996600722 4.695605416120217 3.7189214422584036
165 1.2619140407832556 4.690700590798253 3.7171316264036403
166 1.261202142579023 4.685795765669203 3.715340790721505
166 1.2604899043275555 4.680890940690844 3.7135489341249426
167 1.2604899043275555 4.680890940690844 3.7135489341249426
168 1.259777322842915 4.675986116159381 3.711756063053408
169 1.2590643965721422 4.671081291945882 3.709962178791732
170 1.2583511298955785 4.666176467789204 3.7081672650275417
171 1.2576375206551247 4.6612716440125705 3.7063713251688255
172 1.2569235671983179 4.656366820589865 3.7045743608490884
173 1.2562092696262737 4.651461997443975 3.7027763684850057
174 1.255494626750271 4.646557174452725 3.7009773482503054
175 1.2547796357502876 4.6416523517354875 3.699177305312291
176 1.2540643005988283 4.636747529219458 3.6973762246524076
177 1.2533486175062114 4.631842707328052 3.695574114522129
178 1.252632587822419 4.626937885473419 3.6937709672050802
179 1.2519162098502803 4.622033063840587 3.691966784576859
180 1.2511994839535425 4.617128242335547 3.6901615622045627
181 1.2504824090174982 4.612223421283887 3.688355300341812
182 1.2497649837434146 4.607318600559332 3.6865479994159016
183 1.2490472119234337 4.6024137800310605 3.6847396448239196
183 1.248329087465572 4.597508959728527 3.6829302512389974
184 1.248329087465572 4.597508959728527 3.6829302512389974
185 1.2476106136664251 4.592604139745332 3.6811198056810226
186 1.2468917854561452 4.587699320007085 3.679308319710187
187 1.246172604547884 4.582794500591152 3.6774957849870296
188 1.245453072800281 4.577889681507581 3.6756821926775913
189 1.244733187965227 4.572984862628775 3.673867545947145
190 1.2440129485897429 4.568080043920115 3.67205184568107
191 1.243292355102888 4.563175225598145 3.67023508740269
192 1.242571407159166 4.558270407587072 3.6684172686770866
193 1.2418501043040042 4.553365589780665 3.6665983873573866
194 1.24112844283486 4.548460772286202 3.664778451049811
195 1.2404064246825444 4.543555955080517 3.6629574506140954
196 1.239684048525802 4.538651138190481 3.6611353865428207
197 1.2389613142673779 4.533746321673228 3.6593122557294064
198 1.2382382216967338 4.52884150539551 3.657488055238455
199 1.237514770032333 4.523936689485236 3.6556627840223976
200 1.2367909618071435 4.519031873827503 3.6538364310364106
201 1.2360667913781387 4.514127058405822 3.6520090094588227
202 1.2353422619693821 4.509222243238115 3.6501805062910377
203 1.2346173704022858 4.504317428351749 3.6483509274489383
204 1.233892116343394 4.499412613623628 3.6465202703114072
205 1.2331665010117554 4.494507799243581 3.644688527912531
206 1.2324405235049183 4.489602985247458 3.6428556994211343
207 1.2317141785707024 4.48469817147883 3.6410217966987553
208 1.2309874723372283 4.479793358042779 3.6391867981703903
209 1.2302603980982323 4.474888545004756 3.63735072015823
210 1.2295329579914103 4.469983732266314 3.635513552697741
211 1.2288051535029298 4.465078919675378 3.6336752876946097
212 1.2280769846866997 4.460174107454917 3.6318359215833467
213 1.2273484480299457 4.455269295593885 3.6299954611464846
214 1.226619541408336 4.450364484008118 3.6281539089932138
215 1.2258902655213595 4.445459672687106 3.626311259431115
216 1.2251606211227326 4.440554861894937 3.6244675068201504
216 1.2244306083018035 4.435650051138138 3.6226226468562914
217 1.2244306083018035 4.435650051138138 3.6226226468562914
218 1.2237002254181968 4.430745240879977 3.620776681123663
219 1.2229694719222073 4.425840430785424 3.618929607318073
220 1.222238349289451 4.4209356210176 3.617081417538333
221 1.221506853333753 4.416030811539525 3.615232120464354
222 1.22077498492766 4.411126002461522 3.613381709916766
223 1.220042743266784 4.406221193551606 3.6115301843880627
224 1.2193101284331127 4.401316384993146 3.609677540076784
225 1.218577136683069 4.396411576858168 3.607823784405696
226 1.2178437719228385 4.391506768881393 3.605968901863083
227 1.2171100301590179 4.3866019612414995 3.604112900678652
228 1.2163759138349017 4.381697153896662 3.6022557698321767
229 1.2156414197341057 4.376792346927284 3.600397515152626
230 1.2149065498293243 4.37188754020997 3.598538126923551
231 1.2141713002084282 4.366982733764442 3.59667761296515
232 1.2134355513768824 4.362077927606724 3.594816323501553
233 1.2126994252736674 4.357173121760338 3.5929538935644043
233 1.2119629195456327 4.352268316294457 3.5910903263658684
234 1.2119629195456327 4.352268316294457 3.5910903263658684
235 1.2112260312367586 4.347363510903539 3.5892256265864204
236 1.2104887615100273 4.342458705898252 3.5873597871997096
237 1.2097511109660877 4.337553901304265 3.5854928025983495
238 1.2090130789191766 4.332649097008953 3.583624670861475
239 1.2082746626757817 4.327744292981271 3.581755396076316
240 1.2075358630424609 4.322839489327889 3.579884972058908
241 1.206796680312834 4.317934685878441 3.5780133939041967
242 1.2060571116371674 4.3130298828075695 3.5761406663013067
243 1.2053171595401855 4.308125080126701 3.5742667778580377
244 1.2045768193909048 4.303220277471013 3.5723917380768953
245 1.2038360912889121 4.298315475243361 3.570515543059753
246 1.2030949754100335 4.2934106732810715 3.568638188201069
247 1.2023534706619796 4.288505871703651 3.566759672879331
248 1.201611577362593 4.283601070419029 3.564879992102829
249 1.2008692939199193 4.278696269361593 3.5629991465556783
250 1.2001266196832459 4.273791468784974 3.5611171343845136
251 1.1993835579805885 4.268886668509259 3.5592339415564584
252 1.1986401029566514 4.263981868634418 3.5573495815103926
253 1.1978962564034052 4.25907706901137 3.5554640447737382
254 1.1971520157766669 4.254172269573044 3.553577334799122
255 1.1964073822651196 4.249267470490242 3.5516894441467257
256 1.1956623546753067 4.24436267174678 3.5498003722793263
257 1.1949169319423523 4.239457873212399 3.547910118171234
258 1.1941711133448063 4.23455307507796 3.5460186800342326
259 1.1934248983268902 4.229648277344325 3.5441260554175105
260 1.192678286909224 4.224743479927305 3.542232240075026
261 1.1919312751834603 4.219838682869386 3.54033724152416
262 1.1911838670120278 4.214933886162466 3.538441044148146
263 1.1904360600045367 4.210029089823464 3.536543650910087
264 1.1896878539068658 4.205124293602981 3.534645058192026
265 1.1889392464587607 4.200219497783213 3.532745268770889
266 1.188190239368357 4.195314702201785 3.5308442732470335
266 1.1874408288694172 4.190409906964355 3.5289420787005583
267 1.1874408288694172 4.190409906964355 3.5289420787005583
268 1.1866910171291758 4.185505111988478 3.527038674409103
269 1.185940803693366 4.180600317462999 3.5251340576556505
270 1.185190184184179 4.175695523303067 3.523228237143552
271 1.1844391598510677 4.170790729397069 3.5213212048152034
272 1.1836877308513025 4.165885935766647 3.5194129559580394
273 1.182935896403513 4.160981142553847 3.5175034887389103
274 1.1821836569920627 4.156076349728478 3.5155927974026984
275 1.1814310096140537 4.151171557188591 3.5136808864909375
276 1.1806779526803728 4.146266764947206 3.511767756427025
277 1.1799244860920732 4.141361972979233 3.509853403157589
278 1.1791706104707498 4.13645718153875 3.5079378207089045
279 1.1784163242816255 4.13155239031479 3.5060210090295776
280 1.1776616270541866 4.126647599508082 3.5041029653233373
281 1.1769065192622084 4.121742809035355 3.502183683729815
282 1.176150999396985 4.116838018982313 3.5002631644176847
283 1.1753950645468612 4.111933229180368 3.498341411502865
283 1.174638717723778 4.107028439948611 3.4964184118732575
284 1.174638717723778 4.107028439948611 3.4964184118732575
285 1.1738819552885469 4.102123650805837 3.494494171517878
286 1.1731247771550313 4.097218862016872 3.4925686864726533
287 1.1723671851164723 4.092314073755362 3.490641947086568
288 1.1716091741889194 4.087409285810487 3.488713963545152
289 1.1708507461180109 4.08250449801529 3.4867847260216127
290 1.1700919017552696 4.077599710621891 3.4848542276935963
291 1.1693326376116144 4.072694923701857 3.4829224744982903
292 1.1685729528500983 4.067790137115036 3.4809894642810906
293 1.1678128486677406 4.062885350865302 3.4790551889374273
294 1.167052321992435 4.0579805648724205 3.4771196529942086
295 1.1662913748614658 4.053075779141527 3.4751828458158314
296 1.1655300037129133 4.048170993915281 3.473244773638966
297 1.1647682104490924 4.043266208977999 3.4713054260118095
298 1.1640059915040482 4.038361424501816 3.469364809096665
299 1.163243348211539 4.033456640362957 3.467422914185847
300 1.162480280668527 4.028551856674145 3.465479736445403
301 1.1617167854975126 4.0236470731999665 3.463535281085582
302 1.1609528641927724 4.018742290095411 3.461589539115097
303 1.160188513011576 4.013837507290578 3.459642516948906
304 1.1594237343665599 4.0089327248950495 3.4576942027888466
305 1.1586585255063844 4.004027942945939 3.455744600158191
306 1.1578928874779075 3.9991231613325366 3.4537937011110964
307 1.1571268188553405 3.994218379949865 3.4518415050660116
308 1.1563603184724403 3.9893135990684994 3.4498880109777628
309 1.1555933847296762 3.9844088185238196 3.4479332187038074
310 1.1548260176775902 3.979504038361205 3.4459771233455374
311 1.1540582186038923 3.9745992586236394 3.4440197162946093
312 1.1532899830355017 3.969694479107817 3.442061005905414
313 1.1525212215243097 3.964789700033425 3.4401012545258345
314 1.151752003705681 3.959884921269725 3.4381402494018456
315 1.150982347854847 3.9549801428966065 3.43617793119741
316 1.1502122547091926 3.950075364790163 3.4342142927253523
316 1.1494417242574804 3.9451705871086413 3.4322493292621283
317 1.1494417242574804 3.9451705871086413 3.4322493292621283
318 1.148670751334799 3.940265809669806 3.430283051162457
319 1.1478993391593288 3.9353610327380246 3.4283154441225747
320 1.1471274865793897 3.9304562561650034 3.4263465065118432
321 1.1463551927994666 3.9255514799757614 3.4243762357715104
322 1.1455824539194486 3.920646704224092 3.42240463862741
323 1.1448092726621972 3.915741928732644 3.420431701803725
324 1.1440356463694814 3.9108371535823085 3.418457428309233
325 1.143261574594252 3.905932378816801 3.416481814499041
326 1.1424870573012456 3.9010276045155767 3.4145048555127504
327 1.1417120928540696 3.89612283043844 3.41252655097911
328 1.1409366807176218 3.891218056700102 3.410546897530386
329 1.1401608202181666 3.8863132834511873 3.40856589222874
330 1.1393845090621213 3.8814085106122587 3.4065835367616333
331 1.1386077493990001 3.8765037381786516 3.4045998195821303
332 1.1378305387625745 3.8715989659903145 3.4026147427900795
333 1.1370528760560896 3.8666941942581516 3.400628304701119
333 1.136274760689883 3.8617894229415066 3.3986405018772414
334 1.136274760689883 3.8617894229415066 3.3986405018772414
335 1.1354961896825466 3.8568846519129236 3.3966513379416994
336 1.1347171646855234 3.8519798813322446 3.3946608028968925
337 1.1339376845957043 3.847075111198118 3.392668894825344
338 1.1331577487562794 3.842170341420053 3.390675610379143
339 1.1323773547303597 3.837265571961357 3.3886809515676704
340 1.131596503303458 3.83236080293977 3.3866849108776838
341 1.1308151928735104 3.827456034376429 3.384687487838304
342 1.1300334224040287 3.8225512661548366 3.3826886801478455
343 1.1292511916851797 3.817646498230625 3.380688483076611
344 1.1284685000314787 3.812741730699641 3.378686893425279
345 1.1276853465719507 3.8078369636232043 3.3766839085021747
346 1.1269017282968539 3.8029321969770655 3.374679531927454
347 1.1261176473416377 3.7980274306923403 3.372673751857214
348 1.1253331007552971 3.793122664745974 3.3706665717022983
349 1.1245480890405553 3.78821789921638 3.3686579846028826
350 1.1237626101880158 3.7833131341021815 3.3666479911350655
350 1.1237626101880158 3.7833131341021815 3.3666479911350655
351 1.1229766631918645 3.778408369375034 3.3646365888277407
352 1.1221902482585677 3.773503605029131 3.3626237715796523
353 1.1214033628806543 3.768598841189542 3.360609541520178
354 1.1206160090012274 3.763694077677053 3.358593887152767
355 1.119828182569876 3.758789314636441 3.3565768152132542
356 1.1190398841337479 3.7538845520107906 3.3545583184612617
357 1.118251113613139 3.7489797897515125 3.3525383915231037
358 1.117461867795316 3.7440750279787176 3.35051703855054
359 1.116672148744995 3.7391702665961777 3.3484942476612805
360 1.1158819522073067 3.73426550553154 3.3464700259242064
361 1.1150912792809209 3.729360745069983 3.3444443646576656
362 1.1143001294310908 3.7244559847887455 3.3424172594238835
363 1.1135085005955339 3.7195512249241522 3.340388710939196
364 1.1127163926741688 3.7146464656034914 3.338358713918249
365 1.1119238041754116 3.7097417065025184 3.3363272668252795
366 1.1111307354743254 3.7048369479994325 3.3342943631362085
366 1.1103371851383301 3.699932189925465 3.3322600012396353
367 1.1103371851383301 3.699932189925465 3.3322600012396353
368 1.1095431493158951 3.6950274322404684 3.3302241868815026
369 1.108748630161294 3.6901226749355627 3.3281869077923876
370 1.107953624033317 3.6852179180441187 3.3261481691162387
371 1.1071581340864531 3.680313161599438 3.3241079555777877
372 1.1063621559406973 3.675408405724966 3.322066274582492
373 1.1055656907548415 3.6705036501137167 3.3200231164985103
374 1.1047687380723115 3.665598894945428 3.317978476962932
375 1.1039712953433465 3.6606941402200164 3.315932357717238
376 1.1031733604426603 3.6557893859037964 3.3138847591795284
377 1.1023749346265914 3.6508846319856367 3.311835671610498
378 1.1015760151103404 3.6459798784047206 3.3097850973448413
379 1.100776602804857 3.6410751253952163 3.3077330278618735
380 1.0999766959596462 3.636170372761704 3.305679462226626
381 1.0991762925541941 3.631265620678607 3.3036244006323217
382 1.098375393961532 3.6263608688268647 3.30156783260375
383 1.0975739976621095 3.621456117509581 3.2995097599100136
383 1.0967721020535692 3.616551366640717 3.2974501811900345
384 1.0967721020535692 3.616551366640717 3.2974501811900345
385 1.095969708484308 3.611646616175044 3.2953890862274275
386 1.0951668132420327 3.606741866204882 3.293326480125717
387 1.0943634171571452 3.601837116655954 3.2912623541570265
388 1.0935595178773334 3.5969323675654166 3.2891967092447647
389 1.0927551148970422 3.5920276189360645 3.287129540706382
390 1.0919502065937383 3.5871228708364766 3.285060847258094
391 1.0911447928903857 3.5822181232335617 3.2829906228525845
392 1.0903388719500058 3.5773133759344025 3.280918866569062
393 1.0895324424243449 3.572408629162454 3.278845576377149
394 1.0887255061606922 3.5675038828157284 3.2767707403092445
395 1.0879180600516682 3.562599136858304 3.2746943613465764
396 1.0871101028047536 3.557694391442439 3.2726164371608326
397 1.0863016341141525 3.5527896464614903 3.270536962193459
398 1.0854926522609594 3.5478849019486156 3.2684559352463323
399 1.0846830586274303 3.542980157864369 3.266373646830711
400 1.0838729491637222 3.5380754141840893 3.2642898015989257
401 1.0830623246091855 3.533170670935838 3.262204390879126
402 1.0822511833188713 3.528265928068578 3.260117413083965
403 1.0814395243284265 3.523361185699372 3.258028864709173
404 1.0806273477372719 3.5184564438590575 3.2559387389430423
405 1.079814650453969 3.5135517023562874 3.253847038358983
406 1.0790014309192468 3.5086469613134 3.2517537611829077
407 1.0781876896077511 3.503742220763104 3.249658899405334
408 1.077373424832273 3.498837480723345 3.2475624514945216
409 1.0765586363864623 3.4939327410705534 3.245464411300588
410 1.0757433220553296 3.489028001841448 3.243364778853811
411 1.074927482328348 3.4841232630229984 3.2412635459614534
412 1.074111114589563 3.4792185247982985 3.2391607139525505
413 1.073294218702371 3.4743137870410865 3.2370562763690134
414 1.0724767930952341 3.469409049671937 3.234950231099182
415 1.0716588344055948 3.4645043128785082 3.23284258165998
416 1.0708403444257106 3.4595995765495067 3.2307333157165297
416 1.070021322440161 3.454694840793677 3.2286224286777
417 1.070021322440161 3.454694840793677 3.2286224286777
418 1.069201765461239 3.449790105386829 3.2265099224734604
419 1.0683816729148736 3.4448853704717277 3.2243957920702826
420 1.0675610459691838 3.4399806360396803 3.2222800270093206
421 1.066739879339272 3.4350759020438666 3.220162636247853
422 1.0659181763342784 3.4301711685942515 3.2180436029252295
423 1.0650959323615168 3.4252664356117695 3.2159229338312407
424 1.064273147157716 3.4203617031418103 3.2138006227784137
425 1.0634498195358233 3.4154569710648084 3.2116766661877794
426 1.06262594911468 3.4105522395065275 3.209551058251502
427 1.061801535088302 3.4056475084238005 3.2074237942597983
428 1.0609765743834245 3.400742777935615 3.2052948764791735
429 1.060151067468167 3.395838047911637 3.2031642962181928
430 1.059325012829077 3.3909333182740875 3.2010320507944217
431 1.0584984075457504 3.386028589064083 3.1988981418639804
432 1.0576712531323118 3.3811238604080325 3.1967625577368914
433 1.0568435479333702 3.376219132294052 3.1946252961435584
433 1.0560152897988522 3.371314404609226 3.1924863561884482
434 1.0560152897988522 3.371314404609226 3.1924863561884482
435 1.055186477619656 3.3664096775212844 3.190345734069114
436 1.0543571108139709 3.3615049508757946 3.188203424056855
437 1.053527187643245 3.356600224773069 3.1860594241348723
438 1.0526967070827615 3.3516954991227994 3.183913729920401
439 1.0518656675080071 3.346790773930066 3.18176633890809
440 1.0510340689500939 3.3418860493775324 3.179617243726297
441 1.0502019105428932 3.336981325342404 3.1774664393986662
442 1.0493691891467571 3.3320766017990153 3.1753139278925553
443 1.0485359055045744 3.3271718787682953 3.1731596994451037
444 1.0477020578153093 3.3222671562121096 3.171003751906121
445 1.046867643625519 3.3173624341959735 3.1688460851720106
446 1.0460326618501907 3.3124577127138934 3.1666866949019727
447 1.0451971112916307 3.3075529916954407 3.164525577006276
448 1.0443609907151754 3.3026482712628855 3.16236272766301
449 1.043524300544196 3.297743551255744 3.1601981377299753
450 1.0426870381148843 3.292838831844233 3.158031807700888
451 1.0418492025177066 3.2879341129879553 3.1558637325271417
452 1.0410107924985539 3.2830293946199345 3.153693908148887
453 1.0401718072863892 3.2781246767148344 3.1515223290533507
454 1.0393322454034875 3.2732199594372298 3.1493489920218023
455 1.038492105606094 3.2683152426315107 3.1471738927895148
456 1.037651385884793 3.2634105263512443 3.1449970295838545
457 1.0368100849383635 3.258505810575155 3.1428183983847604
458 1.0359682031589779 3.2536010954980012 3.14063799021707
459 1.0351257374202625 3.2486963808638025 3.1384558063063865
460 1.034282688240737 3.2437916667082445 3.136271837079446
461 1.0334390531340591 3.2388869530954807 3.134086082070413
462 1.032594830038099 3.2339822400834652 3.1318985394921484
463 1.031750019455548 3.229077527625107 3.1297091996461344
464 1.0309046167894886 3.2241728157124956 3.127518068309198
465 1.0300586241969618 3.2192681043258577 3.125325130727985
466 1.029212038327355 3.214363393608327 3.123130388983999
466 1.0283648590636976 3.209458683325282 3.1209338349498053
467 1.0283648590636976 3.209458683325282 3.1209338349498053
468 1.027517084757933 3.204553973630107 3.118735465488683
469 1.02666871353156 3.1996492644275674 3.1165352778905047
470 1.0258197451740778 3.194744555857742 3.1143332645791544
471 1.0249701780858673 3.1898398477940484 3.1121294219028663
472 1.0241200094347833 3.18493514023031 3.109923750037938
473 1.0232692394427625 3.1800304333836804 3.1077162400732545
474 1.0224178672488249 3.1751257269970172 3.1055068858888495
475 1.021565889994655 3.1702210211652835 3.103295687742541
476 1.020713307812135 3.16531631598488 3.1010826367784206
477 1.0198601170925545 3.160411611310258 3.098867735234168
478 1.019006318431174 3.1555069071861546 3.096650972728276
479 1.0181519092922036 3.1506022036473356 3.0944323483492395
480 1.0172968887421756 3.1456975007637524 3.092211856317787
481 1.0164412557367755 3.140792798399886 3.089989490955144
482 1.015585007960194 3.135888096599195 3.087765250589546
483 1.0147281431462556 3.130983395444022 3.0855391334038766
483 1.0138706623579545 3.126078694817239 3.08331112722695
484 1.0138706623579545 3.126078694817239 3.08331112722695
485 1.0130125628050508 3.121173994738759 3.0810812317037506
486 1.0121538434449235 3.1162692953279505 3.078849441228766
487 1.01129450391096 3.1113645964601937 3.0766157478634293
488 1.0104345411379103 3.1064598982199745 3.0743801520498355
489 1.0095739051306085 3.1015552004673275 3.0721427967832424
490 1.0087126052529065 3.0966505032541174 3.0699036446339627
491 1.0078506772574418 3.091745806636009 3.067662577802946
492 1.006988121555646 3.0868411106291136 3.0654195859434825
493 1.0061249358990176 3.081936415161988 3.0631746666810717
494 1.0052611188124427 3.077031720362812 3.0609278154494217
495 1.0043966686823482 3.0721270261200098 3.058679027828999
496 1.0035315844770718 3.067222332455522 3.056428297723997
497 1.0026658647553675 3.0623176393212392 3.0541756201787025
498 1.0017995075494188 3.05741294690189 3.0519209920364907
499 1.0009325112980845 3.0525082550619658 3.0496644085456306
500 1.0000648747829983 3.0476035637912484 3.0474058639971138
501 0.9991965974916839 3.0426988731652953 3.045145350578137
502 0.9983276763839137 3.037794183130354 3.042882868011514
503 0.997458110393686 3.0328894937318536 3.040618410065165
504 0.9965878974872525 3.0279848048927556 3.0383519732954483
505 0.9957170373371659 3.02308011668765 3.03608354916999
506 0.9948455268756403 3.018175429065805 3.0338131373465873
507 0.9939733660396343 3.0132707421068456 3.031540728412931
508 0.993100553248615 3.008366055795655 3.029266317448656
509 0.9922270856065647 3.0034613700119324 3.0269899034008603
510 0.9913529616628985 2.9985566849297602 3.024711481065202
511 0.9904781806879577 2.9936520005506506 3.022431042823524
512 0.9896027415931273 2.9887473166961405 3.0201485819296128
513 0.9887266415441022 2.983842633494636 3.0178640972339386
514 0.9878498800893473 2.978937950996512 3.0155775801957665
515 0.9869724551977972 2.9740332691061466 3.0132890269061527
516 0.9860943642445044 2.9691285877950087 3.0109984352966106
516 0.9852156070180998 2.9642239071804055 3.008705796035921
517 0.9852156070180998 2.9642239071804055 3.008705796035921
518 0.9843361806995743 2.9593192271734936 3.0064111075042326
519 0.9834560849862634 2.954414547891936 3.004114360564664
520 0.982575316622674 2.9495098691600594 3.0018155547588647
521 0.9816938751634262 2.9446051911272932 2.999514681332909
522 0.9808117590697888 2.939700513758437 2.997211734641596
523 0.9799289670413294 2.9347958370039713 2.9949067082534704
524 0.9790454961744419 2.9298911609134084 2.9925996006945255
525 0.9781613456219781 2.924986485523003 2.9902904041491314
526 0.9772765124816581 2.9200818108196263 2.9879791169896057
527 0.9763909966584514 2.9151771367276953 2.9856657288979953
528 0.9755047961859775 2.910272463261315 2.983350235324193
529 0.9746179077584778 2.9053677905535222 2.9810326358927397
530 0.9737303315677288 2.9004631184545424 2.978712919196764
531 0.9728420656419073 2.8955584470412803 2.9763910806331273
532 0.9719531070291687 2.890653776312129 2.9740671184719814
533 0.9710634561499303 2.8857491062051577 2.9717410205575727
533 0.9701731100812564 2.880844436847048 2.9694127851118903
534 0.9701731100812564 2.880844436847048 2.9694127851118903
535 0.9692820659819492 2.8759397680956442 2.967082409785556
536 0.9683903240834683 2.8710351000085 2.9647498829831735
537 0.9674978809285015 2.8661304326620893 2.9624152043738663
538 0.9666047348740735 2.8612257659582667 2.9600783678460036
539 0.9657108861007275 2.8563210999495148 2.957739361811014
540 0.9648163306844302 2.851416434634453 2.9553981871468626
541 0.9639210688724259 2.8465117700672247 2.9530548319656638
542 0.9630250974180351 2.8416071061311494 2.950709294856154
543 0.9621284146748981 2.8367024428821024 2.9483615696358165
544 0.9612310180894301 2.8317977803976753 2.946011652876367
545 0.9603329077533416 2.8268931185681025 2.943659532798371
546 0.9594340810157831 2.821988457417738 2.941305206116933
547 0.9585345356748607 2.817083797053635 2.9389486682086567
548 0.9576342699346356 2.812179137341142 2.9365899129039006
549 0.9567332829984162 2.807274478378294 2.934228931160683
550 0.9558315718485718 2.802369820171042 2.9318657206010443
551 0.9549291356591555 2.797465162673045 2.9295002720197125
552 0.954025970926182 2.792560505901124 2.927132584441141
553 0.9531220767598936 2.787655849831704 2.924762648776583
554 0.952217451169051 2.7827511945202015 2.9223904593470516
555 0.9513120924051086 2.777846539971856 2.9200160096240344
556 0.9504059983293927 2.772941886098542 2.9176392941256384
557 0.9494991676974428 2.7680372329884353 2.9152603047572847
558 0.9485915973572623 2.7631325806274005 2.9128790391200763
559 0.9476832868228909 2.7582279289950575 2.9104954865691672
560 0.9467742339304052 2.7533232780507433 2.9081096415358645
561 0.9458644364886554 2.7484186278972325 2.905721498632745
562 0.9449538921121541 2.7435139784995743 2.903331052869989
563 0.9440425992509619 2.7386093298217102 2.900938296634732
564 0.9431305556759801 2.7337046818331308 2.8985432243511324
565 0.9422177600611774 2.7288000346745225 2.8961458277939314
566 0.9413042092090741 2.723895388308134 2.8937461042449524
566 0.9403899013791779 2.7189907426826063 2.891344046437471
567 0.9403899013791779 2.7189907426826063 2.891344046437471
568 0.9394748353411166 2.7140860978130807 2.888939645549543
569 0.938559008464025 2.709181453722974 2.886532897016903
570 0.9376424197072245 2.7042768104295725 2.8841237913211875
571 0.9367250669966186 2.6993721679033684 2.881712322013811
572 0.9358069463183643 2.6944675261307567 2.879298488573188
573 0.934888057319922 2.689562885190587 2.876882279254755
574 0.9339683973032056 2.684658245005152 2.8744636893036097
575 0.9330479648335656 2.6797536055736026 2.8720427100996995
576 0.9321267574558053 2.6748489669437157 2.8696193361561533
577 0.9312047737465066 2.669944329124316 2.867193558708206
578 0.9302820101429878 2.6650396920739787 2.8647653754632447
579 0.9293584661062798 2.660135055782557 2.8623347747911394
580 0.9284341381522584 2.655230420388691 2.859901754230031
581 0.9275090249405039 2.6503257857493163 2.8574663043514046
582 0.9265831244980814 2.6454211519265654 2.8550284178330543
583 0.9256564340899418 2.64051651896706 2.8525880896221296
583 0.9247289523281818 2.6356118867726033 2.850145310295462
584 0.9247289523281818 2.6356118867726033 2.850145310295462
585 0.9238006766531474 2.6307072554386512 2.8477000741864402
586 0.9228716049928762 2.6258026248812265 2.8452523738678637
587 0.9219416592677823 2.620897995086301 2.8428024362928253
588 0.9210109130045911 2.6159933660999015 2.8403500210066035
589 0.9200793646373471 2.6110887379224756 2.837895118919058
590 0.9191470116989173 2.606184110583023 2.8354377236845374
591 0.918213852091122 2.6012794840621773 2.832977827701112
592 0.9172798837331517 2.5963748583487956 2.8305154232556067
593 0.9163451032943379 2.5914702334674438 2.8280505064640926
594 0.9154095087867626 2.586565609402464 2.825583069188965
595 0.9144730988503817 2.581660986247296 2.823113101405387
596 0.9135358710169967 2.576756363956692 2.8206405962889116
597 0.9125978227411539 2.571851742412783 2.8181655471056875
598 0.9116589515342931 2.566947121804508 2.8156879472136125
599 0.9107192551900357 2.562042502004346 2.8132077886831723
600 0.9097787313519549 2.5571378830848936 2.810725064197665
601 0.9088373791488157 2.5522332649844173 2.8082397616334256
602 0.9078951938069769 2.547328647851919 2.805751881084959
603 0.9069521746096676 2.542424031575066 2.803261409753243
604 0.9060083183383392 2.537519416117216 2.800768342581162
605 0.9050636233828663 2.532614801523489 2.798272669558088
606 0.904118087315158 2.527710187794989 2.7957743830799817
607 0.9031717073925518 2.5228055749637845 2.7932734764766938
608 0.902224481766948 2.5179009630646814 2.790769940240965
609 0.901276406987243 2.5129963520402385 2.7882637696470938
610 0.9003274815884369 2.508091741927444 2.785754953855733
611 0.899377702587112 2.5031871326692507 2.78324348654485
612 0.8984270669567772 2.4982825243447566 2.780729361602089
613 0.8974755732161637 2.49337791690928 2.778212567918805
614 0.8965232185716435 2.488473310420293 2.775693098484356
615 0.8955700010014143 2.4835687048105166 2.7731709436821506
616 0.8946159171995709 2.4786641001285763 2.7706460979227536
616 0.8936609658438146 2.473759496331032 2.7681185492926317
617 0.8936609658438146 2.473759496331032 2.7681185492926317
618 0.8927051436336709 2.468854893486817 2.76558829205081
619 0.891748447935559 2.463950291545321 2.763055318177997
620 0.8907908760686186 2.4590456906259983 2.760519619911975
621 0.8898324265183036 2.454141090547945 2.7579811854580285
622 0.8888730958042045 2.44923649145923 2.7554400094012217
623 0.8879128814304202 2.4443318932078646 2.752896082856762
624 0.8869517811748251 2.4394272959884455 2.7503493963981516
625 0.8859897916443814 2.4345226996780798 2.7477999437890235
626 0.8850269112163953 2.4296181043426603 2.745247713432074
627 0.8840631364514023 2.4247135099696386 2.7426926991915437
628 0.8830984644267117 2.419808916593601 2.740134893298097
629 0.8821328939356627 2.414904324109108 2.7375742824133207
630 0.8811664212421572 2.409999732584308 2.735010861157186
631 0.8801990434538756 2.4050951420727835 2.7324446214293303
632 0.8792307586886995 2.4001905525168277 2.7298755517795064
633 0.8782615639187136 2.395285963967807 2.7273036443497367
633 0.8772914555546183 2.390381376402171 2.7247288928523603
634 0.8772914555546183 2.390381376402171 2.7247288928523603
635 0.8763204319082223 2.3854767898075844 2.7221512850192418
636 0.875348490240258 2.3805722041634145 2.719570811746092
637 0.8743756272767883 2.375667619539738 2.716987465602936
638 0.8734018407022179 2.370763035958018 2.714401236035771
639 0.8724271277239608 2.365858453378163 2.7118121138098417
640 0.8714514848902214 2.3609538718207532 2.7092200917164857
641 0.8704749101788627 2.3560492912731923 2.7066251579716156
642 0.8694974000085557 2.351144711704337 2.7040273055229402
643 0.86851895226435 2.34624013313826 2.7014265227273215
644 0.8675395633910271 2.34133555560101 2.6988228023275718
645 0.8665592311174907 2.3364309791347413 2.696216132995023
646 0.8655779515768383 2.331526403703271 2.6936065081785983
647 0.8645957228725635 2.326621829325675 2.6909939151625966
648 0.8636125418292544 2.321717255967252 2.688378345049881
649 0.8626284049854676 2.316812683660591 2.6857597898131136
650 0.8616433100986113 2.3119081124351246 2.6831382375272397
651 0.8606572540023183 2.30700354225649 2.680513678968278
652 0.8596702329853715 2.3020989731205286 2.677886106543487
653 0.8586822445902306 2.2971944050825965 2.6752555087229437
654 0.8576932854801658 2.2922898381079873 2.672621876507621
655 0.8567033530439377 2.2873852722227044 2.6699851986051364
656 0.8557124441773014 2.28248070741127 2.6673454651062034
657 0.8547205560763078 2.2775761437225683 2.6647026651354233
658 0.853727684891652 2.2726715811285563 2.6620567908805546
659 0.852733827890534 2.267767019643303 2.6594078309913347
660 0.8517389817737102 2.262862459212543 2.6567557756957747
661 0.850743143824887 2.2579578998496594 2.6541006133743545
662 0.8497463108122731 2.2530533416130596 2.6514423339589013
663 0.8487484799764985 2.2481487845271526 2.648780925757184
664 0.8477496470972951 2.243244228568064 2.6461163814682305
665 0.8467498097653053 2.2383396737178978 2.6434486880349004
666 0.845748964573623 2.233435119971559 2.6407778354154128
666 0.8447471083105739 2.2285305673551994 2.6381038128820364
667 0.8447471083105739 2.2285305673551994 2.6381038128820364
668 0.8437442378890568 2.22362601588956 2.635426609197114
669 0.8427403489482297 2.21872146556968 2.632746216956058
670 0.8417354392898279 2.2138169164208654 2.630062621919142
671 0.8407295055772922 2.208912368360409 2.6273758131560347
672 0.8397225442004097 2.204007821510418 2.6246857807171193
673 0.8387145515676652 2.1991032758703852 2.621992514330387
674 0.8377055248970834 2.194198731379682 2.6192960010013673
675 0.8366954601676809 2.189294188057252 2.6165962315828732
676 0.8356843544716438 2.1843896458974665 2.61389319329609
677 0.8346722042170449 2.1794851049535175 2.611186875448859
678 0.8336590053725904 2.174580565245341 2.6084772685607196
679 0.8326447561244166 2.1696760266747 2.605764355946415
680 0.8316294515635004 2.164771489341382 2.6030481307167697
681 0.8306130888060543 2.1598669532035606 2.6003285793487936
682 0.8295956640804032 2.154962418280379 2.597605691043635
683 0.8285771736441265 2.150057884564153 2.5948794547502243
683 0.8275576144737427 2.1451533521034314 2.5921498571039905
684 0.8275576144737427 2.1451533521034314 2.5921498571039905
685 0.8265369822820794 2.1402488208567267 2.5894168884584836
686 0.8255152740140276 2.135344290892031 2.5866805353086004
687 0.8244924857592805 2.130439762164848 2.5839407865590336
688 0.8234686143873519 2.1255352346870944 2.581197628604777
689 0.8224436561861677 2.1206307084235525 2.5784510494704675
690 0.8214176068734083 2.115726183470114 2.5757010389919444
691 0.8203904634809642 2.1108216597535336 2.572947582541605
692 0.8193622216387338 2.105917137313032 2.570190669886114
693 0.8183328157532928 2.1010126160596925 2.5674304825789807
694 0.8173023045941488 2.09610809613762 2.564666812212763
695 0.8162706837191911 2.09120357751785 2.5618996482755643
696 0.8152379503421456 2.0862990601532374 2.5591289748933335
697 0.8142040996378183 2.081394544091981 2.5563547825635444
698 0.8131691286899692 2.0764900293525024 2.553577055609289
699 0.8121330331481065 2.071585515943065 2.550795782696941
700 0.8110958088176979 2.0666810038552246 2.548010951835324
700 0.8110958088176979 2.0666810038552246 2.548010951835324
701 0.8100574521797843 2.0617764930880376 2.5452225487710796
702 0.8090179599183039 2.056871983613646 2.5424305584283355
703 0.8079773270317945 2.051967475506039 2.539634971001225
704 0.8069355500864399 2.0470629687256428 2.536835771464473
705 0.8058926252267066 2.042158463292513 2.534032946036739
706 0.8048485484978849 2.037253959244198 2.5312264811142313
707 0.8038033145131143 2.032349456612467 2.528416367433763
708 0.8027569205123396 2.0274449552769593 2.525602587123127
709 0.8017093616189023 2.0225404553805095 2.522785129135036
710 0.8006606337634545 2.0176359568438964 2.519963979445482
711 0.7996107334407457 2.0127314596857184 2.5171391222137336
712 0.7985596562361666 2.00782696390932 2.5143105442776386
713 0.7975073983752525 2.0029224695873347 2.5114782303811256
714 0.7964539545439122 1.998017976638328 2.50864216975668
715 0.7953993216190433 1.993113485130465 2.5058023447561695
716 0.7943434941779457 1.9882089950129138 2.5029587446555244
716 0.7932864687224314 1.983304506329178 2.500111352615458
717 0.7932864687224314 1.983304506329178 2.500111352615458
718 0.7922282409984261 1.9784000191329019 2.4972601540177006
719 0.7911688064203275 1.9734955333718822 2.494405134981289
720 0.7901081602630496 1.9685910490635419 2.4915462819775733
721 0.7890462985897104 1.9636865661820493 2.4886835787606048
722 0.7879832170530959 1.958782084835483 2.485817010368504
723 0.7869189104682334 1.9538776049303552 2.4829465640465505
724 0.7858533744501173 1.9489731264922299 2.48007222448587
725 0.7847866048702371 1.944068649570081 2.477193975413901
726 0.7837185975180669 1.9391641741522703 2.4743118005536
727 0.7826493476293458 1.934259700269508 2.4714256852425724
728 0.7815788499207286 1.9293552279288422 2.4685356162395213
729 0.7805071006719739 1.9244507570444833 2.465641575057596
730 0.7794340942965553 1.9195462877130516 2.4627435491456855
731 0.7783598270314799 1.9146418199314228 2.4598415198707158
732 0.7772842935984478 1.909737353679674 2.4569354731696946
733 0.7762074889750272 1.904832889053804 2.4540253941238226
733 0.775129409147272 1.8999284259791858 2.4511112642072463
734 0.775129409147272 1.8999284259791858 2.4511112642072463
735 0.7740500489087199 1.8950239644818863 2.4481930685923357
736 0.7729694031581915 1.8901195045706263 2.4452707918942105
737 0.7718874673750379 1.885215046252595 2.4423444166850596
738 0.770804236713106 1.8803105895048209 2.4394139263205346
739 0.7697197061383789 1.875406134382182 2.436479304643169
740 0.7686338703688698 1.8705016809121924 2.4335405360350992
741 0.7675467243209687 1.8655972290389817 2.4305976039301496
742 0.7664582642358277 1.8606927787797423 2.427650487446809
743 0.765368483418215 1.85578833018901 2.4246991748351943
744 0.7642773778630948 1.8508838832464445 2.4217436455092796
745 0.7631849419989392 1.8459794379593168 2.418783883660381
746 0.7620911709391073 1.8410749943368374 2.4158198710898637
747 0.7609960588950744 1.8361705523892033 2.4128515922345577
748 0.7598996009547266 1.8312661121283096 2.409879028528945
749 0.7588017919316963 1.8263616735956532 2.406902162086688
750 0.7577026264817855 1.8214572367470874 2.4039209751780812
751 0.7566020994679118 1.816552801616946 2.4009354492862967
752 0.7555002049444205 1.8116483681786275 2.397945568144358
753 0.7543969378733075 1.8067439365101168 2.3949513125059094
754 0.7532922928131114 1.8018395065666262 2.391952664002172
755 0.7521862646828513 1.796935078408747 2.3889496030167465
756 0.7510788476179278 1.7920306520189673 2.385942112073125
757 0.7499700362263845 1.787126227390782 2.3829301719613283
758 0.7488598243394317 1.782221804560468 2.379913765747233
759 0.7477482067964893 1.777317383543831 2.3768928730143433
760 0.7466351777688353 1.7724129643152766 2.3738674751593756
761 0.7455207318674638 1.7675085468947709 2.3708375519850637
762 0.7444048629245059 1.7626041313486238 2.367803085573581
763 0.7432875648921344 1.757699717590107 2.3647640571589323
764 0.7421688327401196 1.7527953057023984 2.361720444701244
765 0.7410486601081877 1.7478908956669914 2.3586722299879903
766 0.7399270415565284 1.7429864874762482 2.35561939162226
766 0.7388039704387699 1.738082081184357 2.3525619118588703
767 0.7388039704387699 1.738082081184357 2.3525619118588703
768 0.7376794415685206 1.733177676763246 2.3494997679181724
769 0.7365534480369272 1.7282732742685236 2.346432942340766
770 0.7354259840501202 1.7233688736849053 2.3433614137401158
771 0.7342970436523751 1.7184644750473401 2.3402851610293034
772 0.7331666211094618 1.7135600783231955 2.3372041620363957
773 0.7320347092597289 1.7086556835924998 2.3341183990037577
774 0.7309013033007864 1.7037512907794548 2.3310278461472564
775 0.729766395950241 1.698846899945123 2.3279324854812287
776 0.7286299808003526 1.6939425110928361 2.324832295854956
777 0.7274920516637688 1.689038124252857 2.321727255150128
778 0.7263526019958783 1.6841337393876459 2.318617341990609
779 0.725211625760468 1.6792293565445462 2.3155025331863377
780 0.7240691158437715 1.6743249757536518 2.312382808652913
781 0.7229250665358838 1.6694205969924498 2.3092581434366197
782 0.7217794706792456 1.6645162202686745 2.3061285169308663
783 0.7206323216015404 1.6596118456310174 2.30299390671609
783 0.7194836127616278 1.654707473058874 2.299854289533479
784 0.7194836127616278 1.654707473058874 2.299854289533479
785 0.718333337046211 1.6498031025915851 2.2967096437088395
786 0.7171814880571231 1.6448987342060482 2.2935599448643784
787 0.716028058601362 1.6399943679293603 2.29040517089904
788 0.7148730420500468 1.6350900038191534 2.287245297612837
789 0.7137164314239004 1.6301856418259588 2.2840803014352016
790 0.7125582198392367 1.6252812820149387 2.2809101583048546
791 0.7113983996703197 1.6203769243550419 2.27773484605246
792 0.7102369642672919 1.6154725688877591 2.274554339134325
793 0.7090739066148032 1.6105682156294319 2.271368612784613
794 0.7079092190260164 1.6056638645877683 2.2681776440161863
795 0.7067428948635412 1.600759515751406 2.2649814060889604
796 0.7055749264080948 1.5958551691386196 2.2617798754027705
797 0.7044053060300448 1.5909508247868778 2.2585730277264826
798 0.7032340266171548 1.586046482709417 2.255360836760066
799 0.7020610804515285 1.5811421429305734 2.2521432777809967
800 0.700886460554987 1.5762378054625967 2.2489203232924133
801 0.699710158975046 1.5713334702864032 2.2456919484892635
802 0.6985321675791707 1.5664291374481853 2.2424581288457963
803 0.6973524790428342 1.5615248069329077 2.2392188367584374
804 0.6961710855765713 1.556620478786794 2.235974045801681
805 0.6949879794076446 1.551716152982837 2.2327237289850723
806 0.6938031528186427 1.5468118295985323 2.2294678588796533
807 0.6926165975873431 1.541907508606395 2.226206409112151
808 0.6914283055481726 1.5370031900363168 2.222939352790543
809 0.6902382687211803 1.5320988738882095 2.219666661958287
810 0.6890464787759317 1.5271945602045403 2.216388309417894
811 0.6878529279357433 1.5222902489736334 2.21310426567791
812 0.6866576076528149 1.5173859402451466 2.2098145033767125
813 0.6854605095242258 1.5124816340119782 2.206518994160266
814 0.6842616252707747 1.5075773303006696 2.2032177088757448
815 0.6830608988197868 1.5026730290681551 2.199910771740146
816 0.68185836902354 1.4977687303640703 2.1965980010027013
816 0.6806540276162079 1.4928644341933144 2.1932793660556693
817 0.6806540276162079 1.4928644341933144 2.1932793660556693
818 0.6794478656571651 1.4879601406474752 2.1899548381218525
819 0.6782398747654304 1.4830558496910156 2.1866243859577428
820 0.6770300459192291 1.4781515613240102 2.183287979955259
821 0.6758183703943734 1.473247275593627 2.1799455891290944
822 0.6746048387215431 1.4683429925320466 2.1765971843823895
823 0.6733894423201098 1.4634387121494183 2.1732427332202544
824 0.6721721717651992 1.4585344344432796 2.1698822053477835
825 0.6709530182062102 1.4536301594507701 2.1665155681645842
826 0.6697319719081305 1.4487258871787996 2.163142791363597
827 0.6685090238561023 1.4438216176636536 2.159763841833253
828 0.667284164468716 1.4389173508981494 2.1563786876971656
829 0.6660573845154456 1.4340130869310048 2.1529872954929314
830 0.6648286739581029 1.4291088257533464 2.149589633739847
831 0.6635980235739866 1.4242045674152324 2.1461856678607836
832 0.6623654232295437 1.4193003119250738 2.142775365605419
833 0.6611308631976138 1.414396059266736 2.139358692809912
833 0.6598943339644036 1.4094918095249422 2.1359356142024004
834 0.6598943339644036 1.4094918095249422 2.1359356142024004
835 0.6586558252481556 1.4045875626743671 2.132506096253189
836 0.657415326664269 1.3996833187555193 2.1290701052826444
837 0.6561728281717584 1.3947790777927203 2.125627605883775
838 0.6549283194672632 1.389874839798175 2.1221785628826337
839 0.6536817903755595 1.3849706047738795 2.1187229400687038
840 0.6524332303008974 1.3800663727619955 2.11526070204229
841 0.6511826288268797 1.3751621437894805 2.1117918121785073
842 0.6499299752880892 1.3702579179012544 2.1083162340587096
843 0.6486752593883598 1.365353695100679 2.104833929365643
844 0.6474184696556626 1.3604494753687413 2.1013448629173537
845 0.6461595951114631 1.3555452587827133 2.0978489974274552
846 0.6448986253547608 1.350641045344385 2.094346292956343
847 0.6436355490521316 1.3457368350615577 2.0908367119302156
848 0.6423703547088787 1.340832627995391 2.0873202167043563
849 0.6411030315558633 1.3359284241467562 2.0837967664957895
850 0.6398335675938551 1.3310242235470147 2.0802663238698726
851 0.6385619515923343 1.3261200262218815 2.0767288481799375
852 0.6372881724274028 1.3212158321881817 2.073184297702762
853 0.636012217474055 1.3163116414652785 2.069632634877765
854 0.6347340752836085 1.3114074541025782 2.0660738176324034
855 0.6334537338606154 1.3065032700970116 2.0625078048470282
856 0.6321711812685166 1.3015990894767793 2.0589345545062443
857 0.6308864054330622 1.2966949123018714 2.0553540243299033
858 0.6295993937853632 1.2917907385740464 2.051766172783881
859 0.6283101341917062 1.286886568327448 2.0481709561838786
860 0.6270186140426467 1.2819824015861196 2.0445683315853294
861 0.6257248207022933 1.2770782383852104 2.0409582553427543
862 0.6244287416271648 1.2721740787426248 2.0373406826654645
863 0.6231303634050329 1.267269922699373 2.033715570806893
864 0.6218296737362591 1.2623657702848612 2.030082872533158
865 0.6205266591009868 1.257461621506928 2.026442543707512
866 0.6192213063621368 1.2525574763983414 2.02279453812239
866 0.617913602064792 1.2476533350039225 2.019138809754019
867 0.617913602064792 1.2476533350039225 2.019138809754019
868 0.6166035327222757 1.2427491973575255 2.0154753117791038
869 0.6152910847159719 1.2378450634620264 2.011803996856927
870 0.6139762444811903 1.2329409333852461 2.008124816664659
871 0.6126589979700522 1.22803680712625 2.004437723423885
872 0.611339331125001 1.223132684728373 2.0007426685234457
873 0.6100172299925894 1.218228566250471 1.9970396020867642
874 0.6086926801444218 1.2133244516775943 1.993328474706997
875 0.6073656669581459 1.208420341062517 1.9896092367463212
876 0.6060361758343007 1.203516234456073 1.985881837497985
877 0.6047041921577899 1.1986121318652818 1.9821462252282835
878 0.6033697012549407 1.193708033331462 1.9784023474309107
879 0.6020326879947255 1.1888039389043175 1.9746501520773447
880 0.6006931371137955 1.1838998486183674 1.9708895864979545
881 0.5993510332047066 1.1789957624887506 1.9671205973979993
882 0.5980063609728626 1.1740916805864183 1.9633431301238253
883 0.5966591044249869 1.169187602905496 1.9595571310895639
883 0.5953092479732102 1.1642835294936886 1.95576254435423
884 0.5953092479732102 1.1642835294936886 1.95576254435423
885 0.5939567756705068 1.1593794603917302 1.9519593140139335
886 0.5926016715163073 1.1544753956494846 1.9481473832085128
887 0.5912439185145703 1.149571335295591 1.9443266971502247
888 0.589883500667042 1.1446672793799473 1.9404971966253577
889 0.5885204013487256 1.1397632279167176 1.9366588232195456
890 0.5871546036095201 1.1348591809625683 1.9328115184417294
891 0.5857860905417792 1.1299551385669848 1.9289552224121895
892 0.5844148447778503 1.1250511007580306 1.925089875473113
893 0.5830408489623284 1.1201470675608882 1.921215416646156
894 0.5816640857024813 1.1152430390444186 1.917331783855159
895 0.5802845370804023 1.1103390152358334 1.9134389153678044
896 0.5789021851874301 1.1054349961965728 1.9095367481445389
897 0.577517012018447 1.1005309819586775 1.9056252180559567
898 0.5761289991744136 1.0956269725461707 1.9017042608794068
899 0.5747381279295273 1.090722968027846 1.8977738121483865
900 0.5733443796080016 1.0858189684550714 1.8938338057790876
901 0.5719477354675367 1.0809149738778132 1.8898841744590928
902 0.5705481758720594 1.0760109843280208 1.8859248523288716
903 0.5691456817902878 1.071106999864345 1.8819557700852663
904 0.5677402334586715 1.066203020513113 1.8779768592720791
905 0.5663318111512323 1.061299046347524 1.8739880498503667
906 0.5649203949048082 1.0563950773859996 1.869989270902509
907 0.5635059642794585 1.0514911137096208 1.8659804516073526
908 0.5620884987536645 1.0465871553563124 1.8619615197196546
909 0.5606679775802347 1.0416832023757323 1.8579324021170116
910 0.5592443797948936 1.0367792548253714 1.8538930247374443
911 0.5578176843463774 1.0318753127613045 1.8498433121036741
912 0.5563878694594224 1.026971376238792 1.845783189408103
913 0.5549549134953681 1.022067445320116 1.8417125796448086
914 0.5535187947477385 1.017163520042422 1.8376314041982724
915 0.55207949042301 1.0122596004654867 1.833539586282912
916 0.5506369784067013 1.007355686658964 1.8294370450270223
916 0.549191235689007 1.0024517786578935 1.8253237005871603
917 0.549191235689007 1.0024517786578935 1.8253237005871603
918 0.5477422393337168 0.9975478765500267 1.82119947105679
919 0.5462899660814728 0.9926439803631921 1.8170642735458016
920 0.544834392060282 0.9877400901994391 1.812918025355038
921 0.5433754936465919 0.9828362060745567 1.8087606407840457
922 0.5419132466143206 0.9779323280869597 1.8045920342356085
923 0.5404476260943376 0.9730284562888275 1.8004121200802183
924 0.5389786075241685 0.968124590730875 1.7962208095382768
925 0.537506165781858 0.9632207315080031 1.7920180136108756
926 0.5360302754767409 0.9583168786603261 1.787803641889457
927 0.5345509108684263 0.9534130322823324 1.7835776029890713
928 0.5330680459007848 0.9485091924232508 1.779339804209139
929 0.5315816541536098 0.9436053591560716 1.775090151782026
930 0.5300917086482769 0.9387015325546939 1.7708285514375688
931 0.5285981826196355 0.9337977127056278 1.766554905803682
932 0.5271010485514601 0.9288938996540371 1.762269117480897
933 0.5256002785998605 0.9239900934911566 1.757971087748586
933 0.5240958447000142 0.9190862942940301 1.7536607160472781
934 0.5240958447000142 0.9190862942940301 1.7536607160472781
935 0.5225877181570059 0.9141825021358629 1.7493379013190022
936 0.5210758702177927 0.9092787170927172 1.745002540057494
937 0.5195602717038094 0.9043749392523013 1.7406545275037248
938 0.5180408928065262 0.899471168684693 1.7362937582238713
939 0.5165177035259396 0.8945674054930994 1.73192012468586
940 0.5149906733108692 0.8896636497410939 1.727533518270256
941 0.51345977140433 0.8847599015273678 1.7231338282014175
942 0.511924966301008 0.8798561609268533 1.7187209431967896
943 0.5103862264694161 0.8749524280353818 1.7142947490723706
944 0.5088435196357668 0.8700487029353499 1.7098551310197208
945 0.5072968131097642 0.8651449857278072 1.7054019725146887
946 0.5057460739329083 0.8602412764920244 1.7009351546763427
947 0.5041912685928065 0.8553375753269842 1.6964545572441665
948 0.5026323629962556 0.8504338823464238 1.6919600585940768
949 0.5010693228041245 0.8455301976353765 1.6874515344574526
950 0.4995021129776493 0.8406265212858521 1.6829288594490226
950 0.4995021129776493 0.8406265212858521 1.6829288594490226
951 0.4979306979998283 0.8357228534015244 1.6783919062604422
952 0.4963550417793366 0.8308191941102601 1.673840545936502
953 0.4947751080127982 0.8259155434987797 1.6692746464468782
954 0.49319085948745933 0.8210119016696398 1.664694075074431
955 0.49160225874583796 0.8161082687425603 1.660098696097518
956 0.4900092675714791 0.8112046448292228 1.6554883723926508
957 0.4884118473468484 0.8063010300302778 1.6508629641362458
958 0.4868099585508322 0.8013974244847288 1.6462223305176034
959 0.48520356149563176 0.7964938282835253 1.6415663269831462
960 0.4835926157280498 0.7915902415716568 1.6368948073781397
961 0.4819770800071656 0.7866866644696133 1.6322076237689924
962 0.4803569128043633 0.781783097085816 1.6275046246793903
963 0.4787320716976458 0.7768795395626469 1.6227856571374706
964 0.47710251365507134 0.7719759920205319 1.618050565498894
965 0.4754681948470261 0.7670724545875167 1.6132991920401938
966 0.4738290710121216 0.7621689274095261 1.6085313756319273
966 0.472185096946954 0.7572654106160738 1.603746953286724
967 0.472185096946954 0.7572654106160738 1.603746953286724
968 0.4705362270770702 0.7523619043596622 1.5989457581901152
969 0.46888241469719827 0.7474584087811809 1.5941276220902536
970 0.4672236125971532 0.7425549240007402 1.589292373031201
971 0.46555977261687836 0.737651450181267 1.5844398368763277
972 0.46389083800424996 0.7327479874668051 1.5795698630721653
973 0.46221674637223575 0.7278445359783694 1.5746823145006008
974 0.4605374673038221 0.7229410959048896 1.5697769394036223
975 0.4588529503290326 0.718037667424719 1.5648535482006405
976 0.4571631433484214 0.7131342506992542 1.5599119506354158
977 0.45546799345208466 0.7082308458949452 1.5549519528850302
978 0.4537674464512412 0.7033274531828851 1.5499733590044125
979 0.4520614475860205 0.6984240727409416 1.5449759683566957
980 0.45034994117800153 0.6935207047464702 1.5399595766181193
981 0.4486328703940323 0.6886173493859296 1.5349239764378386
982 0.44691017729452304 0.6837140068467823 1.5298689570817283
983 0.44518180318917167 0.6788106773176695 1.5247943030349371
983 0.4434476883426682 0.673907360994906 1.5196997948361233
984 0.4434476883426682 0.673907360994906 1.5196997948361233
985 0.44170777170759506 0.6690040580878901 1.514585209813248
986 0.43996199128558144 0.6641007687880949 1.5094503205778607
987 0.4382102839742403 0.6591974933124432 1.5042948954415534
988 0.43645258551552196 0.6542942318710324 1.499118698307638
989 0.43468883050538815 0.6493909846850995 1.4939214884589724
990 0.43291895228205124 0.6444877519806007 1.4887030207000735
991 0.43114288277015234 0.6395845339830303 1.483463045646519
992 0.42936055295322895 0.6346813309314913 1.4782013078891956
993 0.42757189218341957 0.6297781430617408 1.4729175480776902
994 0.4257768286130569 0.6248749706263034 1.467611501221889
995 0.42397528902377674 0.619971813868127 1.4622828969481727
996 0.4221671987151293 0.6150686730618365 1.456931459700813
997 0.4203524817633853 0.6101655484684675 1.4515569074525583
998 0.4185310602169936 0.6052624403515893 1.4461589542190298
999 0.4167028551687392 0.6003593489927915 1.4407373060827307
1000 0.414867785725572 0.5954562746816114 1.4352916644038871
1001 0.4130257695389102 0.5905532177070685 1.4298217236332365
1002 0.4111767225772499 0.5856501783683028 1.4243271717753274
1003 0.4093205589890367 0.5807471569772414 1.4188076905093747
1004 0.40745719121335083 0.5758441538437022 1.4132629543950825
1005 0.40558652986887395 0.5709411693054964 1.4076926309413718
1006 0.4037084836382045 0.5660382036868635 1.4020963805014701
1007 0.4018229593066462 0.5611352573312768 1.3964738557984024
1008 0.39992986157391813 0.5562323305854457 1.3908247021025175
1009 0.3980290931990074 0.551329423825154 1.3851485563380646
1010 0.39612055478358343 0.5464265374043363 1.3794450472353577
1011 0.39420414468249637 0.5415236717148625 1.3737137953002032
1012 0.3922797590601305 0.5366208271427446 1.3679544119952638
1013 0.3903472917227554 0.5317180040987652 1.3621664998675553
1014 0.3884066340988464 0.5268152029933304 1.3563496519970875
1015 0.38645767507059725 0.5219124242523109 1.350503452045477
1016 0.3845003010714049 0.5170096683170963 1.3446274733113492
1016 0.3825343957191535 0.5121069356354437 1.3387212793576317
1017 0.3825343957191535 0.5121069356354437 1.3387212793576317
1018 0.3805598400791401 0.5072042266793444 1.3327844224810155
1019 0.3785765122405878 0.5023015419192149 1.3268164444391075
1020 0.3765842875521244 0.4973988818547417 1.3208168749894933
1021 0.3745830381814174 0.4924962469945255 1.3147852326297822
1022 0.37257263329048435 0.4875936378646646 1.3087210232226092
1023 0.3705529386824298 0.48269105500157883 1.3026237403969243
1024 0.3685238168843443 0.4777884989680728 1.2964928644436013
1025 0.3664851271109247 0.47288597034005375 1.2903278615094373
1026 0.3644367247203619 0.46798346971410987 1.2841281845928152
1027 0.362378461579303 0.4630809976975441 1.2778932712484163
1028 0.3603101855524392 0.4581785549258109 1.2716225444010603
1029 0.35823174063858937 0.45327614205733224 1.2653154107710145
1030 0.3561429665983209 0.44837375976849025 1.258971261039089
1031 0.3540436989410846 0.4434714087613409 1.2525894687230055
1032 0.3519337686589802 0.4385690897520347 1.2461693898348332
1033 0.3498130022471442 0.4336668034934586 1.2397103615578915
1033 0.347681221271808 0.42876455076281383 1.23321170235886
1034 0.347681221271808 0.42876455076281383 1.23321170235886
1035 0.34553824228955426 0.4238623323607452 1.2266727108183786
1036 0.3433838767385871 0.4189601491244219 1.2200926645235877
1037 0.341217930576417 0.41405800190900727 1.2134708196885846
1038 0.3390402041566402 0.40915589160808574 1.2068064099532319
1039 0.3368504919585953 0.4042538191566177 1.2000986455626357
1040 0.3346485823990618 0.39935178551140527 1.1933467120897174
1041 0.3324342574337231 0.39444979166920946 1.1865497699130791
1042 0.33020729239378666 0.38954783866717074 1.179706952693879
1043 0.3279674557574096 0.38464592758679705 1.1728173659746024
1044 0.3257145086917912 0.37974405954563584 1.1658800864316743
1045 0.3234482048396133 0.37484223571230374 1.158894160189187
1046 0.32116828996408603 0.36994045729779457 1.1518586014178498
1047 0.318874501532118 0.36503872556295996 1.1447723910473668
1048 0.3165665683866607 0.36013704182234935 1.1376344749786427
1049 0.3142442103133973 0.3552354074516434 1.1304437625035808
1050 0.3119071376498029 0.3503338238750478 1.1231991243124064
1051 0.3095550507731523 0.34543229259054525 1.1158993908443267
1052 0.30718763967999924 0.3405308151570204 1.1085433499595072
1053 0.3048045834079214 0.3356293931939372 1.1011297449709372
1054 0.3024055494536967 0.3307280284084471 1.0936572725134037
1055 0.2999901933280834 0.3258267225819815 1.0861245794979772
1056 0.29755815786414735 0.320925477577162 1.0785302607085072
1057 0.29510907245498685 0.3160242953420303 1.0708728563071663
1058 0.2926425524289526 0.31112317792799926 1.0631508485203407
1059 0.2901581983564225 0.3062221274822347 1.05536265808378
1060 0.28765559503699356 0.3013211462623542 1.0475066414877248
1061 0.28513431082792745 0.29642023662904915 1.0395810864302912
1062 0.28259389656416517 0.2915194010759538 1.031584208365102
1063 0.28003388458263423 0.28661864222542066 1.0235141459848704
1064 0.2774537876038091 0.28171796283632017 1.0153689566444128
1065 0.2748530977498044 0.27681736582127037 1.0071466106350893
1066 0.2722312850213561 0.27191685425084766 0.9988449866425759
1066 0.2695877960734202 0.2670164313653687 0.9904618653162207
1067 0.2695877960734202 0.2670164313653687 0.9904618653162207
1068 0.2669220526730106 0.2621161005999834 0.9819949231436689
1069 0.26423345017347616 0.25721586558331433 0.973441725165551
1070 0.2615213557764621 0.25231573016047065 0.9647997174507611
1071 0.25878510653679787 0.2474156984074725 0.956066219260154
1072 0.2560240075019844 0.24251577466171523 0.9472384134125996
1073 0.2532373292689191 0.23761596352548403 0.9383133371824248
1074 0.2504243057710038 0.2327162698994674 0.9292878707719002
1075 0.24758413185594577 0.22781669901404897 0.9201587246576922
1076 0.24471596131672282 0.22291725644853763 0.9109224230781895
1077 0.24181890179591659 0.21801794817052184 0.9015752968496995
1078 0.2388920093584729 0.2131187805506691 0.8921134747159776
1079 0.2359342870401616 0.20821976041943493 0.8825328570577409
1080 0.2329446819099025 0.2033208951196394 0.8728290916651152
1081 0.22992207938870474 0.19842219254851753 0.8629975558505032
1082 0.22686529767981783 0.19352366121133918 0.8530333338352402
1083 0.2237730820351754 0.1886253102928252 0.8429311898344178
1083 0.22064409812900798 0.1837271497248229 0.8326855387602519
1084 0.22064409812900798 0.1837271497248229 0.8326855387602519
1085 0.21747692484548478 0.1788291902706444 0.8222904126389536
1086 0.21427004615585363 0.17393144362143517 0.811739422947259
1087 0.2110218419138031 0.1690339224969121 0.8010257183043547
1088 0.20773057756424188 0.1641366407830348 0.7901419362889636
1089 0.20439439240652224 0.15923961366716657 0.7790801488841884
1090 0.2010112863679741 0.1543428578082761 0.7678317998807982
1091 0.1975791048247242 0.1494463915280069 0.7563876335029625
1092 0.19409552133174693 0.14455023504460413 0.7447376119387099
1093 0.19055801770671615 0.13965441073751284 0.7328708202267932
1094 0.18696386109451527 0.13475894346319292 0.7207753555916812
1095 0.1833100772716553 0.12986386093342728 0.7084381986320167
1096 0.17959341967797693 0.1249691941658898 0.6958450615282451
1097 0.17581033303838184 0.12007497803060439 0.6829802091575036
1098 0.17195691040385302 0.11518125190269995 0.6698262467741982
1099 0.16802884239868005 0.11028806047353665 0.6563638652693772
1100 0.164021356397052 0.105395454737551 0.6425715349068123
1101 0.15992914348677675 0.10050349323205728 0.6284251327861773
1102 0.15574626987303763 0.09561224358462962 0.6138974863575962
1103 0.1514660685010285 0.09072178447720022 0.5989578086697629
1104 0.14708100524468767 0.08583220817690945 0.5835709922849441
1105 0.14258251196239952 0.08094362381930836 0.5676967161348233
1106 0.13796077583183847 0.07605616174435031 0.5512883012274141
1107 0.1332044701253006 0.07116997931565333 0.534291223475506
1108 0.1283004052095881 0.06628526886038456 0.516641149746197
1109 0.12323306899668166 0.061402268739289875 0.49826129657570467
1110 0.11798401233246854 0.0565212791487028 0.47905879814826796
1111 0.11253100694931072 0.051642685262053456 0.4589196050233138
1112 0.10684686026409992 0.04676699213373692 0.437701136169468
1113 0.10089771983932033 0.041894879524605785 0.4152212715145932
1114 0.09464056423109406 0.03702729179193765 0.3912412409284049
1115 0.0880193380238253 0.032165593177324654 0.36543779923245945
1116 0.08095875059588294 0.027311854746220988 0.33735519070139774
1116 0.07335383256462573 0.022469432019898348 0.3063157197696858
1117 0.07335383256462573 0.022469432019898348 0.3063157197696858
1118 0.06505135141477023 0.01764426740254938 0.27123598539942345
1119 0.05581520290055517 0.012848330263317182 0.23019409758679538
1120 0.04526584314684325 0.00811110311003002 0.17918815924222262
1121 0.03290524205394681 0.0035345799007309403 0.10741692448079063
1122 0.028038781854913954 0.0004339369896315782 0.015476313909676083
1123 0.0258785089963074 4.111244390272299e-05 0.0015886712757906308
1124 0.024000896812973908 3.816953973545595e-06 0.0001590338062485359
1125 0.022292481591278387 3.5427504411850064e-07 1.589213128506544e-05
1126 0.020705378656525202 3.28854761488991e-08 1.5882576549033744e-06
1127 0.01922375357552415 3.052600151996206e-09 1.587931378751548e-07
