1 1.165787559945911 3.4951104444086525 2.998068056731378
2 1.1649103321762566 3.490190731526578 2.996102476837243
3 1.1640380144991356 3.485285643811039 2.994133868824459
4 1.1631663759647068 3.480380909428398 2.9921608648133766
5 1.1622935502775151 3.4754761357545347 2.9901879219107017
6 1.161419127212419 3.470571359728353 2.988216121477392
7 1.1605418868972504 3.4656665831477267 2.986248598414064
8 1.1596618918586776 3.4607618065205474 2.9842851876194043
9 1.1587786471685533 3.4558570290046977 2.9823271575196855
10 1.1578927090286864 3.4509522514816564 2.9803730730600537
11 1.1570048352194555 3.4460474735435254 2.9784209785863984
12 1.156116374863221 3.4411426959086793 2.9764673961267936
13 1.1552273495627985 3.4362379185387333 2.9745122636156376
14 1.1543377414708642 3.4313331420369626 2.9725556210825586
15 1.1534475487547378 3.426428365768028 2.9705974662369354
16 1.1525567715272664 3.4215235899868555 2.968637792525356
16 1.1516654067599785 3.416618814685342 2.966676601233893
17 1.1516654067599785 3.416618814685342 2.966676601233893
18 1.1507734551704845 3.4117140397701893 2.964713883902329
19 1.1498809127522611 3.406809265272454 2.9627496443246404
20 1.1489877809126006 3.401904491081766 2.9607838722007584
21 1.1480940570579836 3.3969997173918047 2.9588165677790297
22 1.1471997400651226 3.392094944123561 2.9568477272589018
23 1.1463048295881484 3.3871901711214036 2.954877344744656
24 1.1454093238610805 3.382285398660626 2.952905418352297
25 1.1445132216088427 3.3773806266667963 2.950931944603673
26 1.1436165217011436 3.3724758551168734 2.948956919667682
27 1.1427192227442056 3.367571083930861 2.9469803403181936
28 1.1418213245816895 3.3626663132924293 2.9450022003436964
29 1.1409228225195827 3.357761542974049 2.9430225048516956
30 1.1400237189145574 3.3528567730897647 2.9410412410384725
31 1.1391240108348755 3.3479520037014523 2.939058409670168
32 1.1382236968029766 3.343047234776416 2.9370740076544797
33 1.137322775707127 3.3381424662194346 2.9350880308749243
33 1.1364212466014705 3.333237698119326 2.9331004749229694
34 1.1364212466014705 3.333237698119326 2.9331004749229694
35 1.135519108386688 3.328332930458523 2.9311113356668392
36 1.1346163577063566 3.3234281632593903 2.929120614810938
37 1.1337129956534953 3.318523396484266 2.927128302495467
38 1.1328090207119201 3.3136186301233543 2.9251343955937887
39 1.1319044300911143 3.3087138641703175 2.923138894247439
40 1.1309992227330818 3.303809098647115 2.9211417941237796
41 1.1300933980434527 3.2989043336017447 2.919143089689035
42 1.1291869549609033 3.293999569014995 2.9171427765290168
43 1.1282798904644937 3.2890948048777773 2.915140855274583
44 1.1273722048272161 3.2841900411612137 2.913137318002759
45 1.1264638966888934 3.2792852778726327 2.9111321610143936
46 1.1255549646633651 3.2743805151625396 2.9091253807776973
47 1.1246454056009108 3.269475752915194 2.9071169780560977
48 1.1237352198927117 3.264570991137379 2.905106944542561
49 1.1228244060673118 3.2596662297462484 2.9030952766365465
50 1.121912961304831 3.254761468852257 2.9010819743688807
51 1.1210008846557564 3.2498567083309142 2.8990670326981047
52 1.1200881759680612 3.2449519483301823 2.8970504447345498
53 1.119174833836256 3.2400471887442657 2.895032206575072
54 1.1182608561328844 3.2351424296484463 2.893012316317732
55 1.1173462412036819 3.2302376709942084 2.890990770698235
56 1.1164309871095643 3.2253329129053676 2.8889675673153272
57 1.1155150942083278 3.220428155255906 2.8869426975718495
58 1.1145985601875648 3.215523398121307 2.8849161599313375
59 1.1136813827824295 3.2106186414618545 2.882887952603124
60 1.1127635624659806 3.2057138852788425 2.8808580667169785
61 1.1118450958492851 3.200809129564854 2.8788265033627813
62 1.110925982852322 3.1959043742431614 2.876793254972416
63 1.1100062224480338 3.1909996195013597 2.8747583166370494
64 1.1090858098726624 3.186094865225308 2.872721692824754
65 1.108164747883864 3.1811901113750984 2.870683368560365
66 1.107243032948853 3.1762853579837116 2.868643345196315
66 1.1063206622917525 3.1713806050798152 2.866601622092345
67 1.1063206622917525 3.1713806050798152 2.866601622092345
68 1.105397637046242 3.1664758527060055 2.864558188460776
69 1.1044739542982398 3.1615711008178367 2.8625130438921342
70 1.1035496136192091 3.1566663493851737 2.860466181518154
71 1.1026246127119939 3.151761598383638 2.8584175992876006
72 1.1016989487718996 3.1468568479928476 2.856367296620146
73 1.1007726227614847 3.141952098080419 2.8543152628544406
74 1.0998456307861189 3.137047348690029 2.852261500050523
75 1.0989179741861088 3.132142599722939 2.8502059965328135
76 1.0979896492075647 3.1272378513169294 2.848148754019588
77 1.0970606549756414 3.12233310340792 2.8460897665473626
78 1.0961309899824592 3.117428356030591 2.84402902985206
79 1.09520065154998 3.1125236090863773 2.841966542552167
80 1.0942696413782327 3.1076188626203503 2.8399022920039196
81 1.0933379552655782 3.1027141166861254 2.8378362808528474
82 1.0924055893772129 3.097809371246209 2.8357685106795265
83 1.0914725460394603 3.0929046263244784 2.8336989670949175
83 1.0905388227305828 3.087999881919762 2.831627648237014
84 1.0905388227305828 3.087999881919762 2.831627648237014
85 1.0896044179869266 3.0830951380739973 2.8295545495034777
86 1.0886693294479883 3.0781903946896385 2.827479668459513
87 1.087733556046582 3.0732856518337557 2.825402999429157
88 1.0867970964229416 3.068380909468181 2.823324537365234
89 1.0858599481800855 3.06347616762838 2.8212442799486284
90 1.084922108870031 3.0585714264132444 2.819162225017988
91 1.0839835784046905 3.053666685692216 2.8170783640341934
92 1.0830443571879649 3.0487619454103347 2.814992687211993
93 1.08210443979334 3.04385720566101 2.8129052000214743
94 1.08116382646251 3.038952466422129 2.810815893059761
95 1.0802225157287157 3.034047727678542 2.808724761334733
96 1.079280503697128 3.029142989569882 2.8066318062759446
97 1.0783377907335852 3.024238251993614 2.804537017974903
98 1.0773943744062275 3.0193335149099054 2.802440393819503
99 1.076450254679547 3.014428778424083 2.8003419250631896
100 1.0755054280908436 3.0095240424380028 2.7982416116488444
101 1.0745598928671154 3.004619306976169 2.7961394492021423
102 1.0736136472989262 2.9997145720424725 2.7940354331275206
103 1.0726666913432676 2.994809837659879 2.7919295544728535
104 1.0717190211799625 2.989905103846675 2.789821814074728
105 1.0707706372020123 2.9850003705789976 2.7877122017269564
106 1.0698215364056076 2.980095637903897 2.785600716093676
107 1.068871717103046 2.9751909057288994 2.783487352245164
108 1.0679210804191483 2.9702861740575495 2.781372358425345
109 1.0669697208959281 2.9653814429652976 2.7792554792232385
110 1.066017638103622 2.9604767123169884 2.777136706277665
111 1.0650648300688776 2.955571982330588 2.7750160355397817
112 1.0641112956228074 2.9506672528644273 2.7728934604885
113 1.0631570328249762 2.9457625239811773 2.770768976765192
114 1.0622020389797413 2.9408577955561155 2.768642581764244
115 1.0612463138545851 2.9359530677788346 2.7665142667163383
116 1.0602898545661061 2.931048340506214 2.76438402940832
116 1.0593326588091476 2.92614361377067 2.7622518662457782
117 1.0593326588091476 2.92614361377067 2.7622518662457782
118 1.058374725814898 2.9212388876986037 2.7601177696768873
119 1.0574160533214692 2.916334162187862 2.757981735786317
120 1.0564566397976347 2.911429437181295 2.7558437587547204
121 1.0554964823470345 2.9065247128026015 2.7537038364538775
122 1.0545355808789325 2.9016199889646623 2.7515619591955587
123 1.0535739312612045 2.8967152656773045 2.7494181278856495
124 1.0526115341559106 2.8918105429457137 2.7472723308743308
125 1.0516483866652273 2.886905820863758 2.74512456584289
126 1.050684486505199 2.882001099308388 2.742974828622948
127 1.0497198321435466 2.8770963783530985 2.7408231132282377
128 1.0487544217807494 2.872191657979349 2.73866941423948
129 1.0477882538015906 2.867286938201463 2.7365137257440693
130 1.0468213262405477 2.86238221891802 2.734356042590096
131 1.0458536358477726 2.8574775003702304 2.732196363264492
132 1.0448851820235052 2.8525727823617086 2.730034678870141
133 1.0439159624308605 2.847668064958025 2.7278709852534018
133 1.042945976109355 2.8427633481720607 2.7257052745692665
134 1.042945976109355 2.8427633481720607 2.7257052745692665
135 1.04197521886552 2.8378586319406875 2.7235375473041348
136 1.041003691635293 2.832953916352298 2.721367790638729
137 1.0400313915151476 2.828049201319148 2.719196001573726
138 1.0390583155518138 2.8231444869241455 2.7170221773595595
139 1.0380844618317797 2.818239773182297 2.7148463124178708
140 1.037109828758357 2.8133350600262386 2.7126684002160157
141 1.0361344143852214 2.808430347419934 2.7104884351189944
142 1.035158216512279 2.8035256355214493 2.708306412296341
143 1.0341812337696883 2.7986209242384024 2.706122324456773
144 1.0332034632832146 2.793716213584444 2.703936168300135
145 1.0322249053188755 2.788811503448177 2.7017479321395133
146 1.03124555464287 2.783906794001865 2.699557618908678
147 1.0302654097000652 2.779002085159198 2.6973652216162742
148 1.0292844704161677 2.774097376944656 2.6951707294515126
149 1.028302732974153 2.76919266937338 2.692974141344605
150 1.027320196813489 2.7642879623994503 2.690775447590377
151 1.026336858707875 2.7593832561472245 2.688574645580983
152 1.025352716983767 2.7544785505319482 2.6863717283889113
153 1.0243677689859834 2.7495738455059393 2.684166691644085
154 1.0233820126118547 2.74466914115153 2.681959529605803
155 1.0223954463247418 2.739764437435879 2.6797502348867583
156 1.021408068367237 2.734859734381058 2.677538800680167
157 1.0204198766456676 2.729955031882267 2.6753252208847567
158 1.0194308675202948 2.7250503301335143 2.673109493694298
159 1.0184410396152919 2.72014562898698 2.6708916109807337
160 1.0174503910437234 2.715240928420096 2.668671566025682
161 1.016458920158581 2.7103362285095827 2.6664493515259178
162 1.0154666248867794 2.7054315293053417 2.6642249612162163
163 1.0144735016291144 2.7005268307925356 2.6619983927188198
164 1.0134795480040417 2.6956221330023 2.659769640454106
165 1.0124847633222183 2.690717435792569 2.657538694176143
166 1.0114891447924668 2.6858127392881443 2.6553055493632693
166 1.0104926897542907 2.6809080434470354 2.653070200932299
167 1.0104926897542907 2.6809080434470354 2.653070200932299
168 1.0094953961565227 2.676003348245551 2.650832642163566
169 1.0084972623975246 2.67109865374046 2.6485928651808073
170 1.0074982855866261 2.666193959910637 2.6463508653597545
171 1.0064984632103229 2.661289266785525 2.644106637080288
172 1.0054977933257148 2.656384574292869 2.6418601730659157
173 1.0044962735646226 2.6514798825201984 2.639611467259087
174 1.0034939014437252 2.646575191438373 2.6373605137318217
175 1.002490675276907 2.6416705010276433 2.635107304412546
176 1.0014865924611212 2.6367658113251906 2.632851833638055
177 1.0004816503131795 2.6318611223771895 2.6305940959070475
178 0.999475847207986 2.626956434034176 2.6283340826819592
179 0.9984691793972222 2.622051746493206 2.626071791295695
180 0.9974616455879427 2.6171470596314728 2.6238072122450626
181 0.9964532435099139 2.6122423734760516 2.6215403386863096
182 0.9954439707117241 2.60733768803903 2.619271164176957
183 0.9944338245099382 2.60243300329843 2.6169996827902766
183 0.9934228033347302 2.5975283192216843 2.6147258855970277
184 0.9934228033347302 2.5975283192216843 2.6147258855970277
185 0.9924109031157222 2.5926236359341344 2.612449770346604
186 0.9913981222307201 2.5877189533790803 2.610171328100278
187 0.9903844589644276 2.582814271506057 2.6078905501068914
188 0.9893699102394576 2.577909590407169 2.6056074312824373
189 0.9883544726865727 2.5730049100264534 2.603321967099961
190 0.9873381447967206 2.568100230403986 2.60103414816686
191 0.9863209245496517 2.5631955514483327 2.5987439662386485
192 0.9853028089984256 2.558290873251948 2.5964514156338265
193 0.9842837959457488 2.5533861958333524 2.5941564885561608
194 0.9832638819317158 2.5484815191698194 2.59185918042986
195 0.9822430658856613 2.5435768432279495 2.5895594803048843
196 0.9812213440206927 2.538672168030664 2.587257384381894
197 0.9801987143738956 2.533767493632582 2.584952884019066
198 0.9791751729766871 2.528862819963789 2.5826459756695628
199 0.9781507192213793 2.523958147018709 2.580336646920643
200 0.9771253493519999 2.519053474913083 2.578024893718747
201 0.9760990614058538 2.5141488034903894 2.575710706933082
202 0.975071852256496 2.5092441328326722 2.573394080678074
203 0.9740437193902687 2.5043394630248716 2.5710750073852298
204 0.9730146602504625 2.4994347939959876 2.5687534793695823
205 0.9719846724247395 2.4945301257249617 2.5664294885453685
206 0.9709537516889359 2.489625458222982 2.5641030315732096
207 0.9699218971760554 2.4847207914920877 2.5617740961683575
208 0.968889105625916 2.4798161255928712 2.5594426763534255
209 0.9678553741238364 2.474911460423862 2.5571087649994273
210 0.9668207002012031 2.470006796100405 2.5547723539497826
211 0.9657850808001956 2.4651021325133735 2.5524334362992307
212 0.9647485140326761 2.4601974697417903 2.550092002171732
213 0.9637109967887459 2.4552928078427327 2.5477480448227725
214 0.9626725254994446 2.450388146661276 2.5454015584271388
215 0.9616330983261236 2.4454834863619808 2.5430525328409934
216 0.9605926284452476 2.4405788267887867 2.5407011822888417
216 0.959551196833101 2.4356741680338154 2.5383472774277234
217 0.959551196833101 2.4356741680338154 2.5383472774277234
218 0.9585088011243287 2.430769510125619 2.535990809134284
219 0.9574654374595724 2.4258648529779125 2.5336317720401698
220 0.9564211040421027 2.420960196640322 2.5312701553830923
221 0.9553757971513469 2.4160555411520255 2.5289059534017935
222 0.9543295142930986 2.411150886512878 2.526539156969165
223 0.9532822518974211 2.4062462326754637 2.5241697596761616
224 0.9522340084181489 2.401341579699621 2.521797749787082
225 0.9511847799501509 2.3964369275182777 2.5194231215977494
226 0.9501345632094639 2.3915322761690776 2.5170458677881475
227 0.9490833560199188 2.3866276256541354 2.514665977983968
228 0.9480311549610803 2.3817229760208702 2.512283445071642
229 0.9469779577523394 2.376818327226893 2.5098982587390863
230 0.9459237607804589 2.3719136793259823 2.5075104122228344
231 0.9448685608013633 2.367009032317638 2.5051198976396534
232 0.9438123553015818 2.362104386102709 2.5027267049793305
233 0.9427551411100549 2.3571997407192056 2.5003308260336836
233 0.9416969149561184 2.3522950962517775 2.497932252821908
234 0.9416969149561184 2.3522950962517775 2.497932252821908
235 0.9406376742151252 2.347390452689162 2.495530975460707
236 0.9395774150615231 2.3424858099587884 2.4931269870991986
237 0.938516134494042 2.3375811681134744 2.4907202787447806
238 0.9374538293080481 2.3326765271714507 2.4883108418184627
239 0.9363904976277012 2.3277718871139443 2.4858986640843095
240 0.9353261348589323 2.322867247939304 2.4834837404491465
241 0.9342607381180951 2.31796260966647 2.481066061210707
242 0.9331943048569795 2.3130579722944393 2.478645615661935
243 0.93212683106186 2.3081533358365443 2.4762223969104533
244 0.931058314913469 2.3032487003028423 2.4737963921378032
245 0.9299887513247216 2.298344065664842 2.4713675970714357
246 0.928918137298207 2.293439431949753 2.4689360018529802
247 0.9278464708228656 2.2885347991472664 2.466501593865704
248 0.9267737472204436 2.283630167306604 2.464064367549912
249 0.9256999642789397 2.2787255363310632 2.461624310535696
250 0.9246251185949793 2.2738209063452697 2.459181413760931
251 0.9235492055223052 2.2689162772129503 2.45673567108943
252 0.9224722234476759 2.2640116490787525 2.454287068522417
253 0.921394167980259 2.259107021918943 2.4518355991670924
254 0.9203150353393785 2.2542023957041413 2.4493812544015148
255 0.9192348230674362 2.2492977704303403 2.4469240220083885
256 0.9181535270669087 2.244393146138127 2.444463894080942
257 0.917071144726539 2.239488522788377 2.4420008585660704
258 0.9159876705034937 2.2345839003747257 2.439534911148351
259 0.9149031028019172 2.2296792789557114 2.4370660369685644
260 0.913817437564313 2.224774658512465 2.4345942275323336
261 0.9127306714848701 2.219870039078334 2.432119472294004
262 0.9116428006837175 2.21496542058648 2.429641762020488
263 0.9105538216776411 2.2100608030512645 2.4271610864027338
264 0.9094637312611165 2.205156186543563 2.4246774343444817
265 0.9083725252524489 2.2002515710325126 2.422190797130322
266 0.9072802003683788 2.195346956525779 2.419701163581452
266 0.9061867528629624 2.1904423429932987 2.417208523599492
267 0.9061867528629624 2.1904423429932987 2.417208523599492
268 0.9050921788902629 2.1855377305154935 2.4147128673625153
269 0.9039964748290409 2.180633119031421 2.4122141841800997
270 0.9028996362100083 2.1757285085796134 2.409712465620657
271 0.9018016603696043 2.17082389912864 2.4072076982414576
272 0.9007025433010486 2.165919290726792 2.404699872156196
273 0.8996022812865627 2.161014683367659 2.40218897652982
274 0.8985008704783473 2.156110077065464 2.3996750007794496
275 0.8973983078907666 2.151205471772797 2.3971579318318113
276 0.8962945876853701 2.146300867525231 2.394637764206444
277 0.8951897070048341 2.1413962643568136 2.3921144843382898
278 0.8940836619755352 2.1364916622303967 2.3895880811754027
279 0.8929764487721579 2.1315870611744576 2.3870585434872202
280 0.8918680636203763 2.1266824612039255 2.3845258597679173
281 0.8907585025573118 2.121777862289473 2.3819900188412255
282 0.8896477612875084 2.1168732644423645 2.3794510103400937
283 0.8885358355364382 2.1119686677083314 2.376908823754156
283 0.8874227224041176 2.107064072048377 2.374363444672825
284 0.8874227224041176 2.107064072048377 2.374363444672825
285 0.886308416600832 2.1021594774834664 2.3718148650169244
286 0.8851929147248049 2.097254883986083 2.3692630714719316
287 0.8840762127253722 2.0923502915923664 2.366708052399924
288 0.8829583065438588 2.0874457003033666 2.364149796012682
289 0.8818391918187818 2.0825411101190263 2.361588291198322
290 0.8807188641491227 2.077636521070162 2.3590235268520128
291 0.8795973197076772 2.0727319331944947 2.3564554902047
292 0.8784745540145802 2.0678273464626264 2.3538841700226487
293 0.8773505625780837 2.062922760814317 2.3513095549314333
294 0.8762253421680016 2.0580181763202487 2.348731630185672
295 0.8750988879728764 2.053113592976947 2.346150385052921
296 0.8739711952777568 2.04820901076291 2.3435658083810975
297 0.8728422605168461 2.043304429710656 2.3409778858561805
298 0.8717120789375862 2.038399849839643 2.33838660618765
299 0.8705806459501625 2.0334952711449397 2.335791957476332
300 0.8694479570221461 2.0285906936164024 2.33319392751731
301 0.8683140076923969 2.0236861172850884 2.3305925038145716
302 0.8671787943856124 2.0187815421133477 2.3279876712663787
303 0.8660423117528779 2.0138769681742312 2.3253794195091055
304 0.8649045556258804 2.0089723954575693 2.322767734763282
305 0.8637655214407155 2.004067823895928 2.3201526040924256
306 0.8626252040092031 1.9991632535560866 2.317534016238596
307 0.8614836001771988 1.9942586844193275 2.314911954225394
308 0.8603407037805939 1.9893541165001265 2.312286409045057
309 0.8591965109520651 1.984449549863353 2.3096573654197092
310 0.858051016638585 1.9795449844726574 2.307024810980966
311 0.8569042167640468 1.974640420286659 2.304388730567289
312 0.8557561059927842 1.9697358573550654 2.3017491123477587
313 0.8546066798552594 1.9648312956834293 2.299105941947708
314 0.8534559332689081 1.959926735238182 2.2964592064305744
315 0.8523038619786909 1.9550221760847166 2.293808890582729
316 0.8511504599972037 1.9501176181904547 2.291154983569957
316 0.8499957238773097 1.9452130615728704 2.2884974676103744
317 0.8499957238773097 1.9452130615728704 2.2884974676103744
318 0.8488396475377299 1.9403085062597145 2.285836331853797
319 0.8476822264041856 1.9354039522388076 2.283171561174131
320 0.8465234563290946 1.930499399512158 2.280503139137655
321 0.8453633306950948 1.9255948481424976 2.2778310558599566
322 0.8442018456593431 1.9206902980609277 2.275155293649968
323 0.8430389956321436 1.9157857492854784 2.2724758394467237
324 0.8418747755656434 1.9108812018650954 2.2697926785859597
325 0.8407091807436174 1.9059766556913653 2.267105795140129
326 0.8395422053032708 1.9010721109330775 2.2644151764190896
327 0.8383738450175946 1.896167567535759 2.2617208048707256
328 0.8372040935001727 1.8912630254443585 2.259022668579401
329 0.8360329468142358 1.8863584847276542 2.2563207489797623
330 0.8348603983981516 1.88145394540328 2.253615034337752
331 0.8336864434628699 1.8765494074445663 2.2509055078909204
332 0.8325110766848729 1.8716448708594935 2.248192154166328
333 0.8313342930137324 1.8667403356932903 2.245474956802311
333 0.8301560859855865 1.8618358019196217 2.2427539029713834
334 0.8301560859855865 1.8618358019196217 2.2427539029713834
335 0.8289764506345597 1.8569312695557874 2.2400289756534764
336 0.8277953812945349 1.8520267386133615 2.2373001595117605
337 0.8266128067371273 1.8471222090290615 2.234567616149296
338 0.8254287876148109 1.8422176808656783 2.2318311506786888
339 0.8242433178535397 1.8373131541581917 2.2290907482790963
340 0.8230563929013507 1.8324086288928119 2.226346389745422
341 0.8218680054135854 1.827504105034874 2.2235980631892662
342 0.8206781510759668 1.8225995826553536 2.220845748440844
343 0.8194868234789715 1.8176950617015157 2.2180894306327534
344 0.818294017025312 1.812790542251984 2.215329092643127
345 0.8170997256831717 1.807886024287479 2.2125647181877555
346 0.8159039434191822 1.8029815078205544 2.2097962908045994
347 0.814706664445433 1.7980769928566334 2.2070237931348897
348 0.813507883086073 1.7931724793781372 2.204247207262048
349 0.8123075937402454 1.7882679674316464 2.2014665149166235
350 0.8111057890767238 1.783363456998165 2.1986817022082352
350 0.8111057890767238 1.783363456998165 2.1986817022082352
351 0.8099024639795644 1.778458948091314 2.1958927490510614
352 0.8086976117602257 1.7735544407208546 2.193099639382518
353 0.8074912267705702 1.7686499349205522 2.1903023541122297
354 0.8062833023104614 1.7637454306635794 2.187500876688681
355 0.8050738328962813 1.7588409279487618 2.184695187050447
356 0.8038628111543349 1.7539364268188686 2.181885270075179
357 0.8026502316344891 1.7490319273190895 2.179071105177932
358 0.8014360873167047 1.744127429433893 2.176252675710451
359 0.8002203721119581 1.7392229331329225 2.173429962227442
360 0.799003079603994 1.734318438403435 2.1706029459398413
361 0.7977842030466961 1.7294139453446828 2.167771608838758
362 0.7965637356854063 1.7245094538962396 2.164935932480505
363 0.7953416717886995 1.7196049640856566 2.162095895488937
364 0.794118003720288 1.7147004759302664 2.159251481388445
365 0.7928927253689303 1.7097959894230796 2.1564026692608604
366 0.7916658295192638 1.704891504607547 2.153549440984255
366 0.7904373099493796 1.6999870214682662 2.150691775388405
367 0.7904373099493796 1.6999870214682662 2.150691775388405
368 0.7892071597642262 1.6950825400315457 2.1478296529113443
369 0.7879753713338985 1.6901780602893404 2.1449630556703534
370 0.7867419379710716 1.6852735822575386 2.1420919629677933
371 0.7855068530822815 1.6803691059241892 2.139216353530873
372 0.784270109510121 1.6754646313458252 2.1363362074226844
373 0.7830317004558586 1.6705601584871186 2.133451503323003
374 0.7817916185519911 1.6656556873945405 2.1305622212727395
375 0.7805498563545008 1.6607512180819404 2.127668341184961
376 0.7793064069625063 1.6558467505429488 2.124769841168025
377 0.778061262342198 1.6509422847515938 2.1218667020920203
378 0.7768144156996752 1.6460378207818116 2.1189589012701684
379 0.7755658596847599 1.641133358616856 2.116046417107528
380 0.7743155865149006 1.6362288982652549 2.113129228910037
381 0.7730635890230639 1.6313244397262445 2.110207313977602
382 0.7718098594760341 1.6264199830407409 2.1072806508909903
383 0.7705543902570153 1.6215155281900415 2.1043492175149265
383 0.769297173450864 1.6166110752339382 2.101412992306013
384 0.769297173450864 1.6166110752339382 2.101412992306013
385 0.7680382017807201 1.61170662414132 2.0984719515312245
386 0.7667774673628905 1.60680217494414 2.095526072864754
387 0.765514962012903 1.601897727625705 2.0925753344043776
388 0.7642506784050457 1.5969932822243968 2.0896197116334196
389 0.7629846078440138 1.5920888387149759 2.086659183353363
390 0.7617167427971437 1.5871843971812867 2.08369372498351
391 0.7604470746901979 1.5822799575687745 2.0807233142600845
392 0.7591755957168945 1.5773755199411132 2.077747926619779
393 0.7579022976495873 1.5724710842709637 2.074767538174147
394 0.7566271720702006 1.567566650574865 2.0717821252518074
395 0.7553502105698755 1.5626622189046204 2.0687916638371844
396 0.7540714047361541 1.5577577892326189 2.065796129449665
397 0.7527907463528271 1.5528533615617959 2.062795496736866
398 0.7515082267222176 1.5479489359630445 2.059789741377266
399 0.7502238371699842 1.5430445123826664 2.056778838437583
400 0.7489375687335451 1.538140090884529 2.053762763544533
401 0.747649413363383 1.5332356714490643 2.0507414893186837
402 0.7463593619182619 1.5283312541250913 2.0477149910695
403 0.7450674053622928 1.5234268389266636 2.044683243371638
404 0.7437735350932887 1.51852242581147 2.0416462191290625
405 0.7424777418159368 1.513618014817713 2.038603892846319
406 0.7411800166138179 1.5087136059871278 2.0355562375789513
407 0.739880350198101 1.5038091993004372 2.0325032269039127
408 0.7385787332870074 1.4989047947924317 2.0294448340282307
409 0.7372751565194879 1.4940003924765 2.0263810319194038
410 0.7359696106780605 1.4890959923637466 2.023311792713586
411 0.7346620862985632 1.4841915944638011 2.0202370887840164
412 0.7333525736291041 1.4792871988147176 2.017156892890203
413 0.7320410633321354 1.4743828054167463 2.01407117615177
414 0.7307275452741638 1.4694784142805313 2.0109799114377074
415 0.7294120100626987 1.4645740254410555 2.0078830691520473
416 0.7280944473817129 1.459669638895942 2.0047806217243287
416 0.7267748480281057 1.45476525465676 2.0016725380684908
417 0.7267748480281057 1.45476525465676 2.0016725380684908
418 0.7254532012147307 1.4498608727178235 1.9985587909600686
419 0.7241294970073548 1.4449564931245347 1.995439350414776
420 0.7228037255527033 1.4400521159040536 1.9923141857118887
421 0.7214758764251958 1.4351477410676485 1.9891832671919527
422 0.7201459386871008 1.430243368637923 1.9860465661243636
423 0.7188139021381206 1.4253389986120268 1.9829040512048235
424 0.7174797570620542 1.420434631012932 1.9797556893163746
425 0.716143492003075 1.415530265864824 1.9766014516246502
426 0.7148050967316162 1.4106259031929127 1.9734413053892261
427 0.7134645601997563 1.4057215429980743 1.9702752195631121
428 0.7121218713666743 1.4008171852975995 1.967103162565714
429 0.7107770191444103 1.3959128301182269 1.9639251024161433
430 0.7094299924534805 1.3910084774784104 1.9607410065477646
431 0.7080807804842822 1.3861041273563683 1.9575508410330826
432 0.7067293717074794 1.381199779830287 1.954354573509895
433 0.7053757549085603 1.3762954348862866 1.9511521700440346
433 0.7040199184181956 1.3713910925369612 1.9479435974172818
434 0.7040199184181956 1.3713910925369612 1.9479435974172818
435 0.7026618506844702 1.3664867528337747 1.9447288215557255
436 0.7013015399407942 1.3615824157617689 1.9415078082913055
437 0.6999389744570966 1.356678081380855 1.938280522860088
438 0.698574142243023 1.351773749678077 1.9350469305057902
439 0.6972070315331328 1.346869420683875 1.9318069952940065
440 0.6958376297166492 1.341965094415979 1.9285606829892747
441 0.6944659250882398 1.3370607709017952 1.9253079562282434
442 0.6930919053328751 1.3321564501361358 1.9220487786483866
443 0.6917155578870658 1.3272521321815791 1.9187831140242697
444 0.6903368701585085 1.322347817040267 1.915510925465479
445 0.6889558290657163 1.3174435047370205 1.9122321768052792
446 0.6875724221217299 1.3125391952906775 1.908946829543291
447 0.6861866365268579 1.3076348887210454 1.9056548453634359
448 0.6847984591574672 1.3027305850407263 1.9023561861449334
449 0.6834078770512019 1.2978262842850121 1.8990508126492915
450 0.6820148767466847 1.2929219864617874 1.8957386862720986
451 0.6806194449526985 1.2880176916276598 1.8924197672859229
452 0.6792215682921411 1.2831133997839883 1.8890940153892555
453 0.6778212326278594 1.2782091109402622 1.8857613916648
454 0.6764184244819611 1.2733048251406398 1.8824218546616431
455 0.6750131303171113 1.26840054239882 1.8790753622865737
456 0.6736053354424876 1.2634962627517565 1.8757218749191957
457 0.6721950260886989 1.2585919862055817 1.8723613495460547
458 0.6707821877823078 1.2536877127947326 1.8689937443622129
459 0.669366806353833 1.248783442536687 1.8656190158861408
460 0.6679488669810829 1.2438791754838048 1.8622371216912819
461 0.6665283549734103 1.2389749116485163 1.8588480180981084
462 0.6651052554173233 1.2340706510413146 1.855451661206603
463 0.6636795533459766 1.2291663937193251 1.8520480064850813
464 0.6622512336491131 1.2242621396916353 1.8486370088670878
465 0.6608202809794645 1.2193578889903907 1.845218623107427
466 0.6593866798277305 1.2144536416334275 1.8417928035044813
466 0.657950414745191 1.209549397655476 1.8383595033128852
467 0.657950414745191 1.209549397655476 1.8383595033128852
468 0.6565114701602529 1.2046451570716437 1.8349186751871869
469 0.6550698296224643 1.1997409199182363 1.8314702733442658
470 0.653625477335104 1.1948366862319375 1.8280142492355183
471 0.6521783968635539 1.1899324560623565 1.824550555162454
472 0.6507285720194882 1.1850282293817946 1.8210791416521743
473 0.6492759862306634 1.1801240062755656 1.8175999594975192
474 0.647820622564553 1.17521978675744 1.8141129593946104
475 0.6463624642592705 1.1703155708405342 1.8106180905503424
476 0.644901494200649 1.1654113585713795 1.8071153021840938
477 0.6434376949926204 1.1605071499824517 1.8036045432429346
478 0.6419710494269786 1.1556029451047387 1.8000857610888004
479 0.6405015396363771 1.1506987439757448 1.796558903869325
480 0.6390291477803733 1.1457945466116466 1.793023918535626
481 0.6375538560286798 1.1408903530558927 1.7894807509478396
482 0.6360756108140577 1.1359861632998531 1.7859294461015467
483 0.6345944186452609 1.131081977409654 1.7823698793700398
483 0.6331102716424373 1.1261777954352419 1.7788019652779778
484 0.6331102716424373 1.1261777954352419 1.7788019652779778
485 0.6316231506064754 1.1212736174116023 1.7752256489252674
486 0.6301330370129814 1.1163694433586777 1.7716408722999224
487 0.628639911602257 1.1114652733185668 1.7680475782800686
488 0.6271437549018235 1.1065611073252737 1.7644457090998233
489 0.6256445472457894 1.101656945423191 1.760835206305085
490 0.6241422690426824 1.0967527876547498 1.757216009960299
491 0.6226369001974963 1.0918486340435156 1.7535880602277
492 0.6211284198615546 1.0869444846429273 1.74995129813123
493 0.6196168083902325 1.082040339498237 1.7463056599600373
494 0.6181020447379362 1.0771361986264254 1.7426510845520842
495 0.6165841079193985 1.0722320620864285 1.7389875092703384
496 0.6150629766077392 1.0673279299168454 1.7353148710128612
497 0.6135386297622271 1.0624238021456125 1.7316331044344315
498 0.6120110454273608 1.0575196788272285 1.7279421453721864
499 0.6104802018721818 1.0526155599914087 1.7242419275241265
500 0.6089460765669015 1.047711445697756 1.7205323854035046
501 0.6074086474861536 1.0428073359863985 1.716813450552941
502 0.6058678917864184 1.037903230900348 1.7130850552916104
503 0.6043237865253184 1.0329991304843225 1.7093471306561663
504 0.6027763087490837 1.0280950347972833 1.7055996061471719
505 0.6012254345191442 1.0231909438574414 1.7018424123653086
506 0.5996711404267889 1.0182868577335737 1.6980754768502848
507 0.5981134021711524 1.0133827764710437 1.6942987279543695
508 0.5965521957088717 1.0084787001136575 1.6905120915954408
509 0.5949874963721896 1.0035746287090956 1.6867154937342037
510 0.5934192790050535 0.9986705623255788 1.6829088599884774
511 0.5918475185828712 0.9937665009899258 1.679092113741417
512 0.5902721896097998 0.9888624447583586 1.6752651779377365
513 0.5886932662752322 0.9839583937063566 1.6714279745919938
514 0.5871107225769986 0.9790543478559635 1.6675804242828527
515 0.5855245316828576 0.9741503072791087 1.663722448108708
516 0.5839346672125297 0.9692462720262546 1.6598539638912828
516 0.5823411017149559 0.964342242145605 1.6559748904991958
517 0.5823411017149559 0.964342242145605 1.6559748904991958
518 0.5807438079755162 0.959438217727329 1.6520851441738977
519 0.5791427580460529 0.9545341987883836 1.6481846410526644
520 0.5775379237349622 0.9496301854129456 1.6442732959796773
521 0.5759292764285834 0.944726177641002 1.640351022784219
522 0.5743167875847852 0.9398221755530026 1.6364177329820062
523 0.5727004275535422 0.9349181792018999 1.6324733389770234
524 0.5710801667572457 0.9300141886467588 1.6285177507172797
525 0.5694559755694141 0.9251102039542757 1.6245508759992087
526 0.5678278231660883 0.9202062251816835 1.620572623671041
527 0.5661956789576433 0.9153022524128076 1.6165828995690386
528 0.5645595117210956 0.9103982857019467 1.612581608848533
529 0.5629192897984907 0.9054943251135845 1.608568655442108
530 0.5612749810583786 0.900590370725093 1.6045439421277572
531 0.5596265531996727 0.8956864226055767 1.6005073695743652
532 0.5579739732538622 0.890782480819128 1.5964588377204603
533 0.5563172078536737 0.8858785454389542 1.5923982449810612
533 0.5546562230461619 0.880974616550846 1.5883254887370584
534 0.5546562230461619 0.880974616550846 1.5883254887370584
535 0.5529909846428596 0.8760706942262988 1.584240464231248
536 0.5513214582732237 0.8711667785443763 1.5801430643982732
537 0.549647608347684 0.8662628695672805 1.5760331827357266
538 0.547969399070655 0.8613589673820141 1.5719107104208037
539 0.5462867944132569 0.8564550720867079 1.5677755363033978
540 0.54459975765833 0.8515511837384718 1.563627548054688
541 0.5429082515752776 0.8466473024395523 1.5594666317613695
542 0.5412122382339168 0.8417434282651571 1.5552926722646432
543 0.5395116795280064 0.8368395612992272 1.5511055516561552
544 0.5378065365446009 0.8319357016400964 1.546905151033067
545 0.5360967697881776 0.8270318493657358 1.5426913497212686
546 0.5343823392021229 0.8221280045858156 1.5384640252395334
547 0.532663204575841 0.8172241673630228 1.5342230519072129
548 0.5309393242492082 0.8123203378068153 1.5299683046749326
549 0.5292106567189816 0.807416516017774 1.5256996543184196
550 0.5274771593867469 0.8025127020892343 1.5214169709684644
551 0.5257387894645273 0.7976088961331583 1.5171201214685617
552 0.5239955028408363 0.7927050982496099 1.5128089725044724
553 0.5222472554702623 0.7878013085309052 1.5084833865168374
554 0.5204940022138163 0.7828975271056137 1.5041432250433568
555 0.5187356973505125 0.7779937540638301 1.499788347008892
556 0.5169722944348012 0.773089989505688 1.4954186091362918
557 0.5152037462386743 0.768186233559799 1.4910338660540863
558 0.5134300049066708 0.763282486337465 1.486633969660989
559 0.5116510217736837 0.7583787479555794 1.4822187695953233
560 0.5098667474283399 0.7534750185306637 1.477788112935453
561 0.508077131415042 0.7485712981846439 1.473341844967128
562 0.5062821229427051 0.7436675870420998 1.468879807012777
563 0.5044816699619034 0.7387638852235608 1.4644018389793025
564 0.5026757198758922 0.7338601928755304 1.45990777723801
565 0.5008642190853207 0.7289565101049987 1.4553974556941212
566 0.49904711321859463 0.7240528370637616 1.4508707051604746
566 0.4972243467538791 0.719149173882632 1.446327354196522
567 0.4972243467538791 0.719149173882632 1.446327354196522
568 0.49539586354176385 0.7142455207000743 1.441767227513115
569 0.4935616060853462 0.7093418776593096 1.4371901479238052
570 0.49172151631480576 0.7044382449164651 1.432595933966566
571 0.48987553503216713 0.6995346226046951 1.4279844013005487
572 0.48802360191895605 0.6946310108894647 1.4233553626466184
573 0.48616565587634564 0.689727409926258 1.4187086265544178
574 0.4843016344099769 0.6848238198605099 1.4140439990354947
575 0.4824314740444003 0.6799202408566071 1.4093612822492403
576 0.48055511032524156 0.6750166730967907 1.404660274323036
577 0.4786724775003257 0.6701131167372942 1.3999407700160456
578 0.47678350851725865 0.6652095719603385 1.3952025606528695
579 0.47488813549458825 0.6603060389481276 1.3904454325026032
580 0.47298628891277933 0.655402517868355 1.3856691689200615
581 0.47107789827104435 0.6504990089166369 1.3808735483114492
582 0.4691628915333798 0.6455955122768018 1.376058345464582
583 0.4672411953773846 0.6406920281523217 1.3712233306715242
583 0.4653127351124434 0.6357885567303848 1.3663682696686685
584 0.4653127351124434 0.6357885567303848 1.3663682696686685
585 0.46337743476861365 0.6308850982280987 1.3614929232432942
586 0.4614352169297448 0.6259816528439017 1.3565970473796969
587 0.4594860023876552 0.6210782207993959 1.3516803941187527
588 0.4575297106631382 0.6161748023165237 1.3467427097214018
589 0.4555662596751072 0.6112713976103202 1.341783735358839
590 0.4535955656377368 0.6063680069165549 1.336803207200728
591 0.4516175431255184 0.6014646304751258 1.3318008559024472
592 0.449632105073516 0.596561268526999 1.326776406301013
593 0.44763916242726626 0.5916579213103793 1.32172957813206
594 0.4456386248186614 0.5867545890898763 1.3166600837811975
595 0.44363039957448425 0.5818512721293719 1.3115676308194042
596 0.4416143921504109 0.576947970690062 1.3064519203748175
597 0.4395905061301583 0.5720446850561122 1.30131264683577
598 0.43755864319525195 0.567141415501141 1.2961494974927632
599 0.4355187026335415 0.5622381623190741 1.2909621536785256
600 0.4334705818597253 0.5573349258060288 1.2857502887851961
601 0.43141417585662817 0.5524317062715157 1.2805135695288448
602 0.42934937747831886 0.5475285040250479 1.2752516545868215
603 0.42727607715921684 0.5426253194025056 1.2699641950707807
604 0.4251941628125364 0.5377221527330284 1.2646508342827472
605 0.4231035214916326 0.5328190043502588 1.2593112023077215
606 0.4210040375128245 0.5279158746141597 1.2539449211293572
607 0.41889558853129083 0.5230127638785692 1.2485516157196317
608 0.41677805193263767 0.5181096725219227 1.2431308945358355
609 0.4146513021609895 0.5132066009233116 1.2376823568349913
610 0.41251521100679833 0.5083035494744942 1.2322055912408942
611 0.4103696471269051 0.5034005185880718 1.2267001765664147
612 0.4082144760065956 0.4984975086766592 1.2211656812204887
613 0.40604955996865255 0.4935945201808567 1.2156016625629706
614 0.40387475792439337 0.4886915535408528 1.210007666862749
615 0.4016899252434775 0.4837886092125066 1.204383228977591
616 0.39949491385999364 0.47888568766444467 1.198727871244624
616 0.3972895718436698 0.47398278939103977 1.1930411039772977
617 0.3972895718436698 0.47398278939103977 1.1930411039772977
618 0.39507374346535273 0.4690799148957435 1.187322424368809
619 0.3928472689624214 0.46417706469657316 1.1815713163096342
620 0.39060998454810586 0.45927423933506006 1.1757872494385708
621 0.3883617219820985 0.45437143936113966 1.169969679406468
622 0.3861023087587239 0.44946866534630475 1.1641180463056453
623 0.3838315675076896 0.444565917885447 1.1582317753907532
624 0.3815493162079651 0.4396631975917929 1.152310275278157
625 0.37925536793823805 0.43476050510203285 1.1463529375089394
626 0.37694953042698415 0.4298578410722912 1.1403591366339572
627 0.3746316061878356 0.42495520617822224 1.13432822847615
628 0.37230139201219953 0.42005260112824794 1.1282595503013422
629 0.3699586789022478 0.41515002665383655 1.122152419523396
630 0.36760325186507625 0.4102474835057042 1.1160061327647883
631 0.3652348895573308 0.405344972471839 1.1098199653464709
632 0.36285336403458923 0.4004424943655596 1.1035931702906498
633 0.36045844056161946 0.3955400500309498 1.0973249770893718
633 0.35804987732817306 0.39063764034469545 1.0910145906478104
634 0.35804987732817306 0.39063764034469545 1.0910145906478104
635 0.3556274249468632 0.38573526621930376 1.084661190786788
636 0.35319082632195 0.3808329286020759 1.0782639304876194
637 0.35073981622429784 0.37593062847941455 1.0718219349211473
638 0.34827412092502447 0.37102836687610863 1.065334300150262
639 0.3457934578412179 0.3661261448629703 1.0588000916752127
640 0.34329753516811395 0.3612239635512958 1.0522183428273182
641 0.3407860513196064 0.35632182409831104 1.0455880536147133
642 0.3382586945806196 0.35141972771127994 1.0389081887369598
643 0.33571514248730583 0.34651767565529085 1.0321776762524004
644 0.33315506152997487 0.3416156692448358 1.025395404998521
645 0.33057810631295037 0.3367137098573898 1.0185602235213695
646 0.32798391920891934 0.3318117989316813 1.0116709371971486
647 0.3253721296676316 0.32690993796666706 1.0047263061547598
648 0.3227423534447683 0.3220081285420716 0.9977250432276397
649 0.32009419195744954 0.3171063723070968 0.9906658111099064
650 0.3174272315245841 0.3122046709855522 0.9835472195817977
651 0.31474104266223113 0.30730302639300916 0.9763678222379019
652 0.31203517893346244 0.30240144043122197 0.969126114128642
653 0.30930917625275195 0.2974999151008736 0.9618205276191728
654 0.3065625517704837 0.29259845250008526 0.9544494290325028
655 0.3037948028742837 0.28769705484492053 0.9470111144856395
656 0.3010054059085002 0.28279572446358625 0.9395038059534074
657 0.29819381500703057 0.2778944638104296 0.9319256464252206
658 0.29535946074441455 0.27299327547405045 0.9242746949293816
659 0.2925017486320931 0.2680921621901874 0.9165489213105253
660 0.28962005752805786 0.26319112685305035 0.9087462004510957
661 0.28671373806670614 0.25829017251533154 0.9008643054810244
662 0.28378211061379827 0.25338930242389285 0.8929009015960584
663 0.28082446339126405 0.24848852001428173 0.8848535380910543
664 0.27784005028024894 0.24358782893458739 0.8767196402710395
665 0.2748280883841138 0.23868723306012368 0.8684965007161938
666 0.27178775547858125 0.23378673651825987 0.8601812694122045
666 0.26871818715097145 0.22888634370880204 0.8517709431412952
667 0.26871818715097145 0.22888634370880204 0.8517709431412952
668 0.26561847369947134 0.22398605931983057 0.8432623537068249
669 0.26248765679145664 0.2190858883655718 0.8346521548616397
670 0.2593247255736701 0.21418583621257656 0.8259368085274604
671 0.25612861268564563 0.20928590860602406 0.817112568609767
672 0.2528981896873627 0.2043861117144846 0.8081754636802675
673 0.24963226195285657 0.1994864521745623 0.7991212778908986
674 0.2463295631153941 0.1945869371304747 0.7899455293529654
675 0.24298874892277655 0.18968757429242875 0.7806434459758165
676 0.2396083902357094 0.18478837199276907 0.7712099388964954
677 0.23618696540589612 0.17988933925895104 0.7616395720644638
678 0.23272285153880942 0.17499048589252478 0.7519265286389074
679 0.22921431480874024 0.1700918225567571 0.7420645726192283
680 0.22565949948314873 0.16519336088142197 0.7320470055981751
681 0.2220564154834796 0.16029511357764267 0.7218666176729679
682 0.2184029244398933 0.15539709458809395 0.7115156309679398
683 0.21469672353898353 0.1504993192368083 0.7009856357192213
683 0.2109353272306386 0.1456018044175349 0.6902675162531337
684 0.2109353272306386 0.1456018044175349 0.6902675162531337
685 0.20711604623501204 0.1407045688235165 0.6793513654845494
686 0.20323596317062537 0.13580763319972913 0.6682263861229755
687 0.1992919044621174 0.13091102066075985 0.6568807750324058
688 0.19528040758903917 0.12601475705348816 0.6453015876466309
689 0.1911976826829473 0.12111887141410002 0.6334745783239688
690 0.18703956731927668 0.11622339649730347 0.621384010683205
691 0.1828014729887434 0.11132836944435726 0.6090124309403823
692 0.1784783211694624 0.10643383259053318 0.5963403952543677
693 0.17406446653260646 0.10153983447303921 0.5833461389089333
694 0.1695536039098217 0.09664643109699501 0.5700051716293634
695 0.16493865467858312 0.09175368753151628 0.5562897776165157
696 0.16021162659736132 0.08686167995924463 0.5421683919204103
697 0.15536343927289514 0.08197049834005858 0.5276048130994178
698 0.15038370410425164 0.07708024990665711 0.5125571973757355
699 0.1452604436540605 0.07219106384765453 0.49697675452223194
700 0.1399797284713021 0.06730309767528773 0.4808060310610322
700 0.1399797284713021 0.06730309767528773 0.4808060310610322
701 0.13452519978670735 0.06241654606805137 0.4639766093417009
702 0.12887743100796673 0.057531653425618286 0.4464059608859048
703 0.12301305641818937 0.052648732174465585 0.42799304161245655
704 0.11690355445878223 0.04776819026907398 0.4086119578675091
705 0.11051350318600432 0.04289057402088003 0.38810256470371113
706 0.10379800229717817 0.038016637714922016 0.3662559671050194
707 0.09669871749153247 0.03314746271521479 0.3427911307936156
708 0.08913753889152035 0.02828467476200903 0.31731496195369774
709 0.08100591711670226 0.023430874745840657 0.28924892871819047
710 0.07214577260454164 0.018590590011446324 0.25768093320378455
711 0.06231302524554992 0.013772716370081829 0.2210246784810918
712 0.05110600328254964 0.008998354631601922 0.1760723604593523
713 0.03788036903254173 0.004336683875831143 0.11448367549180015
714 0.03031470300627093 0.0005996036748338998 0.01977930229795968
715 0.027902129734425192 5.7308526954759614e-05 0.002053912281973705
716 0.025867196230128453 5.323021297890573e-06 0.0002057826928954387
716 0.02402397249337177 4.940344153907089e-07 2.0564226650151773e-05
717 0.02402397249337177 4.940344153907089e-07 2.0564226650151773e-05
718 0.022316194418883488 4.5854000233808306e-08 2.0547410267678806e-06
719 0.02072027249203472 4.256501090365545e-09 2.0542688770149272e-07
