1 0.49956067960887424 2.9951115302846185 5.995490943421747
2 0.4991217908147602 2.990192900238128 5.990908341943905
3 0.49868552673776456 2.9852889478193654 5.986315599227706
4 0.49824966772040835 2.980385328642765 5.981710619655047
5 0.49781337546994775 2.975481671350787 5.977102701472938
6 0.4973763798230246 2.9705780129094457 5.972495143348847
7 0.4969385831626618 2.9656743551836193 5.967889102732181
8 0.4964994918160249 2.9607706964432254 5.963290487194139
9 0.49605911527235186 2.9558670369607327 5.958699167009299
10 0.4956173959327475 2.9509633761604555 5.954115816711334
11 0.4951742813162226 2.946059714081085 5.949541050981413
12 0.49472999003468526 2.9411560516157778 5.944972229012385
13 0.4942851354500855 2.936252390638876 5.940401966498926
14 0.493839941584565 2.9313487320434057 5.935827553028013
15 0.4933944069365091 2.9264450760811145 5.931248986488197
16 0.49294852924434784 2.921541422726801 5.926666273262442
16 0.4925023078455762 2.9166377719437517 5.922079400404073
17 0.4925023078455762 2.9166377719437517 5.922079400404073
18 0.492055741770769 2.911734123644525 5.917488358465283
19 0.49160883017879076 2.906830477878805 5.912893136646131
20 0.49116157237402075 2.9019268345859044 5.908293722083127
21 0.4907139674893756 2.8970231938926823 5.903690104267116
22 0.4902660146644084 2.892119555795833 5.8990822722548195
23 0.4898177128609743 2.8872159202686665 5.8944702171032946
24 0.4893690612363454 2.8823122872413705 5.889853927339576
25 0.48892005899954566 2.877408656817379 5.885233391130007
26 0.4884707049776351 2.8725050290395453 5.880608601023606
27 0.4880209986939999 2.867601403806357 5.875979540799242
28 0.48757093913274496 2.8626977812043335 5.871346201019052
29 0.48712052536779576 2.857794161299108 5.866708571028407
30 0.48666975656338674 2.8528905439683765 5.862066638605268
31 0.4862186316964422 2.8479869293059656 5.857420394132554
32 0.48576715006039384 2.8430833172400862 5.8527698237450085
33 0.4853153105984865 2.8381797078282855 5.848114917965947
33 0.48486311253733405 2.833276101152754 5.843455663859341
34 0.48486311253733405 2.833276101152754 5.843455663859341
35 0.484410555224744 2.8283724970428947 5.838792046409189
36 0.4839576373639499 2.8234688956896044 5.83412405901609
37 0.48350435803321457 2.8185652970602098 5.829451690002321
38 0.48305071645033415 2.8136617011240657 5.8247749259126875
39 0.48259671132803683 2.8087581079350246 5.82009375945751
40 0.4821423421113465 2.8038545174925984 5.8154081743044115
41 0.4816876079176229 2.7989509297725816 5.810718157921247
42 0.4812325078362515 2.794047344820942 5.806023698157294
43 0.48077704055363707 2.789143762592899 5.80132478743384
44 0.4803212053824433 2.7842401831475074 5.79662141072999
45 0.4798650015014865 2.779336606459189 5.791913554359474
46 0.4794084277752095 2.7744330325926283 5.787201208514291
47 0.4789514834040699 2.769529461468289 5.782484358925685
48 0.478494167159557 2.7646258931825285 5.777762996765321
49 0.4780364782728663 2.7597223277636953 5.773037107407581
50 0.4775784155740498 2.754818765168178 5.768306680813627
51 0.4771199781885165 2.7499152054268676 5.763571703426637
52 0.4766611656283128 2.7450116484562117 5.758832156670166
53 0.47620197611117515 2.7401080944356138 5.754088038046911
54 0.47574240913217763 2.7352045432675522 5.749339328938443
55 0.4752824634777177 2.730300995003209 5.744586019490726
56 0.474822138027422 2.7253974496729563 5.739828098570161
57 0.4743614322417382 2.720493907203157 5.735065547691433
58 0.4739003449852373 2.715590367689876 5.730298355816708
59 0.4734388555884827 2.7106868309202414 5.725526747378747
60 0.4729769824593388 2.7057832970353966 5.720750474930372
61 0.47251472472691175 2.7008797661281214 5.715969523889622
62 0.47205208150406575 2.6959762381467747 5.711183879449866
63 0.47158905168797804 2.6910727131815597 5.706393529598053
64 0.4711256341173592 2.686169191175273 5.701598462600611
65 0.4706618277590445 2.6812656721586934 5.696798665243293
66 0.47019763189239533 2.676362156139626 5.691994120361948
66 0.4697330452678162 2.671458643173739 5.687184817177635
67 0.4697330452678162 2.671458643173739 5.687184817177635
68 0.4692680669332118 2.666555133144712 5.682370740824832
69 0.4688026956816481 2.661651626162231 5.677551879884433
70 0.4683369304473777 2.6567481222374347 5.6727282208976835
71 0.4678707703064933 2.6518446214711178 5.667899748757428
72 0.46740421415149197 2.646941123770392 5.66306645004378
73 0.46693726091854326 2.6420376290478775 5.658228310695424
74 0.4664699093772658 2.637134137432014 5.653385319007115
75 0.46600215876854373 2.6322306489203786 5.648537457157507
76 0.46553400773479053 2.6273271635872377 5.6436847146170175
77 0.4650654552232307 2.6224236813523287 5.638827076703794
78 0.46459650028136323 2.6175202022098105 5.633964527551585
79 0.46412714172403524 2.612616726195602 5.629097054076261
80 0.46365737844740557 2.6077132533523453 5.624224642093447
81 0.46318720921649814 2.602809783733078 5.619347278902298
82 0.4627166330691391 2.5979063173004238 5.614464948166764
83 0.4622456488185887 2.593002854053892 5.6095776362224505
83 0.46177425518596904 2.5880993940546113 5.604685330524356
84 0.46177425518596904 2.5880993940546113 5.604685330524356
85 0.4613024511793432 2.583195937252296 5.599788014670688
86 0.4608302354325919 2.5782924836643577 5.594885676813405
87 0.46035760722401253 2.573389033339728 5.589978297214285
88 0.45988456527050237 2.5684855863327876 5.5850658628258465
89 0.45941110844890654 2.563582142583898 5.580148358273768
90 0.4589372354746931 2.558678702085573 5.575225770118765
91 0.4584629450630888 2.5537752649187606 5.57029808497901
92 0.45798823624177487 2.548871831155605 5.565365285518031
93 0.45751310788972366 2.543968400662124 5.560427355614274
94 0.45703755856413547 2.539064973499435 5.555484283340647
95 0.4565615871486637 2.534161549677932 5.550536052549618
96 0.45608519275236276 2.5292581292494725 5.545582644299451
97 0.4556083737103254 2.524354712208713 5.540624048788206
98 0.45513112931030875 2.5194512985892588 5.535660244569857
99 0.4546534580206672 2.5145478884101244 5.530691219983684
100 0.45417535864936326 2.5096444815914767 5.525716958874019
101 0.4536968301221961 2.504741078272724 5.520737443984591
102 0.4532178708619452 2.4998376784061542 5.5157526636182235
103 0.45273848000373934 2.4949342819866263 5.510762597352051
104 0.4522586562011782 2.490030889092889 5.505767230655832
105 0.45177839814087306 2.4851274996789017 5.500766548169468
106 0.451297704736308 2.4802241137673238 5.4957605317680756
107 0.45081657453538637 2.4753207314659624 5.490749167811852
108 0.4503350062129957 2.4704173526891506 5.485732440530535
109 0.4498529986720678 2.465513977434599 5.480710331402949
110 0.4493705323902921 2.4606106056142254 5.475683046072788
111 0.4488876244647415 2.455707237302985 5.470650344239713
112 0.44840427337658056 2.450803872637886 5.46561221235205
113 0.44792047810431185 2.44590051154599 5.460568630167402
114 0.4474362371028668 2.440997154132563 5.455519584059463
115 0.446951549202308 2.436093800348902 5.450465055321308
116 0.44646641301771794 2.4311904501905026 5.4454050277999775
116 0.4459808270599196 2.426287103759604 5.440339486687442
117 0.4459808270599196 2.426287103759604 5.440339486687442
118 0.4454947903073921 2.4213837610086233 5.435268410968094
119 0.44500830145241127 2.416480421920261 5.430191783014809
120 0.44452135892487177 2.41157708657702 5.425109588456466
121 0.44403396158089076 2.4066737549143107 5.420021807219088
122 0.4435461077940187 2.401770426981545 5.414928425202007
123 0.4430577965429069 2.396867102871811 5.409829420843273
124 0.4425690261964413 2.3919637825057665 5.404724779460855
125 0.44207979556599697 2.387060465852615 5.399614480902593
126 0.4415901029741838 2.3821571531031274 5.394498511309238
127 0.4410999472946739 2.3772538441924036 5.389376849334092
128 0.44060932708885203 2.3723505390996085 5.38424947736344
129 0.440118240892066 2.3674472378800546 5.379116378093141
130 0.4396266874741517 2.3625439405398403 5.373977531058664
131 0.4391346653083362 2.357640647130343 5.368832919339076
132 0.4386421727455279 2.35273735760964 5.363682527112019
133 0.43814920876067237 2.347834071969568 5.3585263308144215
133 0.43765577142466383 2.3429307903353833 5.353364318054435
134 0.43765577142466383 2.3429307903353833 5.353364318054435
135 0.4371618597203253 2.338027512620889 5.34819646461529
136 0.4366674720068516 2.3331242389121383 5.343022754109631
137 0.43617260683915243 2.328220969164183 5.3378431672641975
138 0.43567726272296825 2.3233177034503987 5.332657685484299
139 0.4351814383132075 2.318414441749629 5.327466287937186
140 0.4346851319710226 2.313511184106127 5.322268957338878
141 0.43418834230330333 2.3086079305367466 5.317065673136067
142 0.4336910677060441 2.303704681056829 5.31185641715425
143 0.433193306843289 2.2988014356752475 5.306641167719742
144 0.4326950580486671 2.293898194382748 5.301419906960766
145 0.4321963197895972 2.288994957247757 5.296192615342237
146 0.4316970906330605 2.2840917242648566 5.290959271732314
147 0.4311973689585654 2.2791884954949095 5.285719857242267
148 0.4306971531588944 2.274285270899329 5.28047435238164
149 0.43019644180249317 2.2693820505947078 5.275222735655727
150 0.42969523337570625 2.2644788344930147 5.269964985888163
151 0.4291935261386659 2.2595756226364436 5.2647010847652185
152 0.4286913187108384 2.2546724150567976 5.259431009326371
153 0.42818860930327113 2.2497692117436943 5.254154741305276
154 0.42768539633885 2.244866012753318 5.2488722597737185
155 0.42718167822600006 2.2399628181352558 5.24358354374507
156 0.42667745345646013 2.235059627882911 5.238288570855984
157 0.42617272035071363 2.2301564420153066 5.232987320680748
158 0.42566747722146503 2.225253260455406 5.227679772438094
159 0.42516172250756196 2.220350083321917 5.222365904029439
160 0.4246554543558758 2.215446910638009 5.21704569648925
161 0.4241486713781129 2.2105437423807506 5.21171912480219
162 0.42364137172487454 2.2056405786366082 5.2063861696421325
163 0.42313355381090545 2.200737419385243 5.201046807951167
164 0.4226251995391006 2.195834264495662 5.195701219166196
165 0.42211632377753866 2.1909311141400565 5.1903491780021955
166 0.421606924617351 2.1860279683397237 5.184990664761389
166 0.4210970005025159 2.181124827073645 5.17962565506475
167 0.4210970005025159 2.181124827073645 5.17962565506475
168 0.4205865497764341 2.1762216903761127 5.174254125655943
169 0.42007557054129285 2.1713185583270525 5.168876056108611
170 0.41956406121537126 2.1664154309110706 5.163491421632996
171 0.41905201989675583 2.161512308166131 5.15810020125586
172 0.4185394447852509 2.1566091900862614 5.152702372395987
173 0.4180263341900837 2.151706076705665 5.147297910966651
174 0.4175126863320806 2.1468029680205523 5.141886793621958
175 0.4169984994831739 2.1418998641006652 5.136468996304127
176 0.4164837716256548 2.136996764931171 5.131044498060186
177 0.41596850137503255 2.1320936705369813 5.125613269968991
178 0.41545268650182393 2.127190580959411 5.120175293294372
179 0.4149363253472103 2.122287496220219 5.114730541955641
180 0.4144194159930393 2.1173844163595965 5.109278992843233
181 0.4139019565698109 2.112481341367808 5.10382062185663
182 0.4133839453600164 2.1075782713021365 5.0983554029091405
183 0.4128653803882133 2.102675206200611 5.092883312772521
183 0.4123462597687009 2.0977721459832064 5.087404326548078
184 0.4123462597687009 2.0977721459832064 5.087404326548078
185 0.4118265815130599 2.092869090770762 5.081918420810806
186 0.4113063439031307 2.08796604054437 5.076425568179711
187 0.41078554485107444 2.0830629953151654 5.070925745623196
188 0.4102641825885734 2.078159955217018 5.065418926177784
189 0.40974225505421347 2.0732569201628572 5.059905085670362
190 0.4092197602658839 2.068353890198705 5.05438419898107
191 0.40869669652840673 2.06345086537266 5.048856237156394
192 0.4081730616857313 2.058547845673046 5.043321176491564
193 0.40764885355556235 2.0536448311643087 5.037778993494453
194 0.4071240704654103 2.0487418218239437 5.032229657858087
195 0.4065987101662387 2.0438388177210207 5.026673146320098
196 0.4060727708034147 2.038935818905831 5.0211094303905135
197 0.40554625025679 2.0340328253443274 5.0155384843439865
198 0.405019146622376 2.029129837094852 5.009960279696933
199 0.40449145761587857 2.0242268541703528 5.004374792242561
200 0.403963181212954 2.019323876647614 4.998781994399394
201 0.4034343153073025 2.014420904457029 4.993181858917013
202 0.4029048579365775 2.009517937770791 4.987574357038692
203 0.40237480689625027 2.0046149764747914 4.981959461969169
204 0.4018441602132791 1.9997120206211079 4.9763371441301
205 0.4013129157285033 1.9948090702648895 4.970707375923132
206 0.40078107115342043 1.9899061254512715 4.965070130993109
207 0.4002486243165938 1.985003186208295 4.959425381155518
208 0.3997155732234487 1.9801002525808873 4.953773095735685
209 0.3991819154788883 1.975197324537903 4.948113248487997
210 0.3986476490943318 1.9702944021307358 4.942445807988462
211 0.39811277185438027 1.965391485365587 4.936770745160817
212 0.397577281370902 1.9604885743363007 4.9310880329385585
213 0.3970411755414415 1.9555856690295168 4.925397640087837
214 0.39650445207209256 1.9506827694315951 4.9196995373886026
215 0.3959671087070389 1.9457798756762545 4.913993695157806
216 0.3954291430658982 1.9408769877021457 4.9082800844011105
216 0.39489055304361725 1.935974105616686 4.902558672764323
217 0.39489055304361725 1.935974105616686 4.902558672764323
218 0.3943513361707576 1.931071229409901 4.896829431747456
219 0.3938114902585622 1.9261683590731435 4.891092328993478
220 0.39327101281464066 1.9212654947373817 4.885347335891564
221 0.39272990157564713 1.9163626363528035 4.87959442014546
222 0.39218813955183646 1.9114597837934915 4.873833731886349
223 0.3916457390556366 1.9065569372977675 4.868065057710036
224 0.3911026977282168 1.9016540968518438 4.8622883654291025
225 0.3905590130334187 1.896751262520731 4.856503624865605
226 0.3900146826419129 1.891848434287283 4.8507108026603705
227 0.38946970405426534 1.886945612230869 4.844909867412841
228 0.388924074885045 1.8820427963884578 4.83910078578894
229 0.3883777925462175 1.8771399867630034 4.833283526476661
230 0.3878308546331109 1.872237183404885 4.827458055589792
231 0.38728325873165964 1.8673343863267609 4.82162433884238
232 0.38673500213937567 1.8624315955691155 4.815782345188173
233 0.3861860824078499 1.8575288111976436 4.809932040057086
233 0.38563649702036895 1.8526260332459399 4.804073389215767
234 0.38563649702036895 1.8526260332459399 4.804073389215767
235 0.3850862433126965 1.8477232617034074 4.798206359719335
236 0.3845353187782751 1.8428204966363784 4.792330916419559
237 0.3839837207065675 1.837917738084805 4.786447026199072
238 0.3834314466715928 1.8330149860848015 4.780554651936961
239 0.3828784938868852 1.8281122406100352 4.77465376039146
240 0.3823248598279855 1.8232095017410084 4.76874431487741
241 0.38177054167902696 1.818306769587715 4.762826281961938
242 0.3812155367572472 1.8134040440965689 4.7568996256606395
243 0.38065984238915296 1.8085013253069895 4.750964309647713
244 0.3801034558665959 1.8035986132860988 4.745020297629454
245 0.37954637455371376 1.798695908083198 4.739067551885269
246 0.3789885954221848 1.7937932096671443 4.733106038900455
247 0.3784301159238389 1.7888905181789447 4.727135719132271
248 0.37787093317385073 1.7839878336082409 4.721156556351119
249 0.37731104424214296 1.7790851560156853 4.715168514584854
250 0.37675044645202044 1.7741824854234944 4.709171554092474
251 0.37618913688379946 1.769279821848499 4.703165637648408
252 0.3756271126498184 1.7643771653707074 4.697150727284064
253 0.37506437088377953 1.759474515980031 4.69112678400806
254 0.37450090872633457 1.75457187379793 4.685093768571008
255 0.37393672306079273 1.7496692388098538 4.679051644054231
256 0.3733718112865433 1.7447666110438391 4.673000366663519
257 0.37280617006107325 1.7398639905830033 4.666939901498889
258 0.3722397965140921 1.7349613774298027 4.66087020699336
259 0.371672687636357 1.7300587716783837 4.654791243017205
260 0.37110484031585816 1.7251561733515128 4.6487029699833124
261 0.370536251646093 1.7202535824638552 4.642605345149618
262 0.36996691848370755 1.715350999114691 4.636498328404546
263 0.36939683760146047 1.7104484232936308 4.630381879822753
264 0.36882600614479344 1.705545855085728 4.624255954489733
265 0.36825442067912706 1.700643294537187 4.618120514075287
266 0.367682078291851 1.6957407416467432 4.611975512988516
266 0.36710897561725553 1.6908381964805461 4.605820910909568
267 0.36710897561725553 1.6908381964805461 4.605820910909568
268 0.36653510961232383 1.6859356590968397 4.599656662850162
269 0.36596047689327277 1.6810331295646643 4.593482727521185
270 0.36538507420988753 1.6761306078530946 4.5872990610729705
271 0.3648088982378844 1.671228094097849 4.581105620422875
272 0.3642319457604477 1.6663255883002122 4.574902360146467
273 0.3636542134474011 1.6614230905688292 4.568689235905518
274 0.3630756979063485 1.6565206008924582 4.5624662031765615
275 0.3624963957140519 1.6516181193011055 4.556233217292323
276 0.3619163035781914 1.646715645892674 4.549990231476002
277 0.36133541799761565 1.641813180711786 4.54373720077067
278 0.36075373548592327 1.6369107237830294 4.537474079313871
279 0.3601712526307578 1.6320082751858787 4.53120081979166
280 0.3595879659304246 1.627105834952286 4.524917375202453
281 0.3590038717651903 1.6222034031333001 4.518623699396526
282 0.35841896668782475 1.617300979798807 4.512319743412021
283 0.3578332469969459 1.6123985649998753 4.506005460732488
283 0.357246696303669 1.607496158650813 4.4996809635557815
284 0.357246696303669 1.607496158650813 4.4996809635557815
285 0.35665932391416894 1.6025937609193752 4.493346040506273
286 0.35607112619748665 1.5976913718914414 4.487000642128221
287 0.355482099331727 1.5927889916019857 4.480644720497262
288 0.35489223969038725 1.5878866201177928 4.474278224576245
289 0.35430154343210823 1.5829842574759019 4.467901105204289
290 0.35371000672074987 1.5780819037651124 4.461513312545298
291 0.35311762605444647 1.573179559006753 4.455114791591252
292 0.3525243972843842 1.5682772232864506 4.44870549490312
293 0.3519303166644921 1.5633748966353216 4.44228536902589
294 0.35133538034730427 1.5584725791448675 4.435854361164186
295 0.3507395843710461 1.5535702708671244 4.429412419054498
296 0.35014292477382913 1.5486679718294942 4.422959489556554
297 0.349545397513481 1.5437656821123782 4.416495519878328
298 0.3489469987232836 1.538863401795902 4.410020454184296
299 0.3483477241972986 1.5339611309426824 4.40353424003962
300 0.3477475699216449 1.5290588695802552 4.397036821636986
301 0.34714653180140087 1.524156617801436 4.390528143525833
302 0.3465446056926785 1.5192543756526131 4.384008149876998
303 0.3459417873612468 1.51435214322693 4.3774767852649745
304 0.345338072713015 1.5094499205734428 4.370933991479808
305 0.3447334574124497 1.5045477077582956 4.364379712521516
306 0.34412793716692586 1.4996455048562403 4.3578138909681385
307 0.34352150780292534 1.4947433119202789 4.351236466910821
308 0.3429141649265367 1.4898411290135234 4.344647382334572
309 0.34230590415557494 1.4849389561844395 4.338046578096848
310 0.3416967209048843 1.4800367935805214 4.331433996969812
311 0.3410866109375209 1.4751346412302282 4.324809576006601
312 0.34047556975588666 1.4702324991811293 4.318173254648646
313 0.3398635927195508 1.4653303675129286 4.3115249732621175
314 0.33925067531762526 1.4604282463286842 4.3048646696468635
315 0.33863681295089754 1.4555261356653233 4.298192281523672
316 0.33802200099844265 1.450624035625042 4.291507746064509
316 0.3374062347429057 1.445721946239619 4.2848110004286655
317 0.3374062347429057 1.445721946239619 4.2848110004286655
318 0.33678950951968895 1.4408198676208603 4.278101980301227
319 0.3361718205648329 1.4359177998400612 4.271380621455554
320 0.335553163064482 1.4310157429951678 4.264646859312051
321 0.33493353222245714 1.4261136971169779 4.25790062778718
322 0.3343129230942964 1.4212116623305395 4.251141861870749
323 0.3336913308742517 1.4163096386855987 4.244370493458582
324 0.3330687504426571 1.4114076262764121 4.237586457452446
325 0.33244517690840214 1.4065056251581862 4.230789684597282
326 0.33182060530002744 1.4016036354104369 4.223980105584844
327 0.3311950303567994 1.396701657162886 4.217157653779426
328 0.3305684471117678 1.391799690480833 4.2103222574363075
329 0.32994085029321385 1.3868977354237495 4.203473847482762
330 0.3293122347108431 1.381995792111052 4.196612352785895
331 0.32868259508615 1.3770938605918839 4.1897377019033755
332 0.3280519260908829 1.372191941007123 4.182849823070307
333 0.3274202224585513 1.367290033391491 4.175948642159935
333 0.3267874787220609 1.3623881378530769 4.169034086559401
334 0.3267874787220609 1.3623881378530769 4.169034086559401
335 0.32615368942020473 1.3574862544840143 4.162106082249702
336 0.3255188490780611 1.3525843833821178 4.155164554104703
337 0.3248829520799643 1.34768252465114 4.1482094274969254
338 0.3242459928990744 1.3427806783496163 4.141240625192779
339 0.3236079658990162 1.3378788445976417 4.134258070195759
340 0.3229688653355802 1.3329770234766696 4.127261685400053
341 0.3223286854979987 1.3280752151015423 4.12025139199033
342 0.3216874205858962 1.323173419549955 4.113227110777384
343 0.3210450647888207 1.3182716369319074 4.106188761378561
344 0.32040161205157225 1.3133698673363279 4.099136265035165
345 0.3197570565053705 1.3084681108901128 4.092069539263276
346 0.31911139217528617 1.3035663676699099 4.0849885013000975
347 0.3184646129064531 1.2986646378056843 4.077893069353858
348 0.31781671268954653 1.2937629213601154 4.070783158039597
349 0.31716768520666194 1.2888612184830923 4.063658684658523
350 0.3165175243299071 1.2839595292581971 4.056519562309992
350 0.3165175243299071 1.2839595292581971 4.056519562309992
351 0.3158662237002216 1.2790578538035553 4.049365705582588
352 0.3152137758264494 1.2741561922063034 4.0421970418825515
353 0.3145601658049682 1.269254544476232 4.035013591845535
354 0.3139053967995809 1.2643529108193061 4.027815143383971
355 0.3132494622890437 1.2594512913996911 4.020601606771671
356 0.3125923557531905 1.2545496862720513 4.013372890227008
357 0.31193407043835175 1.249648095602243 4.006128903605013
358 0.31127459964604826 1.2447465194829068 3.998869554079625
359 0.3106139365324871 1.2398449580296702 3.991594749001209
360 0.3099520742330509 1.2349434113696494 3.9843043942371033
361 0.3092890058803937 1.2300418796335975 3.9769983938881794
362 0.30862472441834804 1.2251403629141115 3.969676652520571
363 0.307959222835914 1.2202388613786288 3.9623390724972483
364 0.30729249395736735 1.2153373751404248 3.954985556233718
365 0.30662453065432227 1.2104359043285557 3.9476160036691867
366 0.3059553255979305 1.205534449062004 3.9402303153443077
366 0.30528487140863836 1.2006330094922868 3.932828390585992
367 0.30528487140863836 1.2006330094922868 3.932828390585992
368 0.30461316068423927 1.1957315857349835 3.925410126893611
369 0.30394018591609867 1.1908301779267585 3.917975421175408
370 0.3032659394596349 1.185928786207532 3.910524170042448
371 0.3025904138083923 1.181027410704927 3.903056266193491
372 0.3019136011283621 1.1761260515866792 3.895571604561914
373 0.30123549366583624 1.171224708947347 3.888070076651058
374 0.3005560835273783 1.166323382962224 3.880551573849548
375 0.29987536277564686 1.1614220738005423 3.8730159858763242
376 0.29919332331873605 1.1565207815729184 3.865463202000855
377 0.2985099570031925 1.1516195064469428 3.8578931101940643
378 0.29782525564725143 1.146718248563865 3.850305596386543
379 0.29713921091554196 1.1418170080757966 3.8427005461771366
380 0.29645181441596224 1.136915785150401 3.8350778435619675
381 0.2957630577485002 1.1320145799367103 3.8274373701509066
382 0.2950729322525094 1.127113392603547 3.8197790085300567
383 0.2943814293066577 1.1222122232770924 3.8121026381323855
383 0.29368854017254914 1.117311072162122 3.804408137633408
384 0.29368854017254914 1.117311072162122 3.804408137633408
385 0.2929942559695918 1.1124099394130387 3.7966953848012963
386 0.2922985677813323 1.1075088252057956 3.788964255323754
387 0.29160146654404645 1.1026077297032082 3.781214624092637
388 0.290902943115708 1.097706653082622 3.77344636436354
389 0.2902029882942564 1.0928055955071008 3.765659347377331
390 0.2895015927034159 1.0879045571772257 3.757853443976542
391 0.2887987469646433 1.0830035382499568 3.750028522050843
392 0.2880944414972493 1.0781025389177186 3.7421844493588132
393 0.2873886666173658 1.0732015593655482 3.734321092050673
394 0.28668141252046053 1.0683005997904473 3.7264383149158733
395 0.285972669442841 1.0633996603682685 3.7185359791202575
396 0.2852624273683137 1.0584987413066693 3.710613946154217
397 0.2845506761668082 1.053597842794579 3.7026720758060785
398 0.283837405605483 1.0486969650165672 3.6947102260164866
399 0.28312260541676804 1.0437961081998977 3.68672825210614
400 0.2824062651074525 1.0388952725451455 3.67872600896392
401 0.2816883741685522 1.0339944582330836 3.6707033482836553
402 0.28096892183080685 1.0290936655086502 3.6626601219915247
403 0.28024789731132055 1.0241928945661343 3.654596178569659
404 0.27952528966161305 1.019292145621601 3.6465113652347267
405 0.278801087880455 1.014391418908888 3.638405526393933
406 0.2780752806915013 1.0094907146480538 3.630278506373208
407 0.27734785680037705 1.0045900330660917 3.622130146075555
408 0.2766188046867679 0.999689374369586 3.6139602855329893
409 0.2758881127861719 0.9947887388304619 3.6057687617787164
410 0.2751557693415997 0.9898881266625491 3.5975554102724456
411 0.2744217624188064 0.9849875381211913 3.5893200649952868
412 0.27368608003526124 0.980086973440496 3.5810625564669687
413 0.27294870998126597 0.9751864328626211 3.5727827141207364
414 0.272209639953415 0.9702859166624347 3.564480364576677
415 0.2714688574211444 0.965385425077809 3.556155333059637
416 0.27072634980068033 0.9604849583679897 3.5478074412599203
416 0.2699821043336698 0.9555845167982638 3.5394365087889703
417 0.2699821043336698 0.9555845167982638 3.5394365087889703
418 0.2692361079472273 0.9506841006578007 3.5310423550029304
419 0.26848834763484825 0.945783710198344 3.522624793701053
420 0.2677388100656311 0.9408833457012231 3.5141836384145555
421 0.2669874818040274 0.9359830074494133 3.5057186993375145
422 0.2662343491336851 0.9310826957360996 3.497229785584775
423 0.26547939831261097 0.9261824108441246 3.488716701676088
424 0.2647226153145539 0.9212821530850274 3.480179250988147
425 0.263963986065062 0.9163819227314982 3.471617232305425
426 0.26320349609857663 0.9114817201210774 3.4630304446248825
427 0.26244113099762134 0.9065815455451929 3.4544186808637467
428 0.2616768759383541 0.9016813993223457 3.4457817340144494
429 0.26091071600490034 0.89678128175591 3.437119392746854
430 0.26014263605198157 0.8918811932100731 3.428431443401911
431 0.25937262080646395 0.8869811339918342 3.4197176680944783
432 0.25860065473533456 0.882081104444374 3.4109778467001255
433 0.2578267163320338 0.8771811048151218 3.4022118316298626
433 0.257050792648218 0.8722811355112585 3.3934193570256843
434 0.257050792648218 0.8722811355112585 3.3934193570256843
435 0.25627287024506584 0.8673811969285319 3.384600157242872
436 0.2554929327357727 0.8624812894253767 3.3757539991031495
437 0.254710963517079 0.8575814133623996 3.366880645892954
438 0.2539269456940518 0.8526815691088466 3.357979858255038
439 0.25314086216568127 0.8477817570723656 3.3490513930441246
440 0.25235269557898854 0.842881977614533 3.340095003465908
441 0.25156242835337816 0.8379822311475518 3.331110438997711
442 0.25077004261590946 0.8330825180676151 3.322097445840456
443 0.24997552031195333 0.8281828388007253 3.313055765489383
444 0.24917884306101212 0.8232831937357301 3.3039851362266215
445 0.2483799922065776 0.8183835833071622 3.294885292638679
446 0.2475789488479593 0.8134840079489895 3.2857559648520764
447 0.2467756938657807 0.8085844681088109 3.2765968780887857
448 0.24597020773684206 0.8036849642307226 3.267407754887807
449 0.24516247071207822 0.7987854967846597 3.258188312691477
450 0.24435246278513106 0.7938860662124578 3.2489382638658064
451 0.2435401635509808 0.7889866730024304 3.2396573177026307
452 0.24272555235687807 0.7840873176410323 3.230345178031331
453 0.2419086082476891 0.779188000613021 3.221001543753309
454 0.24108930988633032 0.7742887224306751 3.2116261098251915
455 0.24026763566755777 0.7693894836065358 3.20221856542963
456 0.23944356363941388 0.7644902846501169 3.192778594798182
457 0.23861707145826652 0.7595911261116743 3.1833058777796825
458 0.23778813647667868 0.7546920085243781 3.173800088207493
459 0.2369567356382515 0.7497929324528358 3.1642608952779567
460 0.23612284559713978 0.7448938984552054 3.1546879615626167
461 0.23528644280622724 0.7399949071073217 3.1450809416875445
462 0.2344475028965353 0.7350959589976324 3.13543949035806
463 0.2336060013287812 0.7301970547319654 3.1257632534203315
464 0.23276191314337372 0.7252981949187906 3.1160518708747276
465 0.23191521301694693 0.7203993801856231 3.106304975917991
466 0.23106587516551727 0.7155006111725526 3.0965221959323275
466 0.23021387335254076 0.7106018885368518 3.086703152110486
467 0.23021387335254076 0.7106018885368518 3.086703152110486
468 0.2293591809393574 0.7057032129400806 3.076847458426653
469 0.2285017708354806 0.7008045850614301 3.0669547220533517
470 0.22764161546615785 0.6959060055987834 3.0570245434857215
471 0.22677868680087174 0.6910074752668136 3.047056515824914
472 0.22591295630028488 0.6861089947914621 3.037050225129549
473 0.22504439494219391 0.6812105649062785 3.027005249703099
474 0.22417297319589036 0.6763121863828266 3.016921160214264
475 0.22329866100509094 0.6714138599961904 3.0067975194033205
476 0.22242142780226976 0.6665155865363839 2.996633881556183
477 0.22154124243576898 0.6616173668147294 2.9864297931187727
478 0.2206580732157726 0.6567192016639843 2.976184791669984
479 0.21977188786340335 0.6518210919274996 2.96589840613569
480 0.21888265348923172 0.6469230384806808 2.955570156739292
481 0.2179903366310603 0.6420250422102339 2.9451995539455265
482 0.21709490320168404 0.6371271040313423 2.9347860987756254
483 0.21619631844707232 0.6322292248657013 2.9243292827878533
483 0.2152945469718383 0.6273314056729615 2.91382858737718
484 0.2152945469718383 0.6273314056729615 2.91382858737718
485 0.21438955270964352 0.622433647432278 2.903283483571913
486 0.21348129888931971 0.6175359511449863 2.8926934319673143
487 0.21256974805309492 0.6126383178388841 2.882057881942173
488 0.21165486200304895 0.6077407485626358 2.8713762717809956
489 0.21073660177387774 0.6028432443981447 2.8606480285043268
490 0.20981492762255696 0.5979458064429923 2.8498725673068264
491 0.20888979906334873 0.5930484358308268 2.8390492905351334
492 0.20796117472676112 0.5881511337253603 2.8281775889087393
493 0.20702901245725122 0.5832539013098351 2.8172568394503132
494 0.20609326918852947 0.5783567398180277 2.8062864066121445
495 0.2051539010294673 0.5734596504984751 2.795265640189344
496 0.20421086312270484 0.5685626346402707 2.7841938765942955
497 0.20326410968951347 0.5636656935624369 2.77307043739024
498 0.20231359395854473 0.5587688286268665 2.76189462948971
499 0.20135926820052266 0.5538720412218794 2.7506657437307953
500 0.20040108364365314 0.5489753327814729 2.739383055221615
501 0.1994389904140034 0.5440787047802385 2.728045823190431
502 0.1984729376038084 0.5391821587259483 2.7166532890356243
503 0.19750287314579562 0.5342856961791733 2.705204677122678
504 0.1965287438219723 0.5293893187291024 2.69369919348111
505 0.19555049520552872 0.524493028034499 2.682136025701408
506 0.19456807165017612 0.5195968257870802 2.670514341743027
507 0.1935814162266941 0.5147007137204666 2.6588332896465885
508 0.19259047066529336 0.5098046936291054 2.647091997168981
509 0.19159517536132376 0.5049087673672904 2.635289570392875
510 0.19059546928891288 0.5000129368253169 2.6234250934232626
511 0.18959128995508534 0.49511720396722125 2.6114976277893134
512 0.18858257340886866 0.4902215708173271 2.599506210759307
513 0.18756925410449957 0.48532603945351044 2.5874498556310463
514 0.18655126489132087 0.4804306120229075 2.575327550326672
515 0.18552853697309676 0.47553529074090867 2.5631382562449967
516 0.18450099981707535 0.47064007788561163 2.550880907703647
516 0.1834685811249863 0.46574497582691915 2.538554410630312
517 0.1834685811249863 0.46574497582691915 2.538554410630312
518 0.18243120672048133 0.4608499869937311 2.526157641986326
519 0.18138880051724662 0.4559551139036217 2.5136894483199863
520 0.18034128446480857 0.45106035915687004 2.501148644335452
521 0.1792885784269551 0.4461657254394024 2.4885340123390916
522 0.17823060016873013 0.4412712155281498 2.475844300083152
523 0.1771672652088003 0.4363768322996161 2.463078220377363
524 0.1760984867681819 0.4314825787245551 2.4502344491611887
525 0.17502417568315376 0.4265884578816188 2.4373116240459938
526 0.1739442402979273 0.4216944729531663 2.4243083428971186
527 0.17285858637988938 0.4168006272478943 2.411223162104868
528 0.17176711701103928 0.41190692418388586 2.398054594800081
529 0.1706697324712143 0.40701336731356774 2.384801109254776
530 0.16956633013581165 0.4021199603131612 2.3714611266935433
531 0.16845680435159013 0.3972267069975929 2.358033019364013
532 0.16734104630284583 0.39233361133618166 2.344515108541601
533 0.16621894388632133 0.38744067744534305 2.3309056620544846
533 0.16509038157256503 0.3825479096043685 2.317202891897252
534 0.16509038157256503 0.3825479096043685 2.317202891897252
535 0.1639552402253164 0.37765531226382487 2.3034049521371194
536 0.16281339700550698 0.37276289004893576 2.289509935329999
537 0.1616647251168328 0.3678706477730687 2.2755158709311125
538 0.16050909372394462 0.3629785904552005 2.2614207209934025
539 0.15934636769458396 0.35808672331698016 2.2472223778788476
540 0.1581764074314864 0.3531950518050506 2.2329186605027425
541 0.1569990686572227 0.34830358159673513 2.218507310748378
542 0.15581420220045206 0.3434123186184539 2.203985989522703
543 0.1546216537306351 0.33852126906026014 2.1893522730651607
544 0.15342126357523264 0.33363043938563947 2.1746036475709136
545 0.15221286759921918 0.3287398363842196 2.1597374884875107
546 0.15099629358058386 0.32384946711321705 2.1447511023863957
547 0.14977136355186105 0.31895933896184453 2.129641684482622
548 0.14853789334854683 0.3140694596842069 2.1144063148063994
549 0.14729569189074065 0.30917983740913785 2.0990419573063805
550 0.14604456080966907 0.30429048066920117 2.083545453402844
551 0.1447842940206775 0.2994013984177307 2.067913515363562
552 0.14351467733789788 0.29451260006140845 2.0521427182530867
553 0.14223548798283828 0.2896240954994975 2.0362294924206448
554 0.14094649412570553 0.28473589514368725 2.0201701142686153
555 0.13964745433308418 0.2798480099628045 2.003960697309361
556 0.1383381170271791 0.2749604515193155 1.9875971816595883
557 0.1370182198502774 0.2700732320141101 1.9710753234805167
558 0.13568748901982622 0.265186364339168 1.9543906829937712
559 0.13434563863093404 0.26029986212040734 1.9375386113983715
560 0.13299236986108637 0.25541373978018095 1.9205142373729152
561 0.13162737014488235 0.2505280125977481 1.903312451825116
562 0.13025031228225198 0.24564269678055484 1.88592789127636
563 0.128860853440757 0.2407578095379841 1.8683549201284082
564 0.1274586341245258 0.23587336916654583 1.8505876105348809
565 0.12604327697707596 0.23098939514306432 1.8326197214396083
566 0.12461438551712041 0.22610590822223103 1.8144446749381675
566 0.1231715427616599 0.22122293055873302 1.7960555303492876
567 0.1231715427616599 0.22122293055873302 1.7960555303492876
568 0.12171430971429147 0.21634048582550777 1.7774449555959275
569 0.12024222367649813 0.21145859936333572 1.7586051962266416
570 0.11875479645317741 0.20657729833064298 1.7395280401334543
571 0.11725151229846364 0.2016966118908845 1.7202047797683488
572 0.11573182570382518 0.19681657140731748 1.700626169252701
573 0.11419515892782985 0.1919372106632162 1.6807823769877892
574 0.1126408992909185 0.18705856612679517 1.6606629324192237
575 0.11106839610195418 0.1821806772226164 1.6402566672105843
576 0.10947695729251858 0.1773035866818487 1.6195516487373662
577 0.10786584564242457 0.1724273408965414 1.598535105061321
578 0.10623427453300965 0.16755199035747417 1.5771933407933385
579 0.10458140319102577 0.16267759014633915 1.5555116414836807
580 0.10290633133454773 0.1578042005012086 1.533474164851804
581 0.10120809308876949 0.15293188747772563 1.5110638172343516
582 0.09948565011679694 0.1480607237114846 1.4882621115473451
583 0.09773788379154212 0.14319078931689866 1.4650490041538005
583 0.09596358623196685 0.13832217293699753 1.4414027066750077
584 0.09596358623196685 0.13832217293699753 1.4414027066750077
585 0.09416145003559043 0.13345497298899087 1.4172994674418096
586 0.0923300564496603 0.1285892991401005 1.392713316602479
587 0.09046786164698507 0.12372527406533643 1.3676157677753589
588 0.08857318082676721 0.11886303557268663 1.3419754655211127
589 0.086644169577368 0.11400273917080725 1.3157577679708699
590 0.08467880201232626 0.10914456119566204 1.288924247886436
591 0.08267484490598616 0.10428870266363699 1.2614320931866163
592 0.08062982698249989 0.09943539404244237 1.2332333798015478
593 0.07854100212264402 0.09458490122816264 1.2042741838265014
594 0.0764053050759349 0.08973753310255918 1.1744934859349638
595 0.07421929768663957 0.08489365119894558 1.1438218070638997
596 0.07197910322025279 0.08005368222506033 1.1121794888177434
597 0.06968032665705394 0.07521813457509043 1.0794744827373148
598 0.06731794970068013 0.07038761997648418 1.0455995806386398
599 0.06488620706704025 0.06556288333807139 1.0104286612150406
600 0.062378426458331145 0.06074484375005107 0.9738117358671863
601 0.05978682284640995 0.05593465226287135 0.9355682339328404
602 0.05710223438209985 0.05113377547241806 0.8954776643284427
603 0.054313780407463916 0.0463441197860949 0.8532663246494658
604 0.05140841872794499 0.041568222230558616 0.8085878394847931
605 0.0483703818397937 0.03680955485910523 0.7609936795831221
606 0.045180485093050955 0.0320730318708152 0.7098868417361954
607 0.04181540622138731 0.027365901998311782 0.6544454417930526
608 0.038247376415286166 0.022699422245295992 0.5934896553119866
609 0.03444602117002099 0.018092247568147046 0.5252347572698197
610 0.030389528069149543 0.013577953702035524 0.44679712271739486
611 0.026121078834382784 0.00922362900995122 0.35311056899419846
612 0.0220796409210011 0.005178370745801817 0.23453147468881155
613 0.018624502337484534 0.0016090233228549244 0.08639282240667069
614 0.017175270217127815 0.00017031133847598468 0.009916079125564145
615 0.015934138267596813 1.5947049439939662e-05 0.0010008102836893981
616 0.014787313181895181 1.4799370135962385e-06 0.00010008153579976899
616 0.013732214922315765 1.3737455137778216e-07 1.0003816001637096e-05
617 0.013732214922315765 1.3737455137778216e-07 1.0003816001637096e-05
618 0.012751899424182691 1.2752792210206206e-08 1.0000700120032175e-06
