1 1.6243406314424278 6.495110325939371 3.9986134682672194
2 1.6236849642662983 6.490190621442842 3.9971982030243125
3 1.623031622023423 6.485285247406643 3.9957848999401993
4 1.6223765007016353 6.480380371042034 3.994375145497632
5 1.6217177459224825 6.475475457726582 3.9929731755158997
6 1.6210554208338912 6.470570539544848 3.991578854359159
7 1.6203923420794564 6.465665620802959 3.9901852489043135
8 1.6197290707314445 6.460760700246902 3.9887909755977415
9 1.6190655747042908 6.455855780947315 3.9873961140372125
10 1.618401852128547 6.450950862330676 3.9860006671682227
11 1.617737896552849 6.446045943794688 3.984604649201964
12 1.6170737134785058 6.441141025785474 3.9832080455564776
13 1.6164093037697753 6.43623610749731 3.981810852292657
14 1.6157446654785763 6.431331189320482 3.9804130731358787
15 1.6150797913998582 6.426426271364673 3.9790147245880756
16 1.614414689624441 6.421521353203098 3.9776157851344425
16 1.6137493576339232 6.416616435155182 3.976216259855381
17 1.6137493576339232 6.416616435155182 3.976216259855381
18 1.6130837912904268 6.411711517333186 3.9748161576925747
19 1.6124179946665753 6.406806599813448 3.9734154673325155
20 1.6117519657508252 6.401901682593456 3.9720141924016006
21 1.6110857055779844 6.396996765330971 3.9706123288059456
22 1.6104192136282505 6.392091848193452 3.969209876596147
23 1.609752489814418 6.387186931231214 3.9678068346815025
24 1.6090855311934866 6.382282014355834 3.966403208922017
25 1.608418341787172 6.377377097723639 3.9649989881596994
26 1.6077509139516204 6.372472180761482 3.963594189537024
27 1.6070832540711686 6.36756726410754 3.96218879636559
28 1.6064153608958267 6.362662347753258 3.96078281037171
29 1.6057472342286194 6.357757431457465 3.959376230538333
30 1.6050788722719114 6.352852515565465 3.957969060157966
31 1.6044102763741654 6.347947599592401 3.956561294245907
32 1.60374144625832 6.343042683689567 3.955152932218896
33 1.6030723851921986 6.338137768081047 3.953743964793669
33 1.6024030854551026 6.333232852634719 3.9523344095633726
34 1.6024030854551026 6.333232852634719 3.9523344095633726
35 1.6017335548302887 6.328327937349021 3.9509242459614566
36 1.601063784086052 6.323423022129954 3.949513495328735
37 1.6003937756579694 6.318518107121395 3.9481021503746256
38 1.5997235314067917 6.31361319221033 3.94669020506197
39 1.599053050174257 6.308708277480543 3.9452776609212874
40 1.5983823344385195 6.303803362714004 3.9438645103196834
41 1.5977113801230556 6.298898448000527 3.9424507619864273
42 1.5970401909961252 6.293993533614218 3.941036405407213
43 1.5963687616212008 6.289088619494692 3.9396214525695017
44 1.5956970933286483 6.284183705187162 3.938205898513144
45 1.5950251875780361 6.279278790875568 3.936789738355374
46 1.59435303826867 6.274373877263977 3.935372986197214
47 1.5936806523933054 6.269468963650284 3.933955622938088
48 1.5930080225185808 6.264564050155281 3.9325376655987374
49 1.5923351591437807 6.259659136916993 3.9311190869407753
50 1.5916620521524885 6.254754224025969 3.9296999105855006
51 1.590988702206266 6.249849311009064 3.9282801331915387
52 1.5903151186836972 6.244944397952917 3.9268597302412953
53 1.5896412900050034 6.2400394851310015 3.9254387290804207
54 1.5889672213425197 6.235134572295254 3.924017115360746
55 1.5882929107642816 6.230229659912125 3.9225948927230045
56 1.587618357873727 6.225324747476146 3.9211720604022418
57 1.586943563494482 6.220419835192207 3.9197486150639884
58 1.5862685271997001 6.215514923135969 3.918324556377887
59 1.585593252520684 6.210610011258469 3.916899874154486
60 1.5849177339685003 6.205705099570623 3.9154745805210096
61 1.584241972133112 6.2008001880198105 3.9140486725463446
62 1.5835659664433512 6.1958952766941096 3.9126221502536658
63 1.582889716767743 6.1909903652849545 3.911195012326533
64 1.5822132191305402 6.186085454431048 3.9097672675433928
65 1.5815364777939742 6.181180543497586 3.908338903519622
66 1.5808594931948814 6.176275632539954 3.9069099177548288
66 1.5801822661734453 6.17137072193928 3.905480306954599
67 1.5801822661734453 6.17137072193928 3.905480306954599
68 1.5795047916726142 6.166465811414959 3.9040500819785353
69 1.5788270719514148 6.161560901055667 3.90261923583565
70 1.5781491047144294 6.1566559914464145 3.901187773103657
71 1.5774708909567299 6.151751081557611 3.899755689201085
72 1.5767924311280945 6.146846171667121 3.898322981718935
73 1.5761137261539162 6.141941262343555 3.8968896472536403
74 1.5754347728722526 6.137036352933792 3.895455691729502
75 1.5747555754848774 6.132131443750581 3.8940211034734444
76 1.5740761255957665 6.127226534556586 3.8925859016110254
77 1.5733964293450575 6.122321625526589 3.8911500695823165
78 1.5727162882439172 6.117416716535438 3.889714096727578
79 1.5720358959879654 6.112511807898531 3.888277502758324
80 1.5713552579790486 6.1076068992762 3.8868402726009363
81 1.5706743732345914 6.102701990655515 3.8854024071761133
82 1.569993237859588 6.097797082153916 3.883963914689976
83 1.5693118495887048 6.0928921738835315 3.882524799312766
83 1.568630214228035 6.087987265492438 3.8810850449470014
84 1.568630214228035 6.087987265492438 3.8810850449470014
85 1.5679483279838347 6.083082357569025 3.8796446598409466
86 1.5672661908746253 6.078177449563664 3.8782036420830908
87 1.5665838005609418 6.0732725416664985 3.87676199606549
88 1.565901163067299 6.0683676340723745 3.875319705482312
89 1.5652182728646367 6.06346272654993 3.8738767823433853
90 1.5645351307596105 6.058557819057884 3.8724332230982523
91 1.5638517346691916 6.053652912169664 3.8709890317384974
92 1.563168092002746 6.04874800494179 3.869544187786021
93 1.5624841948642054 6.0438430982447855 3.868098709804903
94 1.5618000444883855 6.0389381916220275 3.866652592906196
95 1.5611156457546527 6.034033285014707 3.865205823427526
96 1.5604309845529472 6.029128378693957 3.863758434930886
97 1.5597460724760177 6.02422347257526 3.862310397109775
98 1.559060910343905 6.019318566532064 3.860861706297475
99 1.5583754892512263 6.01441366060942 3.8594123830189644
100 1.5576898148398044 6.009508754674502 3.857962411658017
101 1.5570038885331792 6.004603849013915 3.8565117873088464
102 1.5563177058458164 5.999698943628521 3.8550605195150993
103 1.5556312673269572 5.994794038205157 3.853608605145882
104 1.5549445714928083 5.989889133028861 3.8521560464874516
105 1.554257619450855 5.984984227985186 3.8507028391469493
106 1.553570410561196 5.9800793231475815 3.8492489831776586
107 1.552882945229801 5.97517441839913 3.8477944759158285
108 1.5521952241254904 5.970269513814321 3.8463393141658337
109 1.5515072489156683 5.965364609099423 3.8448834920162644
110 1.5508190097416885 5.960459704430326 3.843427032418907
111 1.550130514914017 5.955554800267635 3.8419699134804652
112 1.549441761256745 5.950649896426673 3.840512141353495
113 1.5487527508784757 5.945744992736288 3.839053709098352
114 1.5480634768052517 5.940840089028211 3.837594632287534
115 1.5473739486516787 5.935935185605065 3.836134885673504
116 1.5466841566604375 5.931030282354214 3.834674491759422
116 1.5459941049269472 5.926125379204819 3.833213438730962
117 1.5459941049269472 5.926125379204819 3.833213438730962
118 1.5453037950674633 5.9212204761801885 3.831751720975801
119 1.5446132261681358 5.916315573310965 3.8302893391558697
120 1.5439223904695873 5.9114106707354965 3.828826310976375
121 1.5432312947837141 5.906505768317015 3.827362617827692
122 1.5425399365032637 5.901600865965137 3.8258982644840267
123 1.541848321217968 5.89669596370733 3.824433235462028
124 1.5411564392584738 5.891791061624127 3.8229675531570027
125 1.5404642913760334 5.886886159559085 3.8215012139622995
126 1.5397718829510172 5.881981257983889 3.820034203190477
127 1.5390792134272366 5.877076356382694 3.8185665202348895
128 1.5383862824282357 5.8721714550905615 3.8170981645921516
129 1.537693085083636 5.8672665538920405 3.8156291465490444
130 1.5369996224242775 5.8623616529636795 3.8141594620024035
131 1.5363058965888479 5.857456752054217 3.8126891038170716
132 1.5356119052043653 5.8525518514441615 3.81121807639625
133 1.5349176453955011 5.847646950728743 3.8097463849417044
133 1.5342231187215258 5.842742050503377 3.808274024297168
134 1.5342231187215258 5.842742050503377 3.808274024297168
135 1.5335283298752536 5.8378371503245665 3.806800980846211
136 1.5328332775032203 5.832932250137086 3.8053272562285114
137 1.532137955287185 5.828027350142806 3.8038528645747154
138 1.5314423660186376 5.82312245046735 3.8023777973479955
139 1.5307465103012519 5.818217550994091 3.800902051280236
140 1.530050382140435 5.81331265166363 3.7994256395212336
141 1.5293539953952644 5.808407752363596 3.7979485258822647
142 1.5286573337444411 5.803502853280031 3.796470749310684
143 1.5279603998548412 5.798597954452042 3.7949923015039646
144 1.52726319778413 5.793693055719987 3.7935131705693683
145 1.5265657287522316 5.788788157269285 3.792033351882506
146 1.5258679914885362 5.783883258929116 3.7905528467680485
147 1.5251699849105114 5.778978360614897 3.789071656136726
148 1.5244717094682732 5.774073462529381 3.787589777276578
149 1.523773157404776 5.76916856479315 3.786107227810041
150 1.5230743336163117 5.764263667265604 3.784623993747714
151 1.5223752437139018 5.759358769712401 3.7831400592551616
152 1.5216756932440205 5.754453872181588 3.7816559058742794
153 1.5209758748084174 5.749548974768324 3.7801710533328072
154 1.5202757822819204 5.7446440778507615 3.7786855153530774
155 1.519575419541186 5.739739181014325 3.7771992802748526
156 1.5188747793925337 5.7348342841924795 3.7757123641792893
157 1.5181738681948629 5.729929387837023 3.7742247497976082
158 1.5174726807578345 5.7250244914667725 3.772736447952172
159 1.516771219494656 5.720119595211411 3.7712474509617793
160 1.5160694847681866 5.715214699224894 3.769757756254011
161 1.5153674725177682 5.710309803369001 3.768267372059516
162 1.5146651876836204 5.705404907829023 3.766776284437029
163 1.5139626270430113 5.700500012133877 3.7652844993061554
164 1.5132597934857095 5.6955951164670715 3.7637920078135334
165 1.5125566832218318 5.690690220985637 3.7622988176972934
166 1.5118532938225313 5.685785326113936 3.7608049334854052
166 1.5111496275561669 5.680880430906372 3.759310347112019
167 1.5111496275561669 5.680880430906372 3.759310347112019
168 1.5104456823910497 5.675975536005012 3.7578150622536057
169 1.5097414635680253 5.67107064129569 3.756319063989306
170 1.5090369655811526 5.666165746807299 3.754822364225633
171 1.5083321896674147 5.661260852543671 3.7533249580730432
172 1.5076271356190092 5.656355958363383 3.7518268441360787
173 1.5069218005359437 5.651451064321927 3.750328027845879
174 1.5062161884936394 5.646546170278134 3.748828497139724
175 1.5055102951402688 5.641641276639684 3.7473282612883434
176 1.5048041238335115 5.636736383076523 3.7458273098806054
177 1.5040976686827578 5.631831489667976 3.7443256557934563
178 1.5033909364404094 5.626926596537434 3.742823280457146
179 1.5026839200269033 5.622021703570241 3.7413201995730327
180 1.5019766225756375 5.617116810506764 3.7398164033168193
181 1.5012690447703605 5.612211917851491 3.7383118884663045
182 1.5005611823899572 5.607307025221323 3.736806663418092
183 1.499853038060266 5.602402132820584 3.7353007199065815
183 1.4991446114782927 5.597497240738166 3.7337940568778922
184 1.4991446114782927 5.597497240738166 3.7337940568778922
185 1.498435899659087 5.592592348582447 3.7322866796336314
186 1.4977269057620852 5.587687456489871 3.7307785785197596
187 1.4970176270685422 5.58278256465407 3.7292697585573973
188 1.4963080619989766 5.57787767318192 3.7277602218691612
189 1.4955982141123452 5.572972781786766 3.7262499575090695
190 1.494888077693153 5.568067890611085 3.7247389779196634
191 1.494177658512237 5.563162999773336 3.7232272669052056
192 1.4934669517728434 5.558258109030798 3.721714834354239
193 1.4927559627661737 5.553353218355703 3.7202016651569614
194 1.49204468327316 5.548448328090775 3.718687778115944
195 1.4913331162343966 5.54354343779808 3.7171731636963043
196 1.4906212623923447 5.538638547716298 3.7156578182892437
197 1.4899091198218901 5.533733657819323 3.7141417447534306
198 1.489196687569298 5.528828768051594 3.7126249435028487
199 1.4884839678797397 5.5239238782741955 3.7111074069159837
200 1.4877709582393774 5.519018988948251 3.709589139634395
201 1.4870576609371322 5.514114099643267 3.7080701337218596
202 1.4863440749608239 5.509209210698707 3.7065503899855186
203 1.4856301963280074 5.504304321931005 3.705029916284582
204 1.4849160312763736 5.499399433234062 3.7035086950384675
205 1.484201573230874 5.494494544769133 3.7019867407959155
206 1.4834868239853147 5.489589656626525 3.7004640471824426
207 1.4827717844783932 5.4846847684198226 3.698940609629428
208 1.4820564486538457 5.479779880449753 3.6974164414770074
209 1.4813408206001895 5.474874992550661 3.6958915304395825
210 1.4806249013454373 5.469970105198125 3.694365872293237
211 1.4799086893716122 5.465065217905296 3.69283946851196
212 1.4791921848680567 5.460160330853263 3.691312316756397
213 1.4784753827023094 5.455255443764921 3.6897844276541027
214 1.4777582854144955 5.4503505570363435 3.6882557931370883
215 1.477040894683757 5.4454456704093595 3.6867264068374093
216 1.476323204338198 5.440540784099752 3.6851962822995947
216 1.4756052201185863 5.435635897793058 3.6836654029701967
217 1.4756052201185863 5.435635897793058 3.6836654029701967
218 1.4748869401342553 5.430731011819602 3.6821337717759275
219 1.4741683659550835 5.425826125747241 3.6806013824831734
220 1.473449492473858 5.420921240328952 3.679068246328186
221 1.4727303220870962 5.4160163547888915 3.6775343547714314
222 1.472010854062228 5.411111469495571 3.6759997078573314
223 1.4712910895176585 5.406206584475936 3.674464300771564
224 1.4705710249913593 5.401301699516741 3.672928139970987
225 1.4698506618651632 5.39639681491564 3.671391220158309
226 1.4691300016269053 5.391491930398618 3.669853535376797
227 1.4684090393243008 5.386587046225493 3.668315096115297
228 1.4676877796368848 5.381682162013248 3.6667758883600636
229 1.4669660467617935 5.376777277990863 3.6652363494435707
230 1.4662440113814363 5.371872394052008 3.663696050830479
231 1.4655216731990284 5.366967510538907 3.662154991419246
232 1.4647990345975503 5.362062627151797 3.6606131629688092
233 1.464076091998075 5.357157743776741 3.65907057225806
233 1.4633528498490818 5.352252860724644 3.6575272062897413
234 1.4633528498490818 5.352252860724644 3.6575272062897413
235 1.462629301737579 5.3473479779030075 3.6559830789321994
236 1.4619054499403124 5.3424430949902195 3.6544381821740552
237 1.4611812957880936 5.337538212371714 3.652892510845407
238 1.4604568384124572 5.332633329855704 3.6513460648740375
239 1.4597320777268914 5.327728447799705 3.6497988426041132
240 1.4590070114176337 5.322823565970633 3.648250847539622
241 1.4582816398098744 5.317918683942307 3.6467020764491274
242 1.4575559614453664 5.313013802283729 3.645152531238079
243 1.4568299793456352 5.308108920683223 3.643602201999898
244 1.4561036832738825 5.303204039388552 3.642051112366466
245 1.4553770840854505 5.298299158409263 3.6404992330483745
246 1.454650176827381 5.293394277371014 3.6389465740251072
247 1.4539229642454037 5.288489396567928 3.6373931264733077
248 1.453195441496553 5.283584515907429 3.635838900283229
249 1.4524676136441883 5.278679635479178 3.634283880681624
250 1.4517394747309353 5.273774755122884 3.6327280802916255
251 1.4510110256678608 5.268869875036952 3.6311714947940072
252 1.4502822635420405 5.263964995007566 3.629614129149815
253 1.4495531935485757 5.259060115253206 3.6280559683213656
254 1.4488238136522726 5.25415523577704 3.6264970152113136
255 1.4480941237767275 5.249250356251658 3.624937267586763
256 1.4473641222555464 5.244345477076986 3.6233767276919173
257 1.4466338063508128 5.239440598124566 3.6218154000847305
258 1.4459031775258906 5.234535719387082 3.6202532788841255
259 1.445172236200151 5.22963084081097 3.6186903607845715
260 1.4444409812409733 5.224725962309103 3.6171266463378413
261 1.443709413052268 5.219821084240939 3.6155621325521974
262 1.4429775297543588 5.214916206320698 3.613996821702722
263 1.4422453330191425 5.210011328406176 3.6124307072637447
264 1.4415128220357238 5.205106450931191 3.6108637893213253
265 1.4407799940617863 5.200201573576736 3.6092960722730103
266 1.4400468489203972 5.195296696450302 3.6077275543814524
266 1.4393133903373105 5.190391819261142 3.606158223849183
267 1.4393133903373105 5.190391819261142 3.606158223849183
268 1.4385796100000148 5.185486942610366 3.6045880996535966
269 1.4378455184815766 5.180582065960992 3.603017152657608
270 1.437111105725208 5.175677189466037 3.6014454058889482
271 1.4363763751043588 5.170772312915284 3.5998728484653655
272 1.4356413242952593 5.165867436807307 3.598299484269287
273 1.4349059575557352 5.160962560983914 3.596725300224736
274 1.4341702670848504 5.156057685547026 3.5951503136565695
275 1.433434255830588 5.151152810322982 3.593574514750383
276 1.432697923192487 5.146247935283278 3.591997902681307
277 1.431961269950078 5.141343060302755 3.5904204730914233
278 1.4312242943539353 5.136438185712979 3.588842228276738
279 1.4304869998262695 5.131533311152532 3.587263157075702
280 1.4297493810382533 5.126628436774164 3.585683270624196
281 1.4290114402567013 5.121723562558908 3.5841025608856314
282 1.428273171815758 5.116818688373917 3.582521039633424
283 1.427534582411385 5.111913814596782 3.5809386879873415
283 1.4267956671860882 5.107008941099236 3.5793555156858776
284 1.4267956671860882 5.107008941099236 3.5793555156858776
285 1.4260564315394335 5.1021040677159615 3.577771506705538
286 1.4253168690128692 5.097199194670917 3.576186675038149
287 1.424576978594902 5.092294321907717 3.5746010208099683
288 1.4238367616123357 5.087389449164034 3.5730145381294514
289 1.4230962183011329 5.082484576663237 3.571427224176463
290 1.422355350096212 5.0775797044231545 3.5698390729712464
291 1.4216141519553511 5.072674832168603 3.56825009457835
292 1.4208726290246196 5.0677699601911055 3.566660273883913
293 1.4201307774274876 5.062865088770706 3.565069618406476
294 1.4193885939289552 5.057960217300107 3.5634781334259995
295 1.4186460842792894 5.053055346063859 3.561885802286585
296 1.417903245016157 5.048150475038336 3.560292631237199
297 1.4171600720443083 5.043245604389236 3.5586986282461086
298 1.4164165701816593 5.038340733765342 3.557103778529759
299 1.415672738315071 5.03343586321764 3.555508082474216
300 1.4149285737673927 5.028530992949102 3.553911544495933
301 1.414184075124736 5.023626122825601 3.5523141655958046
302 1.4134392457265696 5.018721253009823 3.5507159350382835
303 1.4126940821394995 5.013816383483051 3.5491168589661797
304 1.411948584276069 5.008911514276055 3.5475169351469074
305 1.4112027548647015 5.0040066451399845 3.545916154067983
306 1.4104565918137122 4.999101776290838 3.54431451864993
307 1.409710091548638 4.994196907672973 3.542712035342383
308 1.4089632454773986 4.989292039187644 3.541108723171216
309 1.4082159122782145 4.984387170818342 3.5395049348324648
310 1.4074682434045815 4.979482303022568 3.537900287524426
311 1.4067202381361645 4.974577435112341 3.5362947800505187
312 1.40597189386767 4.969672567397455 3.5346884166556465
313 1.4052232125501865 4.964767699895393 3.533081189916709
314 1.404474193757446 4.959862832450463 3.5314730982568956
315 1.4037248348404654 4.9549579652919515 3.5298641459564166
316 1.402975134468415 4.950053098203494 3.5282543336586367
316 1.402225096981374 4.945148231509833 3.526643648124293
317 1.402225096981374 4.945148231509833 3.526643648124293
318 1.4014747174128956 4.940243365121935 3.525032099217288
319 1.400723996014698 4.9353384987302915 3.523419683515227
320 1.3999729370550114 4.930433632739038 3.5218063879939834
321 1.3992215327133808 4.925528766824809 3.5201922295129258
322 1.3984697879724575 4.920623901047168 3.518577192991229
323 1.3977176990864484 4.91571903562259 3.5169612854122945
324 1.3969652658670269 4.91081417047671 3.5153445045956904
325 1.396212489478324 4.905909305372802 3.513726844834219
326 1.3954593683303351 4.901004440428834 3.5121083075982917
327 1.394705901203508 4.896099575787988 3.510488893438457
328 1.3939520889604666 4.891194711259384 3.50886859741856
329 1.3931979334056548 4.886289847014306 3.507247412483474
330 1.392443427545581 4.881384983089072 3.5056253536226927
331 1.3916885764392286 4.876480119223985 3.5040024052657937
332 1.3909333810927873 4.87157525583449 3.5023785625211863
333 1.3901778332746053 4.8666703925374595 3.500753843178374
333 1.3894219351944745 4.861765529350029 3.499128239018004
334 1.3894219351944745 4.861765529350029 3.499128239018004
335 1.3886656903270544 4.856860666439434 3.4975017387342233
336 1.3879090952833892 4.8519558038712765 3.495874348226375
337 1.3871521497621482 4.847050941481937 3.4942460654464256
338 1.3863948516844953 4.842146079422909 3.4926168930442953
339 1.3856372021219525 4.8372412173603045 3.490986825377232
340 1.3848792027674535 4.832336355432045 3.489355855568786
341 1.384120850218548 4.827431493788133 3.4877239895821943
342 1.3833621475056685 4.822526632340206 3.4860912169930867
343 1.3826030875127597 4.817621771234102 3.484457553107874
344 1.3818436760765513 4.812716909999596 3.482822980139311
345 1.381083910198406 4.80781204918141 3.4811875032927735
346 1.3803237905437802 4.802907188575955 3.4795511179908334
347 1.3795633149046966 4.7980023281666115 3.4779138270272636
348 1.378802483515382 4.793097468112536 3.4762756271602435
349 1.3780412926308137 4.788192608451971 3.47463652508616
350 1.3772797474970262 4.783287748828288 3.4729965045380995
350 1.3772797474970262 4.783287748828288 3.4729965045380995
351 1.3765178456936404 4.778382889401524 3.4713555689455307
352 1.3757555847603933 4.773478030254232 3.469713721776822
353 1.3749929653367963 4.768573171201338 3.4680709584818166
354 1.3742299839534569 4.763668312572087 3.466427285240653
355 1.3734666419710666 4.758763454146468 3.464782695644614
356 1.3727029410882627 4.7538585960241555 3.463137182656105
357 1.371938876500542 4.7489537380251035 3.4614907554325196
358 1.371174453560329 4.744048880140273 3.459843397623178
359 1.370409664356045 4.7391440226048 3.458195126514758
360 1.3696445150596654 4.7342391654316796 3.4565459236884126
361 1.3688790010896414 4.729334308609605 3.4548957978353143
362 1.368113127706321 4.724429451938994 3.4532447326630287
363 1.3673468891683485 4.719524595460301 3.4515927398136865
364 1.3665802852908566 4.714619739285625 3.449939816951323
365 1.3658133168754725 4.709714883163783 3.4482859589757457
366 1.3650459820286764 4.704810027355031 3.446631167957384
366 1.3642782805681728 4.699905171766523 3.444975441380758
367 1.3642782805681728 4.699905171766523 3.444975441380758
368 1.3635102114448874 4.695000316445786 3.4433187790141875
369 1.362741774819064 4.690095461258728 3.441661177431394
370 1.3619729695353624 4.685190606515257 3.440002636846465
371 1.3612037960106544 4.6802857520177605 3.4383431531226254
372 1.3604342535825584 4.6753808977227465 3.436682724953911
373 1.3596643379853781 4.670476043517535 3.435021360079065
374 1.3588940541364525 4.6655711894797545 3.4333590431703103
375 1.3581233990621402 4.660666335897692 3.431695778981602
376 1.3573523702785568 4.655761482468385 3.4300315705883553
377 1.3565809708098018 4.650856629385423 3.428366407505426
378 1.3558091982148204 4.64595177650545 3.4267002928013217
379 1.355037052571282 4.641046923936167 3.4250332233568375
380 1.354264533020698 4.63614207152109 3.4233651982158446
381 1.3534916382414504 4.631237219425293 3.4216962178226056
382 1.3527183687679087 4.626332367482309 3.4200262776767745
383 1.3519447249880592 4.621427515761156 3.4183553738130636
383 1.3511707057313709 4.616522664209155 3.4166835061083507
384 1.3511707057313709 4.616522664209155 3.4166835061083507
385 1.3503963092946532 4.611617812962354 3.4150106759186283
386 1.349621534794567 4.606712961906185 3.413336882333755
387 1.3488463808645015 4.601808111244506 3.411662125893921
388 1.3480708492250588 4.596903260733028 3.4099863989905037
389 1.347294939157507 4.591998410448707 3.4083097004136182
390 1.3465186470605248 4.587093560493801 3.4066320362569886
391 1.3457418270927015 4.582188710690719 3.4049537722922203
392 1.3449646262858745 4.577283861163365 3.4032745335492978
393 1.3441870449691709 4.572379011958787 3.4015943161122006
394 1.3434090833125132 4.567474162855243 3.3999131162586647
395 1.3426307348344553 4.562569314119248 3.3982309474554127
396 1.3418520036629733 4.557664465533863 3.3965477959509687
397 1.3410728893156094 4.55275961721124 3.3948636598974518
398 1.3402933916283934 4.547854769073063 3.3931785364901588
399 1.3395135095188475 4.542949921220018 3.391492425374525
400 1.3387332398173548 4.538045073511402 3.3898053312925387
401 1.337952583355146 4.533140226155194 3.3881172491087583
402 1.3371715399857447 4.528235379064082 3.386428175933476
403 1.336390110279372 4.523330532133634 3.384738107039742
404 1.3356082902439346 4.518425685599678 3.383047049501644
405 1.3348260835797459 4.513520839112181 3.38135499046272
406 1.3340434874546583 4.508615992960164 3.379661934081743
407 1.333260498728234 4.503711147007471 3.377967884973309
408 1.3324771194393794 4.49880630121199 3.376272834692124
409 1.3316933486185156 4.493901455758167 3.3745767825754274
410 1.330909185498351 4.488996610646822 3.3728797273015623
411 1.3301246318529758 4.484091765674636 3.371181660945499
412 1.3293396804064996 4.479186921019118 3.3694825987962873
413 1.3285543400211333 4.474282076428587 3.367782514908208
414 1.3277686022008222 4.469377232232493 3.3660814277610926
415 1.3269824713335148 4.46447238846815 3.364379322947424
416 1.3261959434612571 4.459567544728589 3.3626762068729468
416 1.3254090165200714 4.45466270116293 3.360972081553265
417 1.3254090165200714 4.45466270116293 3.360972081553265
418 1.3246216940619209 4.449757857775053 3.3592669346445447
419 1.3238339740799665 4.444853014847014 3.3575607680986446
420 1.3230458537525507 4.439948172399513 3.355853585729098
421 1.3222573364713626 4.435043330045776 3.3541453752726675
422 1.3214684180449394 4.43013848782858 3.3524361440153037
423 1.3206790989834918 4.42523364593383 3.350725887416459
424 1.3198893803312357 4.420328804324794 3.3490145994018685
425 1.3190992625012448 4.415423963012716 3.3473022755242043
426 1.3183087414631856 4.410519121968159 3.3455889225713102
427 1.3175178148298445 4.4056142810552945 3.3438745430734635
428 1.3167264870263569 4.40070944035775 3.342159122428029
429 1.315934754154755 4.395804599836275 3.3404426670528715
430 1.315142615120736 4.390899759731209 3.3387251764540418
431 1.3143500694414572 4.385994920088152 3.337006648428156
432 1.3135571154716308 4.381090080459857 3.3352870833384607
433 1.3127637556279186 4.376185241278629 3.33356647189381
433 1.31196998881833 4.371280402229936 3.33184481313256
434 1.31196998881833 4.371280402229936 3.33184481313256
435 1.311175815473207 4.366375563510444 3.330122102606512
436 1.3103812307109863 4.361470725095261 3.3283983491802727
437 1.309586234348343 4.3565658869501585 3.3266735497704802
438 1.308790829052952 4.351661048969322 3.3249476939857585
439 1.3079950148776183 4.34675621132663 3.3232207782789844
440 1.3071987873885162 4.341851374087623 3.3214928104099974
441 1.3064021451191317 4.336946536995786 3.3197637903451978
442 1.3056050908733738 4.332041700083928 3.318033707409983
443 1.304807625645166 4.327136863463908 3.316302555577373
444 1.3040097425329635 4.322232027194608 3.3145703488372122
445 1.3032114444663438 4.317327191103205 3.312837076005821
446 1.3024127300977844 4.312422355283424 3.311102736963919
447 1.3016136004928847 4.307517519795672 3.3093673254217193
448 1.3008140522089293 4.302612684569401 3.3076308464404103
449 1.3000140870169496 4.297707849630634 3.3058932918890753
450 1.2992137041926393 4.29280301495314 3.304154659930088
451 1.2984128983232939 4.287898180606261 3.30241496071353
452 1.297611675158032 4.2829933464542975 3.3006741758336022
453 1.2968100300108294 4.27808851263778 3.2989323136265796
454 1.296007963916652 4.273183679041987 3.2971893676702755
455 1.2952054714826238 4.268278845752491 3.295445348039323
456 1.2944025585597003 4.263374012835232 3.293700236176254
457 1.2935992218070922 4.25846918011108 3.2919540367086917
458 1.2927954581440277 4.253564347976152 3.29020675403879
459 1.291991272800429 4.248659515768798 3.2884583705892254
460 1.291186658533723 4.243754683927723 3.2867089013659334
461 1.2903816210876924 4.2388498524008575 3.2849583279307972
462 1.2895761561393408 4.233945021218564 3.283206657522194
463 1.288770260491344 4.22904019023091 3.2814538943648395
464 1.2879639376816596 4.224135359587881 3.279700025756421
465 1.2871571854129067 4.21923052909288 3.2779450535712114
466 1.2863500036994309 4.214325698999517 3.2761889741357186
466 1.2855423910772457 4.209420869147142 3.2744317872083357
467 1.2855423910772457 4.209420869147142 3.2744317872083357
468 1.2847343450820687 4.204516039671306 3.2726734953152685
469 1.2839258654609351 4.199611210473673 3.2709140951576625
470 1.283116955098905 4.194706381420152 3.2691535754017194
471 1.282307608966315 4.189801552825351 3.267391945215708
472 1.2814978288479486 4.184896724472197 3.2656291959810573
473 1.2806876135283591 4.17999189648786 3.263865326979911
474 1.2798769635044578 4.175087068725949 3.2621003329054816
475 1.2790658742305807 4.170182241122314 3.2603342213557824
476 1.2782543487230023 4.165277413971154 3.2585669809238955
477 1.2774422494495528 4.160372587124082 3.256798958165646
478 1.2766297113023946 4.155467760535832 3.2550298052334217
479 1.2758167331524415 4.1505629341223145 3.2532595209553365
480 1.2750033155482878 4.145658107983717 3.2514881000140505
481 1.2741894563267209 4.1407532821645505 3.249715543951888
482 1.2733751537583957 4.135848456649006 3.2479418531466986
483 1.2725604086745568 4.130943631260483 3.2461670213071403
483 1.2717452206811208 4.126038806369427 3.244391045684138
484 1.2717452206811208 4.126038806369427 3.244391045684138
485 1.270929589744351 4.121133981795307 3.242613922164073
486 1.270113511876693 4.116229157456963 3.2408356567870134
487 1.2692969875281843 4.111324333344268 3.2390562443156967
488 1.2684800161033933 4.106419509586537 3.2372756822775397
489 1.2676625979045408 4.101514686027182 3.2354939656711705
490 1.2668447311440325 4.096609862826347 3.2337110950659884
491 1.2660264133292993 4.091705039946675 3.231927072664007
492 1.2652076474697524 4.086800217315734 3.2301418865818525
493 1.2643884303896853 4.081895395031195 3.228355540846852
494 1.263568761145046 4.076990572828316 3.2265680334909095
495 1.2627486399552346 4.072085751172093 3.22477936013968
496 1.2619280661968675 4.06718092972123 3.2229895179197388
497 1.2611070349836704 4.062276108526823 3.2211985151438185
498 1.2602855529205443 4.057371287762132 3.2194063308586798
499 1.2594636104174983 4.052466467151356 3.2176129851088016
500 1.2586412113189613 4.047561646874465 3.2158184639710985
501 1.2578183583594567 4.042656827112588 3.2140227563424437
502 1.2569950449120233 4.037752007597249 3.2122258746691004
503 1.2561712749933298 4.032847188278815 3.2104278043614944
504 1.2553470428786049 4.027942369364961 3.2086285559159697
505 1.254522350604214 4.023037550680605 3.206828119676779
506 1.2536971974779785 4.018132732376434 3.2050264932071153
507 1.252871580984818 4.01322791432248 3.2032236784937584
508 1.2520455026365105 4.00832309655751 3.201419667349896
509 1.251218961146924 4.003418279137848 3.1996144587420043
510 1.250391955619148 3.9985134618993996 3.1978080504520543
511 1.2495644842733102 3.9936086449692594 3.196000442739664
512 1.248736544506166 3.988703828470704 3.19419163795523
513 1.247908138528735 3.9837990123075673 3.1923816259459667
514 1.2470792650481102 3.978894196302979 3.1905704054420956
515 1.2462499219404932 3.9739893808228945 3.1887579777217807
516 1.2454201097485724 3.969084565638188 3.1869443367503307
516 1.2445898255252594 3.964179750751509 3.185129485594573
517 1.2445898255252594 3.964179750751509 3.185129485594573
518 1.243759069695622 3.9592749361464996 3.183313418663496
519 1.2429278421413792 3.9543701218231533 3.181496131754812
520 1.2420961386306013 3.9494653079105992 3.1796776312861303
521 1.2412639617611114 3.944560494210346 3.1778579059153413
522 1.240431310749115 3.939655680852577 3.1760369532057044
523 1.2395981835582683 3.934750867868548 3.1742147738340822
524 1.2387645796453872 3.9298460552688965 3.172391364623831
525 1.2379304979594825 3.9249412428536417 3.170566723514154
526 1.237095937356525 3.920036430832766 3.1687408489993536
527 1.2362608985768881 3.9151316190644323 3.16691373444821
528 1.2354253791159353 3.910226807583103 3.1650853816693023
529 1.2345893776831818 3.905321996571789 3.163255789467813
530 1.2337528930642505 3.9004171859971346 3.161424956264732
531 1.2329159283284374 3.895512375569686 3.1595928692811546
532 1.2320784772274176 3.8906075655061785 3.157759540010249
533 1.2312405410998408 3.885702755690701 3.1559249602191346
533 1.2304021198125716 3.8807979463394386 3.1540891257003074
534 1.2304021198125716 3.8807979463394386 3.1540891257003074
535 1.2295632143007256 3.875893137223217 3.1522520291301217
536 1.2287238187117606 3.870988328551959 3.150413680928271
537 1.2278839356352618 3.866083520197688 3.1485740695821707
538 1.2270435632298016 3.8611787121853105 3.146733195048093
539 1.2262026997495095 3.8562739045738104 3.1448910570508253
540 1.2253613464735893 3.851369097204553 3.143047647363963
541 1.224519500438885 3.846464290145301 3.1412029688107657
542 1.2236771612539417 3.8415594834385485 3.139357017582953
543 1.222834330027123 3.8366546771450927 3.1375097860230947
544 1.2219910028860157 3.8317498712300635 3.135661279158763
545 1.2211471798832345 3.8268450655926225 3.1338114918781073
546 1.2203028617873364 3.8219402603235593 3.1319604173718747
547 1.2194580461193634 3.8170354553355645 3.1301080570031714
548 1.218612730120956 3.812130650725881 3.128254412989351
549 1.2177669155845903 3.807225846443279 3.126399475728585
550 1.2169206028322475 3.8023210424436575 3.1245432393815817
551 1.2160737860453998 3.79741623893765 3.1226857140688997
552 1.2152264674320568 3.7925114356638283 3.1208268888990993
553 1.2143786447923535 3.7876066328072784 3.118966764649358
554 1.2135303191579085 3.7827018302670754 3.1171053335461476
555 1.2126814888912214 3.7777970280693367 3.115242594758704
556 1.21183215114106 3.772892226280548 3.1133785505921727
557 1.2109823071749015 3.767987424856294 3.1115131926630912
558 1.210131956077708 3.763082623735254 3.1096465181633546
559 1.209281094460979 3.758177823087701 3.1077785308161614
560 1.2084297243029278 3.7532730226461686 3.105909220175142
561 1.2075778413465923 3.748368222640437 3.1040385922124596
562 1.206725447072705 3.743463423025976 3.102166637910001
563 1.205872539939366 3.7385586237191326 3.100293355968713
564 1.2050191191444324 3.7336538247952515 3.098418743302727
565 1.2041651828657105 3.7287490261907035 3.0965427993167087
566 1.2033107298942065 3.72384422802455 3.0946655219736514
566 1.2024556408444795 3.718939430044985 3.092787212868152
567 1.2024556408444795 3.718939430044985 3.092787212868152
568 1.201600033195339 3.7140346324641813 3.090907564797318
569 1.2007439063502081 3.70912983520665 3.0890265739352816
570 1.1998872598107269 3.704225038377163 3.0871442363355674
571 1.1990300924395603 3.699320241882399 3.0852605495127485
572 1.1981724030389553 3.6944154457621714 3.0833755112302126
573 1.197314191820806 3.689510649903054 3.0814891154779183
574 1.1964554569258037 3.684605854400693 3.0796013617322555
575 1.195596198109087 3.6797010593302995 3.0777122452797907
576 1.1947364110623886 3.67479626451038 3.075821771634684
577 1.1938760976328975 3.669891470233107 3.073929930844092
578 1.1930152565183485 3.6649866762537107 3.0720367205943973
579 1.192153886928893 3.6600818826982495 3.0701421375448303
580 1.1912919877514054 3.6551770894678 3.0682461789800515
581 1.1904295571669983 3.6502722965833216 3.0663488440847293
582 1.189566594284901 3.6453675040453204 3.0644501296177586
583 1.1887030990983272 3.640462711822141 3.0625500300146933
583 1.1878390696196224 3.6355579201102888 3.0606485449872354
584 1.1878390696196224 3.6355579201102888 3.0606485449872354
585 1.1869745042133537 3.630653128688883 3.058745672970485
586 1.1861094016649898 3.6257483375794703 3.056841411500373
587 1.1852437614023628 3.6208435468890547 3.0549357565104804
588 1.1843775833227461 3.61593875661221 3.0530287026099994
589 1.1835108660194908 3.611033966655129 3.051120247674735
590 1.1826436072097841 3.6061291771229564 3.049210391988599
591 1.181775808740027 3.601224387896403 3.0472991249803276
592 1.180907464965188 3.5963195991847035 3.0453864556531696
593 1.1800385786935086 3.591414810744912 3.0434723708111155
594 1.1791691477333173 3.5865100227106534 3.0415568704497553
595 1.178299170408343 3.581605235091034 3.0396399531112444
596 1.1774286443592745 3.5767004477548974 3.037721618961668
597 1.176557570240033 3.5717956607424006 3.035801860518995
598 1.1756859469528012 3.566890874209243 3.0338806748979867
599 1.1748137731533104 3.561986088189334 3.0319580597260356
600 1.173941046883606 3.55708130237138 3.0300340139005786
601 1.173067768509931 3.5521765170995576 3.028108530858066
602 1.1721939371129604 3.5472717321754152 3.026181606869697
603 1.1713195502547877 3.542366947651988 3.0242532423209747
604 1.1704446079057929 3.5374621634416674 3.0223234312395517
605 1.1695691077610293 3.5325573796442775 3.020392173667144
606 1.1686930491821916 3.5276525962615244 3.018459465237725
607 1.1678164304354404 3.5227478132592993 3.016525304362932
608 1.1669392506418592 3.5178430306603907 3.0145896872741647
609 1.16606151028936 3.5129382484914564 3.012652606653414
610 1.1651832062074288 3.508033466782155 3.010714064615214
611 1.164304335419801 3.503128685458052 3.0087740626637496
612 1.1634249026341483 3.4982239044611245 3.006832582438868
613 1.1625449023898078 3.4933191238834747 3.004889631963777
614 1.1616643349478923 3.4884143437569572 3.0029452044022973
615 1.1607831970769726 3.4835095640099123 3.000999301835102
616 1.1599014895570625 3.478604784623848 2.99905191599697
616 1.1590192098402514 3.4737000056562337 2.9971030472696105
617 1.1590192098402514 3.4737000056562337 2.9971030472696105
618 1.1581363588177116 3.468795227093886 2.9951526870592513
619 1.157252932953387 3.463890448941684 2.9932008382139967
620 1.1563689341701697 3.45898567115887 2.991247489401899
621 1.1554843584616277 3.454080893921719 2.9892926447921497
622 1.1545992063915196 3.449176116986313 2.9873362963465544
623 1.1537134742950645 3.444271340517819 2.985378447298033
624 1.1528271636288936 3.4393665644162597 2.983419087376246
625 1.1519402720898342 3.4344617887848865 2.9814582161921757
626 1.1510527977844316 3.4295570136096636 2.9794958321728946
627 1.1501647410775249 3.424652238842431 2.977531927847194
628 1.1492760996023381 3.419747464492762 2.9755665028412506
629 1.1483868726872206 3.4148426905657496 2.9735995523660343
630 1.1474970597617704 3.409937917119246 2.97163107139218
631 1.1466066586357975 3.405033144088068 2.969661058953981
632 1.1457156678966678 3.4001283714083317 2.967689512050026
633 1.1448240864290828 3.3952235991524184 2.9657164270038607
633 1.1439319149346312 3.390318827163737 2.9637417952076923
634 1.1439319149346312 3.390318827163737 2.9637417952076923
635 1.1430391484479616 3.385414055786562 2.9617656231488976
636 1.1421457870084477 3.3805092848743774 2.959787903896873
637 1.1412518306528447 3.3756045143528417 2.957808630564782
638 1.1403572778748723 3.3706997442385833 2.9558278003189447
639 1.1394621252850579 3.3657949746362776 2.953845415260521
640 1.1385663733992935 3.360890205432705 2.9518614671522942
641 1.1376700231230565 3.3559854367023894 2.9498759468846334
642 1.1367730705778145 3.351080668388855 2.94788885761124
643 1.1358755123766098 3.3461759004932894 2.9459002012395126
644 1.1349773519135102 3.3412711331343323 2.9439099621689633
645 1.134078584442511 3.336366366223988 2.9419181457024646
646 1.1331792103381004 3.331461599806629 2.939924743953464
647 1.1322792268719206 3.3265568337272753 2.9379297568828076
648 1.1313786337985619 3.321652068103326 2.9359331782243423
649 1.1304774287722472 3.316747302851992 2.9339350069590853
650 1.1295756112206876 3.3118425380598127 2.9319352375896606
651 1.128673179813052 3.306937773889181 2.9299338666281822
652 1.127770133495533 3.30203301009456 2.927930889480005
653 1.1268664704135203 3.297128246677359 2.925926303821454
654 1.1259621892230953 3.292223483761228 2.9239201060852986
655 1.125057288374874 3.2873187212975115 2.921912293058416
656 1.1241517672115613 3.28241395927064 2.9199028592132272
657 1.123245624962993 3.2775091977276523 2.9178917993432067
658 1.122338859757195 3.272604436545842 2.9158791109254043
659 1.1214314678161346 3.267699675955063 2.9138647966768327
660 1.1205234511093662 3.2627949156952556 2.9118488439175
661 1.1196148079753665 3.257890156057327 2.909831249864111
662 1.1187055345456471 3.252985396801282 2.9078120169687502
663 1.1177955242589528 3.248080637941664 2.905791414843061
664 1.1168848826548985 3.2431758795098524 2.903769161778464
665 1.1159736097741793 3.238271121574743 2.901745250257322
666 1.1150617024563247 3.233366364084989 2.899719680948898
666 1.1141491586298717 3.228461607109199 2.897692451771367
667 1.1141491586298717 3.228461607109199 2.897692451771367
668 1.1132359784393902 3.2235568506248846 2.8956635547693
669 1.1123221589864312 3.218652094599462 2.893632989863619
670 1.1114077000942386 3.2137473390218694 2.891600749886265
671 1.1104925998138195 3.2088425838748047 2.8895668322443444
672 1.1095768567282944 3.2039378292218856 2.8875312330044784
673 1.108660469090201 3.1990330751057785 2.885493949045552
674 1.10774343668101 3.1941283214364984 2.883454973117834
675 1.1068257570783595 3.1892235682828183 2.8814143038207525
676 1.105907428629213 3.184318815626593 2.8793719376436404
677 1.1049884495643583 3.17941406332494 2.877327871235599
678 1.1040688198136526 3.1745093115812986 2.875282097104327
679 1.103148535507914 3.169604560357211 2.873234617401595
680 1.102227596230897 3.16469980949747 2.871185425151088
681 1.101306001973971 3.159795059251875 2.869134512649787
682 1.1003837507817664 3.1548903094022793 2.8670818768096957
683 1.0994608403215336 3.149985560120557 2.8650275158498184
683 1.0985372694966686 3.1450808112491537 2.862971424438041
684 1.0985372694966686 3.1450808112491537 2.862971424438041
685 1.0976130362078056 3.140176062909058 2.8609136000773083
686 1.096688139037116 3.1352713150521456 2.858854038309278
687 1.0957625782512612 3.1303665677800723 2.8567927303886
688 1.0948363507475578 3.125461820911633 2.8547296760630547
689 1.0939094552399238 3.1205570745483833 2.852664870570994
690 1.092981890205698 3.1156523286796163 2.8505983096327916
691 1.0920536543231882 3.1107475833354292 2.8485299884494664
692 1.0911247445765382 3.1058428384800885 2.8464599065484997
693 1.0901951618220171 3.1009380940730096 2.844388053319266
694 1.0892649025802847 3.0960333502182484 2.8423144295609526
695 1.0883339656525095 3.0911286069378514 2.8402390300155416
696 1.087402350552374 3.08622386415377 2.83816184743949
697 1.0864700535690286 3.0813191218797185 2.836082883055688
698 1.0855370748931499 3.0764143801243176 2.834002127865721
699 1.084603412159436 3.0715096388593364 2.8319195794746648
700 1.0836690649653018 3.0666048980082943 2.829835230284519
700 1.0836690649653018 3.0666048980082943 2.829835230284519
701 1.082734029392554 3.0617001578411154 2.8277490821626987
702 1.081798306182573 3.0567954181425336 2.825661124326667
703 1.0808618917231394 3.051890679003522 2.823571357611762
704 1.079924787112339 3.0469859402753876 2.821479770292952
705 1.0789869874766247 3.04208120213244 2.8193863665092107
706 1.0780484927452663 3.0371764644806283 2.817291137568788
707 1.0771093016303843 3.0322717274416564 2.8151940781235556
708 1.0761694115903035 3.0273669908562 2.8130951858058526
709 1.0752288219545496 3.0224622548328055 2.8109944535699642
710 1.0742875297197534 3.0175575193937036 2.8088918803524474
711 1.0733455353673085 3.0126527844999043 2.80678745588572
712 1.0724028344683878 3.007748050082092 2.804681182676186
713 1.0714594281847616 3.002843316125212 2.802573048624483
714 1.0705153132689462 2.9979385827874405 2.8004630532868116
715 1.069570488111122 2.9930338500191964 2.7983511917058785
716 1.0686249508640826 2.988129117729095 2.7962374594687454
716 1.0676787000345198 2.9832243860410466 2.794121851400233
717 1.0676787000345198 2.9832243860410466 2.794121851400233
718 1.0667317340735416 2.9783196550059734 2.792004362364498
719 1.0657840510177747 2.973414924418077 2.7898849880316776
720 1.0648356487015456 2.9685101943906957 2.7877637248625926
721 1.0638865264380066 2.963605464938493 2.7856405653156697
722 1.062936681626843 2.9587007360417945 2.7835155067877153
723 1.0619861140004105 2.9537960077169885 2.781388540562261
724 1.0610348206579223 2.9488912799043927 2.779259664707192
725 1.0600827990102233 2.943986552723422 2.7771288766048836
726 1.059130049206283 2.939081826112625 2.7749961662547356
727 1.0581765683783346 2.9341771000097783 2.7728615315177807
728 1.0572223536207845 2.929272374453926 2.770724970411123
729 1.0562674042926463 2.9243676495652795 2.7685864750542497
730 1.05531171853238 2.9194629251839697 2.76644604045908
731 1.0543552939191307 2.914558201394582 2.7643036632944806
732 1.0533981304745164 2.9096534781546803 2.7621593336642722
733 1.052440224563604 2.9047487554940132 2.7600130512860925
733 1.0514815742674086 2.8998440333850146 2.757864811283453
734 1.0514815742674086 2.8998440333850146 2.757864811283453
735 1.0505221790660464 2.894939311907106 2.755714605169798
736 1.0495620366074299 2.8900345909850222 2.753562429074394
737 1.0486011444528982 2.885129870628371 2.751408279392706
738 1.0476395008768535 2.880225150861132 2.7492521506209346
739 1.0466771038259828 2.8753204317392513 2.74709403810298
740 1.0457139523183026 2.8704157132043013 2.7449339342185444
741 1.044750043927165 2.865510995242011 2.7427718351374204
742 1.043785376848839 2.8606062778566526 2.7406077353686915
743 1.042819949413253 2.8557015610894547 2.738441629061879
744 1.041853759683854 2.850796844917737 2.736273510960693
745 1.0408868049954856 2.845892129319473 2.7341033776788204
746 1.0399190839686685 2.8409874143631493 2.7319312224957155
747 1.0389505947017674 2.8360827000236406 2.7297570399271422
748 1.0379813348479487 2.831177986343221 2.7275808256782894
749 1.0370113037706343 2.8262732732405023 2.7254025707955214
750 1.03604049880453 2.82136856072621 2.7232222716985874
751 1.0350689159145434 2.816463848884789 2.7210399284344073
752 1.0340965561621456 2.8115591375377416 2.718855527352604
753 1.0331234151566846 2.8066544268390836 2.716669069409702
754 1.0321494924531678 2.8017497167858885 2.7144805449904474
755 1.0311747861845724 2.7968450074273905 2.7122899482210348
756 1.0301992931714181 2.7919402986421678 2.7100972764670765
757 1.0292230119551742 2.787035590499691 2.7079025227052296
758 1.0282459404649673 2.7821308829742017 2.7057056813821574
759 1.0272680771914195 2.7772261760964425 2.703506745473352
760 1.0262894190425715 2.7723214697973986 2.7013057119732418
761 1.0253099638934602 2.7674167642468137 2.6991025755157643
762 1.024329711578375 2.762512059266594 2.6968973251882726
763 1.0233486575447948 2.7576073549724485 2.6946899618635016
764 1.0223668010164153 2.752702651258951 2.6924804762070447
765 1.0213840523299507 2.7477979481561365 2.690269093087896
766 1.0204004936310953 2.742893245662053 2.6880555848238243
766 1.0194161262807564 2.737988543820569 2.6858399364446606
767 1.0194161262807564 2.737988543820569 2.6858399364446606
768 1.0184309476454696 2.733083842591102 2.6836221433664913
769 1.0174449564339128 2.7281791421065513 2.681402197587834
770 1.0164581502137997 2.723274442269463 2.679180093835299
771 1.0154705258802816 2.7183697431097587 2.6769558286817667
772 1.0144820830496386 2.7134650444941757 2.6747293913138592
773 1.0134928184573488 2.708560346635674 2.6725007788001993
774 1.0125027308570689 2.703655649423413 2.670269982516302
775 1.0115118171048663 2.698750952845348 2.6680369988851655
776 1.010520075168853 2.6938462569957937 2.6658018214488863
777 1.009527502307562 2.6889415617183055 2.6635644453191865
778 1.008534097284463 2.6840368671525976 2.6613248618757894
779 1.0075398560444044 2.6791321732378237 2.659083069682306
780 1.0065447787522175 2.6742274800337684 2.6568390562304898
781 1.0055488628253952 2.6693227874701 2.6545928160764123
782 1.0045521058517584 2.664418095569811 2.6523443433635077
783 1.0035545054901418 2.6595134044061854 2.6500936320417035
783 1.0025560589116123 2.6546087139520202 2.6478406771925527
784 1.0025560589116123 2.6546087139520202 2.6478406771925527
785 1.0015567627709723 2.649704024113667 2.6455854751385464
786 1.0005566163724449 2.6447993349926686 2.643328015341587
787 0.9995556173432065 2.6398946466279574 2.641068291572139
788 0.9985537630838641 2.634989958935899 2.6388062980186255
789 0.9975510506118804 2.6300852719596928 2.636542029950692
790 0.9965474783588427 2.625180585676975 2.63427547877622
791 0.9955430436110081 2.6202759000533233 2.6320066388582517
792 0.9945377445875409 2.615371215107583 2.6297355020871946
793 0.9935315783317175 2.610466530955385 2.627462063499516
794 0.9925245423505297 2.6055618474808586 2.6251863166126657
795 0.9915166356229527 2.600657164690427 2.6229082511121757
796 0.9905078542446075 2.5957524826535283 2.620627864312223
797 0.9894981955061515 2.590847801354115 2.618345150219133
798 0.9884876577977904 2.5859431208314887 2.616060099923353
799 0.9874762386931494 2.581038441020151 2.6137727065068033
800 0.9864639356862762 2.5761337618469202 2.611482963190866
801 0.9854507467632135 2.571229083418964 2.6091908620135076
802 0.9844366686419139 2.5663244057225723 2.6068963981837063
803 0.9834216993558363 2.561419728807904 2.604599563428072
804 0.9824058364668252 2.556515052643568 2.602300350574005
805 0.981389076758009 2.5516103772069307 2.5999987544553718
806 0.9803714182857819 2.5467057024948803 2.5976947664874763
807 0.97935285884418 2.5418010285832398 2.5953883787943823
808 0.9783333949745802 2.536896355379627 2.593079586581569
809 0.9773130239841658 2.5319916829305202 2.590768383100503
810 0.976291744193388 2.5270870112909933 2.588454758857837
811 0.9752695533484773 2.52218234035432 2.5861387056477807
812 0.9742464482269663 2.5172776702173305 2.5838202179731122
813 0.9732224261163681 2.5123730008594563 2.581499288795727
814 0.9721974843848108 2.5074683322230498 2.579175910756168
815 0.9711716203749841 2.502563664376565 2.576850076622181
816 0.9701448306658963 2.4976589973484553 2.5745217810768426
816 0.969117114893977 2.4927543310742446 2.5721910105229706
817 0.969117114893977 2.4927543310742446 2.5721910105229706
818 0.9680884695696661 2.487849665577223 2.569857759676778
819 0.9670588908495322 2.4829450008528076 2.5675220240947425
820 0.9660283763856413 2.4780403369242867 2.565183795320569
821 0.9649969240084554 2.473135673850075 2.562843064387224
822 0.9639645306855744 2.4682310115516968 2.560499824403584
823 0.9629311938837665 2.463326350028084 2.5581540671590575
824 0.9618969107355485 2.458421689332847 2.555805785313239
825 0.9608616788684474 2.453517029424062 2.553454970036302
826 0.9598254938480612 2.448612370319541 2.5511016179646844
827 0.9587883557044733 2.443707712033867 2.5487457137903426
828 0.9577502592874565 2.438803054586942 2.54638725590255
829 0.9567112025806097 2.4338983979340996 2.5440262342167217
830 0.9556711814389467 2.4289937420844403 2.54166264428642
831 0.9546301954378971 2.4240890870741807 2.539296471721419
832 0.9535882409818901 2.419184432916161 2.5369277104604153
833 0.9525453148422813 2.4142797795335063 2.534556353293547
833 0.9515014131759696 2.409375127004964 2.5321823947300612
834 0.9515014131759696 2.409375127004964 2.5321823947300612
835 0.950456533519331 2.4044704753821735 2.5298058255004565
836 0.949410673820719 2.399565824615426 2.5274266350501824
837 0.9483638312568241 2.3946611746188586 2.525044814757772
838 0.9473160020382072 2.3897565255541147 2.5226603587529506
839 0.9462671831731123 2.3848518773053757 2.520273258667035
840 0.9452173720466859 2.3799472298806146 2.5178835051743684
841 0.9441665655743676 2.3750425833090345 2.5154910901385477
842 0.9431147611512689 2.3701379375913056 2.5130960040303645
843 0.9420619557714981 2.3652332927467303 2.510698238323117
844 0.9410081456159445 2.360328648773641 2.508297786549625
845 0.9399533278759058 2.3554240057442555 2.5058946395423822
846 0.9388974995214543 2.3505193635038326 2.503488788394757
847 0.9378406582190434 2.34561472222819 2.501080222606797
848 0.9367827991034257 2.340710081790378 2.498668938019166
849 0.9357239205136356 2.3358054422783243 2.496254922067354
850 0.9346640186755826 2.330900803662108 2.4938381676069983
851 0.9336030906431764 2.325996165921936 2.491418665205483
852 0.9325411342075779 2.32109152909821 2.4889964034353786
853 0.9314781447615511 2.316186893191422 2.486571377135576
854 0.9304141201187881 2.3112822582098365 2.484143574599609
855 0.9293490566421377 2.30637762409189 2.4817129878251993
856 0.9282829501429835 2.3014729909234415 2.4792796103482733
857 0.9272157993524672 2.296568358654635 2.4768434276664313
858 0.926147600078537 2.291663727316681 2.4744044330756227
859 0.9250783484884555 2.2867590969319016 2.4719626188077832
860 0.9240080416533557 2.281854467445829 2.469517974500349
861 0.9229366765260368 2.2769498388621052 2.4670704900715585
862 0.9218642492349308 2.2720452112991483 2.4646201576693674
863 0.9207907571745737 2.2671405846582195 2.4621669657229086
864 0.9197161955406017 2.2622359589910577 2.4597109086040763
865 0.9186405626737231 2.257331334280544 2.4572519720994386
866 0.9175638552392574 2.252426710480845 2.4547901463419333
866 0.9164860679271588 2.247522087678533 2.452325426792154
867 0.9164860679271588 2.247522087678533 2.452325426792154
868 0.9154071985973175 2.242617465835114 2.4498578001915288
869 0.9143272433638872 2.237712844983612 2.4473872579262514
870 0.9132461997139386 2.2328082250601184 2.444913787497297
871 0.9121640635009107 2.227903606167602 2.4424373808554205
872 0.9110808305462479 2.222998988230791 2.4399580297370203
873 0.9099964980988786 2.2180943712958316 2.4374757220821937
874 0.9089110625884121 2.2131897553546405 2.434990447857331
875 0.9078245203335942 2.20828514040942 2.4325021972285477
876 0.9067368664963219 2.2033805264901987 2.4300109633836495
877 0.9056480994882598 2.1984759135170804 2.4275167305704484
878 0.9045581387798034 2.193571301485926 2.4250196946377893
879 0.9034670573501609 2.1886666904806398 2.4225196399522604
880 0.902374851467332 2.183762080492755 2.4200165562479796
881 0.9012815172695318 2.178857471510466 2.41751043348964
882 0.9001870507683938 2.1739528635539127 2.4150012619024466
883 0.8990914485234017 2.1690482566886637 2.412489030177009
883 0.897994706331131 2.164143650818255 2.4099737287540735
884 0.897994706331131 2.164143650818255 2.4099737287540735
885 0.8968968203205333 2.159239045976996 2.40745534721076
886 0.8957977872022018 2.1543344422048354 2.4049338734507875
887 0.894697603103831 2.1494298394607116 2.4024092967322583
888 0.8935962641030434 2.144525237740707 2.399881606368729
889 0.8924937669814611 2.139620637080096 2.397350789705336
890 0.8913901069130219 2.134716037561525 2.394816838336104
891 0.8902852801670356 2.129811439081562 2.3922797405815426
892 0.8891792827401396 2.124906841676799 2.389739485527125
893 0.888072111881966 2.1200022453476324 2.387196058724342
894 0.8869637620478446 2.1150976500927996 2.384649453106639
895 0.8858542303444176 2.110193055955798 2.3820996544040445
896 0.8847435118432111 2.1052884628743413 2.3795466535700665
897 0.8836316028676036 2.100383870860287 2.3769904381464184
898 0.8825184999218866 2.095479279975584 2.374430995113484
899 0.8814041977352078 2.0905746902125193 2.3718683160169967
900 0.8802886928464065 2.0856701015501167 2.369302387386255
901 0.8791719811327702 2.0807655140533683 2.366733197493855
902 0.8780540584938161 2.075860927681421 2.36416073429725
903 0.876934921111621 2.0709563423687882 2.3615849848282937
904 0.8758145641414488 2.066051758229289 2.359005938950806
905 0.8746929836748123 2.0611471752449853 2.3564235837191365
906 0.8735701754903406 2.056242593442426 2.353837906941184
907 0.872446134631335 2.0513380127385434 2.3512488981401316
908 0.8713208573965694 2.046433433204927 2.348656543491328
909 0.8701943395953569 2.041528854841491 2.3460608302632817
910 0.8690665765261807 2.036624277622382 2.3434617469275425
911 0.8679375634508968 2.03171970157516 2.3408592819708094
912 0.866807297512539 2.026815126720128 2.3382534186507686
913 0.8656757731371633 2.021910553060063 2.3356441473841483
914 0.86454298567277 2.017005980592651 2.3330314559467014
915 0.8634089311783806 2.012101409295263 2.330415330021137
916 0.8622736047321702 2.0071968392113195 2.3277957578613027
916 0.8611370015592548 2.0022922703576187 2.325172727141073
917 0.8611370015592548 2.0022922703576187 2.325172727141073
918 0.8599991178303132 1.9973877026952713 2.3225462227617966
919 0.8588599484208611 1.9924831362908537 2.3199162330882044
920 0.8577194890603909 1.9875785711200504 2.3172827439159516
921 0.856577734903645 1.982674007179732 2.3146457424588087
922 0.8554346807239843 1.9777694444799037 2.3120052168168446
923 0.8542903224554378 1.9728648830172193 2.309361151776514
924 0.8531446551945447 1.967960322823571 2.3067135342655485
925 0.8519976746652891 1.9630557638944195 2.304062349308188
926 0.850849375393148 1.9581512062489579 2.301407585031327
927 0.8496997525716928 1.953246649843789 2.29874922751491
928 0.8485488019889101 1.9483420947599783 2.29608726120792
929 0.8473965181217085 1.9434375409209252 2.293421673750371
930 0.8462428959229904 1.9385329883959266 2.290752451495128
931 0.8450879308929308 1.933628437144211 2.2880795790103337
932 0.8439316184584827 1.9287238871934358 2.2854030409672577
933 0.8427739524998457 1.923819338584258 2.2827228260648105
933 0.8416149285810945 1.918914791296694 2.2800389181924965
934 0.8416149285810945 1.918914791296694 2.2800389181924965
935 0.840454542462671 1.914010245333919 2.277351300554045
936 0.8392927876210368 1.9091057006888714 2.2746599623478283
937 0.8381296598325328 1.9042011573959365 2.271964886407213
938 0.8369651531000248 1.8992966154713213 2.269266060165755
939 0.8357992630171899 1.894392074925507 2.2665634665515912
940 0.8346319832898986 1.8894875357326846 2.263857093380036
941 0.8334633099792877 1.8845829978929438 2.261146921920027
942 0.8322932372321485 1.8796784614265474 2.2584329384647583
943 0.8311217596453527 1.8747739263544592 2.255715127894669
944 0.8299488716010387 1.8698693926503804 2.2529934754212637
945 0.8287745679528281 1.8649648603578677 2.250267964863537
946 0.8275988436430335 1.8600603294452367 2.2475385795095826
947 0.8264216928926204 1.855155799964925 2.2448053045068983
948 0.8252431097024255 1.8502512719677802 2.242068125397572
949 0.8240630893788523 1.8453467453771994 2.2393270238182277
950 0.8228816257456876 1.840442220221818 2.236581985354244
950 0.8228816257456876 1.840442220221818 2.236581985354244
951 0.8216987134595749 1.8355376964866885 2.2338329930669794
952 0.8205143466900279 1.8306331742290067 2.231080031219222
953 0.8193285196842542 1.8257286534117882 2.2283230835359813
954 0.8181412269962127 1.8208241340797158 2.2255621327931743
955 0.8169524617481652 1.8159196162134326 2.2227971653670227
956 0.8157622197058121 1.811015099864592 2.220028160310853
957 0.8145704944894584 1.8061105849901278 2.217255102177656
958 0.8133772800024935 1.80120607161238 2.2144779746083616
959 0.8121825704792105 1.7963015597615033 2.211696760128249
960 0.8109863602155594 1.7913970494280338 2.208911440818662
961 0.8097886421268724 1.786492540642279 2.2061220023414245
962 0.8085894113297135 1.7815880333789706 2.203328424062807
963 0.8073886616434954 1.7766835276491215 2.200530688692803
964 0.8061863869252212 1.7717790234987325 2.1977287786466633
965 0.8049825796414308 1.7668745209043166 2.194922679806746
966 0.8037772351296082 1.761970019863771 2.192112370014629
966 0.8025703466786648 1.7570655204190222 2.189297832508283
967 0.8025703466786648 1.7570655204190222 2.189297832508283
968 0.8013619083263154 1.7521610225491557 2.1864790481601903
969 0.8001519133509504 1.7472565262813426 2.1836559997263767
970 0.7989403550069771 1.742352031660623 2.1808286698015236
971 0.7977272273747829 1.7374475386378685 2.1779970383555587
972 0.7965125242988209 1.7325430472193841 2.1751610858153945
973 0.7952962389850295 1.7276385574352406 2.1723207941233094
974 0.7940783644142597 1.7227340693123 2.1694761455729243
975 0.7928588943637805 1.7178295828325414 2.16662711996312
976 0.7916378220059243 1.7129250980339927 2.1637736985502114
977 0.7904151410045408 1.7080206149151387 2.160915860928993
978 0.7891908444500274 1.703116133501893 2.15805358802504
979 0.7879649256049532 1.6982116537503988 2.1551868599311215
980 0.7867373775270042 1.6933071757471174 2.1523156571889146
981 0.7855081932563209 1.6884026994420562 2.149439959935733
982 0.7842773658742279 1.6834982248320125 2.1465597479731295
983 0.7830448882775725 1.6785937519516043 2.1436750013705206
983 0.7818107533291897 1.673689280845782 2.140785700015893
984 0.7818107533291897 1.673689280845782 2.140785700015893
985 0.7805749544540942 1.6687848114862163 2.137891821872896
986 0.7793374844430461 1.6638803439196255 2.1349933464431246
987 0.778098335722029 1.6589758781199484 2.132090253837283
988 0.7768575009073263 1.65407141411313 2.129182523411651
989 0.775614973083451 1.649166951904923 2.126270132909726
990 0.7743707447580784 1.6442624915188249 2.1233530613717977
991 0.7731248087608317 1.6393580329311663 2.1204312865845525
992 0.77187715744748 1.6344535761924128 2.117504787416415
993 0.7706277829821325 1.629549121305555 2.11457354288424
994 0.7693766783280591 1.6246446682469198 2.111637529457551
995 0.7681238354948735 1.6197402170666493 2.1086967259948537
996 0.7668692470230495 1.6148357677543383 2.1057511094923353
997 0.7656129050903464 1.6099313203430112 2.102800657667899
998 0.7643548013679563 1.6050268748220595 2.0998453492403826
999 0.7630949289104598 1.600122431218023 2.0968851588394952
1000 0.7618332790297973 1.595217989554495 2.0939200655372026
1001 0.7605698447765238 1.590313549809074 2.090950043222331
1002 0.7593046168998888 1.5854091120511098 2.0879750718809857
1003 0.7580375879248562 1.5805046762263713 2.0849951261032267
1004 0.7567687491620446 1.5756002424003046 2.0820101836194165
1005 0.7554980929420366 1.570695810555904 2.0790202188854643
1006 0.7542256105242002 1.5657913806922938 2.0760252089610707
1007 0.7529512370807774 1.560886952771539 2.0730252849084376
1008 0.7516750210686546 1.555982526894883 2.070020265782873
1009 0.7503969539835099 1.551078103036916 2.0670101268441465
1010 0.749117027539981 1.546173681253044 2.063994842475428
1011 0.7478352332410257 1.5412692615482597 2.060974387190329
1012 0.7465515618423122 1.5363648438727524 2.057948737099107
1013 0.7452660052627562 1.531460428280289 2.0549178648506135
1014 0.7439785546326525 1.5265560148325872 2.0518817448795157
1015 0.7426892004463039 1.5216516034728003 2.0488403528129866
1016 0.7413979340569323 1.5167471942578223 2.045793661655052
1016 0.7401047462371235 1.5118427871837186 2.04274164551748
1017 0.7401047462371235 1.5118427871837186 2.04274164551748
1018 0.7388096285915366 1.5069383822926177 2.0396842758606684
1019 0.7375125714029074 1.502033979541305 2.0366215272562926
1020 0.7362135651847777 1.4971295789888757 2.0335533733518214
1021 0.7349126008478547 1.492225180664044 2.0304797862255897
1022 0.7336096692275818 1.4873207845277912 2.027400737634487
1023 0.7323047607400313 1.4824163906378325 2.0243162001838897
1024 0.7309978654722281 1.4775119990202603 2.021226146899595
1025 0.7296889741612332 1.4726076096348835 2.0181305484677554
1026 0.7283780771414182 1.4677032225352693 2.015029376358217
1027 0.7270651646254074 1.4627988377479755 2.011922601877958
1028 0.7257502264904069 1.457894455272873 2.0088101967573326
1029 0.7244332531152632 1.4529900751257723 2.0056921308864735
1030 0.7231142341509202 1.448085697306447 2.0025683756685932
1031 0.7217931596554084 1.4431813218500589 1.9994389009436564
1032 0.7204700195332026 1.4382769487683562 1.9963036764530822
1033 0.7191448031284279 1.4333725780890465 1.9931626730160334
1033 0.7178175002781261 1.4284682098268437 1.990015859565096
1034 0.7178175002781261 1.4284682098268437 1.990015859565096
1035 0.7164881005738503 1.4235638439999556 1.9868632052085633
1036 0.7151565933550584 1.4186594806250343 1.9837046792361785
1037 0.713822968188694 1.4137551196831595 1.9805402497352027
1038 0.7124872139599661 1.4088507612145078 1.9773698862386457
1039 0.7111493204473887 1.4039464052788966 1.9741935552939356
1040 0.7098092762952544 1.3990420518546396 1.9710112259404875
1041 0.70846707037722 1.3941377009455183 1.9678228660694366
1042 0.7071226919440325 1.3892333525996987 1.9646284420323115
1043 0.7057761296123672 1.3843290068350618 1.961427921337288
1044 0.70442737232656 1.3794246636480607 1.9582212699829384
1045 0.7030764082514468 1.374520323072987 1.9550084556121337
1046 0.7017232262550074 1.369615985131624 1.9517894433123744
1047 0.7003678147095992 1.3647116498516099 1.9485641989666165
1048 0.699010161726417 1.3598073172263192 1.9453326885375513
1049 0.6976502557073981 1.3549029872875098 1.9420948766279393
1050 0.6962880845885557 1.3499986600557172 1.9388507285076497
1051 0.6949236364948685 1.3450943355499212 1.9356002082969208
1052 0.6935568992957857 1.340190013785553 1.9323432801927811
1053 0.6921878607255076 1.335285694805618 1.9290799081712526
1054 0.6908165086090976 1.3303813786278444 1.9258100552727935
1055 0.6894428300918318 1.325477065241785 1.922533685737562
1056 0.6880668128784625 1.3205727546864379 1.9192507616548842
1057 0.6866884443768423 1.3156684469878441 1.915961245251171
1058 0.6853077113868804 1.3107641421642366 1.912665099757303
1059 0.6839246011481352 1.305859840254892 1.9093622865191364
1060 0.6825391007217548 1.3009555412395195 1.9060527665943485
1061 0.6811511969174902 1.2960512451934418 1.902736501174256
1062 0.6797608766520761 1.2911469521160297 1.8994134503225921
1063 0.6783681265759456 1.2862426620393639 1.8960835741674027
1064 0.6769729328576706 1.2813383749784049 1.892746833421475
1065 0.6755752818745712 1.2764340909255207 1.8894031874341228
1066 0.6741751596046384 1.2715298099535643 1.8860525960334065
1066 0.6727725524246976 1.2666255320648467 1.8826950170601948
1067 0.6727725524246976 1.2666255320648467 1.8826950170601948
1068 0.6713674464155678 1.2617212572693488 1.8793304084159594
1069 0.6699598275509285 1.2568169856230462 1.8759587275813285
1070 0.6685496810922799 1.2519127171341304 1.8725799331603137
1071 0.6671369925053974 1.2470084518470748 1.8691939824293076
1072 0.6657217476651411 1.2421041897700769 1.865800830642019
1073 0.6643039315188878 1.237199930931816 1.862400434847704
1074 0.6628835292754027 1.2322956753534522 1.8589927505069757
1075 0.6614605260002909 1.2273914230798497 1.85557773266021
1076 0.6600349061377964 1.2224871741252754 1.852155337175539
1077 0.6586066548299926 1.2175829285280455 1.848725517118169
1078 0.6571757562529315 1.21267868627568 1.8452882272926523
1079 0.6557421948531382 1.2077744474350542 1.8418434209583703
1080 0.6543059550772822 1.2028702120304582 1.8383910503892378
1081 0.6528670208843905 1.1979659800959752 1.834931068310327
1082 0.6514253759337422 1.1930617516515118 1.8314634273210453
1083 0.6499810043182772 1.1881575267304594 1.8279880778618147
1083 0.6485338893593066 1.1832533053477414 1.824504971539251
1084 0.6485338893593066 1.1832533053477414 1.824504971539251
1085 0.6470840143968416 1.1783490875448814 1.8210140589599348
1086 0.6456313629192956 1.173444873345621 1.81751528928173
1087 0.6441759180040704 1.1685406627841066 1.814008611816381
1088 0.642717662180946 1.1636364559120436 1.8104939764117483
1089 0.6412565786692299 1.1587322527294253 1.806971329844426
1090 0.6397926495877034 1.1538280532978311 1.8034406210221132
1091 0.638325857390851 1.148923857646328 1.799901796775929
1092 0.6368561841543918 1.1440196657963049 1.7963548038955093
1093 0.6353836117490359 1.1391154777885328 1.7927995886655967
1094 0.6339081223753054 1.1342112936421354 1.789236095275374
1095 0.6324296972104008 1.129307113405002 1.7856642696987344
1096 0.6309483179835583 1.1244029371106126 1.7820840551633153
1097 0.6294639657149596 1.1194987647998618 1.7784953957265996
1098 0.6279766216075706 1.1145945965266637 1.7748982337485582
1099 0.626486266134613 1.1096904322875334 1.7712925123391203
1100 0.6249928801232038 1.1047862721263142 1.7676781724433879
1101 0.6234964439914205 1.0998821161142738 1.7640551549471364
1102 0.6219969376755915 1.094977964253717 1.7604234007094313
1103 0.6204943413335605 1.090073816590135 1.7567828487321233
1104 0.6189886342100819 1.0851696731734723 1.7531334392889204
1105 0.6174797961985096 1.0802655340485472 1.7494751094678078
1106 0.6159678064448586 1.0753613992242992 1.7458077970517532
1107 0.614452644020771 1.0704572687702247 1.7421314387476845
1108 0.6129342877665731 1.0655531427224465 1.7384459704565371
1109 0.6114127161121896 1.0606490211355957 1.7347513278428028
1110 0.6098879073921628 1.0557449040353746 1.7310474453406766
1111 0.6083598395603447 1.0508407914645153 1.7273342570146428
1112 0.6068284904907812 1.0459366834645871 1.7236116956517167
1113 0.6052938378636898 1.0410325800943492 1.719879693090129
1114 0.6037558586163033 1.0361284813871445 1.716138181684496
1115 0.6022145299614363 1.0312243873922393 1.7123870914543946
1116 0.6006698288505699 1.026320298143443 1.708626351530573
1116 0.5991217314827049 1.0214162137156706 1.7048558916196754
1117 0.5991217314827049 1.0214162137156706 1.7048558916196754
1118 0.5975702143429685 1.016512134140294 1.7010756388819583
1119 0.5960152532331724 1.0116080594743566 1.6972855207760873
1120 0.5944568235960992 1.0067039897527579 1.6934854640288526
1121 0.5928949008281708 1.001799925031702 1.6896753937879416
1122 0.5913294601849931 0.9968958653597269 1.6858552338113768
1123 0.5897604763351225 0.9919918107870682 1.6820249077243754
1124 0.5881879235810037 0.9870877613615416 1.678184338352201
1125 0.5866117760666464 0.982183717155072 1.6743334471408289
1126 0.5850320077560898 0.9772796782150927 1.6704721541022725
1127 0.5834485921904432 0.9723756446074352 1.66660037854722
1128 0.5818615022482367 0.9674716163592517 1.6627180396384156
1129 0.5802707108393527 0.9625675935404754 1.6588250545131533
1130 0.5786761905276645 0.9576635762067676 1.6549213392269075
1131 0.5770779134456583 0.9527595644248075 1.6510068090043546
1132 0.5754758512845666 0.9478555582476555 1.647081378187929
1133 0.5738699755384497 0.9429515577263288 1.6431449595208008
1133 0.5722602571393545 0.9380475629417303 1.6391974652073398
1134 0.5722602571393545 0.9380475629417303 1.6391974652073398
1135 0.5706466669291058 0.9331435739526485 1.6352388054315532
1136 0.5690291751739434 0.9282395908289671 1.631268889763374
1137 0.5674077519282158 0.9233356136107497 1.6272876260026197
1138 0.5657823666325889 0.9184316423726346 1.6232949214004955
1139 0.5641529883197597 0.9135276771978386 1.6192906819808506
1140 0.5625195858248438 0.9086237181389193 1.6152748118211204
1141 0.5608821273457049 0.9037197652680138 1.6112472143563201
1142 0.5592405809120822 0.8988158186467738 1.6072077909311735
1143 0.5575949139685158 0.8939118783509173 1.603156441992567
1144 0.5559450934963139 0.8890079444525147 1.5990930666580458
1145 0.554291086046271 0.884104017022375 1.5950175625746432
1146 0.5526328577508821 0.8792000961468671 1.5909298258613427
1147 0.550970374124731 0.8742961819035974 1.5868297515860088
1148 0.5493036005179306 0.8693922743475946 1.582717232379065
1149 0.5476325015371946 0.8644883735711121 1.5785921601521253
1150 0.5459570414497728 0.8595844796499221 1.5744544247791383
1150 0.5459570414497728 0.8595844796499221 1.5744544247791383
1151 0.5442771839430262 0.8546805926690084 1.5703039147760318
1152 0.5425928920943828 0.8497767127159992 1.566140517314743
1153 0.5409041287739059 0.8448728398646241 1.561964116967898
1154 0.539210855944767 0.839968974208363 1.5577745977250939
1155 0.5375130353055803 0.8350651158291681 1.5535718410148458
1156 0.5358106278099546 0.8301612648176677 1.5493557270613074
1157 0.5341035939334701 0.8252574212746376 1.5451261340462628
1158 0.5323918936686797 0.8203535852921138 1.5408829380160314
1159 0.5306754863184606 0.8154497569521636 1.5366260134028664
1160 0.5289543305024785 0.8105459363590983 1.5323552329917078
1161 0.5272283842191473 0.8056421236060473 1.5280704676005734
1162 0.5254976051120626 0.8007383187992063 1.5237715852738254
1163 0.5237619499669505 0.7958345220373678 1.5194584526187618
1164 0.5220213749275971 0.7909307334287176 1.5151309341277786
1165 0.5202758355162204 0.7860269530685579 1.5107888919896844
1166 0.5185252865615676 0.781123181071564 1.5064321862706624
1166 0.516769682210821 0.7762194175450936 1.5020606747367733
1167 0.516769682210821 0.7762194175450936 1.5020606747367733
1168 0.5150089759105047 0.7713156625970251 1.4976742128297584
1169 0.5132431202387968 0.7664119163403952 1.4932726540665688
1170 0.511472067248399 0.7615081789030822 1.4888558489612531
1171 0.5096957680590266 0.7566044503962087 1.4844236460456315
1172 0.5079141730184902 0.7517007309344316 1.4799758913344332
1173 0.5061272314972247 0.7467970206411118 1.4755124288253334
1174 0.5043348712743398 0.7418933196128581 1.4710331604440952
1175 0.5025370484306346 0.7369896279828404 1.466537900607277
1176 0.5007337234852866 0.7320859458987434 1.462026445519112
1177 0.49892484277269444 0.7271822735008677 1.4574986273677402
1178 0.49711035160519207 0.722278610929017 1.452954275839854
1179 0.49529019427824067 0.7173749583199995 1.4483932179707109
1180 0.4934643144446176 0.7124713158114319 1.443815276922915
1181 0.4916326546823925 0.7075676835516459 1.439220273130053
1182 0.4897951563624584 0.7026640616897444 1.434608024522314
1183 0.48795176036383736 0.6977604503719556 1.4299783442766474
1183 0.4861024059419261 0.6928568497499465 1.4253310439955342
1184 0.4861024059419261 0.6928568497499465 1.4253310439955342
1185 0.4842470317685579 0.6879532599915799 1.4206659305252733
1186 0.48238557533826815 0.6830496812507048 1.4159828074703993
1187 0.4805179727757202 0.6781461136987478 1.411281475657248
1188 0.47864415935106047 0.6732425574944313 1.4065617313855971
1189 0.4767640690742476 0.6683390128225081 1.4018233675206468
1190 0.47487763468527094 0.6634354798523192 1.3970661732511713
1191 0.47298478789425374 0.6585319587647038 1.3922899332481984
1192 0.4710854591839404 0.6536284497442216 1.3874944280311683
1193 0.4691795773920923 0.6487249529687571 1.3826794349716955
1194 0.46726707055431943 0.6438214686501551 1.3778447256862953
1195 0.4653478649306758 0.6389179969767369 1.3729900685628338
1196 0.46342188554696023 0.6340145381437853 1.3681152270041814
1197 0.4614890560624045 0.6291110923722463 1.3632199596238643
1198 0.45954929851459475 0.6242076598626446 1.3583040206573627
1199 0.4576025336806382 0.6193042408437476 1.3533671587490845
1200 0.4556486804935257 0.6144008355322137 1.3484091183293654
1201 0.45368765668425537 0.6094974441476454 1.3434296374781607
1202 0.45171937788317834 0.604594066944779 1.338428450375526
1203 0.44974375850865184 0.5996907041471501 1.3334052842350088
1204 0.4477607109205149 0.5947873559976276 1.3283598616208476
1205 0.44577014589311914 0.5898840227597847 1.3232918987383675
1206 0.4437719722581074 0.584980704687314 1.318201106101123
1207 0.4417660971498151 0.5800774020485853 1.313087187521013
1208 0.4397524254847631 0.5751741151134634 1.3079498412758441
1209 0.4377308604093944 0.5702708441578255 1.3027887584267444
1210 0.4357013030324518 0.5653675894737817 1.2976036232594699
1211 0.43366365226565534 0.5604643513487964 1.2923941133195662
1212 0.43161780482244533 0.5555611300933353 1.287159899072923
1213 0.42956365539403885 0.5506579260160976 1.2819006429000122
1214 0.42750109604090614 0.5457547394393603 1.2766160005052685
1215 0.4254300166505298 0.5408515706876662 1.2713056190671888
1216 0.423350304635152 0.5359484200961203 1.2659691376813975
1216 0.42126184498022917 0.5310452880135079 1.2606061867255771
1217 0.42126184498022917 0.5310452880135079 1.2606061867255771
1218 0.4191645197674843 0.5261421747972646 1.2552163887561907
1219 0.41705820874276467 0.5212390808201843 1.2497993562852443
1220 0.41494278860446454 0.5163360064493752 1.2443546932961922
1221 0.4128181331645406 0.5114329520767122 1.2388819942482174
1222 0.410684113512224 0.5065299181074078 1.2333808429439794
1223 0.408540597552009 0.5016269049601025 1.2278508132750339
1224 0.40638744991543013 0.4967239130549592 1.2222914687900137
1225 0.4042245320603269 0.49182094282452227 1.216702361723861
1226 0.4020517019581436 0.4869179947258142 1.2110830332376152
1227 0.3998688142777164 0.4820150692237905 1.2054330120603554
1228 0.3976757198764843 0.47711216680455465 1.199751815254758
1229 0.3954722658321454 0.4722092879558662 1.194038947237557
1230 0.393258295531718 0.46730643319048387 1.1882938986923255
1231 0.39103364797862206 0.46240360303591704 1.182516147718308
1232 0.38879815835219317 0.45750079805028315 1.1767051572190206
1233 0.38655165720977464 0.4525980187841 1.170860376207062
1233 0.38429397090291906 0.4476952658292138 1.164981237611743
1234 0.38429397090291906 0.4476952658292138 1.164981237611743
1235 0.3820249208815064 0.4427925397901972 1.1590671592012167
1236 0.37974432379952605 0.43788984128007363 1.1531175420840356
1237 0.37745199124651707 0.4329871709514736 1.147131770378411
1238 0.37514772968919463 0.42808452947504333 1.1411092100429507
1239 0.3728313400429674 0.42318191753769685 1.1350492088163155
1240 0.37050261762851217 0.4182793358606861 1.1289510949692607
1241 0.3681613518372805 0.4133767851845594 1.1228141767777493
1242 0.36580732595843607 0.40847426627802186 1.1166377414880797
1243 0.36344031693101647 0.4035717799424783 1.1104210544122959
1244 0.36106009492778735 0.39866932700503854 1.1041633584148176
1245 0.35866642331666004 0.3937669083311757 1.0978638722017369
1246 0.35625905820834325 0.388864524809569 1.091521789692033
1247 0.3538377481811223 0.3839621773736081 1.0851362788377958
1248 0.35140223388848285 0.37905986698770455 1.0787064805854332
1249 0.34895224772028877 0.37415759466001686 1.0722315076185784
1250 0.3464875135790982 0.3692553614292011 1.0657104425349093
1251 0.34400774636653797 0.3643531683907849 1.059142336877987
1252 0.34151265149071003 0.35945101667902385 1.0525262098197898
1253 0.3390019245853873 0.35454890747689366 1.0458610461003162
1254 0.3364752508932576 0.3496468420140404 1.0391457947822775
1255 0.3339323049010888 0.34474482158376374 1.0323793670872234
1256 0.3313727497597249 0.3398428475277276 1.0255606345849024
1257 0.3287962366438856 0.334940921246648 1.0186884274147505
1258 0.3262024042643585 0.3300390442145856 1.011761531797656
1259 0.32359087816061993 0.32513721797072553 1.004778687887914
1260 0.3209612699922282 0.3202354441213238 0.9977385873662515
1261 0.31831317688371874 0.31533372435297335 0.9906398705830711
1262 0.315646180702388 0.31043206042985727 0.9834811235132703
1263 0.31295984696320805 0.3055304542088311 0.9762608755517115
1264 0.3102537242003966 0.30062890763402683 0.9689775953820526
1265 0.30752734289564354 0.2957274227551948 0.9616296878536328
1266 0.3047802144683673 0.2908260017212236 0.9542154900983837
1266 0.3020118301555057 0.2859246468012944 0.9467332675480692
1267 0.3020118301555057 0.2859246468012944 0.9467332675480692
1268 0.2992216598692122 0.2810233603754592 0.9391812093358906
1269 0.29640915079413827 0.2761221449609192 0.9315574239902304
1270 0.29357372615510996 0.2712210032142785 0.9238599338108977
1271 0.2907147835659923 0.2663199379387928 0.9160866698006712
1272 0.2878316935672578 0.26141895210126226 0.9082354651822814
1273 0.2849237977998675 0.256518048839454 0.900304049083447
1274 0.28199040708699474 0.2516172314816269 0.8922900395118845
1275 0.27903079935089464 0.24671650355762384 0.884190935665729
1276 0.276044217497693 0.2418158688132731 0.8760041090710189
1277 0.2730298667749475 0.23691533123779968 0.8677267950069497
1278 0.2699869122903673 0.23201489507065912 0.8593560817538081
1279 0.26691447592353507 0.227114564841657 0.8508889001086632
1280 0.2638116332439279 0.22221434537055346 0.8423220107397145
1281 0.2606774099950714 0.21731424182776032 0.8336519909104094
1282 0.2575107781232473 0.21241425974096032 0.8248752199385482
1283 0.25431065157934674 0.20751440503162186 0.8159878626510296
1283 0.25107588164788214 0.2026146840687237 0.8069858512052457
1284 0.25107588164788214 0.2026146840687237 0.8069858512052457
1285 0.24780525165783493 0.1977151036970933 0.7978648651485998
1286 0.2444974712725752 0.19281567129844726 0.788620308810838
1287 0.241151170276797 0.1879163948409384 0.7792472855314991
1288 0.23776489244558788 0.18301728295187142 0.7697405662770614
1289 0.23433708631065897 0.17811834498353948 0.76009456201657
1290 0.23086609386403784 0.173219591086904 0.7503032956797755
1291 0.22735014162643158 0.16832103230992518 0.7403603582816343
1292 0.22378733074530727 0.16342268071845537 0.7302588585966334
1293 0.22017562458594067 0.15852454951907718 0.7199913696949711
1294 0.21651283313939382 0.15362665320460342 0.7095498727583346
1295 0.21279659610703638 0.14872900772561545 0.6989256898207383
1296 0.20902436370258376 0.1438316306901866 0.688109405728614
1297 0.20519337459787482 0.13893454159944654 0.677090777768638
1298 0.20130063031703282 0.13403776212562832 0.6658586310163523
1299 0.1973428657311866 0.12914131644915294 0.6544007353428456
1300 0.19331651431857966 0.12424523165172456 0.6427036618660124
1301 0.18921766777299645 0.11934953819959584 0.6307526120804899
1302 0.18504202796455665 0.11445427052536751 0.6185312157694809
1303 0.18078485016025758 0.1095594677438099 0.6060212879933822
1304 0.17644087492270955 0.10466517453094898 0.5932025364122564
1305 0.17200424613785378 0.09977144222225653 0.5800522048873965
1306 0.16746841142782498 0.09487833019498601 0.5665446360066321
1307 0.16282600003831188 0.0899859076220084 0.5526507290041842
1308 0.158068671748138 0.08509425573146022 0.5383372605739797
1309 0.1531869279186251 0.08020347075443923 0.523566023838825
1310 0.14816987234124632 0.0753136678254832 0.5082927226395267
1311 0.14300490461580642 0.07042498622903465 0.4924655305930712
1312 0.1376773212795277 0.06553759658597108 0.4760231821543754
1313 0.13216978837264048 0.06065171091377027 0.4588923963679838
1314 0.12646163236764038 0.055767597049927474 0.4409843207448393
1315 0.12052786403191003 0.050885599888862224 0.4221895102645322
1316 0.1143377965563497 0.04600617363115541 0.40237065097263747
1316 0.10785304883873872 0.041129932778674945 0.38135160036293636
1317 0.10785304883873872 0.041129932778674945 0.38135160036293636
1318 0.10102456466677359 0.03625773654457022 0.35890020079933277
1319 0.0937879677723911 0.03139083637589049 0.3347000379843095
1320 0.08605599183678783 0.026531152565294886 0.30830104910781075
1321 0.07770546478193512 0.02168184209598203 0.2790259624188311
1322 0.06855348254776768 0.016848614768066414 0.2457732873939175
1323 0.05831106917368814 0.012043355330214821 0.20653634894503317
1324 0.0464958178809511 0.007297072645348068 0.15694040836170797
1325 0.032468853672238736 0.0027303151517660464 0.08409028477961017
1326 0.0285410085808641 0.000305075884551125 0.010689036572998661
1327 0.026377323158421322 2.868670586000448e-05 0.001087551821984099
1328 0.024469678756948863 2.6624671731973648e-06 0.0001088067889915098
1329 0.022730995067755177 2.471333021549141e-07 1.0872084632382967e-05
1330 0.02111166798471059 2.294155169439363e-08 1.0866764156677847e-06
1331 0.019600172564733245 2.1295097531502726e-09 1.0864750022568257e-07
