1 0.8743407314003442 3.4951106343428475 3.9974240119696565
2 0.873682842635295 3.490191114835735 3.9948033136466883
3 0.8730286231418521 3.4852862209984123 3.9921786395222387
4 0.8723749338459555 3.480381680999095 3.9895480096562044
5 0.8717203036930166 3.4754771016991106 3.9869176924930594
6 0.8710644925633081 3.4705725201941937 3.984288821119587
7 0.8704065865061306 3.465667937812547 3.981665570482373
8 0.8697466141839754 3.4607633551128454 3.9790478038938346
9 0.8690842390354021 3.4558587711883795 3.9764370540467313
10 0.8684198489019335 3.450954187062843 3.973831541766778
11 0.8677540187326352 3.4460496025197838 3.971228629459739
12 0.867087750781513 3.4411450184642995 3.9686237239111826
13 0.8664210541337172 3.436240435077477 3.966016775196177
14 0.8657539214616695 3.431335852756323 3.963407808725984
15 0.8650863502792051 3.426431271198995 3.960796826921521
16 0.864418340179939 3.421526690272771 3.9581838228473254
16 0.8637498905301493 3.4166221100750738 3.955568790842951
17 0.8637498905301493 3.4166221100750738 3.955568790842951
18 0.8630810006888917 3.41171753061402 3.9529517251461503
19 0.8624116684148957 3.406812951875672 3.9503326272676267
20 0.8617418934562829 3.401908373854941 3.947711489585975
21 0.8610716754865667 3.397003796569639 3.9450883048151484
22 0.8604010124819169 3.392099220084467 3.942463073468035
23 0.8597299047008711 3.38719464424258 3.9398357853110846
24 0.8590583503145955 3.3822900691578597 3.9372064399574627
25 0.8583863482368509 3.3773854947817292 3.9345750333972247
26 0.8577138978730012 3.3724809211602707 3.9319415594448284
27 0.8570409982755428 3.367576348364324 3.929306013528226
28 0.8563676481625953 3.362671776218681 3.9266683922887093
29 0.8556938475446737 3.3577672047937552 3.9240286866950442
30 0.8550195941712291 3.352862634147428 3.9213868980363653
31 0.854344886948948 3.3479580641660216 3.918743022062566
32 0.853669726554102 3.3430534948199155 3.9160970464706373
33 0.8529941108124891 3.3381489263833135 3.913448972354192
33 0.8523180393231772 3.333244358704025 3.9107987921397775
34 0.8523180393231772 3.333244358704025 3.9107987921397775
35 0.8516415106841262 3.3283397918763336 3.908146503101602
36 0.8509645244365316 3.323435225703265 3.9054920978097014
37 0.8502870779623332 3.318530660271371 3.902835579042374
38 0.8496091717867643 3.3136260957686168 3.9001769352370808
39 0.8489308043068319 3.3087215318734757 3.897516163964753
40 0.8482519755353487 3.303816968817506 3.894853255994366
41 0.8475726832195173 3.2989124065214264 3.892188212095816
42 0.8468929267668593 3.2940078450357424 3.88952102553402
43 0.8462127056380027 3.2891032842639136 3.8868516891200446
44 0.8455320179630831 3.2841987242737285 3.884180201934258
45 0.8448508623260389 3.279294164989742 3.8815065607688517
46 0.8441692385943848 3.274389606475134 3.878830756646946
47 0.8434871459803669 3.2694850488463425 3.8761527836281258
48 0.8428045843506352 3.2645804919320285 3.8734726323864566
49 0.8421215510485042 3.259675935887501 3.8707903055431383
50 0.8414380454238624 3.254771380629087 3.8681057961784253
51 0.8407540665799675 3.2498668261763375 3.8654190985910972
52 0.8400696125193542 3.2449622725138685 3.8627302120621683
53 0.8393846833357371 3.2400577197284575 3.860039126342384
54 0.8386992782761712 3.235153167718488 3.8573458348120817
55 0.8380133953978143 3.230248616506202 3.8546503364337834
56 0.8373270346150568 3.225344066072971 3.8519526215414195
57 0.8366401929995124 3.2204395164445243 3.8492526935607088
58 0.8359528712805978 3.215534967687487 3.8465505391010892
59 0.835265068431641 3.2106304197308226 3.8438461526463135
60 0.8345767818129308 3.2057258725348685 3.841139536102536
61 0.8338880111940465 3.200821326196226 3.8384306804135018
62 0.8331987564047609 3.1959167806997635 3.8357195760710114
63 0.8325090151436876 3.191012235989903 3.8330062232889426
64 0.8318187867895351 3.186107692237583 3.830290614779929
65 0.831128070233361 3.1812031492545585 3.8275727450299595
66 0.8304368636457665 3.176298607171484 3.824852612186511
66 0.8297451663367678 3.1713940658903104 3.8221302088346727
67 0.8297451663367678 3.1713940658903104 3.8221302088346727
68 0.8290529771380333 3.166489525527782 3.8194055299804766
69 0.8283602958592975 3.1615849859335774 3.816678565760947
70 0.8276671205582518 3.1566804471946157 3.8139493146296206
71 0.8269734500977227 3.151775909268204 3.8112177711337183
72 0.8262792837829213 3.146871372188445 3.8084839278327904
73 0.8255846204056603 3.1419668359709227 3.805747779588096
74 0.8248894586672868 3.13706230066644 3.803009321679005
75 0.8241937971383266 3.1321577661695232 3.8002685497569266
76 0.8234976340896006 3.1272532325740454 3.797525461055283
77 0.8228009704019665 3.1223486997826844 3.7947800404966827
78 0.8221038031427754 3.1174441679216156 3.792032290817911
79 0.8214061321520578 3.112539636865278 3.7892822016199506
80 0.8207079550764829 3.1076351067545565 3.786529772901923
81 0.8200092725594461 3.102730577461226 3.7837749904667026
82 0.8193100244719371 3.0978260489751293 3.7810181206701876
83 0.8186102676811534 3.092921521376551 3.778258890079346
83 0.817909999732724 3.088016994681197 3.775497298835198
84 0.817909999732724 3.088016994681197 3.775497298835198
85 0.8172092213730386 3.0831124688644453 3.7727333322112258
86 0.8165079307664344 3.078207943866112 3.769966987309823
87 0.8158061271627585 3.073303419843296 3.767198256443289
88 0.8151038079716614 3.0683988965788043 3.764427139917721
89 0.8144009733200456 3.063494374243926 3.7616536259222095
90 0.8136976218376379 3.058589852829365 3.758877709291946
91 0.8129937520134854 3.0536853323452124 3.756099385490185
92 0.8122893621580686 3.0487808126664215 3.7533186505933087
93 0.8115844514246984 3.0438762939439314 3.750535497076798
94 0.8108790189491646 3.0389717761274633 3.7477499172018676
95 0.8101730633186197 3.0340672592467537 3.7449619058163317
96 0.8094665834395295 3.0291627433065713 3.7421714562141184
97 0.808759577630054 3.0242582282130384 3.7393785642392805
98 0.8080520448861827 3.019353714102754 3.736583222839368
99 0.807343984377811 3.0144492008461303 3.733785423779742
100 0.8066353939443667 3.009544688597147 3.730985165281148
101 0.8059262726585559 3.004640177302884 3.72818243955654
102 0.8052166193378149 2.9997356669224633 3.7253772399647596
103 0.8045064328248888 2.994831157440222 3.722569559729159
104 0.8037957114801139 2.9899266488875953 3.7197593943141696
105 0.8030844544685225 2.9850221412859854 3.716946735398407
106 0.8023726600020441 2.980117634656823 3.7141315790211884
107 0.8016603275095201 2.975213129018712 3.7113139155353547
108 0.8009474555573991 2.970308624219668 3.708493739021316
109 0.8002340423670562 2.965404120438258 3.7056710455190416
110 0.7995200871612141 2.960499617578628 3.702845826038235
111 0.7988055871483435 2.955595115642188 3.70001808098685
112 0.7980905426479867 2.9506906147478493 3.697187796459466
113 0.7973749517222607 2.945786114846156 3.694354968742765
114 0.7966588124074229 2.9408816158500772 3.691519594144736
115 0.7959421243286902 2.9359771178668645 3.6886816618018714
116 0.7952248854960605 2.931072620943647 3.6858411682064585
116 0.7945070958278891 2.926168124899149 3.6829981006652113
117 0.7945070958278891 2.926168124899149 3.6829981006652113
118 0.7937887526951811 2.9212636298668797 3.680152458633613
119 0.79306985540872 2.9163591358057612 3.6773042323021765
120 0.7923504024389101 2.9114546427763046 3.674453415830475
121 0.7916303919189539 2.9065501507720097 3.6716000048032247
122 0.7909098234010853 2.901645659747132 3.6687439881191772
123 0.7901886953355235 2.89674116960397 3.66588535966587
124 0.7894670050177478 2.8918366805389613 3.6630241190053923
125 0.7887447523621514 2.8869321925794487 3.6601602532804134
126 0.7880219358415191 2.882027705584331 3.6572937560509002
127 0.7872985535872598 2.877123219589981 3.6544246226296373
128 0.7865746044571618 2.872218734649986 3.651552844923322
129 0.7858500865360287 2.867314250622741 3.648678418121271
130 0.7851249995479357 2.8624097677513647 3.645801330233404
131 0.7843993414434922 2.857505285831418 3.642921576875484
132 0.7836731105302885 2.8526008049366847 3.6400391523021804
133 0.7829463055373492 2.8476963251384877 3.6371540487493146
133 0.7822189245861604 2.8427918463618242 3.634266261028941
134 0.7822189245861604 2.8427918463618242 3.634266261028941
135 0.7814909669216609 2.8378873686395742 3.631375778811853
136 0.7807624305238257 2.832982891983602 3.628482597559042
137 0.7800333151527526 2.8280784162996584 3.6255867042625485
138 0.7793036173439755 2.823173941761651 3.622688101183977
139 0.7785733373687398 2.818269468216906 3.619786772741932
140 0.7778424732107567 2.8133649957144287 3.6168827141844004
141 0.7771110232141755 2.808460524333823 3.613975919062209
142 0.7763789858001524 2.803556054002058 3.6110663803099388
143 0.7756463596864797 2.7986515847473385 3.6081540895499957
144 0.7749131429259966 2.7937471166221046 3.6052390414662314
145 0.7741793343990245 2.7888426495246823 3.6023212266310223
146 0.7734449320620568 2.783938183600167 3.5994006401696867
147 0.7727099351899779 2.7790337187743677 3.5964772707252903
148 0.7719743417267255 2.7741292550250294 3.593551113136679
149 0.7712381500967901 2.769224792333067 3.590622159945706
150 0.7705013586905662 2.7643203307703956 3.587690403905632
151 0.7697639668941171 2.759415870342289 3.5847558329810125
152 0.7690259727813796 2.7545114109442377 3.581818441036316
153 0.7682873738298496 2.749606952693229 3.5788782249364113
154 0.7675481691900601 2.744702495575647 3.575935173517435
155 0.7668083570087427 2.739798039609621 3.5729892802646948
156 0.7660679355454711 2.7348935847680393 3.570040538011404
157 0.7653269039893948 2.7299891311026534 3.5670889352930457
158 0.7645852603587414 2.7250846784877494 3.5641344658006444
159 0.7638430023187017 2.720180227068093 3.5611771251563282
160 0.763100129019749 2.7152757768023554 3.5582169017456478
161 0.7623565880983174 2.710371327592117 3.555254024042845
162 0.7616124282384226 2.7054668795033785 3.5522882494985137
163 0.7608676480069962 2.700562432556483 3.5493195690870687
164 0.7601222458528437 2.695657986754113 3.5463479742388437
165 0.7593762206345563 2.690753542094732 3.5433734543942688
166 0.7586295701194812 2.685849098633961 3.540396004087938
166 0.7578822929291285 2.6809446563348347 3.537415613674374
167 0.7578822929291285 2.6809446563348347 3.537415613674374
168 0.7571343870848629 2.676040215155836 3.5344322762293103
169 0.7563858504694035 2.6711357752516434 3.5314459856619083
170 0.7556366823565893 2.666231336445503 3.5284567288744895
171 0.7548868807109975 2.661326898828184 3.5254644991599107
172 0.7541364443418747 2.6564224624551143 3.52246928574489
173 0.7533853705723652 2.6515180272896175 3.519471084599366
174 0.7526336578605498 2.6466135932861516 3.5164698863049306
175 0.7518813047206534 2.641709160482802 3.5134656812145058
176 0.7511283093095927 2.6368047288559935 3.510458461191057
177 0.7503746698747816 2.6319002985129725 3.5074482177712225
178 0.7496203844290088 2.6269958693868265 3.5044349432784276
179 0.7488654516786923 2.622091441466636 3.50141862678914
180 0.7481098698833879 2.6171870147631875 3.4983992594177953
181 0.74735363668182 2.6122825892880193 3.4953768351035377
182 0.7465967506287287 2.607378165038218 3.4923513434025484
183 0.7458392103864282 2.6024737420723696 3.4893227733682664
183 0.7450810131978749 2.5975693203275085 3.486291120449823
184 0.7450810131978749 2.5975693203275085 3.486291120449823
185 0.7443221580621583 2.5926648998231654 3.4832563719091274
186 0.7435626431431135 2.5877604805930785 3.48021851885183
187 0.7428024658467834 2.5828560626051065 3.4771775557593094
188 0.7420416250644262 2.5779516459006944 3.474133470176783
189 0.7412801191473232 2.5730472305365506 3.4710862521124475
190 0.7405179455949337 2.5681428164110076 3.4680358952648422
191 0.7397551028969666 2.5632384036026337 3.4649823888536835
192 0.7389915887491401 2.558333992029943 3.4619257255151266
193 0.7382274016652051 2.5534295817529933 3.458865894158456
194 0.7374625393697422 2.548525172760923 3.4558028872069486
195 0.7366970007674758 2.5436207651060374 3.4527366915518125
196 0.7359307825658428 2.538716358703821 3.4496673041077544
197 0.7351638848003399 2.533811953629794 3.4465947063190425
198 0.734396303999993 2.528907549888145 3.4435188958796408
199 0.7336280383658929 2.5240031474612215 3.4404398625266133
200 0.732859086686112 2.519098746358095 3.437357593189044
201 0.7320894462694149 2.5141943465597105 3.434272081603628
202 0.731319115674332 2.509289948186001 3.431183315743421
203 0.7305480924268376 2.50438555113775 3.428091288033248
204 0.7297763751070316 2.4994811554563046 3.424995986050825
205 0.7290039614022841 2.4945767611074214 3.421897401365212
206 0.7282308490738737 2.489672368132422 3.41879552520833
207 0.7274570364383677 2.4847679765083517 3.415690346022062
208 0.7266825216568271 2.479863586272033 3.4125818529637604
209 0.7259073022432665 2.4749591974882215 3.4094700381713636
210 0.7251313764350027 2.4700548099746276 3.4063548899487337
211 0.7243547422243433 2.4651504238557336 3.4032363980744678
212 0.723577397238987 2.460246039089282 3.4001145537119357
213 0.72279933964878 2.455341655821025 3.3969893456379134
214 0.7220205672686766 2.4504372739107128 3.3938607638012916
215 0.7212410778517073 2.4455328934022487 3.3907287985960624
216 0.7204608696472589 2.4406285142909057 3.3875934379140524
216 0.7196799403314488 2.4357241366682865 3.3844546723735456
217 0.7196799403314488 2.4357241366682865 3.3844546723735456
218 0.7188982879366578 2.430819760472939 3.381312490602452
219 0.7181159097887454 2.425915385711671 3.378166884542809
220 0.7173328041922596 2.421011012397618 3.3750178414379866
221 0.7165489688134787 2.4161066404904172 3.371865351353735
222 0.7157644019446291 2.4112022700264033 3.3687094014112926
223 0.7149791012636223 2.406297901034146 3.3655499815048606
224 0.7141930644132516 2.401393533517978 3.362387081553156
225 0.7134062891568758 2.3964891675029683 3.3592206908285163
226 0.7126187734764244 2.391584802942002 3.356050797363849
227 0.7118305148431688 2.386680439874551 3.3528773916082915
228 0.711041511108049 2.3817760783068174 3.3497004620661106
229 0.7102517601392112 2.376871718252221 3.346519997058998
230 0.7094612598990059 2.3719673596835547 3.343335984294917
231 0.7086700074855008 2.367063002641011 3.340148415536607
232 0.7078780008030158 2.362158647111832 3.336957278559586
233 0.7070852381414461 2.3572542931271303 3.333762559268113
233 0.7062917165901967 2.3523499406434216 3.3305642490046328
234 0.7062917165901967 2.3523499406434216 3.3305642490046328
235 0.705497434164053 2.34744558971595 3.327362334772271
236 0.7047023886660032 2.342541240310438 3.3241568043282106
237 0.7039065770077734 2.3376368925230744 3.3209476497010475
238 0.7031099976052326 2.332732546209588 3.317734855363728
239 0.7023126480785542 2.3278282014680802 3.314518409766288
240 0.7015145260700016 2.322923858283983 3.3112983009737227
241 0.700715628407722 2.3180195167183064 3.308074520880433
242 0.6999159533027397 2.3131151767204043 3.304847054571845
243 0.6991154981208245 2.308210838373053 3.3016158911901807
244 0.6983142605533185 2.303306501579232 3.2983810179591306
245 0.6975121936738973 2.2984021662832212 3.2951426328150704
246 0.6967093399544009 2.2934978326390802 3.291900511609602
247 0.6959056965231095 2.288593500604725 3.2886546439251996
248 0.695101261407416 2.28368917015869 3.285405014997036
249 0.6942960317812359 2.2787848413527563 3.2821516140693907
250 0.6934900053047428 2.2738805141074545 3.2788944277693446
251 0.6926831793451557 2.2689761885837765 3.275633444324152
252 0.6918755510270318 2.2640718646793405 3.2723686525972973
253 0.6910671177560694 2.2591675424313897 3.2691000401914985
254 0.690257877527889 2.2542632219162226 3.2658275918410533
255 0.6894478282681499 2.249358903001368 3.2625512921719078
256 0.6886369662964792 2.244454585776452 3.2592711335948614
257 0.6878252895061839 2.2395502702191084 3.255987100775209
258 0.687012795411775 2.234645956367519 3.2526991801195475
259 0.6861994809599431 2.2297416442104394 3.249407360511543
260 0.6853853439562568 2.2248373338004788 3.2461116267208565
261 0.6845703814105704 2.2199330250765814 3.242811966977547
262 0.6837545907737292 2.2150287180768413 3.2395083674251297
263 0.6829379695674257 2.210124412820969 3.2362008137003513
264 0.6821205151169084 2.2052201092660018 3.2328892921334433
265 0.6813022242153954 2.200315807487147 3.229573791603404
266 0.6804830946128074 2.195411507447706 3.226254296143665
266 0.6796631234446584 2.190507209156968 3.2229307926183672
267 0.6796631234446584 2.190507209156968 3.2229307926183672
268 0.6788423076396634 2.1856029126581835 3.2196032687731724
269 0.6780206451069665 2.1806986179322574 3.2162717074613916
270 0.6771981325626281 2.1757943250210907 3.212936097132357
271 0.6763747677719087 2.170890033903533 3.2095964210119883
272 0.6755505471853549 2.1659857445850865 3.2062526684487933
273 0.6747254680830376 2.1610814570485344 3.202904824666516
274 0.6738995275713249 2.156177171314669 3.1995528756123983
275 0.6730727232105432 2.151272887428084 3.1961968049552745
276 0.6722450518855244 2.1463686054109794 3.1928365993781704
277 0.6714165108730948 2.1414643252288994 3.1894722434576233
278 0.6705870971236154 2.1365600469276127 3.1861037232778147
279 0.6697568073210328 2.1316557705121686 3.182731025965381
280 0.6689256394979529 2.1267514959498164 3.179354132016829
281 0.668093589206398 2.121847223257515 3.1759730336253837
282 0.6672606549255782 2.116942952476101 3.1725877089399357
283 0.6664268329690437 2.1120386836426164 3.1691981462287893
283 0.6655921209545558 2.1071344166591754 3.1658043271865037
284 0.6655921209545558 2.1071344166591754 3.1658043271865037
285 0.6647565150096907 2.102230151582106 3.162406240654084
286 0.6639200123999331 2.0973258884675636 3.1590038698881293
287 0.6630826102060761 2.09242162725198 3.155597198668333
288 0.6622443053092575 2.0875173680271413 3.1521862117822277
289 0.6614050943362547 2.082613110737988 3.1487708948295445
290 0.6605649741662285 2.0777088554119056 3.1453512321545807
291 0.6597239417979045 2.07280460208821 3.1419272073699873
292 0.6588819946963893 2.067900350687612 3.1384988015046518
293 0.6580391289352958 2.0629961013229323 3.135066002322461
294 0.6571953415652328 2.0580918539998434 3.1316287925871706
295 0.6563506291432559 2.053187608656969 3.1281871571251862
296 0.6555049884225793 2.0482833653473747 3.1247410798145197
297 0.6546584163629099 2.0433791240686228 3.1212905432745184
298 0.6538109097310579 2.0384748848240535 3.117835530861011
299 0.6529624654405787 2.0335706476380073 3.114376025068883
300 0.6521130800170934 2.0286664125624907 3.1109120100908183
301 0.651262749847475 2.0237621795407743 3.1074434704191773
302 0.6504114718950079 2.018857948616015 3.103970387751567
303 0.6495592426667279 2.013953719743299 3.100492745627217
304 0.6487060586995095 2.0090494930243326 3.0970105274675026
305 0.6478519170384115 2.004145268419298 3.093523713846588
306 0.6469968133405148 1.999241045973517 3.090032291892163
307 0.6461407448929732 1.9943368256281369 3.086536240580957
308 0.6452837080232583 1.9894326074565605 3.0830355434680436
309 0.6444256993165492 1.9845283914126663 3.079530182482439
310 0.6435667155263992 1.9796241775368515 3.0760201386699078
311 0.6427067527993459 1.9747199658769101 3.0725053957748303
312 0.641845807742545 1.9698157564041165 3.068985935005503
313 0.6409838765647591 1.9649115491409483 3.0654617393366395
314 0.6401209554725439 1.9600073441269414 3.0619327915613135
315 0.6392570412855169 1.9551031413175246 3.058399071187235
316 0.6383921299721075 1.950198940749657 3.0548605616971884
316 0.6375262184835465 1.94529474244073 3.051317241615428
317 0.6375262184835465 1.94529474244073 3.051317241615428
318 0.6366593025156488 1.9403905463995679 3.047769095232648
319 0.6357913789098479 1.9354863526160466 3.044216101097038
320 0.634922443510078 1.9305821611267386 3.040658242373338
321 0.6340524926230631 1.9256779719523254 3.037095499752445
322 0.6331815224745273 1.9207737850439748 3.033527853967417
323 0.6323095293675955 1.9158696004779676 3.029955285339642
324 0.631436509361365 1.9109654182720743 3.0263777750273344
325 0.6305624587502232 1.9060612384210391 3.0227953027823107
326 0.6296873737223321 1.9011570608923654 3.019207848577098
327 0.6288112501575175 1.8962528857370116 3.015615393748123
328 0.6279340843581793 1.891348712994751 3.012017917339089
329 0.6270558721045846 1.8864445426582244 3.008415400571499
330 0.6261766099378839 1.881540374710923 3.0048078207481588
331 0.62529629305663 1.8766362092409556 3.001195161524807
332 0.6244149178055695 1.8717320462018598 2.997577400584591
333 0.6235324800722162 1.8668278855835925 2.993954517601682
333 0.622648976098136 1.8619237274085005 2.990326490338662
334 0.622648976098136 1.8619237274085005 2.990326490338662
335 0.6217644014442416 1.8570195717254534 2.98669329960343
336 0.6208787522321552 1.8521154185692676 2.983054923220719
337 0.6199919873710714 1.8472112678214176 2.9794115173231153
338 0.6191041395181202 1.8423071195985596 2.9757628838219685
339 0.6182152045464978 1.8374029738774775 2.972109000821705
340 0.6173251781895244 1.8324988306921532 2.9684498469128693
341 0.6164340565153763 1.827594690053888 2.964785398757897
342 0.6155418345459274 1.822690551982649 2.961115637781485
343 0.6146485086968766 1.8177864165278 2.957440538465976
344 0.6137540741834184 1.8128822836149372 2.953760080577751
345 0.6128585269491661 1.80797815331137 2.9500742403170213
346 0.6119618623467648 1.8030740256567368 2.9463829963884827
347 0.6110640758592855 1.79816990063377 2.9426863264792034
348 0.6101651630176593 1.793265778309276 2.938984207883031
349 0.6092651195489577 1.7883616586395386 2.9352766164645576
350 0.6083639407660267 1.783457541666675 2.9315635299176654
350 0.6083639407660267 1.783457541666675 2.9315635299176654
351 0.6074616223860814 1.778553427386877 2.9278449236032404
352 0.6065581593852365 1.7736493158221855 2.9241207761838175
353 0.605653546950166 1.768745206958058 2.9203910649326925
354 0.6047477810507277 1.7638411008460706 2.916655763137253
355 0.6038408567216905 1.7589369975153875 2.912914848234722
356 0.6029327693333955 1.7540328970061574 2.909168295737885
357 0.6020235140459421 1.7491287992380211 2.905416081645841
358 0.6011130860278353 1.7442247043364552 2.9016581819276626
359 0.6002014805568627 1.7393206122402958 2.8978945713805406
360 0.5992886930303561 1.7344165229956752 2.89412522406429
361 0.5983747181707216 1.7295124366201422 2.8903501169090116
362 0.5974595511638855 1.724608353097563 2.8865692242059353
363 0.5965431870374689 1.7197042724683986 2.8827825207571838
364 0.5956256209566261 1.714800194757718 2.8789899803228765
365 0.5947068479088754 1.7098961199773839 2.875191577143878
366 0.5937868626479167 1.7049920481493013 2.8713872862496603
366 0.5928656602437152 1.7000879793015722 2.8675770807887573
367 0.5928656602437152 1.7000879793015722 2.8675770807887573
368 0.591943235460465 1.69518391342806 2.86376093496431
369 0.5910195829865174 1.6902798505474368 2.859938823018655
370 0.5900946978304679 1.6853757907018987 2.856110717310836
371 0.5891685750085032 1.6804717338663753 2.8522765896706592
372 0.5882412086383386 1.6755676800927088 2.848436416026199
373 0.5873125938814043 1.670663629390441 2.8445901667959075
374 0.5863827252724938 1.6657595818083912 2.8407378151092493
375 0.585451597284627 1.6608555373137004 2.836879333862758
376 0.5845192048676426 1.6559514959413075 2.833014693360294
377 0.5835855420489363 1.6510474577040746 2.8291438679363763
378 0.5826506035658112 1.6461434226876792 2.8252668282042634
379 0.5817143837597865 1.6412393908565563 2.8213835460776417
380 0.5807768772769094 1.6363353622076613 2.817493991634021
381 0.5798380783513353 1.6314313367816444 2.813598136604489
382 0.5788979812527487 1.626527314606503 2.8096959521030977
383 0.5779565803330045 1.6216232957107297 2.805787408418103
383 0.5770138698429964 1.6167192800852388 2.8018724758299878
384 0.5770138698429964 1.6167192800852388 2.8018724758299878
385 0.5760698439855855 1.6118152677821316 2.7979511245210444
386 0.5751244970134854 1.6069112588243966 2.7940233239390566
387 0.5741778227926163 1.6020072531991916 2.7900890449017055
388 0.573229815451385 1.5971032509779928 2.7861482566470612
389 0.5722804692176614 1.592199252151355 2.7822009273319748
390 0.5713297777281476 1.5872952567044505 2.7782470275157327
391 0.5703777352750514 1.5823912647096823 2.774286524256791
392 0.5694243356576576 1.577487276202203 2.770319386473501
393 0.568469572578793 1.5725832911602273 2.7663455829771055
394 0.5675134399615221 1.5676793096048212 2.7623650811003015
395 0.5665559316319002 1.562775331591363 2.7583778482205026
396 0.5655970412717148 1.5578713571028875 2.7543838517968493
397 0.5646367622329403 1.552967386214872 2.750383060559909
398 0.5636750884045226 1.5480634189028986 2.7463754399448064
399 0.5627120133406661 1.5431594552317391 2.7423609566648968
400 0.5617475303420414 1.538255495196265 2.7383395780300797
401 0.5607816328976226 1.5333515388474477 2.734311270011547
402 0.5598143145022629 1.5284475861681819 2.730275997903236
403 0.5588455684612297 1.5235436372130164 2.726233727518076
404 0.5578753880573699 1.5186396920243803 2.7221844242180637
405 0.556903766526407 1.5137357505919025 2.718128052955312
406 0.5559306971333814 1.508831812918481 2.7140645780106567
407 0.5549561730401307 1.5039278790877497 2.7099939637557573
408 0.5539801869543923 1.4990239490802104 2.705916176030355
409 0.5530027324014831 1.4941200229292937 2.7018311762057516
410 0.5520238019839107 1.4892161007026357 2.6977389296449945
411 0.5510433886965393 1.4843121824025713 2.6936393990927363
412 0.5500614856404629 1.4794082680350407 2.6895325461888953
413 0.5490780852276728 1.4745043576437913 2.6854183354128853
414 0.5480931802614506 1.4696004512707164 2.6812967287235536
415 0.5471067633942911 1.4646965489479238 2.677167688187288
416 0.5461188274230567 1.4597926506776442 2.673031174489797
416 0.5451293649430674 1.4548887564636277 2.668887148678139
417 0.5451293649430674 1.4548887564636277 2.668887148678139
418 0.544138368336057 1.4499848663946084 2.6647355723665958
419 0.5431458299129591 1.4450809804667375 2.6605764067052053
420 0.5421517421146289 1.4401770987200009 2.6564096116387645
421 0.5411560973307346 1.4352732211667534 2.6522351466541223
422 0.540158887647243 1.4303693478379071 2.648052972095178
423 0.5391601055441623 1.4254654787972496 2.6438630457618135
424 0.5381597426214347 1.420561614063754 2.6396653290044396
425 0.5371577913870771 1.415657753634442 2.635459777989734
426 0.5361542436407646 1.4107538975489107 2.6312463517385636
427 0.5351490910890596 1.4058500458521102 2.62702500903276
428 0.5341423257349119 1.400946198579239 2.6227957064659035
429 0.5331339393520713 1.3960423557655874 2.6185584010318808
430 0.5321239236020585 1.3911385173977218 2.6143130494506113
431 0.5311122701851607 1.3862346835787562 2.6100596077275258
432 0.530098970542993 1.3813308542992406 2.605798032175596
433 0.529084016417724 1.3764270295968213 2.6015282769572474
433 0.5280673988056556 1.3715232094960987 2.597250299105967
434 0.5280673988056556 1.3715232094960987 2.597250299105967
435 0.5270491091212295 1.3666193940702571 2.5929640529112694
436 0.5260291387278255 1.3617155833315957 2.588669492007296
437 0.5250074787107144 1.3568117773123127 2.5843665706330494
438 0.5239841203206662 1.3519079760228658 2.580055241360233
439 0.5229590543982313 1.3470041795205487 2.575735458047563
440 0.5219322717896616 1.3421003878522322 2.571407173674629
441 0.520903763475355 1.3371966010535397 2.5670703396958756
442 0.5198734923289825 1.3322928190657393 2.5627250450820207
443 0.5188414759923053 1.3273890420375731 2.558371108437096
444 0.5178077062233988 1.3224852699723226 2.5540084747247085
445 0.5167721732419506 1.3175815029050968 2.549637095664999
446 0.515734867682791 1.3126777408926196 2.545256920073122
447 0.5146957799549048 1.3077739839717777 2.540867896928082
448 0.5136549001138523 1.302870232177753 2.5364699760266474
449 0.5126122184362265 1.297966485534193 2.5320631051163125
450 0.5115677250709146 1.2930627440977542 2.527647231690598
451 0.5105214099737325 1.2881590079492247 2.523222303283036
452 0.5094732629046868 1.2832552770889736 2.5187882672638846
453 0.5084232737272111 1.2783515515422903 2.514345069553554
454 0.507371432239999 1.273447831363997 2.5098926554493617
455 0.5063177276081025 1.2685441166059408 2.5054309723632926
456 0.5052621496521298 1.2636404073176806 2.5009599634322304
457 0.5042046877908315 1.2587367035190804 2.496479572679549
458 0.503145331329486 1.2538330052778124 2.491989743728212
459 0.5020840693502192 1.2489293126446765 2.4874904202019397
460 0.501020890992937 1.2440256256245332 2.4829815442607375
461 0.4999557852788476 1.2391219443198542 2.478463057745678
462 0.4988887408433623 1.2342182687338668 2.473934903095715
463 0.49781974666727014 1.229314598931231 2.4693970200279605
464 0.4967487913758706 1.224410934955384 2.464849348830966
465 0.49567586345216236 1.2195072768604596 2.4602918293562506
466 0.4946009513873492 1.2146036246917882 2.4557244002156504
466 0.4935240434828012 1.209699978481441 2.4511469997380133
467 0.4935240434828012 1.209699978481441 2.4511469997380133
468 0.4924451278620482 1.2047963383127018 2.446559566023789
469 0.49136419261288145 1.199892704233581 2.441962036047079
470 0.4902812257386067 1.1949890762798046 2.437354345925766
471 0.4891962151042366 1.1900854544941457 2.4327364312100523
472 0.48810914844492115 1.185181838937036 2.4281082268442127
473 0.4870200134342658 1.1802782296635297 2.423469666761106
474 0.4859287972532358 1.175374626730477 2.4188206860231523
475 0.48483548731716497 1.170471030208644 2.414161217210894
476 0.48374007100044275 1.1655674401264517 2.409491191655663
477 0.482642535146083 1.1606638565380787 2.40481054200243
478 0.4815428668094324 1.155760279534962 2.400119198510206
479 0.48044105278638205 1.1508567091611452 2.395417091205254
480 0.47933707971976125 1.1459531454547152 2.390704149415445
481 0.478230934254802 1.1410495884936913 2.385980301068811
482 0.47712260277734597 1.136146038353414 2.381245473888413
483 0.47601207133663254 1.131242495053084 2.376499595643819
483 0.47489932615278196 1.1263389586928392 2.3717425918824735
484 0.47489932615278196 1.1263389586928392 2.3717425918824735
485 0.473784353186094 1.1214354293147497 2.3669743877638565
486 0.472667138073234 1.116531906980956 2.3621949085192444
487 0.4715476664743994 1.111628391760403 2.357404077665506
488 0.470425923957487 1.1067248837229167 2.3526018175455246
489 0.46930189578130893 1.101821382936273 2.3477880503805024
490 0.46817556731136295 1.096917889458096 2.342962696147243
491 0.4670469232871675 1.0920144033539394 2.3381256762556717
492 0.46591594868713915 1.0871109246990953 2.3332769091986725
493 0.46478262814430293 1.0822074535756165 2.3284163134419456
494 0.46364694612805657 1.0773039900331494 2.3235438064022196
495 0.4625088870383764 1.0724005341618168 2.3186593041029178
496 0.4613684350074927 1.0674970860336137 2.3137627220125654
497 0.4602255740317305 1.0625936457029899 2.3088539743550385
498 0.4590802878419132 1.0576902132670882 2.3039329748597477
499 0.4579325599460467 1.0527867888002995 2.2989996363751426
500 0.45678237399230315 1.0478833723615864 2.2940538690296384
501 0.4556297128982271 1.042979964049197 2.289095584690643
502 0.45447456003353415 1.0380765639141438 2.28412469080238
503 0.4533168980352349 1.033173172069121 2.2791410965421717
504 0.4521567096293588 1.028269788586119 2.27414470843308
505 0.4509939771802073 1.0233664135353087 2.269135432658769
506 0.4498286828948454 1.018463047007367 2.264113174049083
507 0.44866080885050424 1.0135596890921428 2.2590778358576564
508 0.44749033671671223 1.008656339877695 2.2540293211208136
509 0.44631724829288 1.0037529994279735 2.2489675298618437
510 0.44514152464557627 0.9988496678510728 2.2438923635496857
511 0.44396314719140356 0.9939463452512838 2.2388037194960435
512 0.4427820966294535 0.98904303171954 2.2337014961723494
513 0.4415983538153077 0.9841397273175053 2.228585588725061
514 0.44041189897078603 0.9792364321659188 2.2234558931180803
515 0.4392227124192211 0.9743331463717485 2.2183123022148843
516 0.4380307741880386 0.9694298700038669 2.2131547076820417
516 0.43683606384420504 0.9645266031851699 2.2079830009849246
517 0.43683606384420504 0.9645266031851699 2.2079830009849246
518 0.4356385609473524 0.9596233460045982 2.2027970708510582
519 0.4344382447188779 0.9547200985607692 2.1975968049925307
520 0.4332350939461607 0.9498168609721308 2.192382090565745
521 0.4320290873439235 0.9449136333257883 2.187152812175295
522 0.4308202033555396 0.9400104157515977 2.181908852997413
523 0.4296084200006687 0.9351072083331912 2.176650095293141
524 0.4283937151247456 0.9302040111990846 2.171376419302078
525 0.42717606640898703 0.9253008244483125 2.1660877029622974
526 0.42595545105200444 0.9203976482152815 2.160783823618473
527 0.4247318460141526 0.915494482590403 2.155464656539782
528 0.4235052279538252 0.9105913277207963 2.15013007541923
529 0.4222755731890043 0.9056881837109513 2.144779952274385
530 0.421042857784966 0.9007850506935129 2.1394141571059726
531 0.4198070574362702 0.8958819287903046 2.1340325583409374
532 0.4185681475595351 0.8909788181241055 2.1286350223230426
533 0.41732610317418883 0.8860757188283753 2.123221413874832
533 0.4160808989926507 0.8811726310249391 2.1177915957168305
534 0.4160808989926507 0.8811726310249391 2.1177915957168305
535 0.41483250937497285 0.8762695548419057 2.1123454286699443
536 0.41358090831049626 0.8713664904356953 2.106882771729676
537 0.41232606952679024 0.8664634379259423 2.1014034812796263
538 0.41106796632278464 0.8615603974662733 2.095907412035475
539 0.4098065716300216 0.8566573691880175 2.0903944165185773
540 0.40854185787242153 0.8517543532436794 2.0848643457965164
541 0.4072737972424952 0.846851349782063 2.0793170479313665
542 0.40600236159591174 0.8419483589507153 2.0737523684374386
543 0.40472752223550956 0.8370453808865012 2.068170151273842
544 0.40344925005571464 0.8321424157645936 2.0625702381394393
545 0.40216751559106284 0.8272394637412614 2.056952467992034
546 0.4008822889781786 0.8223365249870326 2.0513166772298965
547 0.399593539787097 0.8174335996693494 2.0456627004152197
548 0.39830123720286353 0.812530687946545 2.0399903692307775
549 0.3970053500781142 0.8076277899869081 2.0342995121551897
550 0.3957058466334515 0.8027249059693417 2.028589955894481
551 0.39440269471543177 0.797822036076235 2.022861523935269
552 0.39309586174238603 0.7929191804824081 2.0171140366825964
553 0.391785314337562 0.7880163393824315 2.011347313297908
554 0.3904710189938384 0.7831135129480657 2.0055611680630854
555 0.3891529414336712 0.7782107013793853 1.9997554136746174
556 0.3878310470334891 0.773307904871901 1.9939298588571381
557 0.3865053003748335 0.7684051236171769 1.9880843105436752
558 0.3851756657892363 0.7635023578329677 1.9822185710214295
559 0.38384210675127395 0.7585996077203111 1.9763324408071687
560 0.382504586297368 0.7536968734801212 1.9704257163969783
561 0.3811630670191418 0.7487941553390948 1.964498190223374
562 0.3798175106635675 0.7438914535163631 1.9585496524810906
563 0.37846787843436425 0.738988768229773 1.9525798894395
564 0.3771141310540254 0.7340860997081734 1.9465886829974244
565 0.375756228366788 0.7291834481916509 1.9405758125714179
566 0.37439412963565644 0.7242808139102637 1.9345410533415714
566 0.37302779360144095 0.719378197109953 1.9284841758428537
567 0.37302779360144095 0.719378197109953 1.9284841758428537
568 0.3716571781289493 0.7144755980336006 1.9224049475662432
569 0.37028224043877783 0.7095730169412238 1.9163031316338381
570 0.3689029370151643 0.7046704540894311 1.9101784870323886
571 0.3675192236289509 0.6997679097510425 1.904030768353852
572 0.3661310551657559 0.6948653841941238 1.8978597264292218
573 0.36473838595559155 0.689962877689296 1.8916651064341277
574 0.3633411693015279 0.6850603905227928 1.885446650154522
575 0.3619393579040429 0.6801579229837268 1.879204093532292
576 0.36053290347557293 0.6752554753633893 1.8729371684355562
577 0.35912175689955583 0.6703530479651548 1.8666456016271065
578 0.3577058678476158 0.6654506411049307 1.860329116514285
579 0.3562851729332323 0.6605482550200131 1.8539874942923869
580 0.35485962792265335 0.6556458900782292 1.8476204067404827
581 0.35342918542892177 0.6507435466376451 1.8412275314725426
582 0.35199379171153816 0.6458412250334411 1.8348085683360955
583 0.3505533920787385 0.6409389256059217 1.8283632111081076
583 0.34910793072831614 0.6360366487084886 1.8218911480514806
584 0.34910793072831614 0.6360366487084886 1.8218911480514806
585 0.34765735085284044 0.6311343947106335 1.815392061069308
586 0.34620159457828015 0.6262321639867047 1.8088656256755236
587 0.3447406028214296 0.6213299569191529 1.802311511420639
588 0.3432743154301023 0.6164277738814777 1.7957293807698091
589 0.3418026711071814 0.6115256152824489 1.7891188892748255
590 0.3403256072968406 0.6066234815266351 1.7824796856897192
591 0.33884306024845084 0.601721373039884 1.7758114113320846
592 0.33735496487250377 0.5968192902584655 1.769113700413512
593 0.3358612548220848 0.5919172336069468 1.7623861791396633
594 0.3343618623535149 0.5870152035417842 1.7556284661470851
595 0.3328567184260234 0.5821132005287913 1.7488401714750565
596 0.3313457525214283 0.5772112250509043 1.742020897079632
597 0.32982889261567894 0.5723092775885906 1.7351702364518233
598 0.3283060652159398 0.56740735864219 1.7282877739982778
599 0.3267771952580779 0.5625054687241721 1.7213730850462918
600 0.32524220605538845 0.5576036083717304 1.7144257356216892
601 0.32370101939028145 0.552701778124165 1.7074452813439576
602 0.32215355514816824 0.5477999785405112 1.7004312688356373
603 0.32059973159873156 0.542898210195701 1.693383233630408
604 0.31903946518236825 0.5379964736747802 1.6863007006586237
605 0.31747267039030447 0.5330947695866989 1.6791831842763227
606 0.31589925987518647 0.5281930985526965 1.6720301869696954
607 0.31431914426836177 0.5232914612108697 1.6648411996314483
608 0.3127322321567694 0.5183898582264899 1.6576157009828987
609 0.3111384300407569 0.5134882902859259 1.650353157013303
610 0.309537642179999 0.5085867580713478 1.6430530209169192
611 0.3079297706246374 0.5036852623188214 1.6357147322816263
612 0.30631471501158164 0.4987838037644139 1.628337717127155
613 0.3046923726306507 0.4938823831650148 1.620921386711905
614 0.30306263823587565 0.4889810013188379 1.6134651376533613
615 0.3014254040360245 0.4840796590366341 1.6059683508918174
616 0.29978055952132665 0.4791783571564397 1.5984303916223446
616 0.2981279914342523 0.4742770965401973 1.5908506083528628
617 0.2981279914342523 0.4742770965401973 1.5908506083528628
618 0.296467583642112 0.46937587808340847 1.5832283324777485
619 0.2947992171316503 0.4644747027030098 1.5755628770736745
620 0.2931227696380778 0.459573571359992 1.5678535377085614
621 0.29143811585878726 0.4546724850332083 1.5600995899023524
622 0.28974512709270644 0.44977144473362646 1.5523002897291804
623 0.28804367125575076 0.4448704515124602 1.5444548723219982
624 0.28633361264840385 0.43996950645776295 1.5365625515926151
625 0.28461481187096344 0.43506861069712055 1.528622519106169
626 0.28288712574031377 0.43016776538815743 1.520633942822287
627 0.28115040709035505 0.4252669717338851 1.5125959664615192
628 0.2794045045402749 0.42036623098920356 1.5045077089249637
629 0.27764926235314635 0.41546554443782957 1.4963682630260065
630 0.2758845203788258 0.4105649134244194 1.4881766938596614
631 0.27411011374113203 0.40566433933950063 1.479932038270604
632 0.2723258727076755 0.40076382362255736 1.4716333032842306
633 0.2705316225100693 0.39586336776725195 1.4632794646863059
633 0.2687271829836633 0.3909629733339111 1.4548694664717965
634 0.2687271829836633 0.3909629733339111 1.4548694664717965
635 0.2669123685103583 0.38606264192750783 1.446402218383992
636 0.26508698771707195 0.3811623752331187 1.4378765948328416
637 0.26325084318253644 0.37626217499180253 1.429291433383576
638 0.26140373115160087 0.37136204302145687 1.420645533196639
639 0.25954544134822205 0.36646198120958573 1.4119376526360095
640 0.2576757566331625 0.3615619915248695 1.4031665075872992
641 0.2557944526064193 0.3566620760229736 1.3943307698379028
642 0.2539012974096646 0.351762236834642 1.3854290640629565
643 0.2519960512107832 0.34686247619946586 1.3764599664672175
644 0.25007846593559274 0.34196279644194183 1.3674220015809508
645 0.2481482848155707 0.33706320000123596 1.3583136399743758
646 0.24620524193757362 0.33216368941486696 1.349133295460413
647 0.24424906180717787 0.3272642673466091 1.339879322054336
648 0.24227945887654787 0.3223649365803919 1.3305500106166703
649 0.24029613697966049 0.3174657000307308 1.3211435856648925
650 0.23829878918680109 0.31256656075622 1.3116581994514493
651 0.2362870983134832 0.3076675219731496 1.302091921942203
652 0.234260732094106 0.3027685870446083 1.29244275956152
653 0.23221934437651726 0.29786975948997374 1.2827086403577637
654 0.23016257656537664 0.2929710430256446 1.2728873972369157
655 0.22809005557709117 0.28807244155480743 1.2629767695305905
656 0.2260013928181197 0.28317395919925803 1.252974398379701
657 0.22389618323678354 0.2782756002914887 1.2428778207317437
658 0.22177400444654363 0.2733773694065873 1.2326844622246163
659 0.21963441554125177 0.26847927137608485 1.2223916307217302
660 0.21747695599239852 0.26358131130225726 1.2119965083172777
661 0.21530114443966256 0.2586834945873641 1.2014961428124658
662 0.2131064772597493 0.2537858269528798 1.1908874390690043
663 0.2108924271103535 0.24888831446345266 1.180167149070825
664 0.20865844135164713 0.24399096355551092 1.1693318610787413
665 0.20640394034944773 0.23909378106731746 1.158377987661112
666 0.20412831548107693 0.2341967742779039 1.1473017534385834
666 0.2018309271340365 0.2292999509433136 1.136099180632683
667 0.2018309271340365 0.2292999509433136 1.136099180632683
668 0.19951110243375672 0.2244033193325505 1.1247660736427372
669 0.19716813272428138 0.21950688828163303 1.1132980023125238
670 0.19480127087238516 0.21461066724211897 1.101690283030602
671 0.19240972825249208 0.20971466633785338 1.0899379581403112
672 0.18999267144164214 0.20481889643611845 1.0780357730747014
673 0.18754921855367226 0.19992336921866044 1.0659781510177126
674 0.185078435178065 0.1950280972569761 1.0537591646986775
675 0.18257932989164755 0.1901330941142822 1.0413725049112486
676 0.18005084925385417 0.18523837445245087 1.0288114453227755
677 0.17749187218119178 0.1803439541417448 1.0160688031823875
678 0.1749012037415295 0.17544985040781097 1.0031368947414008
679 0.17227756806327094 0.17055608198173186 0.9900074855891462
680 0.16961960048092287 0.1656626692863406 0.9766717337892368
681 0.16692583858356722 0.16076963463746707 0.9631201256897195
682 0.16419471207600317 0.1558770024882119 0.9493424027934522
683 0.16142453129733925 0.15098479970441647 0.9353274777444259
683 0.15861347402820566 0.14609305589709884 0.9210633383587553
684 0.15861347402820566 0.14609305589709884 0.9210633383587553
685 0.15575957046181685 0.14120180379746905 0.9065369362461325
686 0.15286068583386822 0.1363110797138098 0.8917340581734349
687 0.149914500359691 0.13142092406536138 0.8766391759972662
688 0.1469184859011836 0.12653138202537498 0.861235271036479
689 0.14386987875572835 0.12164250428331563 0.8455036268560996
690 0.14076564761758786 0.11675434797801891 0.8294235841915106
691 0.13760245578431196 0.1118669778281156 0.8129722481367919
692 0.13437661616641774 0.1069804675251021 0.7961241366028514
693 0.1310840374269076 0.10209490145331875 0.7788507545035512
694 0.1277201589422717 0.09721037684186082 0.7611200741286188
695 0.12427987178651045 0.09232700648949295 0.7428958942610873
696 0.12075742162573362 0.08744492223843481 0.724137043182778
697 0.11714628842830067 0.08256427947365924 0.7047963753814759
698 0.11343903582122439 0.07768526302042537 0.6848194932020967
699 0.10962712013041798 0.07280809499932259 0.6641430962767825
700 0.1057006459032317 0.06793304547622604 0.6426928132342572
700 0.1057006459032317 0.06793304547622604 0.6426928132342572
701 0.1016480479302094 0.0630604471816722 0.6203803070076556
702 0.09745566423253332 0.058190716169913184 0.5970993746558197
703 0.09310716568813436 0.053324381816882684 0.5727204928081961
704 0.08858277735888731 0.04846213160981674 0.5470830002707591
705 0.0838581757472362 0.04360488003535745 0.5199836467560479
706 0.0789028954741384 0.038753879081631325 0.4911591501015763
707 0.073677963332196 0.03391090436009015 0.46025843856722987
708 0.06813225099705486 0.029078587340763837 0.4267962222768893
709 0.062196699875902164 0.02426105548212873 0.39006981930770523
710 0.055774884565190495 0.019465289255832713 0.3489973920623968
711 0.04872776771136411 0.014704396343460149 0.30176626252531663
712 0.04085450364465456 0.010007065366927548 0.24494399574566567
713 0.0319336211062147 0.0054525957460871835 0.17074780614297566
714 0.023687072990768266 0.0013810651957154234 0.05830459492625686
715 0.021678252847842742 0.0001403630342944371 0.006474831494937793
716 0.020092964801258717 1.3097256967783374e-05 0.0006518329722531988
716 0.01864836468447032 1.2154115012628078e-06 6.517523235026384e-05
717 0.01864836468447032 1.2154115012628078e-06 6.517523235026384e-05
718 0.017320307932528794 1.1282376645448937e-07 6.513958463902259e-06
719 0.016083926334161384 1.0473745453283329e-08 6.511933240478516e-07
