1 3.2486811958997515 6.49511023160899 1.9993067463211363
2 3.2473700933434655 6.490190430446297 1.9985989412632825
3 3.246063596706771 6.485284960253169 1.9978921444523405
4 3.2447536314673564 6.480379987801965 1.9971870668255882
5 3.2434359998719264 6.47547497889243 1.9964861274118335
6 3.2421111918568846 6.470569965991459 1.9957890347016471
7 3.2407846684652646 6.465664952341044 1.9950924278480318
8 3.239457841212603 6.460759936536282 1.9943954368975125
9 3.2381305880391253 6.455854922197837 1.9936981374513463
10 3.2368028559404207 6.450949908233468 1.9930005611537958
11 3.2354746661928777 6.446044894523994 1.992302694216096
12 3.234146025036492 6.441139880663032 1.991604532015636
13 3.23281693294981 6.4362348670661165 1.9909060737297368
14 3.2314873793367975 6.431329853228926 1.9902073250704868
15 3.2301573459506674 6.426424839412341 1.9895082966990825
16 3.2288268599518113 6.421519825462879 1.9888089711811667
16 3.227495910814924 6.416614812238635 1.988109354604411
17 3.227495910814924 6.416614812238635 1.988109354604411
18 3.226164512803655 6.411709798450681 1.9874094371209454
19 3.224832653541021 6.406804784899095 1.9867092259389387
20 3.223500330429705 6.401899771344064 1.986008721919587
21 3.2221675320579246 6.396994757958772 1.9853079314821218
22 3.220834273870413 6.392089744959118 1.9846068445110867
23 3.219500552615732 6.3871847314625105 1.983905462067135
24 3.2181663639373186 6.38227971816197 1.9832037863802248
25 3.2168317169141885 6.37737470505706 1.9825018111841697
26 3.215496610082792 6.372469692140478 1.9817995367055916
27 3.2141610133101284 6.367564678847966 1.9810969806675245
28 3.2128249647056464 6.362659665830728 1.980394119109338
29 3.2114884379071333 6.357754652657756 1.9796909674695842
30 3.210151459322283 6.352849639828735 1.9789875089476083
31 3.208813987084018 6.347944627022086 1.9782837685741719
32 3.2074760698610896 6.343039614254971 1.9775797156702335
33 3.2061376703728444 6.338134601616218 1.9768753725660044
33 3.2047988035315957 6.333229588745844 1.9761707292722428
34 3.2047988035315957 6.333229588745844 1.9761707292722428
35 3.203459462425824 6.328324576147123 1.9754657895233645
36 3.2021196480700325 6.323419563545807 1.9747605519228586
37 3.2007793624978143 6.3185145511220355 1.9740550145859515
38 3.199438591809417 6.313609538957092 1.973349185422709
39 3.1980973542871967 6.308704526483748 1.97264305229065
40 3.1967556396660557 6.303799514128022 1.9719366209631646
41 3.1954134540100934 6.298894501874021 1.9712298870023237
42 3.1940707879737693 6.293989489690714 1.9705228554697898
43 3.1927276641222613 6.289084477500011 1.9698155117245162
44 3.1913840538879095 6.284179465202272 1.9691078726631348
45 3.1900399775549806 6.279274452982505 1.9683999251304936
46 3.1886954076570544 6.274369440836822 1.9676916853739306
47 3.18735036772513 6.269464429133599 1.966983138288694
48 3.186004845820669 6.264559417255104 1.966274290346047
49 3.1846588222434558 6.259654405380131 1.9655651530578941
50 3.1833123482145127 6.254749393620034 1.964855694141437
51 3.181965385782574 6.249844381935488 1.9641459363010634
52 3.1806179676918864 6.244939370152142 1.96343585856178
53 3.179270047127727 6.2400343584529105 1.962725489170193
54 3.177921642715805 6.235129347020722 1.9620148159764796
55 3.176572783139851 6.2302243355805595 1.9613038204723134
56 3.1752234240721564 6.225319324164749 1.9605925293222073
57 3.1738735644556497 6.220414312695934 1.9598809424416361
58 3.17252321893742 6.215509301641201 1.9591690502183225
59 3.171172384338113 6.2106042903619265 1.958456853697092
60 3.1698210665206705 6.205699278955214 1.9577443485688142
61 3.1684692818195677 6.200794267832607 1.9570315241534093
62 3.167117001640334 6.195889256682722 1.956318397291198
63 3.1657642339871632 6.190984246003896 1.9556049624727043
64 3.1644109806314655 6.186079234889563 1.9548912175924495
65 3.163057235178566 6.181174223956855 1.9541771660694927
66 3.1617030059721456 6.176269213024725 1.9534628019641191
66 3.160348271255609 6.17136420228534 1.9527481380504472
67 3.160348271255609 6.17136420228534 1.9527481380504472
68 3.1589930513107785 6.166459191510758 1.9520331609947907
69 3.157637336950372 6.161554180804126 1.9513178757744611
70 3.1562811324539775 6.156649170417204 1.9506022790911752
71 3.1549244367424394 6.151744159847187 1.9498863707173475
72 3.153567250055925 6.146839149424808 1.9491701498725926
73 3.152209579898531 6.141934138998193 1.948453611132005
74 3.1508514150536753 6.137029128725594 1.9477367607386997
75 3.1494927735217515 6.132124118396503 1.947019586757008
76 3.1481336299032012 6.127219108154972 1.946302104190975
77 3.1467739661297016 6.122314097944538 1.9455843234506385
78 3.1454138098712767 6.117409087697568 1.9448662266628496
79 3.144053163196625 6.112504077423501 1.9441478118037894
80 3.142692038964141 6.107599067281124 1.9434290702229424
81 3.14133039136157 6.1026940572474055 1.9427100294923991
82 3.1399682683464545 6.097789047711511 1.9419906593268474
83 3.1386056313310022 6.092884037980847 1.9412709826168923
83 3.1372425124344048 6.087979028274374 1.9405509788117359
84 3.1372425124344048 6.087979028274374 1.9405509788117359
85 3.1358788765983063 6.083074018731514 1.9398306688841962
86 3.134514749603486 6.078169009461925 1.9391100361645481
87 3.1331501118874283 6.073264000024585 1.9383890918542726
88 3.13178497905081 6.068358990324849 1.9376678255108255
89 3.1304193478242 6.063453981028348 1.9369462386062608
90 3.1290532054609583 6.05854897171472 1.936224338129208
91 3.127686553648698 6.0536439625943785 1.9355021223377755
92 3.1263194049106717 6.048738953282988 1.9347795825922074
93 3.124951759589201 6.043833944263408 1.9340567180652788
94 3.1235835983992803 6.038928935260692 1.9333335398339961
95 3.1222149378432658 6.034023926339823 1.9326100369335717
96 3.120845759569963 6.029118917542508 1.9318862199627869
97 3.119476050124249 6.024213908866662 1.931162096476656
98 3.1181058482882094 6.019308900270283 1.9304376416774909
99 3.1167351416709477 6.014403891674565 1.9297128624314597
100 3.1153639201690697 6.009498882891828 1.928987764153632
101 3.1139922092759265 6.004593874252631 1.928262330382912
102 3.11261998667696 5.999688865741573 1.9275365741472519
103 3.111247251264365 5.994783857276475 1.9268104953215413
104 3.10987398388306 5.989878848766315 1.9260841049537367
105 3.108500226577702 5.984973840580013 1.9253573763348761
106 3.107125939109272 5.9800688321726785 1.924630333422211
107 3.10575115281192 5.97516382373666 1.9239029560777265
108 3.1043758394906655 5.970258815583671 1.9231752610738042
109 3.1030000066443844 5.965353807610686 1.9224472429381914
110 3.1016236620711006 5.960448799631163 1.9217188959833669
111 3.1002468071157905 5.9555437915067735 1.920990218532734
112 3.0988694322684593 5.950638783447523 1.9202612157465082
113 3.097491543602081 5.945733775659486 1.9195318831266852
114 3.0961131172723424 5.940828767885068 1.9188022345639955
115 3.0947341817289695 5.935923760144098 1.9180722516296405
116 3.093354718219608 5.931018752419806 1.9173419451337372
116 3.0919747382155935 5.926113744875813 1.9166113072113349
117 3.0919747382155935 5.926113744875813 1.9166113072113349
118 3.0905942298485307 5.921208737395397 1.9158803443717016
119 3.089213225928999 5.916303730169193 1.9151490355250635
120 3.087831687026943 5.911398722748801 1.9144174041560127
121 3.0864496181879417 5.906493715441159 1.9136854464220505
122 3.085067022001534 5.901588708179007 1.9129531598798677
123 3.083683914923515 5.896683700922878 1.9122205334943139
124 3.082300269302689 5.891778693919601 1.911487583671562
125 3.080916118193649 5.886873687023923 1.9107542890442002
126 3.0795314368467204 5.881968680302408 1.910020664158323
127 3.0781462245881315 5.877063673503972 1.9092867085254688
128 3.076760477477301 5.872158666675081 1.9085524237784621
129 3.0753742006240277 5.867253659917792 1.9078178059526094
130 3.0739873866024254 5.8623486533699625 1.9070828588693134
131 3.0726000463097636 5.857443646987911 1.9063475749220222
132 3.0712121887662027 5.852538640886277 1.9056119477167797
133 3.069823780987864 5.8476336343563275 1.904875996652345
133 3.068434852376194 5.8427286281772375 1.9041397029018337
134 3.068434852376194 5.8427286281772375 1.9041397029018337
135 3.067045410384436 5.837823621837291 1.9034030608322667
136 3.0656554226931956 5.832918615643221 1.9026660897587013
137 3.064264906797425 5.828013609648722 1.9019287779984375
138 3.06287384150273 5.8231086035292385 1.9011911377558606
139 3.0614822553274585 5.818203597445379 1.900453150535429
140 3.0600901250050434 5.813298591478542 1.8997148299574873
141 3.058697443980935 5.80839358556632 1.8989761792217732
142 3.057304239525297 5.803488579786405 1.8982371805717
143 3.055910498467315 5.798583574283788 1.897497841377244
144 3.0545162205791407 5.793678568401502 1.8967581607090014
145 3.053121398855587 5.788773562984989 1.8960181423361733
146 3.0517260361024845 5.783868557433413 1.8952777834606307
147 3.0503301515969157 5.778963552035853 1.8945370713430598
148 3.0489336941072938 5.774058547069046 1.893796037030464
149 3.047536718421644 5.769153541568478 1.893054645312491
150 3.0461391887075577 5.764248536379292 1.8923129178561922
151 3.044741129032227 5.759343530853628 1.891570838629634
152 3.0433417678403534 5.754438525731234 1.8908288863707727
153 3.0419418643143676 5.749533520556146 1.8900865884404567
154 3.0405414056608167 5.744628515577065 1.8893439519954687
155 3.0391404175036443 5.7397235106341125 1.8886009601848974
156 3.03773888206199 5.734818505817802 1.8878576232085682
157 3.0363367991935166 5.7299135010556395 1.8871139402511492
158 3.034934174500712 5.725008496342344 1.8863699069467252
159 3.033530990504891 5.720103491450995 1.88562553320049
160 3.032127255176006 5.7151984867349865 1.88488081329002
161 3.0307229795072916 5.710293482048211 1.8841357394454246
162 3.02931815540807 5.705388477589173 1.8833903158714664
163 3.0279127846620666 5.7004834732572025 1.8826445405340204
164 3.02650685669865 5.695578468629869 1.8818984189722519
165 3.0251003719252774 5.690673464050308 1.881151950151184
166 3.0236933337863463 5.685768459725372 1.8804051311002188
166 3.0222857437804143 5.680863455504238 1.8796579599380807
167 3.0222857437804143 5.680863455504238 1.8796579599380807
168 3.020877603478099 5.675958451235816 1.8789104347361771
169 3.0194689015118312 5.671053447447008 1.878162561835806
170 3.018059642461849 5.666148443485522 1.877414337267242
171 3.0166498437444265 5.661243439470409 1.8766657493278611
172 3.015239484807044 5.656338435633014 1.8759168099694024
173 3.013828548486817 5.651433431712021 1.8751675288726999
174 3.0124170652893936 5.646528428026868 1.8744178862512264
175 3.0110050189167317 5.641623424215742 1.8736678912097686
176 3.0095924070648903 5.6367184204716 1.8729175443291401
177 3.008179244721022 5.631813416861843 1.8721668353855478
178 3.006765506310436 5.626908413329956 1.8714157793550934
179 3.0053512216978664 5.622003409846302 1.8706643567170709
180 3.0039363709195195 5.617098406244616 1.869912578915643
181 3.002520975598374 5.612193402551989 1.8691604315715167
182 3.001105015306202 5.607288399399268 1.8684079266806857
183 2.99968847117721 5.602383396126008 1.8676550748376166
183 2.998271356614898 5.597478392684485 1.866901866749025
184 2.998271356614898 5.597478392684485 1.866901866749025
185 2.996853681317328 5.5925733897634595 1.8661482956702544
186 2.995435454661503 5.587668386636183 1.8653943545806142
187 2.994016661691647 5.582763383625624 1.8646400519599349
188 2.9925972856661396 5.577858380556001 1.8638853972342602
189 2.9911773365575445 5.572953377844753 1.8631303833889357
190 2.9897568102802525 5.568048374980369 1.8623750118520286
191 2.9883357200152565 5.563143372416714 1.86161927361639
192 2.986914064401875 5.558238369601357 1.8608631683932915
193 2.9854918515532587 5.553333366822024 1.8601066902704146
194 2.984069040788911 5.548428364300615 1.859349863712856
195 2.982645657879173 5.543523361950077 1.85859267167922
196 2.981221703864992 5.538618359599529 1.8578351125040486
197 2.979797167030473 5.5337133571444275 1.8570771924919534
198 2.9783720609643125 5.528808354951336 1.8563189023339361
199 2.9769463782294148 5.523903352564876 1.8555602455460765
200 2.9755201183497326 5.518998350350878 1.8548012215799756
201 2.9740932561321585 5.514093348211754 1.8540418451380014
202 2.972665824082226 5.509188346312416 1.8532820950411772
203 2.9712378202860257 5.504283344196259 1.8525219713534713
204 2.969809223026142 5.499378342235955 1.8517614867638743
205 2.9683800438106975 5.494473340588903 1.8510006331720583
206 2.966950274738767 5.489568338853309 1.8502394143887877
207 2.9655199431789443 5.484663337092261 1.8494778123841833
208 2.9640890115620686 5.479758335395146 1.8487158496321017
209 2.9626575046848838 5.474853333647066 1.8479535096411308
210 2.9612254046313744 5.4699483320799125 1.8471908026740822
211 2.959792730329996 5.465043330715676 1.8464277159388665
212 2.9583594829363817 5.460138329292477 1.8456642476298732
213 2.956925629888396 5.455233327831598 1.8449004170718681
214 2.9554911780582898 5.450328326848641 1.8441362191544146
215 2.9540561424260705 5.445423325592828 1.84337164327577
216 2.952620507507538 5.440518324541969 1.8426066982561862
216 2.951184290483891 5.435613323466519 1.8418413722903317
217 2.951184290483891 5.435613323466519 1.8418413722903317
218 2.9497475014755845 5.430708322422673 1.8410756580710756
219 2.9483100995302203 5.4258033215625225 1.8403095801988614
220 2.946872092785335 5.420898320670383 1.8395431325105933
221 2.945433506054676 5.415993319994995 1.8387762985862015
222 2.9439943345124564 5.411088319104554 1.8380090802724536
223 2.942554556524478 5.406183318470778 1.8372414902159542
224 2.9411141773453737 5.40127831791875 1.8364735240553973
225 2.9396732114138047 5.396373317639994 1.8357051718155657
226 2.9382316340974453 5.391468317403955 1.8349364477726364
227 2.9367894617096533 5.386563317278844 1.8341673407337322
228 2.935346696464634 5.381658316892595 1.8333978481568556
229 2.9339033211980294 5.376753316490388 1.8326279798118383
230 2.9324593497359177 5.3718483161462585 1.831857726051691
231 2.931014769978553 5.366943316070993 1.8310870934677224
232 2.9295695892690197 5.362038316047328 1.8303160763575692
233 2.9281238037176043 5.357133316065195 1.829544676104088
233 2.926677415215969 5.35222831608649 1.8287728904661438
234 2.926677415215969 5.35222831608649 1.8287728904661438
235 2.9252304224912895 5.347323316242265 1.828000719235029
236 2.923782833574685 5.342418316846656 1.8272281564478887
237 2.922334616999479 5.3375133172034275 1.8264552204783944
238 2.9208858117262175 5.332608317841383 1.8256818861021682
239 2.9194363962700196 5.327703318088976 1.824908165458185
240 2.9179863600955147 5.322798318826473 1.8241340643731596
241 2.916535703004602 5.317893319496727 1.8233595817182202
242 2.91508443529549 5.312988320260961 1.8225847100454244
243 2.9136325561636145 5.308083321261761 1.8218094488382999
244 2.912180087686249 5.3031783219858015 1.821033783044379
245 2.9107269892279386 5.298273322722513 1.820257737098134
246 2.9092732745994225 5.293368323760937 1.8194813013878115
247 2.9078189406815977 5.288463324816258 1.8187044766881644
248 2.90636400101457 5.283558325962469 1.817927253474807
249 2.9049084292428 5.278653327035914 1.8171496470929585
250 2.9034522362940196 5.273748328387727 1.8163716497431226
251 2.901995423744388 5.268843329558392 1.8155932591927062
252 2.9005379971763725 5.263938330935514 1.8148144709912002
253 2.899079952220688 5.259033332413583 1.8140352867416356
254 2.897621282016472 5.254128334101833 1.813255709678338
255 2.896161986588618 5.249223335441096 1.8124757384942212
256 2.894702074077557 5.244318337044717 1.8116953672048972
257 2.8932415400152722 5.239413339048806 1.810914597549
258 2.891780364270704 5.234508340971426 1.8101334408540217
259 2.890318575818244 5.229603342832911 1.8093518778816347
260 2.8888561561167516 5.224698344862721 1.808569919204924
261 2.88739310161427 5.219793347206504 1.8077875659840865
262 2.885929427308951 5.2148883494882465 1.8070048075815164
263 2.8844651141067685 5.209983351842978 1.8062216548791066
264 2.8830001766470255 5.205078354195726 1.8054380975617261
265 2.8815346052154145 5.2001733567043935 1.8046541406417171
266 2.8800683990892133 5.195268359201595 1.803869783385886
266 2.8786015694877745 5.190363361742283 1.8030850176552462
267 2.8786015694877745 5.190363361742283 1.8030850176552462
268 2.8771341011012543 5.18545836435422 1.8022998519149418
269 2.8756659954088155 5.180553367155043 1.8015142841436131
270 2.8741972498638004 5.175648370183699 1.8007283148117121
271 2.8727278658093423 5.170743373180454 1.7999419418461642
272 2.8712578449841453 5.165838375963423 1.7991551629498284
273 2.8697871968552757 5.160933379063156 1.798367971227458
274 2.8683158923564362 5.1560283822056165 1.7975803836479576
275 2.866843950758845 5.1511233853694165 1.7967923869752067
276 2.8653713767671274 5.1462183886288075 1.7960039771302034
277 2.863898149455375 5.141313391919373 1.7952151660480984
278 2.8624242842586094 5.136408395444187 1.7944259429641325
279 2.8609497790123037 5.131503399104221 1.7936363080360638
280 2.859474625590366 5.126598402641739 1.7928462651013397
281 2.8579988209513445 5.121693406226963 1.7920558149572996
282 2.8565223679429192 5.116788410121377 1.7912649547380068
283 2.8550452647030427 5.111883413974938 1.7904736843135942
283 2.853567528982362 5.106978417855902 1.7896819913973265
284 2.853567528982362 5.106978417855902 1.7896819913973265
285 2.8520891340719006 5.102073421938966 1.7888898916194755
286 2.850610102535348 5.097168425814723 1.7880973695004005
287 2.8491304046162327 5.092263429973535 1.7873044426899245
288 2.8476500617357337 5.087358434267388 1.7865110965096886
289 2.8461690536369955 5.082453438602425 1.7857173424423889
290 2.844687386971414 5.077548443030803 1.7849231751389725
291 2.8432050722591917 5.072643447436518 1.7841285867592482
292 2.841722092926746 5.067738452046027 1.7833335865811784
293 2.8402384674702015 5.062833456612045 1.7825381617063683
294 2.838754179901365 5.057928461203669 1.7817423209851198
295 2.8372692322413613 5.0530234659824815 1.7809460619959347
296 2.8357836307233852 5.04811847085825 1.7801493795810213
297 2.8342973559208815 5.043213476055583 1.7793522847982937
298 2.832810428804552 5.03830848108341 1.7785547630907232
299 2.8313228405860524 5.033403486208397 1.7777568188467474
300 2.8298345858173244 5.028498491501282 1.7769584542868009
301 2.828345667182227 5.023593496687008 1.776159666400261
302 2.8268560975180352 5.018688502192623 1.7753604460442838
303 2.8253658386448417 5.013783507536244 1.7745608157919313
304 2.8238749264550798 5.008878512873599 1.7737607519187968
305 2.822383353920503 5.0039735183969585 1.7729602576652326
306 2.8208910911608287 4.999068524149527 1.7721593505732804
307 2.819398169444154 4.994163529737875 1.7713580096146824
308 2.8179044310233183 4.989258535530244 1.7705563327846434
309 2.816409520455544 4.984353541343883 1.7697545421369267
310 2.8149139231524125 4.979448547351458 1.7689523315068159
311 2.8134176587517117 4.974543553358099 1.768149687226055
312 2.8119207229715437 4.969638559353642 1.767346610718774
313 2.810423112456732 4.964733565464996 1.7665431028728882
314 2.808924820614271 4.959828571692708 1.7657391665641182
315 2.8074258528397578 4.954923578075673 1.7649347971429719
316 2.8059261978759547 4.9500185841999516 1.7641300002640994
316 2.8044258757625653 4.945113590497615 1.763324762203945
317 2.8044258757625653 4.945113590497615 1.763324762203945
318 2.802924877694668 4.940208597227761 1.7625190873081666
319 2.801423176346638 4.9353036038654565 1.7617129912881038
320 2.7999208112225573 4.930398610477962 1.7609064480381331
321 2.7984177503082477 4.925493617182572 1.760099476441652
322 2.796914002849915 4.920588623874808 1.759292069352499
323 2.795409573175667 4.915683630780474 1.7584842228311157
324 2.793904459881043 4.910778637692742 1.7576759363853944
325 2.7923986544303387 4.905873644792434 1.756867214145415
326 2.7908921659652313 4.9009686519709055 1.7560580490131203
327 2.7893849813647567 4.896063659183894 1.7552484479171486
328 2.787877118788771 4.891158666456904 1.7544383981249252
329 2.786368555634507 4.886253673693036 1.7536279125071979
330 2.7848592987744096 4.881348681185954 1.7528169855238969
331 2.7833493505399867 4.87644368852 1.7520056142337794
332 2.7818387094628125 4.8715386959433475 1.7511937983219978
333 2.7803273608870183 4.866633703392227 1.7503815456607263
333 2.7788153291725033 4.861728711180616 1.7495688396926967
334 2.7788153291725033 4.861728711180616 1.7495688396926967
335 2.7773025971931915 4.856823718955614 1.7487556897343617
336 2.775789167014508 4.8519187267303785 1.747942093148539
337 2.7742750308167516 4.847013734556725 1.7471280535332345
338 2.7727601914128734 4.842108742587593 1.746313567824368
339 2.771244657943697 4.837203750591606 1.74549862882943
340 2.769728423985568 4.832298758661772 1.7446832392716027
341 2.768211472099534 4.827393766869274 1.7438674088031159
342 2.7666938225790294 4.822488775003466 1.7430511232023809
343 2.7651754694312096 4.817583783304093 1.7422343849647484
344 2.7636564042708502 4.812678791872634 1.7414171980407196
345 2.762136619808665 4.807773800392241 1.7405995655367974
346 2.7606161371930926 4.802868808865898 1.739781472750972
347 2.7590949363010653 4.797963817562982 1.7389629310817742
348 2.757573036915218 4.793058826211155 1.738143926578623
349 2.756050421883046 4.788153834951165 1.7373244687155265
350 2.754527097906388 4.783248843881616 1.7365045519128066
350 2.754527097906388 4.783248843881616 1.7365045519128066
351 2.7530030494322837 4.778343852769881 1.7356841844963655
352 2.7514782935241517 4.7734388619260635 1.734863354423248
353 2.7499528074166073 4.7685338709936245 1.734042074515939
354 2.748426609699036 4.763628880176349 1.733220331722078
355 2.746899692738626 4.75872388950583 1.732398129456791
356 2.7453720538586937 4.753818898888211 1.7315754679612883
357 2.7438436837401787 4.748913908336981 1.73075235170236
358 2.742314594041209 4.744008917669203 1.7299287718402137
359 2.740784782389334 4.7391039271047 1.729104728527167
360 2.739254244319818 4.734198936838498 1.7282802232233256
361 2.7377229802984373 4.729293946618799 1.727455254111671
362 2.7361909975559615 4.7243889563798716 1.7266298151700015
363 2.7346582821344407 4.719483966358417 1.7258039138531014
364 2.733124834137331 4.714578976253781 1.7249775485435763
365 2.7315906566489883 4.70967398652301 1.724150716015649
366 2.730055741789741 4.704768996869541 1.7233234196841853
366 2.728520096101391 4.699864007009341 1.722495653861842
367 2.728520096101391 4.699864007009341 1.722495653861842
368 2.7269837187337043 4.694959017261517 1.7216674177437545
369 2.725446608668053 4.690054027615437 1.7208387105067902
370 2.7239087452026425 4.685149038094842 1.720009543765496
371 2.722370160897149 4.680244048682476 1.7191798954849384
372 2.7208308411337754 4.675339059467272 1.7183497734534092
373 2.7192907616332653 4.670434070153637 1.717519191419042
374 2.717749945476034 4.665529081063568 1.7166881334428161
375 2.7162083927636282 4.6606240919371436 1.7158565978787637
376 2.7146661012457756 4.655719102896483 1.7150245847030496
377 2.713123058581123 4.6508141140440316 1.7141921002566907
378 2.711579269357616 4.645909125301906 1.7133591401156198
379 2.7100347401189473 4.641004136648356 1.712525698635382
380 2.70848945668817 4.636099147869445 1.7116917831898364
381 2.7069434249449724 4.631194159264962 1.7108573886648948
382 2.7053966468115433 4.626289170730569 1.710022512293309
383 2.7038491196084116 4.621384182205334 1.7091871542279815
383 2.702300825837523 4.616479193841832 1.708351324065132
384 2.702300825837523 4.616479193841832 1.708351324065132
385 2.7007517868457067 4.6115742055404425 1.7075150067479714
386 2.6992019875613313 4.606669217165283 1.7066782102243878
387 2.6976514396355897 4.601764229152041 1.7058409257549103
388 2.6961001258654758 4.596859241022259 1.7050031625018454
389 2.69454806788838 4.591954253042002 1.7041649053381152
390 2.692995239251945 4.5870492651504104 1.7033261694233786
391 2.691441657604102 4.582144277302529 1.7024869420285016
392 2.6898873056252897 4.5772392896415734 1.7016472326068512
393 2.6883321914768965 4.572334302217928 1.700807034455817
394 2.686776313039331 4.56742931475756 1.6999663472508435
395 2.6852196710538645 4.562524327364668 1.6991251689937232
396 2.68366226256543 4.557619340020022 1.698283499974842
397 2.6821040742823175 4.552714352809854 1.6974413470618503
398 2.680545126364303 4.547809365612324 1.6965986958707326
399 2.678985402717562 4.542904378482566 1.6957555550225265
400 2.6774248996071712 4.537999391693757 1.6949119253950193
401 2.6758636360347965 4.533094404657143 1.6940677931460164
402 2.6743015937395174 4.5281894178114905 1.6932231684010077
403 2.672738781117483 4.523284431008876 1.6923780441864478
404 2.6711751871934903 4.51837944435366 1.691532425883666
405 2.6696108153633604 4.513474457753374 1.690686309696811
406 2.668045662321771 4.508569471406694 1.6898396961779405
407 2.6664797329428676 4.503664485003556 1.688992580503537
408 2.6649130132814243 4.498759498733208 1.6881449699529547
409 2.6633455165997244 4.493854512572092 1.6872968544874969
410 2.6617772450203985 4.488949526415917 1.6864482310883666
411 2.660208169624015 4.484044540412451 1.6855991164955373
412 2.658638312359575 4.479139554475328 1.6847494951278406
413 2.6570676595704152 4.474234568632571 1.6838993740023727
414 2.655496225786213 4.469329582844062 1.6830487422443339
415 2.6539239990607295 4.464424597139392 1.6821976057790016
416 2.6523509854249108 4.459519611427007 1.681345959087909
416 2.6507771836530973 4.4546146258206925 1.6804938013242159
417 2.6507771836530973 4.4546146258206925 1.6804938013242159
418 2.6492025776699384 4.449709640453244 1.6796411410587222
419 2.64762718080506 4.444804655280613 1.6787879681493103
420 2.646050988216273 4.439899670014602 1.6779342838769626
421 2.6444740038291434 4.434994684882201 1.6770800841530003
422 2.642896208806924 4.430089699773984 1.6762253791925672
423 2.6413176032167187 4.425184714877521 1.6753701673317616
424 2.6397381999469567 4.4202797300388506 1.6745144386392834
425 2.638157993532357 4.41537474533899 1.6736581949085743
426 2.6365769731478417 4.410469760611288 1.6728014412359726
427 2.634995149341463 4.405564776065096 1.6719441692961494
428 2.633412521801283 4.400659791453001 1.6710863774745408
429 2.6318290916222162 4.395754807109746 1.6702280634797129
430 2.630244853648838 4.390849822867981 1.6693692287912751
431 2.6286597970096253 4.385944838600589 1.6685098785282368
432 2.6270739217405 4.381039854331054 1.667650010940122
433 2.6254872426295113 4.376134870172743 1.666789614940159
433 2.6238997480159885 4.371229886173154 1.665928696200522
434 2.6238997480159885 4.371229886173154 1.665928696200522
435 2.6223114194597543 4.366324902299844 1.6650672646650753
436 2.620722280434148 4.361419918615608 1.6642053036970772
437 2.619132325897378 4.3565149348731 1.663342814640132
438 2.617541544607614 4.351609951247526 1.6624798029327401
439 2.6159499441174794 4.346704967754642 1.6616162620118682
440 2.614357512554245 4.3417999842323525 1.6607521975792763
441 2.612764268212798 4.336895000792176 1.6598875962731725
442 2.611170187651807 4.331990017684772 1.6590224712930248
443 2.609575279918592 4.327085034751592 1.658156815037955
444 2.6079795354245436 4.322180051815318 1.6572906317348557
445 2.6063829651764334 4.317275069017382 1.6564239126406097
446 2.604785566872763 4.3123700861741945 1.6555566573380214
447 2.6031873298412687 4.307465103544977 1.6546888708956753
448 2.6015882619006705 4.302560120736825 1.653820546374028
449 2.599988366493337 4.2976551382301205 1.6529516799440394
450 2.598387618059257 4.292750155760794 1.6520822859243232
451 2.5967860359815 4.287845173359042 1.6512123501689953
452 2.595183614943125 4.282940191050079 1.6503418742276323
453 2.593580346044405 4.2780352088630895 1.6494708619255727
454 2.591976233345181 4.2731302267794735 1.6485993088233724
455 2.590371278683831 4.268225244816253 1.647727211901817
456 2.588765476245013 4.263320262992667 1.646854573005425
457 2.587158821916019 4.258415281212584 1.6459813928465563
458 2.585551324575702 4.253510299524345 1.645107663922456
459 2.58394297355257 4.2486053178607435 1.6442333911183378
460 2.5823337822320585 4.243700336254587 1.6433585640453168
461 2.5807237377319416 4.23879535483915 1.6424831890624594
462 2.5791128282062856 4.233890373479246 1.641607271762446
463 2.577501060865475 4.228985392366053 1.6407308057308971
464 2.5758884346779514 4.224080411229372 1.6398537896139453
465 2.57427495554919 4.219175430205206 1.638976217792981
466 2.5726606039294113 4.214270449307678 1.638098100803082
466 2.571045403302749 4.209365468464507 1.6372194217407372
467 2.571045403302749 4.209365468464507 1.6372194217407372
468 2.569429330830505 4.204460487672648 1.6363401932185693
469 2.5678123966142357 4.199555506988539 1.635460406891805
470 2.566194598067882 4.194650526471487 1.6345800624900733
471 2.5645759286668914 4.189745546005392 1.633699162178166
472 2.562956384976839 4.184840565733861 1.6328177062489024
473 2.561335979407936 4.179935585412115 1.6319356847430555
474 2.5597146929882535 4.175030605345913 1.6310531079039567
475 2.5580925343936016 4.170125625290828 1.6301699681397022
476 2.5564695033893217 4.16522064534521 1.62928626366285
477 2.554845056192038 4.160315665493452 1.6284023390813165
478 2.5532197287047964 4.155410685583486 1.6275178508398307
479 2.5515935232201845 4.150505705837884 1.62663279557154
480 2.5499664302695235 4.145600726129615 1.625747177264384
481 2.5483384566704546 4.140695746615989 1.624860989629312
482 2.5467095952073526 4.1357907671014305 1.6239742351796083
483 2.5450798471700127 4.130885787830396 1.6230869111724378
483 2.543449217939471 4.125980808642106 1.622199012089848
484 2.543449217939471 4.125980808642106 1.622199012089848
485 2.5418177026374895 4.121075829481191 1.6213105389914475
486 2.5401852919010963 4.116170850306977 1.620421495798206
487 2.538551989399332 4.111265871328102 1.6195318782109729
488 2.536917787747132 4.106360892512459 1.6186416888814696
489 2.5352826978433294 4.101455913719799 1.61775091874715
490 2.5336467101917046 4.096550935003299 1.6168595718277312
491 2.5320098259104196 4.091645956533847 1.615967645410949
492 2.5303720395846994 4.086740978139928 1.6150751408123643
493 2.5287333502200573 4.081835999833439 1.6141820565929683
494 2.52709376141482 4.076931021491988 1.6132883883221947
495 2.5254532722578054 4.0720260432586874 1.612394134546079
496 2.523811878702355 4.067121065186302 1.6114992957705927
497 2.5221695685495686 4.062216087245614 1.6106038776693685
498 2.52052635161106 4.057311109252457 1.6097078717939692
499 2.51888221712559 4.052406131490207 1.6088112830121093
500 2.517237171197207 4.047501153731437 1.6079141052117991
501 2.5155912191240644 4.042596176166788 1.607016332953504
502 2.5139443473580396 4.037691198697009 1.6061179727149921
503 2.5122965560880153 4.032786221265613 1.6052190222101825
504 2.5106478440589837 4.027881244032925 1.604319480154978
505 2.5089982174253653 4.022976266793087 1.603419340377733
506 2.507347666123739 4.018071289598125 1.6025186071662352
507 2.505696192405953 4.013166312526118 1.6016172769423824
508 2.5040437874571944 4.008261335586935 1.6007153531677027
509 2.502390447500089 4.00335635874479 1.5998128360600878
510 2.5007361872071203 3.9984513820059946 1.5989097140516677
511 2.499080993656655 3.9935464054080034 1.598005993220991
512 2.497424872634689 3.98864142897366 1.5971016676733076
513 2.4957678149810754 3.9837364524872108 1.596196740968638
514 2.4941098181771526 3.9788314763112567 1.5952912126456522
515 2.4924508877622675 3.973926500100622 1.594385076798215
516 2.4907910175567793 3.9690215239761835 1.5934783351954604
516 2.4891302045080814 3.9641165478753773 1.592570987526461
517 2.4891302045080814 3.9641165478753773 1.592570987526461
518 2.4874684524346877 3.959211571934653 1.591663029156993
519 2.485805759509241 3.954306596197025 1.590754459020041
520 2.484142104004357 3.949401620662145 1.589845288760187
521 2.4824775034187048 3.944496645022671 1.588935504789296
522 2.480811949961938 3.9395916695746602 1.5880251099383424
523 2.479145447867159 3.934686694197257 1.5871140991676465
524 2.4774779897186314 3.929781718830843 1.5862024749116543
525 2.4758095829369946 3.9248767436256764 1.5852902301838931
526 2.4741402193174804 3.9199717685477062 1.584377367920188
527 2.472469896126713 3.915066793594576 1.5834638875594749
528 2.4707986018403725 3.9101618186307503 1.5825497941104019
529 2.4691263538351307 3.9052568437962782 1.5816350741753256
530 2.4674531434264053 3.90035186906726 1.580719730973725
531 2.4657789688724727 3.8954468944738996 1.579803763293176
532 2.4641038278664316 3.8905419200586344 1.5788871702810097
533 2.4624277070486102 3.885636945626128 1.5779699580635942
533 2.460750621588246 3.8807319712401505 1.577052114584209
534 2.460750621588246 3.8807319712401505 1.577052114584209
535 2.4590725637192743 3.8758269971096158 1.5761336425337293
536 2.4573935229295927 3.870922023077392 1.5752145462085598
537 2.455713512418933 3.8660170490405203 1.5742948147206337
538 2.454032521939602 3.861112075134239 1.5733744523004605
539 2.452350543413079 3.8562071014244554 1.5724534617541046
540 2.4506675868099106 3.851302127831322 1.571531834247928
541 2.4489836437186 3.846397154180272 1.5706095726877962
542 2.4472987204216667 3.8414921808544746 1.5696866707765817
543 2.4456128110562325 3.8365872074809735 1.568763129689362
544 2.4439259102954316 3.8316822343404726 1.5678389505176462
545 2.4422380156789196 3.8267772612769106 1.5669141323283766
546 2.440549130851798 3.821872288247985 1.5659886703096524
547 2.4388592448363613 3.8169673152659316 1.565062569046307
548 2.437168365360374 3.8120623424978 1.5641358211762797
549 2.4354764838174146 3.8071573697565193 1.5632084296659292
550 2.433783607670854 3.802252397155928 1.5622803872833653
551 2.4320897230728247 3.7973474247037453 1.5613517004241049
552 2.4303948405449916 3.7924424523112146 1.5604223597926983
553 2.4286989402504524 3.7875374800292954 1.559492375633316
554 2.4270020395381176 3.7826325078620306 1.5585617342875835
555 2.425304126789642 3.777727535889313 1.5576304407191457
556 2.4236052028791986 3.772822563962985 1.5566984917679416
557 2.4219052615106977 3.767917592343296 1.5557658890393606
558 2.4202042978595597 3.7630126206129444 1.5548326329066398
559 2.4185023244640265 3.7581076489526706 1.5538987128265502
560 2.416799328912462 3.753202677511906 1.5529641342629856
561 2.415095311252021 3.7482977061518796 1.5520288945485579
562 2.4133902705776706 3.7433927348950182 1.5510929916855087
563 2.4116842000568632 3.738487763712395 1.5501564274560693
564 2.4099771013775264 3.7335827928147935 1.5492191982574037
565 2.4082689841461784 3.7286778218217567 1.5482812951410048
566 2.4065598220093616 3.7237728509879693 1.5473427325312854
566 2.4048496287903744 3.71886788026738 1.5464034988906765
567 2.4048496287903744 3.71886788026738 1.5464034988906765
568 2.4031383993417306 3.7139629096152693 1.5454635948693596
569 2.4014261338047223 3.7090579391264193 1.5445230177660882
570 2.399712828099129 3.7041529686828327 1.543581767497148
571 2.3979984785483297 3.6992479984396147 1.5426398438246796
572 2.3962830829540485 3.694343028352466 1.5416972454682683
573 2.3945666409174104 3.689438058322393 1.5407539699579584
574 2.3928491512775145 3.6845330884594936 1.5398100153920542
575 2.39113061367164 3.679628118669522 1.5388653792606344
576 2.3894110257811922 3.67472314898838 1.537920060357539
577 2.3876903828451828 3.6698181794007048 1.5369740590183776
578 2.385968680450892 3.664913210022263 1.5360273754011222
579 2.3842459157266016 3.6600082408422066 1.5350800086101082
580 2.3825221002709975 3.655103271590464 1.534131948314233
581 2.3807972153398502 3.65019830234896 1.5331832038571616
582 2.3790712672914736 3.6452933333192954 1.5322337684609975
583 2.377344252246177 3.6403883645063564 1.5312836418481766
583 2.375616164538745 3.6354833957772112 1.5303328248244537
584 2.375616164538745 3.6354833957772112 1.5303328248244537
585 2.3738870068533475 3.6305784271309594 1.5293813128634925
586 2.3721567810126083 3.6256734585132833 1.5284291019607832
587 2.370425475692167 3.62076849000324 1.527476196629203
588 2.3686930873491985 3.6158635217063764 1.526522596371016
589 2.3669596229599645 3.6109585535399265 1.5255682938200266
590 2.3652250797784715 3.6060535855425724 1.5246132879160563
591 2.363489447009389 3.601148617680849 1.523657582748049
592 2.3617527326799586 3.5962436498502117 1.5227011702319218
593 2.360014927955866 3.591338682131075 1.5217440532216142
594 2.3582760326116285 3.5864337146942615 1.5207862290499272
595 2.3565360453654454 3.5815287472676505 1.5198276955327608
596 2.3547949618798243 3.57662377996608 1.5188684526107845
597 2.3530527815110958 3.571718812779266 1.5179084977794508
598 2.35130949810735 3.5668138457134697 1.5169478320844283
599 2.3495651136738323 3.5619088787389113 1.5159864512839276
600 2.3478196337417345 3.5570039118756314 1.5150243488707913
601 2.3460730442698865 3.5520989452395826 1.5140615309976504
602 2.3443253441135625 3.54719397865642 1.5130979953627923
603 2.342576533474396 3.5422890122609574 1.5121337389166134
604 2.340826611410713 3.5373840459312227 1.511168759227065
605 2.339075572022541 3.5324790797843013 1.5102030571546918
606 2.3373234170946207 3.527574113682207 1.509236628479559
607 2.3355701441533854 3.522669147652995 1.508269471790974
608 2.33381575097917 3.51776418186553 1.507301585564167
609 2.3320602293374817 3.512859216199732 1.5063329720252145
610 2.3303035849136355 3.507954250667483 1.5053636244556061
611 2.3285458110206614 3.5030492851815622 1.504393544074654
612 2.3267869064050184 3.4981443198841213 1.503422728679911
613 2.3250268666137637 3.4932393547232503 1.5024511780420435
614 2.323265692524972 3.488334389585646 1.5014788884496693
615 2.3215033715023607 3.483429424658251 1.5005058650438012
616 2.3197399121478512 3.4785244597779585 1.4995320990779466
616 2.3179753091079798 3.4736194950980384 1.4985575909498285
617 2.3179753091079798 3.4736194950980384 1.4985575909498285
618 2.3162095691637568 3.4687145304669005 1.4975823330698195
619 2.314442674261092 3.4638095659829506 1.4966063340016857
620 2.3126746288818407 3.4589046016173106 1.495629587673413
621 2.3109054396106146 3.4539996373723016 1.4946520866532287
622 2.3091350902711105 3.449094673241477 1.4936738382146912
623 2.307363580898353 3.44418970928277 1.4926948391643604
624 2.3055909177786975 3.439284745432006 1.491715082199212
625 2.3038170878157933 3.4343797816779587 1.490734572567144
626 2.3020420972393354 3.4294748180498016 1.489753303018442
627 2.3002659410753483 3.4245698545810273 1.488771273542432
628 2.2984886131860502 3.419664891203892 1.487788484826872
629 2.2967101098252396 3.4147599280972605 1.4868049361079771
630 2.29493043536933 3.409854965024714 1.48582062117101
631 2.293149583624982 3.4049500021970953 1.4848355408261653
632 2.2913675584985045 3.400045039428535 1.4838496891596602
633 2.289584345552771 3.395140076752855 1.4828630722198493
633 2.287799952453627 3.390235114138587 1.4818756817013727
634 2.287799952453627 3.390235114138587 1.4818756817013727
635 2.286014371682959 3.385330151749514 1.48088751920542
636 2.284227599683789 3.3804251894685464 1.4798985836334815
637 2.2824396343856868 3.37552022737808 1.4789088729992166
638 2.280650477033189 3.3706152654312858 1.4779183830991893
639 2.278860123992358 3.36571030360352 1.4769271128879549
640 2.2770685687053343 3.360805341847612 1.4759350631933121
641 2.275275814264102 3.355900380242902 1.4749422286318765
642 2.2734818542604134 3.3509954187491515 1.4739486099128178
643 2.27168668940467 3.3460904575298893 1.47295420320783
644 2.2698903125604346 3.3411854963469048 1.471959009586701
645 2.2680927179064656 3.336280535324067 1.470963029414238
646 2.266293910850523 3.3313755743734883 1.4699662556668336
647 2.2644938871201075 3.3264706135227247 1.4689686876360688
648 2.2626926404590013 3.321565652923946 1.4679703259432293
649 2.260890170268427 3.316660692421051 1.4669711673907964
650 2.2590864723299866 3.311755732127688 1.4659712112356615
651 2.257281547225971 3.3068507718559697 1.4649704534730459
652 2.2554753931863654 3.3019458118855813 1.4639688918178981
653 2.253668013088043 3.2970408519245975 1.4629665207019085
654 2.2518593914951377 3.2921358920228894 1.461963346582245
655 2.250049530814611 3.2872309324341553 1.4609593644118766
656 2.2482384251813334 3.282325972935854 1.4599545742890303
657 2.2464260768974933 3.2774210135569866 1.458948971106757
658 2.2446124815510755 3.2725160542591807 1.457942554074101
659 2.2427976341567075 3.267611095086287 1.4569353227960353
660 2.240981535713998 3.262706136161983 1.4559272730118473
661 2.239164181081999 3.2578011772518356 1.4549184042760168
662 2.237345562296162 3.2528962186159656 1.4539087181854713
663 2.235525259263116 3.2479912600031655 1.4528984839445667
664 2.233703698522608 3.2430863016209988 1.4518874207738501
665 2.2318808688965692 3.238181343267129 1.450875532110309
666 2.2300567701182046 3.2332763850729664 1.449862814434803
666 2.228231402069807 3.228371427020379 1.4488492640492998
667 2.228231402069807 3.228371427020379 1.4488492640492998
668 2.2264047551378394 3.2234664690618957 1.4478348834025585
669 2.2245768302435978 3.2185615112551407 1.4468196681265888
670 2.2227476313507633 3.213656553588936 1.4458036118279418
671 2.2209171490309236 3.208751596159092 1.4447867168566826
672 2.219085382666728 3.2038466387266067 1.4437689796669597
673 2.2172523265585378 3.1989416814601084 1.4427504001880018
674 2.215417978536877 3.1940367244254473 1.4417309759916623
675 2.2135823342542587 3.189131767416593 1.4407107059295314
676 2.2117453972681447 3.1842268105979077 1.4396895838602992
677 2.2099071595889024 3.1793218539857113 1.4386676110760888
678 2.2080676195267372 3.1744168975190776 1.4376447847188039
679 2.2062267727111724 3.169511941141824 1.436621103662384
680 2.204384613946924 3.1646069848751988 1.4355965673381326
681 2.2025411437217755 3.1597020287210382 1.4345711714523917
682 2.2006963604860044 3.1547970728287935 1.4335449130892752
683 2.198850262192674 3.149892116971043 1.432517789469665
683 2.1970028365132444 3.144987161259238 1.4314898046515467
684 2.1970028365132444 3.144987161259238 1.4314898046515467
685 2.195154088277477 3.1400822057309763 1.4304609514655886
686 2.1933040099305767 3.1351772503672577 1.429431230769734
687 2.1914526027514096 3.130272295182852 1.4284006376650522
688 2.189599866054466 3.1253673401251785 1.4273691684850676
689 2.187745791229956 3.1204623851710127 1.426336824726186
690 2.1858903764784983 3.1155574304481157 1.4253036034987834
691 2.1840336163000775 3.1106524757830467 1.4242695041721627
692 2.1821755150474442 3.1057475212674475 1.4232345197952252
693 2.1803160609668915 3.100842566897534 1.4221986538604967
694 2.1784552547525347 3.095937612771299 1.421161901772909
695 2.176593096535171 3.0910326586830568 1.4201242591477223
696 2.1747295770288786 3.0861277047926117 1.419085727894908
697 2.172864698367456 3.08122275107108 1.4180463023703698
698 2.170998454460251 3.0763177974901703 1.4170059822797054
699 2.1691308407413925 3.0714128440876274 1.4159647663475394
700 2.167261855628915 3.0665078907910623 1.4149226512830384
700 2.167261855628915 3.0665078907910623 1.4149226512830384
701 2.1653914989866805 3.0616029377348455 1.413879632928991
702 2.1635197619991895 3.05669798478675 1.4128357126547455
703 2.161646645404738 3.0517930319666053 1.4117908856445869
704 2.1597721481180394 3.0468880792942925 1.4107451482552265
705 2.157896263046347 3.0419831268711186 1.409698500787377
706 2.156018987778816 3.0370781744991344 1.4086509403277598
707 2.1541403140339996 3.032173222291209 1.4076024679251005
708 2.1522602427970723 3.0272682702077742 1.4065530784853153
709 2.150378774520667 3.0223633182702447 1.4055027672712908
710 2.1484959049584798 3.017458366502385 1.4044515325993596
711 2.1466116251319214 3.012553414930025 1.403399375862826
712 2.144725935268808 3.0076484634798106 1.4023462923727124
713 2.142838829830096 3.0027435121787382 1.401292281238353
714 2.1409503086337427 2.997838561024608 1.4002373380341053
715 2.139060373072653 2.992933610008701 1.3991814572814054
716 2.137169004627986 2.98802865925182 1.398124646568109
716 2.1352762137169488 2.983123708607956 1.3970668944113462
717 2.1352762137169488 2.983123708607956 1.3970668944113462
718 2.133381994796748 2.978218758146556 1.396008199849037
719 2.1314863362403322 2.9733138077837684 1.3949485658108
720 2.1295892462177872 2.968408857600014 1.3938879823289843
721 2.12769071234783 2.9635039075930973 1.3928264528273369
722 2.1257907306357446 2.95859895778648 1.3917639752346054
723 2.123889301844564 2.9536940080696064 1.390700544281837
724 2.121986421902492 2.9487890585236016 1.3896361579353695
725 2.1200820846033865 2.943884109152379 1.3885708155036387
726 2.1181762908958977 2.9389791599564457 1.3875045115878355
727 2.1162690318605772 2.9340742108462043 1.3864372471899902
728 2.1143603083855043 2.92916926203103 1.3853690170090747
729 2.112450118455234 2.9242643133187434 1.384299817435293
730 2.110538455357543 2.919359364794291 1.383229648047198
731 2.1086253089863742 2.914454416442983 1.3821585105814622
732 2.106710686555036 2.9095494682172696 1.3810863953868588
733 2.1047945803537713 2.9046445201191142 1.3800133025954986
733 2.1028769821299282 2.899739572255587 1.3789392327260843
734 2.1028769821299282 2.899739572255587 1.3789392327260843
735 2.1009578968738594 2.8948346245413563 1.377864177501488
736 2.099037317975574 2.889929677040704 1.3767881363004588
737 2.0971152353590856 2.8850247296343188 1.3757111106678506
738 2.0951916543467592 2.8801197824118363 1.374633092126268
739 2.0932665682777234 2.875214835397364 1.373554080005684
740 2.0913399680311735 2.8703098884817533 1.3724740751662279
741 2.089411850751754 2.8654049417742993 1.37139307444023
742 2.0874822161182016 2.8604999953202004 1.3703110729438797
743 2.0855510610391064 2.8555950490152338 1.3692280675173016
744 2.083618384457865 2.8506901028254372 1.3681440536757195
745 2.081684174296885 2.845785156829013 1.3670590342025406
746 2.0797484328434996 2.840880210937263 1.3659730023467884
747 2.077811151576848 2.835975265302139 1.364885958548216
748 2.075872330288091 2.831070319801301 1.363797897632945
749 2.073931961464982 2.8261653744547623 1.362708819270242
750 2.071990046570241 2.8212604292617836 1.361618717199828
751 2.070046575363122 2.8163554843276817 1.360527592879713
752 2.0681015519756394 2.811450539593513 1.359435438220023
753 2.0661549661213234 2.8065455950103586 1.358342254588449
754 2.064206816706418 2.8016406505423435 1.3572480372933518
755 2.062257100313752 2.7967357062004674 1.3561527831689713
756 2.0603058122800637 2.791830762199395 1.3550564899439759
757 2.0583529447061486 2.78692581832381 1.353959157243401
758 2.0563984962272035 2.782020874632627 1.3528607805037278
759 2.05444246327243 2.7771159311248415 1.3517613565586535
760 2.05248484428128 2.7722109877539385 1.3506608808722704
761 2.0505256293222778 2.767306044562997 1.3495593544361713
762 2.048564815765495 2.7624011016066787 1.3484567734189274
763 2.0466023969625646 2.757496158770602 1.3473531365267137
764 2.0446383779209514 2.752591216185397 1.3462484348867172
765 2.042672749768291 2.7476862737688594 1.345142668633799
766 2.0407055069101556 2.742781331511226 1.3440358357556879
766 2.0387366509428975 2.737876389470683 1.342927929511857
767 2.0387366509428975 2.737876389470683 1.342927929511857
768 2.036766168885587 2.7329714475472167 1.3418189526599202
769 2.0347940615782756 2.7280665057987616 1.3407088989058449
770 2.0328203236774254 2.7231615642902707 1.3395977660061957
771 2.0308449477069646 2.7182566229234326 1.3384855530170472
772 2.0288679296768706 2.71335168183133 1.3373722567853268
773 2.026889270037662 2.708446740915042 1.3362578710896802
774 2.0249089602681645 2.7035418001951284 1.3351423956547115
775 2.0229270010487195 2.698636859611495 1.3340258240719889
776 2.020943384668475 2.6937319192578917 1.3329081555146012
777 2.01895810673235 2.688826979029981 1.3317893868445851
778 2.0169711607892618 2.683922039030681 1.3306695163556201
779 2.0149825462751334 2.679017099218697 1.3295485383588497
780 2.0129922554205004 2.674112159627586 1.3284264519283915
781 2.01100028590442 2.6692072202145742 1.3273032524777264
782 2.009006633207873 2.6643022809567776 1.326178936852271
783 2.0070112929081803 2.659397341931917 1.3250535018556981
783 2.005014258622439 2.6544924031104187 1.3239269455042224
784 2.005014258622439 2.6544924031104187 1.3239269455042224
785 2.003015521681853 2.6495874644886896 1.3227992673086906
786 2.001015087363241 2.644682526028401 1.3216704575242995
787 1.999012946481118 2.6397775877739593 1.3205405159685362
788 1.9970090922916035 2.6348726497537127 1.3194094408103818
789 1.9950035237787154 2.6299677118417413 1.3182772263280753
790 1.992996238226999 2.6250627741717487 1.3171438680220722
791 1.990987227364091 2.620157836678108 1.3160093649354994
792 1.988976482233715 2.615252899436816 1.3148737166061224
793 1.9869640015103982 2.6103479623821775 1.3137369174267433
794 1.9849497812247157 2.6054430255326397 1.3125989635491329
795 1.98293381869478 2.600538088894162 1.3114598502364065
796 1.980916100866636 2.595633152409256 1.3103195795489198
797 1.978896630423168 2.590728216143324 1.3091781431702785
798 1.9768754022398207 2.5858232800899166 1.3080355378797022
799 1.9748524113700272 2.5809183442580093 1.306891760315158
800 1.972827652026864 2.576013408638728 1.305746807630234
801 1.9708011172014523 2.5711084732227905 1.304600677755743
802 1.968772804924883 2.5662035379562314 1.3034533652318216
803 1.966742711264276 2.561298602946266 1.3023048659475105
804 1.9647108274905816 2.5563936681400583 1.3011551788540816
805 1.9626771463625536 2.55148873351295 1.3000043019004148
806 1.9606416684730754 2.5465837991346247 1.298852227861644
807 1.9586043866591645 2.5416788649537265 1.2976989545546385
808 1.9565652962315616 2.5367739309663895 1.2965444781486912
809 1.9545243925088673 2.531868997186945 1.2953887947834646
810 1.9524816701810859 2.5269640635999346 1.294231900966101
811 1.950437118099338 2.5220591302536297 1.2930737970734099
812 1.9483907396162183 2.517154197124522 1.2919144737981743
813 1.9463425278276334 2.5122492642393985 1.2907539286229281
814 1.9442924725732447 2.507344331591858 1.2895921611389165
815 1.9422405754879921 2.502439399074843 1.2884291630279114
816 1.940186828774838 2.4975344668598813 1.2872649323348873
816 1.9381312235717885 2.4926295348198155 1.2860994676233224
817 1.9381312235717885 2.4926295348198155 1.2860994676233224
818 1.9360737576161318 2.487724603006773 1.2849327631349559
819 1.9340144236150196 2.482819671459794 1.28376481640657
820 1.9319532188348063 2.4779147400884813 1.28259562184583
821 1.9298901345436053 2.4730098089842287 1.2814251778996033
822 1.927825168868746 2.468104878057803 1.2802534783307633
823 1.9257583164817749 2.463199947382962 1.279080519243482
824 1.9236895689348164 2.458295016913615 1.2779062987147245
825 1.9216189237431547 2.45339008663128 1.276730810837499
826 1.919546370416325 2.448485156579412 1.2755540550178879
827 1.9174719080488958 2.4435802267842814 1.274376024246802
828 1.9153955294670204 2.4386752971794152 1.2731967155932555
829 1.9133172312570728 2.433770367798963 1.2720161236409009
830 1.9112370030551014 2.428865438637638 1.270834247534508
831 1.909154839281526 2.423960509786857 1.2696510832505696
832 1.9070707386627461 2.4190555811480885 1.2684666237626563
833 1.904984692829343 2.4141506527960117 1.2672808668139162
833 1.9028966959727003 2.409245724628039 1.2660938083118114
834 1.9028966959727003 2.409245724628039 1.2660938083118114
835 1.9008067433661644 2.4043407966733343 1.264905443472625
836 1.898714829987782 2.3994358689658055 1.2637157676707278
837 1.896620947934035 2.3945309414880467 1.2625247781304845
838 1.894525090898044 2.389626014261673 1.2613324709935305
839 1.8924272556580581 2.384721087241236 1.260138840270503
840 1.8903274319082015 2.3798161604968513 1.2589438847081285
841 1.888225617540637 2.3749112339316443 1.2577475974639631
842 1.8861218042875534 2.370006307687236 1.2565499758815741
843 1.8840159873521178 2.3651013816276634 1.2553510148030564
844 1.881908161523669 2.3601964557996893 1.2541507093995377
845 1.8797983184412703 2.3552915301998425 1.2529490568716177
846 1.8776864538761278 2.350386604886261 1.251746051655394
847 1.875572562908082 2.3454816798165625 1.2505416885497007
848 1.8734566357003697 2.340576754977364 1.2493359656026237
849 1.8713386665786316 2.3356718303541957 1.2481288780424253
850 1.8692186516349538 2.3307669059923652 1.2469204199057762
851 1.8670965830543635 2.3258619818591986 1.2457105877481418
852 1.8649724556557332 2.3209570579944097 1.2444993763612182
853 1.8628462631003244 2.316052134384189 1.2432867812342157
854 1.8607179944513712 2.311147211020635 1.2420728008824742
855 1.8585876481096 2.306242287924454 1.2408574275580553
856 1.8564552163244936 2.3013373650471034 1.239640657534099
857 1.8543206933056315 2.2964324424919487 1.238422485809712
858 1.8521840737712272 2.2915275201527003 1.2372029068832922
859 1.8500453489597792 2.286622598024681 1.2359819175840068
860 1.8479045084843968 2.2817176761861413 1.23475951582452
861 1.8457615507168998 2.2768127546396033 1.2335356935760644
862 1.8436164679252705 2.271907833353471 1.2323104468198756
863 1.841469254379532 2.267002912271452 1.2310837701362003
864 1.8393199012719246 2.262097991524607 1.2298556602145845
865 1.8371684061875062 2.2571930709524954 1.2286261092616027
866 1.8350147566034236 2.252288150669531 1.227395116341447
866 1.832858950154226 2.2473832305787416 1.2261626735595967
867 1.832858950154226 2.2473832305787416 1.2261626735595967
868 1.8307009770885927 2.2424783108191213 1.2249287780385565
869 1.8285408311371074 2.2375733913519325 1.2236934244232662
870 1.826378502737025 2.2326684721900274 1.2224566095385667
871 1.8242139895410696 2.227763553228237 1.2212183252627566
872 1.8220472831501142 2.222858634553377 1.2199785675760868
873 1.8198783743416755 2.2179537161382332 1.2187373328948743
874 1.8177072578509603 2.2130487980094986 1.2174946149612358
875 1.8155339285692023 2.208143880165135 1.2162504073417915
876 1.8133583750817681 2.2032389625874855 1.2150047077639228
877 1.811180591344328 2.19833404527938 1.213757510314138
878 1.8090002708778659 2.193429128156848 1.2125090103454919
879 1.8068177076651752 2.188524211391165 1.211259000897906
880 1.8046328951489359 2.1836192948761926 1.2100074761720327
881 1.802445821823232 2.1787143786509664 1.2087544337100389
882 1.8002564835777717 2.1738094627368327 1.2074998660283527
883 1.7980648736528777 2.1689045470228514 1.2062437672877677
883 1.7958709850687433 2.163999631675909 1.2049861318924724
884 1.7958709850687433 2.163999631675909 1.2049861318924724
885 1.7936748074547462 2.1590947165512047 1.2037269562898056
886 1.7914763341091267 2.154189801730779 1.2024662345327737
887 1.7892755555825464 2.1492848871763433 1.2012039623916877
888 1.7870724696874551 2.144379972865691 1.1999401307103825
889 1.784867063447749 2.1394750588876823 1.1986747375767877
890 1.7826593324568452 2.134570145200585 1.197407775190978
891 1.7804492652085055 2.129665231807044 1.1961392404841382
892 1.778236855706236 2.124760318689994 1.1948691266136955
893 1.7760220963703797 2.1198554058558994 1.193597427750592
894 1.77380497941641 2.114950493317982 1.1923241381438734
895 1.7715854971690586 2.110045581085349 1.1910492519029647
896 1.7693636408414841 2.1051406691706807 1.1897727638223117
897 1.7671394028232208 2.1002357575061827 1.1884946677951949
898 1.764912773313793 2.095330846168277 1.1872149592039567
899 1.7626837478036685 2.090425935094686 1.185933629727618
900 1.760452315233748 2.085521024367397 1.1846506754660306
901 1.7582184691202278 2.080616113910023 1.1833660892841809
902 1.7559821969676372 2.0757112037351013 1.1820798680758815
903 1.7537434963253373 2.0708062938670433 1.180792001912512
904 1.7515023529535727 2.065901384308105 1.1795024887202457
905 1.7492587612745258 2.060996475119983 1.1782113205586133
906 1.7470127137574465 2.056091566187425 1.176918490630338
907 1.7447642002223382 2.0511866575433375 1.1756239939368032
908 1.7425132140652448 2.0462817492356917 1.1743278230078735
909 1.7402597452220854 2.0413768412346136 1.1730299725884314
910 1.7380037847922964 2.0364719335444184 1.1717304365869323
911 1.735745323342275 2.031567026198758 1.1704292092153599
912 1.7334843526721353 2.0266621191709877 1.1691262837457541
913 1.7312208656689758 2.0217572124408476 1.1678216526460379
914 1.7289548508956132 2.016852306022427 1.166515311245797
915 1.726686300665586 2.0119473999594755 1.1652072522866082
916 1.7244152043535523 2.0070424941932 1.1638974703575515
916 1.7221415549234018 2.002137588785546 1.16258595761868
917 1.7221415549234018 2.002137588785546 1.16258595761868
918 1.719865342773948 1.9972326836909715 1.1612727078212188
919 1.7175865568719997 1.9923277788615315 1.1599577156040854
920 1.7153051914395028 1.9874228744250872 1.158640972081021
921 1.7130212324389318 1.9825179702985647 1.1573224737418661
922 1.710734675901712 1.9776130664935183 1.156002210249896
923 1.7084455072374594 1.9727081630231038 1.1546801783645735
924 1.7061537215982814 1.9678032598918984 1.1533563681756123
925 1.7038593055428752 1.962898357106737 1.1520307754995815
926 1.7015622521552372 1.9579934546329576 1.1507033916349043
927 1.69926255158729 1.9530885525231318 1.1493742098292825
928 1.6969601919999648 1.9481836507823391 1.148043224565152
929 1.6946551661740767 1.9432787493499866 1.1467104270759771
930 1.6923474643088474 1.938373848280462 1.1453758103227882
931 1.690037072389441 1.933468947539677 1.144039369980247
932 1.6877239849190273 1.9285640471653125 1.142701095912813
933 1.6854081913746544 1.9236591471514797 1.1413609812721408
933 1.6830896801475226 1.9187542474712351 1.1400190198439435
934 1.6830896801475226 1.9187542474712351 1.1400190198439435
935 1.6807684405884538 1.913849348169284 1.1386752047172104
936 1.6784444597744501 1.9089444491934624 1.1373295303736097
937 1.6761177343197022 1.9040395506259364 1.135981984820859
938 1.6737882493747327 1.8991346523326973 1.1346325636125991
939 1.6714559964036082 1.8942297544411681 1.1332812580868965
940 1.6691209641700504 1.88932485690001 1.1319280612112217
941 1.6667831409353595 1.884419959726764 1.1305729662403903
942 1.664442519064522 1.8795150629346142 1.1292159635473449
943 1.6620990838630205 1.8746101664948787 1.1278570481718477
944 1.6597528278521734 1.8697052704632395 1.1264962102114675
945 1.6574037387120881 1.8648003747458117 1.1251334428597852
946 1.6550518043623397 1.8598954794335685 1.123768739160495
947 1.6526970193601607 1.8549905844996866 1.1224020874787102
948 1.6503393658520742 1.850085689935733 1.1210334845163978
949 1.6479788373719666 1.8451807957788744 1.1196629191679341
950 1.6456154202067175 1.8402759019817714 1.1182903850953227
950 1.6456154202067175 1.8402759019817714 1.1182903850953227
951 1.6432491040251613 1.8353710086156 1.1169158736309872
952 1.6408798780737897 1.8304661155544455 1.1155393761688448
953 1.6385077298393946 1.8255612228980787 1.114160885330104
954 1.6361326490425492 1.8206563306348214 1.1127803920423285
955 1.6337546232317848 1.8157514387659572 1.1113978886095872
956 1.6313736398695555 1.810846547295956 1.1100133672876749
957 1.6289896881166293 1.8059416562272852 1.108626819065528
958 1.626602757262256 1.8010367655610742 1.1072382347318832
959 1.624212833611208 1.7961318753111206 1.1058476070021408
960 1.6218199078198907 1.7912269854081049 1.104454925464528
961 1.619423964489937 1.7863220959324526 1.1030601838074459
962 1.6170249927212672 1.7814172068372371 1.1016633724623617
963 1.6146229833153618 1.7765123182074352 1.100264480665115
964 1.6122179195837851 1.7716074299705895 1.0988635025393794
965 1.6098097916580258 1.7667025421008047 1.0974604274714883
966 1.6073985858578308 1.7617976546644356 1.0960552473823446
966 1.6049842906666982 1.7568927676479786 1.0946479525467372
967 1.6049842906666982 1.7568927676479786 1.0946479525467372
968 1.6025668930479113 1.7519878810558462 1.0932385341642445
969 1.6001463815263586 1.747082994916675 1.0918269822603077
970 1.5977227428591239 1.7421781091987947 1.0904132879032367
971 1.5952959610272186 1.737273223876916 1.0889974439340255
972 1.5928660271256452 1.7323683389808349 1.087579438244988
973 1.590432925325763 1.727463454491182 1.0861592632945218
974 1.5879966441193578 1.7225585704621478 1.0847369085073935
975 1.5855571682452032 1.7176536868929382 1.0833123657054455
976 1.5831144884139232 1.7127488038007694 1.0818856225090348
977 1.5806685878777107 1.7078439210995204 1.0804566714345618
978 1.5782194546609898 1.7029390388511518 1.0790255016954866
979 1.5757670748925587 1.6980341570491975 1.077592103620375
980 1.573311433428493 1.6931292756717824 1.076156468260189
981 1.570852517833418 1.6882243947276112 1.0747185846931557
982 1.5683903133702857 1.6833195142607271 1.0732784434529388
983 1.56592480588793 1.6784146342416064 1.0718360344830804
983 1.5634559818743856 1.6735097546682367 1.070391347162784
984 1.5634559818743856 1.6735097546682367 1.070391347162784
985 1.5609838298470557 1.6686048755994292 1.0689443693743568
986 1.5585083316655777 1.6636999969673383 1.067495093330263
987 1.5560294738097837 1.6587951188038528 1.0660435079950366
988 1.5535472435884325 1.6538902411061105 1.0645896015919687
989 1.5510616229932828 1.6489853638831318 1.063133365843243
990 1.5485725996228497 1.644080487136951 1.0616747884712425
991 1.5460801581435577 1.6391756108536177 1.0602138590419812
992 1.5435842822361279 1.6342707350669052 1.0587505676718887
993 1.5410849593137266 1.629365859778284 1.0572849017382342
994 1.538582171798945 1.6244609849626233 1.0558168518638604
995 1.5360759081229334 1.619556110628046 1.0543464044085715
996 1.5335661482975231 1.6146512367918664 1.0528735513524208
997 1.5310528799670118 1.609746363449018 1.0513982792571486
998 1.5285360863339037 1.6048414906069668 1.049920577574375
999 1.526015751124527 1.5999366182742587 1.048440435228312
1000 1.523491860048813 1.5950317464316737 1.0469578395913244
1001 1.5209643978006453 1.5901268751084654 1.0454727785922082
1002 1.5184333433802697 1.5852220042762308 1.0439852438614652
1003 1.515898685607242 1.5803171339329283 1.0424952201207836
1004 1.5133604079041265 1.5754122641114923 1.0410026956455813
1005 1.5108184913020182 1.5705073948285209 1.0395076601657576
1006 1.5082729201361653 1.565602526051278 1.038010100923868
1007 1.5057236785271775 1.5606976578055969 1.0365100051638905
1008 1.5031707493304027 1.5557927900959245 1.0350073607998045
1009 1.50061411401123 1.5508879229046915 1.0335021564998323
1010 1.498053756360151 1.5459830562430066 1.031994379159871
1011 1.495489659447185 1.541078190132428 1.0304840159858377
1012 1.492921806972471 1.5361733245491178 1.0289710535237995
1013 1.4903501792308929 1.5312684595184989 1.0274554805023892
1014 1.4877747600585873 1.5263635950331964 1.0259372829883802
1015 1.4851955303181745 1.5214587311360301 1.0244164489305236
1016 1.4826124729567407 1.5165538677933552 1.0228929645849572
1016 1.4800255686467 1.5116490049914866 1.021366817583903
1017 1.4800255686467 1.5116490049914866 1.021366817583903
1018 1.4774348014565406 1.5067441427250905 1.0198379930130623
1019 1.4748401519478302 1.501839281066716 1.018306478219506
1020 1.4722416027971617 1.4969344199607995 1.0167722587900812
1021 1.4696391334824164 1.492029559442501 1.015235322365858
1022 1.467032726141053 1.487124699503786 1.0136956545036209
1023 1.464422361889426 1.48221984014868 1.012153241252265
1024 1.461808020896417 1.4773149813492379 1.010608069070049
1025 1.4591896846166494 1.472410123164609 1.0090601233597898
1026 1.4565673324650303 1.4675052655539174 1.0075093906372157
1027 1.4539409457047183 1.4626004085488604 1.0059558559580595
1028 1.451310503946112 1.4576955521538946 1.0043995052681156
1029 1.4486759875720825 1.4527906963370711 1.002840323716475
1030 1.4460373781930795 1.4478858411440885 1.0012782954153776
1031 1.4433946537545546 1.4429809865834422 0.9997134067456628
1032 1.4407477934510824 1.4380761326040665 0.9981456429368416
1033 1.4380967779014113 1.4331712792742668 0.996574988065593
1033 1.435441584738839 1.4282664265591358 0.9950014279536087
1034 1.435441584738839 1.4282664265591358 0.9950014279536087
1035 1.432782195084498 1.4233615744807 0.9934249457900038
1036 1.430118586866898 1.4184567230269318 0.9918455266947372
1037 1.4274507379972194 1.4135518722069356 0.990263155553946
1038 1.4247786271042782 1.4086470220273637 0.9886778164902008
1039 1.4221022333828008 1.4037421725005284 0.9870894929694338
1040 1.419421534399432 1.3988373236231912 0.9854981693053219
1041 1.4167365079329417 1.3939324754059592 0.9839038293999678
1042 1.414047132231354 1.3890276278475586 0.9823064565434148
1043 1.4113533860159502 1.3841227809554306 0.9807060334213051
1044 1.4086552441170495 1.3792179347267604 0.9791025451307354
1045 1.4059526851282278 1.3743130891739443 0.9774959738766757
1046 1.4032456860128988 1.3694082443018558 0.9758863026992894
1047 1.4005342231935596 1.364503400128824 0.9742735147288466
1048 1.397818273485725 1.3595985566315498 0.972657592493145
1049 1.3950978114529609 1.354693713839646 0.9710385198216066
1050 1.392372815824637 1.3497888717319522 0.9694162773010875
1051 1.3896432622671895 1.3448840303415643 0.9677908473771888
1052 1.3869091245296814 1.3399791896656013 0.9661622134903795
1053 1.384170380171336 1.3350743497016464 0.9645303561086083
1054 1.381427002632272 1.3301695104512372 0.9628952582486335
1055 1.3786789675958349 1.3252646719347 0.9612569010505183
1056 1.3759262513580903 1.3203598341443965 0.9596152648742273
1057 1.3731688266295645 1.31545499710384 0.9579703322661477
1058 1.3704066684676515 1.310550160786545 0.9563220837592419
1059 1.3676397516354406 1.3056453252204228 0.9546704997855728
1060 1.3648680494096446 1.3007404904231292 0.9530155614572025
1061 1.362091535930676 1.295835656374599 0.9513572489011861
1062 1.3593101834345762 1.2909308230834646 0.9496955432362486
1063 1.3565239663997448 1.2860259905644034 0.9480304236552155
1064 1.3537328570556446 1.2811211588088822 0.946361870535748
1065 1.3509368284937946 1.276216327862072 0.9446898633187526
1066 1.3481358529148748 1.271311497708792 0.9430143816441222
1066 1.3453299012097593 1.266406668324971 0.9413354056772111
1067 1.3453299012097593 1.266406668324971 0.9413354056772111
1068 1.3425189469560652 1.2615018397504758 0.939652913361646
1069 1.3397029601983335 1.2565970120056205 0.9379668847037482
1070 1.3368819132890264 1.2516921850451532 0.936277297645319
1071 1.3340557774097754 1.2467873589290936 0.9345841306199928
1072 1.3312245235201108 1.2418825336229855 0.9328873617345319
1073 1.3283881206617625 1.236977709149005 0.9311869700647281
1074 1.3255465394787644 1.2320728855145144 0.9294829331296011
1075 1.322699750607906 1.2271680627323895 0.927775228027668
1076 1.3198477235897204 1.2222632407894518 0.9260638321708368
1077 1.3169904262600807 1.2173584197236305 0.9243487237645456
1078 1.3141278289179994 1.2124535995202166 0.9226298787983986
1079 1.311259900778589 1.2075487801807094 0.9209072735799372
1080 1.3083866090388327 1.2026439617303055 0.9191808853912011
1081 1.30550792174105 1.1977391441482954 0.9174506904186135
1082 1.3026238082761916 1.1928343274754174 0.9157166634731921
1083 1.2997342344881442 1.187929511699867 0.9139787813373188
1083 1.2968391676045867 1.1830246968533886 0.9122370193665367
1084 1.2968391676045867 1.1830246968533886 0.9122370193665367
1085 1.293938574691269 1.178119882912329 0.9104913524920809
1086 1.2910324215920121 1.1732150699139579 0.9087417560491857
1087 1.2881206756128802 1.1683102578332412 0.9069882037856166
1088 1.2852033015148032 1.1634054467048696 0.9052306707690707
1089 1.2822802651005067 1.1585006365171782 0.9034691307725721
1090 1.2793515314692459 1.1535958272905882 0.9017035575560409
1091 1.2764170638549752 1.1486910190262887 0.8999339256379617
1092 1.2734768279630362 1.1437862117527418 0.8981602072667954
1093 1.270530787658811 1.1388814054503302 0.8963823753920445
1094 1.2675789042604297 1.133976600150157 0.8946004042342254
1095 1.264621143714344 1.1290717958461174 0.8928142641438828
1096 1.261657467922843 1.124166992540865 0.8910239277477283
1097 1.2586878388018468 1.119262190269166 0.8892293670959743
1098 1.2557122195560053 1.1143573890196454 0.8874305526895803
1099 1.2527305703576996 1.10945258880414 0.8856274565785933
1100 1.2497428519289318 1.104547789626136 0.8838200497976902
1101 1.246749025105566 1.0996429915112307 0.8820083026879613
1102 1.2437490506497102 1.0947381944621828 0.8801921849832272
1103 1.2407428881298177 1.0898333984889097 0.8783716666163003
1104 1.2377304964957896 1.0849286035972674 0.876546717293362
1105 1.2347118354039155 1.0800238097950305 0.8747173055498562
1106 1.2316868628748787 1.0751190171027087 0.8728834004068817
1107 1.2286555364088358 1.070214225533532 0.8710449705550487
1108 1.2256178136206797 1.065309435089094 0.8692019838892452
1109 1.222573652858077 1.0604046457748357 0.8673544070705843
1110 1.2195230084146413 1.0554998576031096 0.8655022089130086
1111 1.2164658375070205 1.0505950705881615 0.8636453554184569
1112 1.2134020967034362 1.0456902847427634 0.861783812294118
1113 1.210331738876949 1.0407855000753747 0.8599175471025042
1114 1.2072547198750057 1.0358807166012647 0.8580465245217809
1115 1.2041709928464746 1.0309759343228404 0.8561707103455235
1116 1.20108051164647 1.0260711532549105 0.8542900690715125
1116 1.1979832286232954 1.0211663734140297 0.8524045654525055
1117 1.1979832286232954 1.0211663734140297 0.8524045654525055
1118 1.1948790969955723 1.01626159479881 0.8505141627752284
1119 1.1917680684283718 1.0113568174551493 0.8486188246248807
1120 1.1886500931734223 1.006452041356453 0.8467185146719314
1121 1.1855251219919505 1.0015472665411855 0.8448131954035352
1122 1.1823931048170964 0.9966424930160029 0.842902828979346
1123 1.1792539918185792 0.9917377207922359 0.840987376487769
1124 1.1761077308719186 0.9868329498778209 0.8390667997277962
1125 1.1729542702174658 0.9819281803071241 0.8371410593228623
1126 1.169793557893641 0.9770234120685122 0.835210115046081
1127 1.1666255402192125 0.9721186451684664 0.8332739269412894
1128 1.1634501635788703 0.9672138796270724 0.8313324540278041
1129 1.1602673732374313 0.962309115473189 0.8293856551254302
1130 1.157077113948791 0.9574043527260476 0.8274334883858222
1131 1.153879330739094 0.9524995913853302 0.8254759107048273
1132 1.1506739660919911 0.9475948314697519 0.8235128797499848
1133 1.1474609625069137 0.9426900729943245 0.821544352092627
1133 1.1442402625269803 0.9377853159743204 0.8195702831704963
1134 1.1442402625269803 0.9377853159743204 0.8195702831704963
1135 1.1410118075799043 0.9328805604287118 0.8175906280999488
1136 1.13777553780305 0.9279758063718218 0.8156053417738844
1137 1.134531392902637 0.9230710538306649 0.8136143782403743
1138 1.1312793115086182 0.918166302820617 0.8116176911219173
1139 1.1280192321792362 0.9132615533333889 0.8096152328618069
1140 1.1247510928559403 0.9083568053927268 0.8076069551408477
1141 1.12147482878622 0.9034520590330963 0.805592810327191
1142 1.1181903756284353 0.8985473142699006 0.8035727491974765
1143 1.1148976685232284 0.8936425711143275 0.8015467215910758
1144 1.1115966403993183 0.888737829581089 0.7995146776098822
1145 1.1082872250054725 0.8838330896965513 0.7974765654202927
1146 1.1049693548567598 0.8789283514764438 0.7954323326825491
1147 1.1016429606916749 0.8740236149310852 0.7933819269197008
1148 1.0983079725345994 0.8691188800984392 0.7913252947556654
1149 1.094964319980784 0.864214146983541 0.7892623816260128
1150 1.0916119302138354 0.8593094156059278 0.7871931332205192
1150 1.0916119302138354 0.8593094156059278 0.7871931332205192
1151 1.0882507309965748 0.8544046859847754 0.7851174932842425
1152 1.0848806488551215 0.8494999581517587 0.7830354049067417
1153 1.081501608411456 0.8445952321227185 0.7809468109467603
1154 1.07811353375619 0.8396905079183566 0.7788516530284542
1155 1.0747163477262252 0.8347857855635438 0.7767498720287432
1156 1.0713099723345416 0.8298810650763189 0.7746414077224413
1157 1.067894328998677 0.8249763464793214 0.7725261985920175
1158 1.0644693355512924 0.820071629816596 0.7704041839701076
1159 1.0610349123361242 0.8151669150887977 0.7682752995318609
1160 1.0575909748277523 0.8102622023253807 0.7661394826646913
1161 1.054137440057805 0.8053574915527372 0.7639966677481584
1162 1.0506742219044753 0.8004527828072712 0.7618467895370582
1163 1.047201234851061 0.7955480760990403 0.7596897803622126
1164 1.0437183900099267 0.790643371453811 0.7575255730104471
1165 1.040225598448745 0.7857386689065359 0.7553540982631871
1166 1.0367227695241892 0.780833968478229 0.7531752860377494
1166 1.0332098112799988 0.775929270205308 0.7509890650806372
1167 1.0332098112799988 0.775929270205308 0.7509890650806372
1168 1.0296866296827214 0.7710245741149222 0.7487953634519844
1169 1.026153130626529 0.7661198802290957 0.7465941070231231
1170 1.022609216987164 0.7612151885766134 0.744385221579876
1171 1.0190547905177108 0.7563104991920098 0.7421686313920187
1172 1.015489752141905 0.7514058120973072 0.7399442589276916
1173 1.0119139776614683 0.746501127337847 0.7377120425424006
1174 1.008327332533614 0.74159644491367 0.7354719256198957
1175 1.0047297210478132 0.7366917648720259 0.7332238207343407
1176 1.0011210697739448 0.7317870872440242 0.7309676215377858
1177 0.9975012844560748 0.7268824120602085 0.7287032341583085
1178 0.9938702567212696 0.7219777393748 0.726430572292776
1179 0.9902278744378592 0.7170730692128973 0.7241495495367379
1180 0.9865740242535728 0.712168401615441 0.7218600775083827
1181 0.9829085908638958 0.7072637366049698 0.7195620662785571
1182 0.9792314569546012 0.7023590742347943 0.7172554243908004
1183 0.9755425032667389 0.6974544145331224 0.7149400586828354
1183 0.971841608284342 0.6925497575441619 0.7126158744805824
1184 0.971841608284342 0.6925497575441619 0.7126158744805824
1185 0.9681286488297045 0.6876451032955155 0.7102827750493246
1186 0.9644034989067657 0.6827404518374656 0.7079406624005519
1187 0.9606660308374231 0.6778358032064763 0.7055894363367875
1188 0.9569161142916995 0.6729311574546623 0.7032289951065979
1189 0.9531536170437723 0.6680265146095044 0.7008592347174885
1190 0.9493784046087662 0.6631218747242588 0.6984800491617752
1191 0.9455903390779825 0.6582172378513527 0.6960913311499788
1192 0.9417892803226192 0.653312604027694 0.6936929711112185
1193 0.9379750865554005 0.6484079733028583 0.6912848567055845
1194 0.9341476123906951 0.6435033457210294 0.6888668741272685
1195 0.9303067104507965 0.6385987213420519 0.686438906833863
1196 0.926452229984625 0.63369410020282 0.6840008364093814
1197 0.9225840175960461 0.6287894823641575 0.6815525419598948
1198 0.9187019162398677 0.6238848678721111 0.6790939006915256
1199 0.9148057672429831 0.6189802567893948 0.6766247863247089
1200 0.9108954076205231 0.6140756491705947 0.6741450709195113
1201 0.9069706719999687 0.6091710450712193 0.6716546233274898
1202 0.9030313914303361 0.6042664445511899 0.6691533099354119
1203 0.8990773933924695 0.5993618476666734 0.6666409945033922
1204 0.895108501955609 0.5944572544870614 0.6641175379166964
1205 0.8911245380153173 0.5895526650590776 0.6615827978119753
1206 0.8871253180479052 0.5846480794661818 0.6590366294050584
1207 0.883110655725031 0.5797434977697419 0.6564788840575979
1208 0.8790803597152064 0.5748389200382922 0.6539094107670901
1209 0.8750342359633658 0.5699343463309359 0.6513280542714637
1210 0.8709720848341956 0.5650297767350706 0.6487346570270776
1211 0.8668937039137037 0.5601252113170831 0.6461290568709006
1212 0.8627988856441268 0.5552206501489502 0.6435110886060631
1213 0.8586874177447327 0.5503160933159145 0.640880583485515
1214 0.8545590835605552 0.545411540891605 0.6382373687014427
1215 0.8504136621214586 0.540506992966428 0.6355812671424735
1216 0.8462509264365624 0.5356024496186145 0.6329120983937438
1216 0.8420706454832474 0.5306979109347815 0.6302296770245739
1217 0.8420706454832474 0.5306979109347815 0.6302296770245739
1218 0.837872582663502 0.5257933770085965 0.6275338134793228
1219 0.8336564955777771 0.520888847927447 0.6248243139597177
1220 0.8294221366091511 0.5159843237920214 0.6221009797272494
1221 0.8251692522496713 0.5110798046962935 0.6193636072877522
1222 0.8208975826340196 0.5061752907380233 0.6166119884454467
1223 0.8166068621527525 0.501270782031441 0.6138459095359335
1224 0.812296818981956 0.49636627867424266 0.6110651514015946
1225 0.8079671742717225 0.491461780776377 0.6082694896848575
1226 0.8036176423736734 0.48655728845384805 0.605458694282379
1227 0.7992479311020193 0.481652801820621 0.6026325287530094
1228 0.7948577399131698 0.47674832100252784 0.5997907513042621
1229 0.7904467614533744 0.4718438461184116 0.5969331131812651
1230 0.7860146804849145 0.46693937729620494 0.5940593590543842
1231 0.7815611732652673 0.4620349146727552 0.5911692270259916
1232 0.7770859078648806 0.4571304583847084 0.5882624478942347
1233 0.7725885433194286 0.4522260085742249 0.5853387452928498
1233 0.768068730344077 0.44732156538573503 0.5823978346122037
1234 0.768068730344077 0.44732156538573503 0.5823978346122037
1235 0.7635261091130733 0.442417128969544 0.5794394241258682
1236 0.7589603108233096 0.43751269948219884 0.5764632132180814
1237 0.7543709560108801 0.43260827708787414 0.5734688930436961
1238 0.749757655005028 0.4277038619569847 0.5704561455316071
1239 0.7451200070903586 0.4227994542606911 0.5674246433291911
1240 0.7404576002408249 0.4178950541770547 0.5643740492921396
1241 0.735770009905679 0.4129906618958557 0.5613040166570509
1242 0.7310567995091201 0.4080862776078248 0.5582141878467459
1243 0.7263175200728224 0.4031819015137288 0.5551041939251373
1244 0.7215517084280497 0.39827753382249315 0.5519736550692511
1245 0.7167588881339366 0.3933731747526213 0.5488221789293165
1246 0.711938567129045 0.38846882452496395 0.5456493614210264
1247 0.7070902390405444 0.38356448337251586 0.54245478468629
1248 0.702213381152592 0.3786601515435981 0.5392380175411592
1249 0.6973074541191276 0.3737558292844951 0.5359986144944362
1250 0.6923719012708577 0.368851516859565 0.5327361150597435
1251 0.6874061479347591 0.36394721454504175 0.529450042945475
1252 0.6824095997544893 0.35904292262259063 0.5261399059329815
1253 0.677381642930175 0.35413864139513035 0.5228051942228898
1254 0.6723216428403116 0.349234371166527 0.5194453798796961
1255 0.6672289427671857 0.3443301122598432 0.5160599161538311
1256 0.66210286287835 0.3394258650190264 0.512648236474081
1257 0.6569426993658549 0.3345216297958785 0.5092097531775471
1258 0.6517477231617702 0.32961740695694774 0.5057438564693435
1259 0.6465171782197235 0.32471319688943734 0.5022499135809214
1260 0.641250280735476 0.31980899999796336 0.4987272670370786
1261 0.6359462171237651 0.3149048167078854 0.4951752337361573
1262 0.6306041427638925 0.3100006474617572 0.4915931032470651
1263 0.6252231802326728 0.3050964927279528 0.48798013633213844
1264 0.6198024173243002 0.30019235299359903 0.4843355634034724
1265 0.6143409054420454 0.2952882287779522 0.48065858249415977
1266 0.6088376568466886 0.2903841206211335 0.4769483578349937
1266 0.6032916433496692 0.2854800290917913 0.47320401705999837
1267 0.6032916433496692 0.2854800290917913 0.47320401705999837
1268 0.5977017927543924 0.2805759547874301 0.46942464986502785
1269 0.5920669870879197 0.2756718983477056 0.46560930495989533
1270 0.5863860596330193 0.2707678604361435 0.4617569875477589
1271 0.5806577916212166 0.2658638417628118 0.4578666567454659
1272 0.5748809090665589 0.2609598430737456 0.453937222402235
1273 0.5690540790905111 0.25605586516055984 0.44996754187194354
1274 0.5631759060118369 0.25115190886185795 0.44595641642485184
1275 0.5572449272716489 0.24624797506535026 0.4419025871998794
1276 0.5512596088143032 0.2413440647182978 0.43780473094591754
1277 0.5452183399051301 0.2364401788219348 0.43366145545117984
1278 0.5391194276115471 0.23153631844948652 0.42947129446857163
1279 0.5329610910935053 0.2266324847409283 0.42523270183932954
1280 0.5267414546409197 0.22172867891625506 0.4209440456274849
1281 0.5204585409530765 0.21682490227939039 0.41660360089842174
1282 0.5141102624355443 0.21192115622368346 0.4122095427928804
1283 0.5076944131323985 0.20701744224713234 0.4077599376559331
1283 0.5012086586544104 0.20211376195729933 0.4032527341006279
1284 0.5012086586544104 0.20211376195729933 0.4032527341006279
1285 0.49465052531388454 0.1972101170852399 0.39868575285571284
1286 0.48801738855084476 0.19230650949690672 0.39405667504585445
1287 0.4813064592913645 0.18740294120578926 0.38936302970399717
1288 0.47451476918319496 0.1824994143925687 0.3846021794152239
1289 0.4676391540219264 0.17759593142538171 0.37977130421601674
1290 0.46067623524676315 0.17269249487467384 0.37486738334173103
1291 0.4536223984045175 0.16778910753861676 0.36988717516764
1292 0.4464737699036843 0.162885772476451 0.36482719356971316
1293 0.4392261895779373 0.15798249303910095 0.35968368186539607
1294 0.4318751804548031 0.1530792729020336 0.35445258220402354
1295 0.424415913389055 0.14817611611480516 0.3491295011338903
1296 0.41684316712296 0.14327302715073298 0.34370966936941644
1297 0.40915128151237073 0.13837001096688903 0.3381878958204006
1298 0.4013341044727904 0.13346707307495828 0.33255851318762536
1299 0.3933849290195498 0.12856421963047354 0.3268153153474885
1300 0.38529642071876774 0.1236614575347955 0.32095148276775043
1301 0.37706053161072395 0.11875879455829616 0.3149594948349098
1302 0.3686683986329633 0.11385623949145485 0.3088310251533307
1303 0.36011022279748833 0.1089538023319876 0.3025568157593207
1304 0.3513751237082392 0.10405149451137785 0.2961265254445729
1305 0.34245096395509006 0.09914932918515466 0.2895285445835608
1306 0.3333241351833321 0.09424732159108423 0.28274976709756444
1307 0.3239792941595394 0.08934548951080344 0.27577530762446323
1308 0.3143990352159009 0.08444385386483284 0.2685881456565044
1309 0.30456347776040715 0.07954243949167561 0.2611686735277227
1310 0.29444974142844543 0.07464127617794117 0.25349411351437656
1311 0.2840312684759851 0.06974040006018518 0.2455377551717752
1312 0.27327693648665125 0.06483985554757099 0.2372679391871704
1313 0.2621498736962952 0.05993969803178141 0.228646679041404
1314 0.25060584093599986 0.05503999779220637 0.21962775323446102
1315 0.2385909812445516 0.050140845799768276 0.21015398628322327
1316 0.22603859701310658 0.04524236262737228 0.20015326243043774
1316 0.2128643929384858 0.040344712708059886 0.1895324631382517
1317 0.2128643929384858 0.040344712708059886 0.1895324631382517
1318 0.1989591860295478 0.03544812827646952 0.17816783926330024
1319 0.18417719387178622 0.030552952050396258 0.1658888997498002
1320 0.16831613317929775 0.025659719373854716 0.15244955364154458
1321 0.15108087085625102 0.02076933304648012 0.13747162647904992
1322 0.13201037412157932 0.01588349080958368 0.1203200196596311
1323 0.11031056231635765 0.011005970428556954 0.0997725892919767
1324 0.08439608404655663 0.0061480913340468445 0.07284806402457351
1325 0.05084385394378589 0.0013821486417037129 0.02718418322953739
1326 0.045893219300291575 0.0001371887500183709 0.0029893032589565862
1327 0.04240473308416206 1.277430247299258e-05 0.00030124709068770706
1328 0.03936761971081657 1.185424249894109e-06 3.011165670167262e-05
1329 0.03660410751573162 1.1004247144226833e-07 3.0062875155465697e-06
1330 0.0339970286313363 1.0215548339928963e-08 3.0048356433458777e-07
