1 1.8324541631112017 5.495110299005732 2.9987709431574268
2 1.8315793842993724 5.490190523954376 2.997517099732218
3 1.8307085380749757 5.485285177887456 2.996263503340262
4 1.8298363154919528 5.480380281021901 2.9950112119993078
5 1.82896063882374 5.47547534676169 2.993763359654986
6 1.8280804642819788 5.470570408354625 2.9925216724545654
7 1.8271965125393508 5.465665469271994 2.9912849722310777
8 1.8263116925186997 5.460760529972122 2.990048496289857
9 1.8254265565571053 5.455855589462878 2.988811338295111
10 1.8245410648698015 5.450950650094447 2.987573563044702
11 1.8236552112140758 5.44604571111942 2.986335178728101
12 1.8227689944309222 5.441140771897964 2.98509618526659
13 1.821882413318604 5.436235833241443 2.983856583443936
14 1.8209954666113761 5.431330894328143 2.9826163732494666
15 1.8201081516011721 5.426425955634492 2.98137555774408
16 1.8192204665549712 5.421521017219865 2.980134138160018
16 1.8183324226042696 5.416616078796168 2.9788920944600052
17 1.8183324226042696 5.416616078796168 2.9788920944600052
18 1.8174440085481736 5.41171114061594 2.9776494434835272
19 1.8165552273246717 5.406806202511869 2.97640617867409
20 1.815666079561265 5.401901264632263 2.9751622974294762
21 1.8147765621172403 5.396996326985432 2.9739178032412616
22 1.813886671197164 5.3920913892332765 2.9726727004805102
23 1.8129964074299132 5.38718645172745 2.9714269866448744
24 1.8121057783123995 5.382281514194202 2.9701806476257033
25 1.8112147858011596 5.377376576760131 2.9689336786092664
26 1.8103234121667158 5.372471639438505 2.9676861069859184
27 1.8094316716167835 5.367566702258797 2.966437907800469
28 1.808539554834899 5.362661765073995 2.9651890945584274
29 1.8076470687532125 5.357756828159277 2.9639396543566883
30 1.8067542095435405 5.352851891415363 2.9626895917224463
31 1.8058609754132093 5.347946954966127 2.9614389079660093
32 1.804967362671654 5.34304201855403 2.9601876072958087
33 1.8040733782809228 5.338137082110441 2.9589356765505177
33 1.8031790183188234 5.333232145854519 2.9576831205738556
34 1.8031790183188234 5.333232145854519 2.9576831205738556
35 1.8022842857350425 5.328327209912202 2.9564299328832577
36 1.8013891736423955 5.323422273878015 2.9551761228330773
37 1.8004936803466933 5.318517337848968 2.9539216915356588
38 1.7995978087323428 5.313612402032528 2.952666632649157
39 1.7987015631367602 5.308707466391258 2.9514109373060142
40 1.7978049399550204 5.3038025310208115 2.950154609739535
41 1.7969079377591735 5.298897595649228 2.9488976504033904
42 1.7960105560779236 5.293992660601417 2.947640058509615
43 1.7951127953175132 5.289087725453638 2.946381831409164
44 1.7942146545507343 5.284182790715352 2.94512296915694
45 1.793316135288429 5.279277855890052 2.9438634672413495
46 1.7924172274904102 5.2743729213996975 2.9426033406208805
47 1.791517939493295 5.2694679870369 2.9413425737323586
48 1.7906182675161095 5.264563052663598 2.9400811709390395
49 1.78971821626436 5.259658118374952 2.938819122796505
50 1.7888177794101436 5.254753184379189 2.93755643803581
51 1.7879169540187845 5.249848250442194 2.9362931195668036
52 1.787015750190436 5.244943316694421 2.9350291490914313
53 1.7861141596218404 5.240038382973542 2.933764538366894
54 1.7852121821333644 5.235133449449694 2.932499285991654
55 1.7843098176933936 5.2302285160358375 2.9312333901726997
56 1.7834070643204625 5.225323582723361 2.929966852359858
57 1.782503924816957 5.220418649591723 2.9286996661888423
58 1.7816004003766595 5.2155137168981325 2.9274318280325304
59 1.7806964838267083 5.210608784087346 2.9261633475513875
60 1.7797921750000447 5.205703851564601 2.9248942234305924
61 1.7788874819596232 5.200798919028296 2.923624440427842
62 1.7779823963710955 5.195893986460137 2.9223540104025103
63 1.7770769190603817 5.190989054265287 2.921082930394476
64 1.7761710538983657 5.1860841221039085 2.9198111920140892
65 1.7752647902440364 5.181179190111579 2.91853881099019
66 1.7743581369735502 5.176274258246713 2.917265770863864
66 1.7734510928838723 5.171369326639892 2.9159920718369197
67 1.7734510928838723 5.171369326639892 2.9159920718369197
68 1.7725436504338439 5.166464395230164 2.914717724421416
69 1.7716358128131133 5.161559463802608 2.913442721394734
70 1.770727590425557 5.15665453246827 2.9121670438472
71 1.7698189657993173 5.151749601432044 2.9108907187607853
72 1.7689099445860716 5.146844670558304 2.909613734894048
73 1.7680005272196457 5.141939739764066 2.9083360896109407
74 1.7670907181473987 5.137034809221185 2.907057773811864
75 1.7661805094694678 5.132129878612674 2.9057787984277343
76 1.7652699022684977 5.127224948213232 2.904499159943974
77 1.7643588945136974 5.122320018050741 2.903218859824199
78 1.7634474951430585 5.117415087973711 2.9019378813762553
79 1.7625356888320944 5.112510158059126 2.9006562479576337
80 1.7616234810078153 5.107605228319221 2.8993739487380057
81 1.7607108714148316 5.1027002989061225 2.898090982312054
82 1.7597978635003237 5.097795369563698 2.896807340943087
83 1.7588844529612009 5.092890440230339 2.8955230297567947
83 1.7579706426212227 5.087985510846103 2.8942380421436735
84 1.7579706426212227 5.087985510846103 2.8942380421436735
85 1.7570564303343559 5.0830805818354685 2.892952379946154
86 1.7561418085705547 5.078175652949593 2.891666053485209
87 1.7552267875027745 5.073270724044385 2.890379043987993
88 1.754311356639625 5.06836579536122 2.8890913669222607
89 1.7533955164678747 5.063460867083005 2.887803019642189
90 1.7524792763720944 5.0585559388800645 2.88651398454883
91 1.7515626292450779 5.0536510109018 2.885224271472336
92 1.7506455727635144 5.048746083045748 2.883933882216921
93 1.7497281096635715 5.043841155374452 2.8826428103416912
94 1.7488102402042391 5.038936227710801 2.8813510533437388
95 1.7478919591705684 5.034031300035247 2.880058617824444
96 1.7469732692451956 5.029126372829842 2.8787654976556953
97 1.7460541662704223 5.024221445572134 2.877471697400939
98 1.7451346521577333 5.019316518466852 2.8761772120339413
99 1.7442147279960516 5.0144115915893845 2.8748820378041984
100 1.7432943897300444 5.009506664996355 2.8735861794244033
101 1.742373640079884 5.004601738459283 2.8722896302711702
102 1.741452482311437 4.99969681215871 2.87099238304946
103 1.7405307471914253 4.9947918860026785 2.86969471470839
104 1.7396085095201448 4.98988695960178 2.8683964997263636
105 1.7386858605183633 4.9849820335469746 2.8670975860244106
106 1.737762800794929 4.980077107790573 2.865797970535718
107 1.7368393249382081 4.975172181956302 2.8644976599279297
108 1.735915427696055 4.970267256317944 2.86319666097708
109 1.7349911125632382 4.965362331066986 2.8618949659812767
110 1.7340663843807556 4.96045740582258 2.8605925646808417
111 1.733141228879604 4.9555524807084135 2.859289478626015
112 1.732215661309202 4.950647555633424 2.8579856805426544
113 1.731289674687693 4.945742630865943 2.85668118003309
114 1.730363269249302 4.940837706087721 2.855375974451449
115 1.7294364366568278 4.935932781395525 2.8540700755311788
116 1.7285091865763988 4.9310278568575265 2.852763465275097
116 1.7275815146404814 4.926122932430662 2.8514561487744405
117 1.7275815146404814 4.926122932430662 2.8514561487744405
118 1.7266534252010222 4.921218008261796 2.8501481168340734
119 1.7257249026781871 4.916313084022297 2.8488393928792313
120 1.7247959591727318 4.91140815995245 2.847529954968193
121 1.7238665897564462 4.906503236003465 2.846219809095942
122 1.7229367918189524 4.901598312382864 2.844908957575925
123 1.722006574407254 4.896693388932177 2.843597383254886
124 1.721075924493733 4.891788465608745 2.842285105491613
125 1.720144853252068 4.886883542520032 2.840972103762655
126 1.7192133574344548 4.881978619547923 2.8396583812222094
127 1.7182814310790553 4.877073696777648 2.838343945621829
128 1.7173490735055017 4.872168774059793 2.837028795849049
129 1.7164162888302366 4.867263851440217 2.8357129229747233
130 1.7154830673995756 4.8623589289678035 2.8343963408152066
131 1.7145494176664748 4.857454006669178 2.8330790332542524
132 1.7136153401546739 4.852549084552919 2.831760997257949
133 1.7126808284335038 4.847644162609461 2.830442241268817
133 1.711745884084346 4.842739240853833 2.8291227604991906
134 1.711745884084346 4.842739240853833 2.8291227604991906
135 1.7108105070710269 4.83783431923005 2.8278025527868706
136 1.7098746923277706 4.832929397781124 2.8264816243357127
137 1.7089384455061836 4.828024476271968 2.825159963466044
138 1.7080017624926151 4.823119555070079 2.823837574986655
139 1.7070646414294894 4.818214633991681 2.8225144596498266
140 1.7061270881394577 4.813309713121722 2.8211906056603713
141 1.705189093853943 4.808404792396987 2.819866025256697
142 1.7042506596324105 4.803499871828234 2.818540714465265
143 1.7033117870043248 4.798594951432999 2.8172146685325643
144 1.7023724747056428 4.793690031029719 2.815887887202004
145 1.7014327205460689 4.78878511109202 2.8145603721286587
146 1.7004925275416598 4.783880191138129 2.813232115788248
147 1.699551890581048 4.778975271399219 2.811903124514408
148 1.698610820528668 4.774070351621412 2.8105733779180517
149 1.697669301748551 4.769165432207164 2.809242899836299
150 1.6967273389240916 4.764260512918646 2.8079116801051267
151 1.6957849308483706 4.759355593781968 2.8065797184557764
152 1.6948420789190937 4.754450674910717 2.805247010354455
153 1.693898784079154 4.7495457561083985 2.803913551830295
154 1.6929550403482534 4.7446408373341695 2.802579350458215
155 1.6920108493757433 4.739735918870064 2.801244401369388
156 1.6910662100687441 4.734831000431324 2.799908703893295
157 1.690121120816721 4.72992608227847 2.7985722585330555
158 1.6891755800229598 4.725021164321013 2.7972350655559377
159 1.6882295913510457 4.720116246350276 2.7958971164419
160 1.687283155873741 4.715211328614087 2.7945584072238114
161 1.6863362672455302 4.710306411093151 2.793218946056938
162 1.6853889289766322 4.705401493769843 2.7918787247682717
163 1.684441136461473 4.700496576609775 2.790537748611488
164 1.683492892103054 4.695591659575057 2.789196011222374
165 1.6825441982951543 4.690686742833221 2.787853506366181
166 1.6815950437516014 4.685781826368759 2.7865102503602075
166 1.6806454318572162 4.680876909956062 2.78516623508351
167 1.6806454318572162 4.680876909956062 2.78516623508351
168 1.6796953642312866 4.675971993719249 2.7838214555406657
169 1.6787448444336492 4.671067077428837 2.7824759033018474
170 1.6777938673409754 4.666162161544715 2.781129584732484
171 1.6768424300624571 4.661257245815227 2.779782502069446
172 1.6758905346558675 4.656352330132753 2.7784346494258965
173 1.6749381794023395 4.651447414730551 2.7770860273722495
174 1.6739853637007998 4.646542499213355 2.7757366342444656
175 1.6730320881881073 4.641637583889091 2.7743864667389504
176 1.672078349425862 4.636732669062559 2.7730355283020467
177 1.671124148069011 4.631827754232533 2.771683815104116
178 1.670169488916166 4.626922839456014 2.770331316768691
179 1.669214360930814 4.622017925050486 2.768978049333988
180 1.6682587655434598 4.617113010747093 2.7676240078037297
181 1.667302702522141 4.612208096783563 2.7662691902356076
182 1.666346175266139 4.607303182911827 2.7649135883640596
183 1.665389186728297 4.602398269241372 2.763557194869813
183 1.6644317257254069 4.597493355572471 2.7622000256987125
184 1.6644317257254069 4.597493355572471 2.7622000256987125
185 1.66347379742324 4.592588442152717 2.7608420699302534
186 1.6625154010164467 4.587683529022293 2.7594833264205705
187 1.6615565331359021 4.582778616092724 2.7581237981975355
188 1.6605971954862966 4.577873703308422 2.7567634798803913
189 1.6596373871585222 4.57296879063141 2.755402370430341
190 1.6586771083942755 4.56806387810128 2.754040466937842
191 1.6577163612847938 4.563158965520208 2.752677763271628
192 1.6567551392453168 4.558254053441007 2.7513142681527323
193 1.655793438361853 4.553349141401065 2.7499499852505074
194 1.654831264197405 4.5484442295666705 2.7485849028678286
195 1.6538686117449524 4.543539317728566 2.747219026627998
196 1.6529054851211817 4.538634406260233 2.74585234734549
197 1.6519418814349636 4.533729495047801 2.744484867173151
198 1.6509778018301322 4.52882458390491 2.743116581509845
199 1.6500132408953456 4.523919672930576 2.741747496811459
200 1.6490482001878857 4.51901476222816 2.740377607951837
201 1.6480826792840835 4.514109851739907 2.739006912991045
202 1.6471166794287837 4.50920494132203 2.737635407156348
203 1.6461501994418986 4.504300031025243 2.7362630898154707
204 1.6451832320342585 4.499395121197639 2.7348899706655567
205 1.644215780486235 4.494490211465319 2.733516041389767
206 1.6432476289447873 4.4895853017042535 2.7321416581548603
207 1.642278994040143 4.484680392309277 2.730766458430178
208 1.641309869903905 4.479775482928963 2.7293904490998053
209 1.6403402603730366 4.474870573827535 2.728013621277506
210 1.639370162582664 4.46996566477309 2.7266359769114654
211 1.6383995783124903 4.46506075589492 2.725257510438216
212 1.6374285046648167 4.460155847171165 2.7238782239742205
213 1.636456940753887 4.455250938619944 2.722498116306982
214 1.6354848849898798 4.450346030336879 2.7211171874354667
215 1.6345123459688906 4.445441122269175 2.7197354203121966
216 1.6335393106974248 4.440536214238581 2.718352833726869
216 1.6325657812695897 4.4356313063563695 2.7169694215365294
217 1.6325657812695897 4.4356313063563695 2.7169694215365294
218 1.6315917606809134 4.430726398725034 2.7155851760834806
219 1.6306172491574806 4.425821491234505 2.7142000941798394
220 1.629642235663271 4.420916583907137 2.7128141914582904
221 1.6286667287512326 4.416011676736359 2.711427450920116
222 1.6276907261735454 4.411106769827451 2.71003987360504
223 1.6267142227602989 4.4062018631442035 2.7086514653246936
224 1.6257372258789917 4.401296956369222 2.7072622108345716
225 1.6247597286610274 4.39639204993075 2.7058721190448503
226 1.6237817296818342 4.39148714370077 2.704481189452257
227 1.622803233907648 4.3865822375369525 2.703089410891936
228 1.6218242304728319 4.381677331861983 2.7016967989092966
229 1.6208447284020453 4.3767724261965375 2.700303335354954
230 1.6198647193311788 4.371867520665446 2.6989090314100634
231 1.618884209114283 4.36696261528052 2.6975138744912175
232 1.6179031940845807 4.362057710129909 2.6961178679160636
233 1.6169216731696014 4.3571528052121655 2.694721010617029
233 1.6159396467743639 4.352247900472967 2.693323299023356
234 1.6159396467743639 4.352247900472967 2.693323299023356
235 1.6149571152418027 4.347342995947727 2.6919247297144557
236 1.613974069029147 4.342438091511589 2.6905253156413433
237 1.6129905124923387 4.337533187447727 2.689125046833361
238 1.6120064507800917 4.332628283437409 2.6877239116138387
239 1.6110218775189413 4.327723379531148 2.6863219177358846
240 1.6100367894449557 4.322818475720787 2.6849190677257977
241 1.6090511926652526 4.317913572228547 2.6835153486175294
242 1.6080650807364696 4.313008668883403 2.682110768121468
243 1.6070784537581246 4.308103765820508 2.6807053232193385
244 1.6060913141563629 4.30319886289972 2.679299006831424
245 1.6051036563836232 4.298293960211634 2.677891825314198
246 1.6041154802326318 4.29338905767762 2.6764837760028257
247 1.603126786881638 4.2884841552305675 2.6750748539187095
248 1.6021375773813071 4.283579253079837 2.6736650544588962
249 1.6011478448261258 4.278674351125768 2.672254386096622
250 1.6001575932859264 4.273769449358391 2.6708428390369963
251 1.599166818574725 4.268864547817131 2.6694304172855485
252 1.5981755233455028 4.26395964641787 2.6680171133468567
253 1.5971837050920414 4.259054745101779 2.666602928344014
254 1.59619136299888 4.254149844084591 2.665187860741216
255 1.595198493441993 4.249244943304687 2.663771913510276
256 1.5942051056679356 4.244340042588092 2.6623550680511783
257 1.5932111862852252 4.239435142159873 2.660937343808548
258 1.5922167365757967 4.2345302419402415 2.6595187355252743
259 1.5912217617727777 4.229625341840053 2.658099231327652
260 1.5902262580266033 4.224720441818213 2.656678834533203
261 1.5892302208949731 4.219815542113904 2.655257549618909
262 1.5882336533734756 4.2149106426630425 2.6538353684361202
263 1.5872365574065666 4.2100057434831655 2.6524122846326197
264 1.5862389245648159 4.205100844463469 2.6509883091017556
265 1.5852407589643611 4.200195945570779 2.649563431812572
266 1.5842420607470338 4.195291046916591 2.6481376494563857
266 1.5832428264393128 4.190386148409677 2.6467109646306035
267 1.5832428264393128 4.190386148409677 2.6467109646306035
268 1.5822430523945925 4.185481250170035 2.6452833803477027
269 1.5812427414601848 4.180576352142324 2.643854888643983
270 1.5802418921940584 4.175671454246722 2.6424254887010283
271 1.5792405028021415 4.170766556563788 2.640995180381548
272 1.5782385698246517 4.1658616590680655 2.6395639662582244
273 1.5772360992252634 4.160956761856901 2.6381318332117543
274 1.5762330870039025 4.156051864853895 2.6366987846662333
275 1.5752295316979816 4.151146967914379 2.635264819749632
276 1.574225429683984 4.146242071213315 2.633829941398957
277 1.5732207840570338 4.141337174865257 2.632394141263215
278 1.5722155943573901 4.136432278667948 2.6309574167266976
279 1.5712098557590395 4.131527382737327 2.629519772673153
280 1.5702035692986396 4.126622486910098 2.628081203988939
281 1.5691967345849736 4.121717591406672 2.6266417081837723
282 1.568189346979129 4.116812696072417 2.625201289629222
283 1.5671814127541814 4.1119078011050805 2.6237599346451983
283 1.5661729239642264 4.107002906224949 2.6223176530401817
284 1.5661729239642264 4.107002906224949 2.6223176530401817
285 1.565163880605673 4.102098011498434 2.6208744415383785
286 1.56415428733542 4.09719311691863 2.619430289001932
287 1.563144139441136 4.09228822264091 2.617985200075028
288 1.5621334314219053 4.087383328520251 2.616539180522998
289 1.5611221681164906 4.082478434644126 2.6150922189322805
290 1.560110348938224 4.077573540844486 2.6136443128010725
291 1.5590979691817195 4.072668647428449 2.6121954668223686
292 1.5580850299109847 4.067763754336156 2.6107456757790373
293 1.5570715303849547 4.062858861311421 2.6092949373410996
294 1.5560574727201186 4.057953968314573 2.607843244517781
295 1.5550428520010888 4.053049075831294 2.606390602429814
296 1.5540276669152318 4.048144183397239 2.6049370095404196
297 1.5530119152780848 4.043239291186632 2.6034824661745386
298 1.5519956002083894 4.038334399092185 2.6020269635751223
299 1.5509787160925157 4.033429507396727 2.600570507865134
300 1.5499612642668574 4.028524615876751 2.5991130931793136
301 1.5489432441021282 4.023619724517826 2.597654717071436
302 1.5479246523814045 4.018714833581588 2.5961953816027132
303 1.5469054930184376 4.013809942584846 2.594735076383238
304 1.5458857614390942 4.008905051872276 2.5932738057825895
305 1.5448654541664777 4.004000161472928 2.591811572117302
306 1.5438445775310738 3.9990952713572496 2.5903483612013773
307 1.5428231252226798 3.994190381442102 2.5888841800096882
308 1.541801094500074 3.9892854916554232 2.5874190295272435
309 1.5407784887161535 3.9843806021249786 2.5859529006307356
310 1.5397553060107338 3.979475712955251 2.584485792918261
311 1.5387315428129626 3.9745708239247697 2.5830177086373607
312 1.5377072001751824 3.969665935031171 2.581548642406649
313 1.536682130107499 3.9647610463676717 2.580078839135271
314 1.5356564294974662 3.959856157789883 2.5786081324751273
315 1.5346301432577676 3.95495126942455 2.5771364434617703
316 1.5336032742677903 3.9500463812175513 2.575663763565892
316 1.5325758218041792 3.945141493284404 2.574190090406166
317 1.5325758218041792 3.945141493284404 2.574190090406166
318 1.5315477814271938 3.940236605694814 2.572715427802749
319 1.5305191517779635 3.9353317182447047 2.571239774211995
320 1.5294899367341763 3.930426831046347 2.5697631194872326
321 1.5284601334756356 3.9255219439583238 2.5682854645556894
322 1.527429737028477 3.920617057179396 2.566806814175768
323 1.5263987491751576 3.9157121706038 2.5653271615426774
324 1.5253671690321216 3.9108072842344668 2.5638465043901255
325 1.5243349947492528 3.905902398151569 2.5623648421153478
326 1.52330222600766 3.9009975122497464 2.5608821714084002
327 1.5222688620398097 3.896092626514567 2.559398489760791
328 1.5212348980939163 3.8911877409764775 2.5579138013807565
329 1.5202003367925843 3.8862828558213547 2.5564280981682206
330 1.5191651773410184 3.8813779708637215 2.554941377511867
331 1.518129418100681 3.8764730862277497 2.5534536384108626
332 1.5170930563475493 3.8715682016922313 2.5519648814510805
333 1.5160560937963605 3.866663317286357 2.5504750999046704
333 1.5150185258655195 3.861758433141503 2.548984297690556
334 1.5150185258655195 3.861758433141503 2.548984297690556
335 1.5139803549240767 3.8568535492957485 2.5474924669608163
336 1.5129415746816737 3.851948665607851 2.545999614306527
337 1.5119021911048824 3.8470437822196106 2.54450572586857
338 1.510862199119213 3.8421388990249867 2.5430108061905563
339 1.5098215992409347 3.8372340160905654 2.5415148505093192
340 1.5087803849533798 3.8323291333869687 2.540017865824379
341 1.507738560629079 3.827424251012569 2.538519840877214
342 1.5066961210640222 3.822519368731051 2.537020780296165
343 1.5056530649014566 3.817614486699924 2.5355206824819123
344 1.5046093941334182 3.8127096049576714 2.5340195401037002
345 1.503565111389018 3.8078047233581525 2.5325173446199747
346 1.5025202099059418 3.802899841960213 2.5310141034297806
347 1.5014746891902608 3.7979949608584103 2.5295098133866336
348 1.500428547379514 3.7930900799663765 2.528004473515901
349 1.4993817849921578 3.7881851992744067 2.5264980788693654
350 1.4983343987915207 3.783280318883752 2.524990630886637
350 1.4983343987915207 3.783280318883752 2.524990630886637
351 1.4972863898843898 3.77837543869562 2.5234821235417497
352 1.4962377549740342 3.7734705587736204 2.5219725583245327
353 1.4951884942735112 3.768565679067613 2.5204619307204474
354 1.4941386076750833 3.7636607996092724 2.5189502367960506
355 1.493088094506014 3.7587559203722787 2.5174374735175
356 1.4920369492168861 3.75385104145699 2.5159236461451204
357 1.4909851742416682 3.748946162677633 2.514408746273677
358 1.4899327675056016 3.744041284147974 2.512892773286764
359 1.4888797257584394 3.739136405914128 2.5113757284923746
360 1.4878260529547758 3.7342315278824905 2.5098576009382443
361 1.4867717429214131 3.729326650135487 2.50833839685949
362 1.4857167973966439 3.7244217726570756 2.5068181090657493
363 1.4846612122021647 3.7195168953426463 2.5052967402748876
364 1.4836049867958827 3.714612018374481 2.503774287249376
365 1.4825481238643072 3.709707141621542 2.5022507410768404
366 1.48149061778556 3.7048022650435914 2.5007261069133864
366 1.4804324688325772 3.699897388810255 2.499200380094256
367 1.4804324688325772 3.699897388810255 2.499200380094256
368 1.4793736758893734 3.6949925127736476 2.4976735580699603
369 1.4783142382722334 3.690087636961192 2.496145637664932
370 1.4772541519570939 3.6851827613337824 2.4946166212845524
371 1.4761934151618934 3.6802778860610736 2.493086507676543
372 1.4751320319370858 3.6753730110262985 2.4915552855292162
373 1.4740699984530654 3.670468136290514 2.490022956943983
374 1.4730073137579518 3.6655632618518412 2.488489519105114
375 1.471943972951484 3.660658387577236 2.4869549757638043
376 1.4708799804311943 3.655753513623335 2.4854193151446906
377 1.469815330065039 3.65084863980723 2.483882543016939
378 1.4687500219102236 3.645943766255228 2.482344654887831
379 1.4676840560716387 3.641038893023728 2.480805646120616
380 1.4666174303386224 3.636134020067475 2.47926551590754
381 1.4655501436376468 3.6312291474142557 2.4777242615535284
382 1.464482194192139 3.6263242749756075 2.4761818814574377
383 1.4634135807328226 3.6214194027736153 2.474638373220607
383 1.4623443029878394 3.6165145308459854 2.473093732752799
384 1.4623443029878394 3.6165145308459854 2.473093732752799
385 1.4612743591822597 3.611609659061073 2.4715479583739204
386 1.4602037500471623 3.60670478764693 2.470001044395646
387 1.4591324691883618 3.6017999165529875 2.4684529969759894
388 1.4580605180111728 3.5968950456757596 2.4669038090284516
389 1.4569878953770594 3.591990174971491 2.465353477793929
390 1.455914602086649 3.5870853045164424 2.4638019972980234
391 1.4548406306256285 3.582180434292018 2.46224937555639
392 1.4537659848456355 3.5772755644757166 2.460695601469559
393 1.4526906623840747 3.5723706949452323 2.459140674231675
394 1.4516146611983083 3.5674658256382066 2.4575845925207607
395 1.4505379822501852 3.562560956639959 2.4560273500135743
396 1.4494606216119523 3.5576560879112864 2.4544689485629485
397 1.4483825795883183 3.5527512194615167 2.4529093828726762
398 1.4473038527815 3.547846351165191 2.4513486538067073
399 1.4462244400414883 3.5429414832073256 2.449786758620735
400 1.44514434142815 3.5380366155154 2.448223692326103
401 1.4440635537379893 3.5331317481108058 2.446659455510264
402 1.4429820784122191 3.528226880973547 2.4450940408461763
403 1.441899908178939 3.5233220140994517 2.4435274557644324
404 1.4408170508353002 3.5184171474074577 2.4419596820898866
405 1.4397334985108075 3.513512281138091 2.4403907284037656
406 1.4386492509990991 3.50860741506438 2.438820589958085
407 1.437564307144016 3.5037025492246388 2.4372492637810295
408 1.4364786642114609 3.498797683699693 2.4356767495884246
409 1.4353923209502364 3.493892818539141 2.4341030445433676
410 1.4343052782444252 3.488987953621265 2.432528142050589
411 1.433217530403546 3.4840830889920773 2.4309520467636734
412 1.4321290812142204 3.4791782245884075 2.4293747471691667
413 1.4310399298539114 3.4742733605261544 2.4277962396764345
414 1.429950069766361 3.469368496675088 2.426216530233078
415 1.428859501171378 3.464463633071143 2.4246356133902442
416 1.427768224226826 3.4595587698420287 2.423053483849223
416 1.4266762339481691 3.4546539069416213 2.4214701448984313
417 1.4266762339481691 3.4546539069416213 2.4214701448984313
418 1.4255835309596072 3.4497490442102445 2.4198855902102805
419 1.4244901138692387 3.444844181767304 2.418299817055469
420 1.4233959829811307 3.4399393197153416 2.4167128197950967
421 1.422301131477519 3.4350344579194374 2.4151246046967882
422 1.4212055613910035 3.4301295963833156 2.4135351630808985
423 1.4201092747516966 3.425224735077218 2.4119444862270276
424 1.4190122666040559 3.4203198741692895 2.410352577398582
425 1.4179145355771743 3.415415013476172 2.408759433505559
426 1.416816078615672 3.4105101531811726 2.4071650545591483
427 1.4157168984168667 3.4056052930553613 2.4055694304869135
428 1.4146169149533976 3.4007004331646633 2.4039726919826165
429 1.4135161062659307 3.3957955735576966 2.4023748710782864
430 1.4124145668152426 3.3908907143404172 2.4007758019561534
431 1.411312296222811 3.385985855267452 2.3991754796791547
432 1.4102092939410424 3.3810809965972766 2.397573899933914
433 1.4091055545200055 3.376176138175428 2.395971066429783
433 1.4080010814209665 3.37127127994623 2.3943669677752766
434 1.4080010814209665 3.37127127994623 2.3943669677752766
435 1.406895868452205 3.3663664221529386 2.3927616091846535
436 1.4057899149208517 3.361461564599101 2.391154986190349
437 1.4046832185080047 3.356556707357554 2.389547097261365
438 1.403575781386663 3.351651850433822 2.3879379331570947
439 1.4024675975857732 3.346746993851879 2.386327498484111
440 1.4013586679855845 3.341842137419934 2.3847157860191084
441 1.4002489926474326 3.336937281349707 2.3831027901977655
442 1.3991385671188183 3.3320324255657043 2.3814885129120595
443 1.3980273897769588 3.327127570101202 2.3798729512960484
444 1.3969154604575058 3.3222227148861396 2.378256099906056
445 1.3958027739592882 3.3173178599818227 2.3766379619464635
446 1.3946893330825674 3.312413005420881 2.3750185269573447
447 1.3935751379591135 3.307508151213052 2.373397788982435
448 1.3924601814323916 3.302603297231445 2.371775754358831
449 1.391344465247817 3.2976984434282515 2.370152414298703
450 1.390227984504244 3.292793590058907 2.3685277715317454
451 1.3891107399420943 3.287888736957177 2.366901818852998
452 1.387992729322277 3.282983884233115 2.365274554309889
453 1.3868739508003165 3.2780790318749995 2.3636459751683523
454 1.3857544038824425 3.273174179775333 2.3620160763010682
455 1.384634085689697 3.268269327946486 2.3603848567100205
456 1.3835129962115742 3.2633644765061853 2.358752310561696
457 1.382391131246183 3.2584596252245803 2.3571184388944824
458 1.3812684903421875 3.2535547742770707 2.3554832366233547
459 1.3801450714665604 3.2486499236470405 2.353846701198579
460 1.3790208740374374 3.243745073347419 2.3522088275941195
461 1.3778958956056362 3.23884022339315 2.3505696139471843
462 1.376770134264666 3.2339353737553704 2.3489290574149604
463 1.3756435896406458 3.229030524427598 2.347287152532805
464 1.3745162535075746 3.2241256755379184 2.3456439073094972
465 1.373388132733043 3.219220826939287 2.343999303775136
466 1.3722592228865889 3.214315978613036 2.3423533433075603
466 1.3711295192986264 3.2094111305957567 2.340706027711712
467 1.3711295192986264 3.2094111305957567 2.340706027711712
468 1.3699990224182461 3.2045062828913093 2.3390573500080993
469 1.3688677306678574 3.1996014354276774 2.3374073065968344
470 1.367735639363274 3.1946965883844687 2.335755899343023
471 1.366602751147824 3.1897917416040316 2.33410311732864
472 1.3654690631659425 3.184886895147739 2.3324489591608466
473 1.3643345715789388 3.1799820490611057 2.330793425091417
474 1.3631992753887534 3.175077203322631 2.3291365104468467
475 1.3620631733543096 3.170172357925519 2.327478210954369
476 1.3609262625643903 3.1652675127950953 2.3258185251203756
477 1.3597885421333058 3.160362668040034 2.3241574480999048
478 1.3586500110712365 3.1554578237108437 2.3224949751576585
479 1.3575106666623118 3.1505529796419087 2.320831104324299
480 1.3563705059504265 3.145648135832688 2.3191658341379897
481 1.355229527231806 3.1407432924251144 2.317499161075985
482 1.3540877299659775 3.1358384493068434 2.3158310794128782
483 1.3529451107107682 3.1309336065550983 2.314161588499526
483 1.35180166892982 3.1260287641023714 2.3124906825844893
484 1.35180166892982 3.1260287641023714 2.3124906825844893
485 1.3506574024725218 3.1211239220563085 2.3108183587805167
486 1.3495123080371207 3.116219080402811 2.3091446160542124
487 1.3483663884114174 3.111314239015399 2.3074694428426126
488 1.3472196359837945 3.106409397912043 2.3057928454580585
489 1.3460720509053425 3.1015045572206534 2.304114816985198
490 1.344923633782649 3.096599716861093 2.3024353495460472
491 1.3437743770086634 3.0916948768359678 2.300754449358008
492 1.3426242839068292 3.0867900372215193 2.2990721039540842
493 1.3414733496306215 3.0818851978856308 2.2973883146722494
494 1.3403215729793614 3.0769803589795703 2.295703076792117
495 1.3391689513530391 3.0720755203555523 2.2940163877393203
496 1.3380154844071377 3.067170682060409 2.2923282411932955
497 1.33686116925646 3.062265844161045 2.2906386351727357
498 1.3357060058369585 3.0573610065606176 2.2889475627122478
499 1.3345499886642245 3.0524561693976167 2.287255026282587
500 1.3333931171041808 3.047551332492791 2.285561019777395
501 1.3322353900956647 3.0426464959825075 2.2838655380292985
502 1.3310768054716178 3.0377416598510125 2.282168577623664
503 1.3299173610518684 3.0328368241485584 2.2804701351893053
504 1.3287570548121652 3.0279319887148657 2.278770206900537
505 1.327595883649277 3.0230271536063884 2.2770687909160534
506 1.3264338458512333 3.018122318925953 2.2753658830147585
507 1.3252709403019438 3.013217484584634 2.273661477779114
508 1.3241071638933608 3.008312650621365 2.27195557327537
509 1.3229425163499848 3.0034078170839225 2.270248162686889
510 1.3217769931185241 2.998502983891941 2.2685392464105814
511 1.3206105917152051 2.9935981510309384 2.26682882131277
512 1.3194433127202754 2.988693318500455 2.265116878980358
513 1.318275155317917 2.983788486401033 2.2634034134409964
514 1.3171061124112105 2.978883654648302 2.261688429336111
515 1.3159361845842217 2.973978823307666 2.259971918203095
516 1.3147653712278218 2.969073992224337 2.258253873428081
516 1.3135936658256118 2.9641691615046684 2.256534298710741
517 1.3135936658256118 2.9641691615046684 2.256534298710741
518 1.312421070763117 2.959264331266268 2.25481318243815
519 1.3112475824252967 2.9543595013768083 2.2530905230821436
520 1.3100731974654964 2.949454671852382 2.251366318735837
521 1.3088979146286932 2.9445498427506847 2.249640563898363
522 1.3077217314956098 2.9396450139774974 2.2479132549212104
523 1.306544645543161 2.93474018561441 2.246184388436547
524 1.3053666536230277 2.9298353576298526 2.244453962032915
525 1.3041877565094213 2.9249305300559794 2.2427219665705014
526 1.303007949858139 2.9200257028734575 2.2409884016374315
527 1.3018272319445503 2.9151208760662097 2.2392532622872463
528 1.300645598482763 2.9102160496786573 2.237516547992397
529 1.2994630502841966 2.905311223686237 2.235778249370643
530 1.2982795840577144 2.9004063980261834 2.2340383640333417
531 1.2970951972694842 2.895501572830657 2.2322968884057075
532 1.2959098869321422 2.890596748039262 2.2305538195115435
533 1.2947236526994985 2.885691923649657 2.228809149839033
533 1.293536491905989 2.8807870995772826 2.227062875769763
534 1.293536491905989 2.8807870995772826 2.227062875769763
535 1.292348401175921 2.8758822759210982 2.225314995015511
536 1.2911593790656397 2.8709774526715397 2.2235655018431193
537 1.2899694221477056 2.866072629767019 2.2218143938599844
538 1.2887785282665334 2.8611678073064266 2.220061666572634
539 1.287586695292525 2.856262985263922 2.2183073153105326
540 1.2863939206553834 2.8513581635965006 2.2165513361131324
541 1.2852002031587704 2.846453342416177 2.2147937227368564
542 1.2840055378402877 2.8415485216065197 2.2130344752142093
543 1.2828099241732493 2.8366437012328913 2.2112735860389163
544 1.2816133606980453 2.8317388811575968 2.2095110491164496
545 1.2804158437293123 2.8268340615163585 2.207746862365418
546 1.2792173716609714 2.821929242361108 2.2059810200177603
547 1.278017940701583 2.81702442353974 2.20421351987696
548 1.2768175477946475 2.812119605224708 2.2024443586962557
549 1.275616192458688 2.8072147873044213 2.200673528527144
550 1.2744138710924584 2.8023099698198646 2.198901026883564
551 1.2732105820392472 2.7974051527769994 2.1971268478593027
552 1.2720063234376822 2.7925003361066882 2.195350985803097
553 1.2708009619699236 2.7875955197697 2.1935736619592476
554 1.2695946132995661 2.782690703919796 2.1917946679750195
555 1.2683872862674295 2.7777858884242135 2.1900139795618694
556 1.2671789810892202 2.772881073386447 2.188231587461292
557 1.2659696920236603 2.7679762587968093 2.186447492571629
558 1.264759418564843 2.7630714445955826 2.184661686671537
559 1.2635481567644085 2.758166630763118 2.1828741674761387
560 1.2623359029306425 2.753261817468236 2.1810849323672534
561 1.2611226566738105 2.748357004582209 2.179293972745644
562 1.2599084139325518 2.743452192071607 2.1775012863899135
563 1.258693173423581 2.7385473800282774 2.1757068663362724
564 1.2574769329181648 2.7336425683937424 2.17391070709338
565 1.2562596888212123 2.728737757238413 2.172112805592666
566 1.255041439928456 2.723832946556006 2.1703131545292074
566 1.2538221820863422 2.718928136258199 2.1685117515898
567 1.2538221820863422 2.718928136258199 2.1685117515898
568 1.2526019114616551 2.7140233264088844 2.166708593987298
569 1.2513806256560958 2.709118516967628 2.1649036763272917
570 1.2501583240850933 2.7042137080001742 2.1630969901185964
571 1.2489350030911135 2.6993088994267955 2.161288532026092
572 1.247710658955075 2.694404091326132 2.159478298905152
573 1.2464852894703808 2.6894992836394733 2.157666284840164
574 1.245258894593464 2.684594476499946 2.155852480279916
575 1.2440314689263177 2.6796896697669617 2.1540368846776143
576 1.2428030100789564 2.6747848635736924 2.1522194924550115
577 1.2415735144979698 2.6698800577654773 2.150400299772054
578 1.2403429794228724 2.6649752523950245 2.1485793015372483
579 1.2391114017997893 2.6600704474657593 2.146756493082099
580 1.237878782509098 2.6551656429894486 2.1449318628820864
581 1.2366451155690346 2.6502608390439293 2.1431054113082624
582 1.2354103972512631 2.6453560355226347 2.141277134633513
583 1.234174626964311 2.6404512324764013 2.139447023774178
583 1.2329378014672685 2.63554642991039 2.1376150741537283
584 1.2329378014672685 2.63554642991039 2.1376150741537283
585 1.2316999150997407 2.6306416277890614 2.135781285310909
586 1.230460968061865 2.6257368261639704 2.1339456466464313
587 1.2292209577350504 2.62083202501856 2.132108152343642
588 1.2279798804016293 2.6159272243308416 2.1302687984393223
589 1.2267377325568884 2.6110224242022224 2.1284275806533404
590 1.2254945106589967 2.606117624407138 2.126584494454998
591 1.2242502113516989 2.6012128251308697 2.1247395352775653
592 1.2230048350574776 2.5963080263077774 2.122892691741287
593 1.2217583744689795 2.5914032280885912 2.1210439660091622
594 1.2205108295925506 2.5864984302744776 2.11919334721343
595 1.2192621960838104 2.5815936329464475 2.117340832216693
596 1.2180124721524994 2.576688836091172 2.115486413318567
597 1.2167616545089763 2.5717840397504608 2.113630085415786
598 1.2155097392001688 2.566879243903039 2.1117718444544096
599 1.2142567234864994 2.5619744485639018 2.109911684250507
600 1.213002605275184 2.5570696537645303 2.108049597456906
601 1.2117473800603389 2.5521648594188973 2.106185580769989
602 1.2104910472669792 2.547260065580439 2.1043196241158397
603 1.2092335995290737 2.542355272256446 2.102451729133681
604 1.2079750365316373 2.537450479425757 2.1005818851284683
605 1.2067153545235993 2.5325456871295677 2.098710087375489
606 1.2054545499734692 2.5276408953255625 2.096836330644895
607 1.204192621017646 2.52273610399045 2.094960606766152
608 1.2029295628204546 2.517831313211947 2.0930829127754595
609 1.20166537331959 2.512926522945534 2.0912032407188343
610 1.2004000490428155 2.508021733225965 2.0893215851047584
611 1.199133585937402 2.5031169439672305 2.087437941295308
612 1.197865982865866 2.4982121552361254 2.0855522996480893
613 1.196597233428716 2.493307366990311 2.083664659532946
614 1.195327336113635 2.4884025792863405 2.0817750118364047
615 1.1940562869337175 2.483497792158303 2.0798833516766724
616 1.192784083361856 2.478593005532151 2.077989671480398
616 1.191510720900292 2.473688219421298 2.076093967121175
617 1.191510720900292 2.473688219421298 2.076093967121175
618 1.1902361976219276 2.468783433854951 2.074196229947921
619 1.1889605100597929 2.4638786488076865 2.072296453886242
620 1.1876836536480817 2.458973864300682 2.0703946347562443
621 1.1864056260229465 2.4540690803262133 2.0684907644552495
622 1.1851264250107703 2.4491642969082736 2.066584834513344
623 1.1838460445610783 2.4442595140647003 2.064676843153986
624 1.1825644823738368 2.4393547317688644 2.0627667819620226
625 1.181281732663147 2.434449949980575 2.0608546485284385
626 1.1799977952319838 2.429545168676895 2.058940430646529
627 1.1787126636867962 2.4246403880249496 2.0570241270176237
628 1.177426337834378 2.4197356079034877 2.0551057252159572
629 1.1761388121810732 2.414830828347774 2.053185222133455
630 1.174850083109289 2.409926049363385 2.0512626112988106
631 1.1735601486177811 2.4050212708965715 2.0493378833025346
632 1.1722690028603118 2.4001164930349748 2.0474110355035755
633 1.1709766435679765 2.3952117156897477 2.0454820587979583
633 1.1696830666199394 2.390306938942404 2.043550947394434
634 1.1696830666199394 2.390306938942404 2.043550947394434
635 1.1683882681702553 2.385402162808686 2.04161769489891
636 1.1670922448907122 2.3804973872140485 2.0396822938678345
637 1.165794993467285 2.3755926121681568 2.0377447368363755
638 1.1644965098404974 2.37068783771175 2.035805017600668
639 1.163196790386981 2.365783063822543 2.033863129071631
640 1.1618958309791179 2.360878290499746 2.0319190649907557
641 1.160593628801517 2.3559735177532795 2.029972816743934
642 1.1592901772808286 2.351068745629342 2.0280243822507735
643 1.1579854757350336 2.3461639740812728 2.026073748975168
644 1.1566795186421863 2.3412592031167834 2.024120912822216
645 1.1553723030207208 2.3363544328191375 2.022165865245981
646 1.154063825029359 2.3314496630308557 2.0202085989234995
647 1.152754079941845 2.3265448938926214 2.0182491082659997
648 1.1514430647120932 2.321640125306971 2.0162873844634897
649 1.1501307742899318 2.3167353573596374 2.0143234222994724
650 1.1488172054223347 2.311830590040632 2.0123572132528635
651 1.1475023543674503 2.3069258233091414 2.010388749555823
652 1.146186217461496 2.3020210571991497 2.008418023292521
653 1.1448687911900215 2.2971162916429066 2.006445026119713
654 1.1435500700959276 2.29221152672831 2.0044697531573985
655 1.1422300514363406 2.2873067624796395 2.002492194635729
656 1.1409087284584745 2.2824019988055437 2.0005123476348405
657 1.1395860989675368 2.2774972357440504 1.9985302012787445
658 1.13826216002254 2.2725924733580345 1.996545745940489
659 1.1369369052491818 2.267687711614002 1.9945589778502215
660 1.1356103318762087 2.2627829504930563 1.992569886850694
661 1.1342824352741154 2.257878190000408 1.9905784659838799
662 1.1329532104496913 2.2529734301426374 1.988584708849881
663 1.1316226550073576 2.2480686709625477 1.986588604438934
664 1.130290763486502 2.2431639124105702 1.984590146955897
665 1.1289575312685136 2.2382591545232655 1.9825893291205772
666 1.1276229556605206 2.2333543972718886 1.9805861401284357
666 1.1262870307989656 2.2284496406237086 1.9785805746541276
667 1.1262870307989656 2.2284496406237086 1.9785805746541276
668 1.12494975246456 2.2235448846589976 1.9765726244995527
669 1.1236111168882628 2.2186401293793816 1.9745622805189937
670 1.122271120282075 2.213735374767945 1.9725495334955585
671 1.1209297565416048 2.2088306207615553 1.9705343781544726
672 1.1195870226782465 2.203925867433981 1.9685168037780645
673 1.1182429131532055 2.1990211147885828 1.9664968039795703
674 1.1168974244680725 2.1941163628365064 1.9644743687017314
675 1.1155505506209644 2.189211611524589 1.9624494921417748
676 1.114202288656773 2.184306860935267 1.9604221631680174
677 1.1128526336710913 2.1794021109800843 1.9583923738317865
678 1.111501580685675 2.1744973617428687 1.9563601163764803
679 1.1101491257513796 2.1695926131912473 1.9543253810363603
680 1.1087952633522933 2.164687865325435 1.9522881607383427
681 1.1074399886506012 2.159783118190027 1.9502484471611774
682 1.1060832978937842 2.1548783717211215 1.9482062298784046
683 1.1047251864353016 2.1499736259540927 1.9461615000302215
683 1.103365649212445 2.1450688808819334 1.9441142493542645
684 1.103365649212445 2.1450688808819334 1.9441142493542645
685 1.1020046814196067 2.1401641365049193 1.9420644690437716
686 1.1006422775614018 2.135259392863238 1.9400121514450166
687 1.0992784330098153 2.1303546499538895 1.9379572872370434
688 1.0979131438272876 2.125449907714118 1.935899865726056
689 1.0965464054066543 2.1205451662594372 1.93383987745875
690 1.095178211679035 2.115640425471986 1.9317773152448536
691 1.0938085576765082 2.110735685429562 1.9297121700283937
692 1.0924374392599043 2.1058309461268148 1.9276444311112737
693 1.091064739517584 2.1009262075109647 1.9255742866733025
694 1.089690566029356 2.0960214696226083 1.9235015287506323
695 1.0883149139993293 2.0911167325053786 1.9214261475301873
696 1.0869377759054033 2.08621199609403 1.9193481378050787
697 1.0855591490892316 2.0813072604309806 1.9172674857718874
698 1.0841790276197796 2.0764025254820844 1.9151841832253895
699 1.0827974052456357 2.0714977913044077 1.9130982225012652
700 1.0814142774948823 2.0665930578749823 1.9110095926070871
700 1.0814142774948823 2.0665930578749823 1.9110095926070871
701 1.0800296400929135 2.0616883252203806 1.9089182821343833
702 1.0786434865657804 2.0567835933062546 1.906824283392011
703 1.0772558125556482 2.0518788621696835 1.9047275849009995
704 1.0758666125888465 2.046974131814004 1.9026281770082922
705 1.0744758813120079 2.0420694022159007 1.9005260497075052
706 1.0730836131001553 2.0371646734051754 1.8984211934052138
707 1.0716898021813963 2.032259945344156 1.8963135985875246
708 1.0702944440276851 2.027355218072108 1.8942032534924256
709 1.0688975324835552 2.0224504915845514 1.8920901490767228
710 1.0674990624270182 2.0175457659082987 1.8899742743766883
711 1.0660990279979141 2.012641041019851 1.8878556195661298
712 1.0646974240933518 2.0077363169584284 1.8857341734137527
713 1.063294244662229 2.002831593686351 1.8836099261710757
714 1.06188948393479 1.9979268712139615 1.881482867511524
715 1.0604831363605944 1.9930221495810896 1.8793529866215668
716 1.0590751978429036 1.988117428731918 1.8772202698932647
716 1.057665660033709 1.983212708686496 1.8750847111962476
717 1.057665660033709 1.983212708686496 1.8750847111962476
718 1.056254518150333 1.9783079894799103 1.8729462979663623
719 1.0548417660194718 1.9734032711135703 1.8708050199418653
720 1.0534273983184779 1.968498553603471 1.868660865234439
721 1.0520114097192366 1.9635938368989077 1.8665138217682984
722 1.0505937929222482 1.9586891209977249 1.864363880876919
723 1.0491745428510368 1.9537844059456861 1.8622110298601544
724 1.0477536538867354 1.9488796918188604 1.8600552568719928
725 1.046331118842765 1.9439749785184535 1.857896552544931
726 1.0449069323606306 1.9390702660503032 1.8557349042269233
727 1.0434810882943832 1.9341655544345593 1.853570300537061
728 1.0420535796648478 1.9292608436831031 1.8514027314253887
729 1.040624402157449 1.9243561338233053 1.8492321819800508
730 1.0391935491946995 1.9194514248394288 1.8470586411230765
731 1.0377610128335355 1.9145467167111816 1.8448821000546576
732 1.0363267879062277 1.9096420094947337 1.8427025449693655
733 1.0348908679807622 1.904737303124631 1.840519964043241
733 1.0334532468363302 1.8998325976606385 1.8383343450480427
734 1.0334532468363302 1.8998325976606385 1.8383343450480427
735 1.0320139175528045 1.8949278931155034 1.8361456768033817
736 1.030572874012026 1.8900231894886097 1.8339539465372683
737 1.0291301102638772 1.885118486786455 1.8317591410313467
738 1.0276856187374186 1.8802137849813232 1.829561249763613
739 1.0262393936049192 1.8753090840923035 1.8273602589984557
740 1.0247914270176612 1.8704043841271054 1.825156158429564
741 1.0233417133653064 1.8654996850728385 1.822948933585495
742 1.0218902458990233 1.860594986940814 1.8207385718844273
743 1.0204370175168986 1.8556902897628378 1.81852506123153
744 1.0189820217847292 1.850785593511827 1.8163083881207327
745 1.017525251110635 1.845880898222273 1.8140885410042482
746 1.0160666995750656 1.8409762039045496 1.8118655051626766
747 1.0146063605101352 1.8360715105067942 1.8096392669799877
748 1.0131442252663654 1.83116681808112 1.8074098163069414
749 1.0116802878662225 1.8262621266429409 1.8051771380213282
750 1.0102145410675012 1.8213574361635756 1.8029412190394067
751 1.0087469779465703 1.8164527466671647 1.8007020455860794
752 1.007277591248683 1.8115480581484946 1.7984596042713394
753 1.00580637362663 1.8066433706280458 1.7962138817174549
754 1.004333318244838 1.8017386841010146 1.793964863427725
755 1.0028584174196917 1.7968339985900939 1.7917125362653528
756 1.0013816640586894 1.7919293141007155 1.7894568858369801
757 0.9999030508195347 1.7870246306068807 1.787197897978419
758 0.99842256950306 1.7821199481067183 1.7849355598939678
759 0.9969402132836039 1.7772152666495935 1.7826698561952996
760 0.9954559744837286 1.7723105861961284 1.7804007727366329
761 0.9939698449789351 1.7674059067889045 1.7781282960614972
762 0.9924818178037388 1.7625012284506347 1.7758524104258862
763 0.9909918846262336 1.757596551141098 1.7735731022701564
764 0.989500038335317 1.752691874878367 1.7712903557103485
765 0.988006270698623 1.7477871996785819 1.7690041566666523
766 0.9865105740934277 1.7428825255432647 1.7667144897508262
766 0.9850129402029403 1.7379778524888145 1.764421340628015
767 0.9850129402029403 1.7379778524888145 1.764421340628015
768 0.9835133610767923 1.733073180505804 1.762124694074681
769 0.9820118284448113 1.7281685096263322 1.7598245352738688
770 0.9805083348508928 1.7232638398004054 1.757520847655481
771 0.9790028720508549 1.7183591710500148 1.7552136159216023
772 0.9774954324144126 1.7134545034030881 1.7529028234647168
773 0.9759860063359657 1.7085498369326166 1.7505884570485113
774 0.9744745857400512 1.7036451715372762 1.748270500295774
775 0.9729611629298182 1.6987405072637225 1.745948936079226
776 0.9714457284643964 1.6938358441185606 1.7436237501358676
777 0.9699282737269264 1.6889311821245847 1.7412949265154491
778 0.9684087915548044 1.6840265212649037 1.7389624463870854
779 0.966887272967593 1.6791218615379768 1.7366262939674206
780 0.9653637087599075 1.6742172029792513 1.7342864536827542
781 0.963838091093509 1.6693125455785272 1.7319429072206847
782 0.9623104097396038 1.6644078893347363 1.7295956403351351
783 0.9607806566260051 1.659503234277336 1.727244634696384
783 0.9592488220780628 1.6545985803937315 1.724889874568
784 0.9592488220780628 1.6545985803937315 1.724889874568
785 0.9577148977266488 1.6496939277280451 1.7225313416800385
786 0.9561788753171166 1.6447892762098137 1.7201690171876256
787 0.9546407454110148 1.6398846259281876 1.7178028842904094
788 0.9531004974939957 1.634979976828653 1.7154329277211955
789 0.9515581227817618 1.6300753289652583 1.713059128957815
790 0.9500136122541206 1.6251706823346652 1.7106814695829282
791 0.9484669565396241 1.620266036937338 1.7082999315534386
792 0.9469181455254148 1.61536139278646 1.7059144979106378
793 0.9453671704705969 1.6104567498715259 1.7035251489321892
794 0.943814021863924 1.6055521082086823 1.701131866040623
795 0.9422586892716468 1.6006474678035314 1.6987346320369943
796 0.9407011632227235 1.5957428286613706 1.696333427711046
797 0.9391414338377796 1.590838190823582 1.6939282343476838
798 0.9375794917741637 1.5859335542788515 1.6915190319253037
799 0.9360153260816567 1.5810289190132318 1.6891058030339399
800 0.9344489276449214 1.5761242850651944 1.686688526720747
801 0.9328802851874716 1.5712196524042525 1.6842671855676534
802 0.931309389346389 1.566315021078442 1.6818417584920005
803 0.9297362297022158 1.5614103910794954 1.679412225959612
804 0.9281607958853749 1.5565057624375496 1.6769785680861415
805 0.9265830767064449 1.551601135142678 1.6745407661209075
806 0.9250030621682453 1.546696509205465 1.6720987988731026
807 0.9234207417675027 1.5417918846321195 1.6696526457495464
808 0.9218361045545177 1.5368872614391322 1.6672022866601015
809 0.920249139883351 1.531982639612586 1.6647477006137459
810 0.9186598369137352 1.5270780191889868 1.662288866703099
811 0.9170681842569336 1.5221734001489373 1.6598257646265397
812 0.9154741714665682 1.5172687825390818 1.6573583721192842
813 0.9138777867971534 1.5123641663577525 1.6548866688817339
814 0.9122790191789825 1.507459551580661 1.6524106330290476
815 0.9106778577865686 1.5025549382304682 1.6499302419435953
816 0.9090742906225382 1.4976503263402665 1.6474454747968603
816 0.9074683066251009 1.4927457159276325 1.6449563086993022
817 0.9074683066251009 1.4927457159276325 1.6449563086993022
818 0.9058598935619394 1.4878411069657276 1.6424627224805979
819 0.9042490405219732 1.4829364994759688 1.6399646922710045
820 0.9026357353555433 1.4780318934811605 1.6374621960861895
821 0.9010199655965109 1.4731272889717322 1.634955212115043
822 0.8994017199186624 1.4682226859825271 1.6324437161575656
823 0.8977809866803809 1.4633180845144695 1.6299276841729615
824 0.8961577531306515 1.4584134845610421 1.6274070937468295
825 0.8945320071125182 1.453508886179212 1.6248819210740473
826 0.8929037358420094 1.4486042893103221 1.6223521429712535
827 0.8912729273852033 1.4436996940369782 1.6198177344760962
828 0.8896395686718301 1.4387951003000023 1.61727867213463
829 0.8880036467603002 1.433890508144454 1.614734931974334
830 0.8863651495853159 1.4289859175891804 1.6121864879928194
831 0.8847240642536921 1.4240813286214595 1.6096333152447273
832 0.883080377390157 1.419176741287702 1.6070753893115783
833 0.881434075628536 1.4142721555649764 1.6045126852583755
833 0.8797851469575547 1.4093675714770852 1.6019451753088987
834 0.8797851469575547 1.4093675714770852 1.6019451753088987
835 0.8781335758396851 1.4044629890695433 1.599372837699064
836 0.876479350484216 1.3995584083056516 1.596795643311457
837 0.8748224567908163 1.394653829212567 1.5942135668632595
838 0.8731628812936344 1.3897492518119678 1.5916265814609354
839 0.8715006101159536 1.3848446761263824 1.589034660506007
840 0.8698356290591788 1.379940102124453 1.5864377774649303
841 0.8681679244908718 1.3750355298587176 1.5838359044018968
842 0.8664974819136744 1.3701309593169735 1.581229014412155
843 0.8648242870519406 1.3652263905133186 1.5786170797390249
844 0.8631483253856467 1.3603218234705219 1.5760000725978849
845 0.861469582111019 1.3554172582247457 1.5733779652478441
846 0.8597880429693623 1.3505126947466588 1.5707507283801376
847 0.8581036931940823 1.3456081330735887 1.5681183331875541
848 0.8564165178601918 1.3407035732332948 1.5654807506318578
849 0.8547265012868008 1.3357990151930552 1.5628379524701692
850 0.853033628771771 1.3308944589863807 1.560189908225132
851 0.8513378840357171 1.3259899046729784 1.557536589805215
852 0.8496392529086647 1.3210853522146744 1.5548779646091628
853 0.8479377193013834 1.3161808016314407 1.552214003070701
854 0.846233267023515 1.3112762529408974 1.549544675256143
855 0.8445258803687642 1.306371706185606 1.546869949817495
856 0.8428155430815683 1.3014671613469961 1.54418979577485
857 0.8411022393306319 1.2965626184234693 1.5415041808179029
858 0.8393859521737127 1.2916580774607611 1.5388130741476238
859 0.8376666656378138 1.2867535384957185 1.53611644258992
860 0.8359443627410647 1.2818490015099862 1.5334142541577749
861 0.8342189595619655 1.2769444664591145 1.5307065990559803
862 0.8324904975990604 1.2720399334318335 1.527993336981567
863 0.830758969373712 1.2671354024529522 1.5252744167278909
864 0.8290243564464322 1.2622308735130499 1.5225498065262326
865 0.8272866415674456 1.2573263466514792 1.5198194718450244
866 0.825545807435191 1.2524218218649779 1.5170833775487358
866 0.8238018360927741 1.2475172991486982 1.5143414890473812
867 0.8238018360927741 1.2475172991486982 1.5143414890473812
868 0.8220547095789256 1.2426127785871328 1.5115937712024377
869 0.8203044095280333 1.2377082601362253 1.5088401887883884
870 0.8185509176025028 1.2328037438527757 1.5060807059670767
871 0.8167942150238545 1.2278992297200546 1.503315286928414
872 0.815034283471732 1.2229947177648126 1.500543894368868
873 0.813271103724495 1.2180902080138725 1.4977664919304876
874 0.8115046568583009 1.2131857004982747 1.4949830419890153
875 0.8097349234209408 1.2082811952370027 1.4921935071446555
876 0.8079618841104145 1.2033766922190303 1.4893978489393433
877 0.8061855195494585 1.1984721914919205 1.4865960283703603
878 0.804405808948144 1.1935676930518504 1.4837880082101618
879 0.8026227331780036 1.1886631969357435 1.480973747440723
880 0.8008362716196917 1.1837587031468566 1.4781532069628964
881 0.7990464036632128 1.1788542117146579 1.4753263468932762
882 0.7972531086342562 1.1739497226577644 1.4724931266418173
883 0.7954563660011768 1.1690452359937378 1.4696535045292582
883 0.7936561542396002 1.1641407517450766 1.4668074398798516
884 0.7936561542396002 1.1641407517450766 1.4668074398798516
885 0.7918524520970646 1.159236269948953 1.463954890685689
886 0.7900452378627727 1.1543317906038832 1.4610958148758382
887 0.7882344897424182 1.1494273137396802 1.4582301696989861
888 0.7864201860461069 1.1445228393827458 1.4553579113184714
889 0.7846023042447704 1.1396183675478595 1.4524789965341927
890 0.7827808223069435 1.1347138982654303 1.4495933803300143
891 0.7809557170431765 1.129809431557981 1.44670101889467
892 0.7791269657189125 1.1249049674358798 1.4438018666160688
893 0.7772945448331314 1.1200005059514713 1.4408958783982093
894 0.775458431137843 1.1150960470791664 1.4379830076036024
895 0.7736186007462783 1.1101915908881042 1.4350632079129788
896 0.7717750301717917 1.1052871373967041 1.4321364311963747
897 0.7699276946596597 1.1003826866202262 1.429202630653053
898 0.7680765698184758 1.095478238571039 1.4262617577697234
899 0.7662216312754141 1.0905737932958057 1.4233137629911221
900 0.7643628531723531 1.0856693508137611 1.420358598416815
901 0.7625002107715335 1.0807649111507678 1.417396212988845
902 0.7606336785668194 1.075860474327982 1.4144265559672702
903 0.7587632305737574 1.0709560403633125 1.411449576376392
904 0.7568888401210939 1.06605160929262 1.4084652234032984
905 0.7550104810449791 1.0611471811559716 1.4054734441398498
906 0.7531281267809173 1.0562427559778451 1.4024741852259925
907 0.7512417501288157 1.051338333768269 1.3994673932698702
908 0.7493513235491709 1.0464339145719104 1.3964530143426717
909 0.7474568196406726 1.0415294984056187 1.3934309929854098
910 0.7455582097921957 1.0366250853067764 1.3904012747652632
911 0.7436554661762844 1.03172067531102 1.387363802509117
912 0.7417485596625932 1.026816268441581 1.3843185201581778
913 0.7398374621043399 1.0219118647358307 1.3812653685164562
914 0.7379221431908689 1.0170074642279285 1.3782042910790824
915 0.7360025738799563 1.012103066951456 1.3751352276065985
916 0.734078723859889 1.007198672919926 1.3720581188131076
916 0.7321505624480673 1.0022942821836334 1.368972904742838
917 0.7321505624480673 1.0022942821836334 1.368972904742838
918 0.7302180591814907 0.9973898947696445 1.3658795235598933
919 0.7282811827417718 0.9924855107106874 1.3627779135721472
920 0.7263399014003978 0.9875811300177171 1.3596680123364295
921 0.7243941838005085 0.9826767527592472 1.3565497552778079
922 0.72244399720792 0.9777723789712172 1.3534230788131436
923 0.720489308987829 0.97286800869495 1.350287917612091
924 0.7185300860859117 0.9679636419502374 1.3471442055030414
925 0.7165662946669843 0.9630592787742924 1.3439918761764573
926 0.7145979008085259 0.9581549192015699 1.3408308618279923
927 0.7126248705046995 0.9532505632770509 1.337661093138574
928 0.7106471687372787 0.9483462110390039 1.3344825009632886
929 0.7086647602051678 0.9434418625127793 1.3312950149230511
930 0.7066776089824431 0.9385375177533812 1.3280985640747796
931 0.7046856791704953 0.9336331767972262 1.32489307558546
932 0.7026889341174306 0.928728839699874 1.3216784762184237
933 0.7006873364852119 0.9238245064781219 1.3184546920916407
933 0.698680848834251 0.9189201771920471 1.3152216476596796
934 0.698680848834251 0.9189201771920471 1.3152216476596796
935 0.6966694332836564 0.9140158518820857 1.3119792662267333
936 0.6946530507460601 0.9091115305877042 1.3087274713777113
937 0.6926316623764394 0.9042072133468231 1.3054661842117667
938 0.6906052284780675 0.8993029002192935 1.3021953253976182
939 0.6885737091493651 0.8943985912469983 1.2989148138576196
940 0.686537063102958 0.8894942864889805 1.2956245690053672
941 0.68449524966806 0.884589985979523 1.2923245068661868
942 0.6824482272273414 0.8796856897636819 1.2890145430338051
943 0.6803959526942005 0.8747813979059582 1.2856945936289585
944 0.6783383835698023 0.8698771104553221 1.282364571318424
945 0.6762754761316712 0.8649728274412288 1.279024388683907
946 0.6742071860400174 0.8600685489450749 1.27567395713582
947 0.6721334685143886 0.855164275010735 1.2723131863986745
948 0.6700542782528432 0.8502600057062544 1.2689419847050225
949 0.667969569150583 0.8453557410622122 1.2655602591854604
950 0.6658792947231371 0.8404514811433443 1.2621679151216014
950 0.6658792947231371 0.8404514811433443 1.2621679151216014
951 0.6637834070549948 0.8355472260089465 1.2587648578261628
952 0.6616818584964043 0.8306429757183013 1.255350989380065
953 0.6595746000932157 0.8257387303235949 1.2519262115413416
954 0.65746158244068 0.8208344898962086 1.2484904241081936
955 0.6553427552373434 0.8159302544937825 1.2450435256559442
956 0.653218067548883 0.8110260241716188 1.2415854129921573
957 0.6510874675446614 0.8061217990019963 1.2381159816237752
958 0.6489509028515279 0.8012175790441709 1.2346351249741303
959 0.6468083202147287 0.7963133643794275 1.231142735014704
960 0.6446596655290984 0.7914091550736517 1.227638702080283
961 0.6425048838537896 0.7865049511834485 1.2241229147799413
962 0.6403439194818965 0.7816007527913448 1.2205952598468326
963 0.6381767155005736 0.7766965599725584 1.2170556228510037
964 0.6360032147317364 0.7717923727839036 1.213503886312025
965 0.6338233587593103 0.7668881913152223 1.2099399315550352
966 0.6316370880574197 0.7619840156248602 1.2063636382852667
966 0.6294443425699671 0.7570798458024384 1.2027748834970007
967 0.6294443425699671 0.7570798458024384 1.2027748834970007
968 0.6272450611083146 0.7521756819201748 1.1991735424606027
969 0.625039181356267 0.7472715240593819 1.1955594886673888
970 0.6228266400521995 0.7423673722994103 1.1919325933733214
971 0.6206073732283696 0.7374632267332315 1.1882927250718653
972 0.618381315467947 0.7325590874463346 1.1846397507854616
973 0.6161484005233598 0.7276549545139257 1.180973534778069
974 0.6139085608663356 0.7227508280356432 1.1772939393705661
975 0.611661727914478 0.7178467080966924 1.1736008243384177
976 0.6094078319415367 0.7129425947898004 1.1698940470102068
977 0.6071468021169787 0.7080384882182653 1.1661734620844595
978 0.6048785662967581 0.7031343884681607 1.1624389218698115
979 0.6026030510869705 0.6982302956457495 1.1586902761051197
980 0.600320181868614 0.6933262098484471 1.1549273717407493
981 0.5980298829067329 0.6884221311819024 1.151150052629171
982 0.5957320767970843 0.683518059749149 1.1473581604402443
983 0.5934266852315428 0.6786139956659716 1.1435515330780759
983 0.591113627841962 0.6737099390363502 1.1397300067263394
984 0.591113627841962 0.6737099390363502 1.1397300067263394
985 0.5887928234054981 0.6688058899747632 1.1358934134191383
986 0.5864641890684951 0.6639018485940498 1.1320415823659278
987 0.5841276403383707 0.6589978150081511 1.1281743398179376
988 0.5817830911655927 0.6540937893476885 1.1242915087773049
989 0.5794304543513202 0.6491897717279529 1.1203929079888095
990 0.5770696405785274 0.6442857622783598 1.1164783536913265
991 0.5747005589620326 0.6393817611341633 1.1125476583648213
992 0.5723231170348982 0.6344777684167567 1.1086006305386902
993 0.5699372205064832 0.6295737842709418 1.1046370751351555
994 0.5675427731132564 0.6246698088393317 1.1006567935183191
995 0.5651396773239479 0.6197658422461985 1.0966595818947213
996 0.5627278332591644 0.6148618846558159 1.092645233299916
997 0.5603071387698636 0.6099579362057505 1.088613537112687
998 0.5578774902716818 0.6050539970562018 1.0845642772959803
999 0.5554387817903798 0.6001500673584912 1.080497233959773
1000 0.5529909054180919 0.5952461472766559 1.0764121822701889
1001 0.5505337508803377 0.5903422369761411 1.0723088930190876
1002 0.548067205843503 0.5854383366271704 1.0681871317700014
1003 0.5455911553740095 0.5805344464028972 1.0640466596364335
1004 0.5431054824994735 0.575630566481812 1.0598872319105523
1005 0.5406100675524466 0.5707266970417483 1.0557085990382153
1006 0.5381047884317338 0.5658228382792152 1.0515105058408114
1007 0.5355895203433133 0.5609189903875579 1.0472926916643335
1008 0.5330641361144515 0.5560151535509407 1.0430548894243403
1009 0.5305285054038188 0.5511113279845238 1.038796826883106
1010 0.5279824952746701 0.5462075138949782 1.0345182250991616
1011 0.525425969750304 0.541303711495535 1.030218798954259
1012 0.5228587899768679 0.5363999210110705 1.025898256458119
1013 0.5202808137383551 0.5314961426644773 1.0215562992714207
1014 0.5176918959172048 0.5265923766884779 1.0171926214056413
1015 0.515091887664434 0.5216886233312417 1.0128069104266406
1016 0.5124806370177817 0.5167848828357406 1.0083988457456776
1016 0.5098579884042873 0.5118811554532209 1.0039680991471087
1017 0.5098579884042873 0.5118811554532209 1.0039680991471087
1018 0.5072237824855311 0.5069774414551752 0.9995143346213997
1019 0.5045778563231331 0.5020737411034485 0.9950372074630224
1020 0.5019200428605409 0.49717005467788555 0.9905363648050708
1021 0.4992501710704522 0.49226638246636556 0.9860114447450011
1022 0.4965680666763782 0.487362724771283 0.981462074340164
1023 0.49387355306765535 0.48245908189158293 0.976887867136897
1024 0.4911664456562093 0.4775554541446125 0.9722884337234963
1025 0.48844655312142254 0.47265184185632303 0.9676633785945192
1026 0.48571368142089827 0.4677482453573289 0.9630122914985355
1027 0.482967632245347 0.462844664994596 0.9583347497694658
1028 0.480208202104879 0.45794110112252095 0.9536303193390794
1029 0.477435181988119 0.4530375541147559 0.9488985546231273
1030 0.47464835727076854 0.44813402435108907 0.9441389978211722
1031 0.47184750781264995 0.4432305122263188 0.9393511778434703
1032 0.469032407235328 0.43832701815032254 0.9345346108044095
1033 0.46620282306624095 0.4334235425384582 0.929688798724573
1033 0.46335851642965276 0.42852008583354345 0.924813229150179
1034 0.46335851642965276 0.42852008583354345 0.924813229150179
1035 0.46049924157872724 0.4236166484945942 0.9199073749661593
1036 0.45762474601688496 0.4187132309845477 0.9149706929727495
1037 0.45473476979372884 0.41380983378846886 0.9100026241146595
1038 0.4518290453051954 0.4089064574125136 0.9050025925985147
1039 0.4489072975088358 0.4040031023815463 0.899970004104454
1040 0.4459692425767392 0.3990997692336848 0.8949042470457154
1041 0.4430145885347071 0.3941964585333545 0.8898046898120873
1042 0.44004303430686736 0.3892931708686457 0.8846706810888162
1043 0.43705426960558885 0.3843899068450271 0.8795015483818802
1044 0.43404797430468983 0.37948666709542117 0.8742965975208812
1045 0.43102381821130165 0.3745834522785699 0.8690551112303894
1046 0.42798146049745933 0.36968026307592944 0.8637763482704036
1047 0.4249205492818666 0.3647771002032691 0.8584595421891399
1048 0.42184072098817255 0.3598739644017364 0.8531039003506408
1049 0.4187415999515821 0.3549708564430736 0.8477086023555287
1050 0.41562279771273836 0.3500677771378048 0.8422727989520861
1051 0.41248391249155786 0.34516472732372494 0.8367956103761727
1052 0.4093245285323173 0.3402617078846103 0.8312761248505186
1053 0.4061442153019326 0.33535871974054193 0.8257133971272547
1054 0.40294252684218085 0.33045576384887454 0.8201064465412037
1055 0.39971900083087764 0.3255528412152513 0.8144542554608099
1056 0.39647315815167933 0.3206499528932444 0.8087557664384757
1057 0.39320450146028313 0.3157470999823345 0.8030098811425422
1058 0.3899125145380725 0.3108442836411807 0.7972154574454643
1059 0.38659666118052965 0.3059415050848342 0.7913713071152682
1060 0.38325638416650487 0.3010387655826031 0.7854761930118755
1061 0.37989110382669283 0.29613606647368446 0.7795288267892222
1062 0.3765002171231324 0.291233409163956 0.7735278651080024
1063 0.3730830959932136 0.28633079513716514 0.7674719069619105
1064 0.3696390860563657 0.28142822595066536 0.7613594897476583
1065 0.36616750496390954 0.2765257032530195 0.7551890856078959
1066 0.36266764068686724 0.2716232287759092 0.7489590972645747
1066 0.3591387496135581 0.2667208043548675 0.7426678536968386
1067 0.3591387496135581 0.2667208043548675 0.7426678536968386
1068 0.3555800546632909 0.2618184319285459 0.7363136050374631
1069 0.35199074304411354 0.25691611354992333 0.7298945174752084
1070 0.34836996395142417 0.25201385139293503 0.7234086674248277
1071 0.34471682597742237 0.24711164776270303 0.7168540353724651
1072 0.34103039434813215 0.24220950511368025 0.7102284990657662
1073 0.33730968788202614 0.23730742604637817 0.7035298260670659
1074 0.3335536757314815 0.23240541333524684 0.6967556655629201
1075 0.3297612736908634 0.22750346993773002 0.6899035395860476
1076 0.3259313404054994 0.2226015990093627 0.6829708328521535
1077 0.3220626727597004 0.2176998039245306 0.6759547825244631
1078 0.3181540013553536 0.21279808829526192 0.6688524657515867
1079 0.31420398506832453 0.20789645599084877 0.6616607868472486
1080 0.3102112053599488 0.20299491117172194 0.6543764624368741
1081 0.3061741596982622 0.19809345830913383 0.6469960054903293
1082 0.30209125449954866 0.19319210222641897 0.6395157070881295
1083 0.29796079712857265 0.18829084812932823 0.6319316163195761
1083 0.2937809870758464 0.18338970164447135 0.6242395175734264
1084 0.2937809870758464 0.18338970164447135 0.6242395175734264
1085 0.28954990597057606 0.178488668878866 0.6164349053423762
1086 0.28526550644400556 0.17358775646044086 0.6085129556121578
1087 0.2809255996472633 0.1686869716093046 0.6004684935125594
1088 0.27652784110030426 0.1637863222054559 0.5922959567244662
1089 0.2720697145570326 0.15888581687016515 0.5839893540846816
1090 0.2675485139581961 0.1539854650649796 0.5755422176967856
1091 0.2629613225386667 0.14908527720223738 0.5669475486468751
1092 0.25830498909151034 0.14418526477302143 0.5581977540586356
1093 0.25357610051391277 0.13928544050187472 0.5492845746093199
1094 0.2487709502427538 0.13438581853264603 0.540198999929496
1095 0.2438855014107165 0.1294864146394001 0.5309311701204326
1096 0.23891534402166165 0.12458724648948896 0.5214702596840873
1097 0.23385564452507954 0.11968833395387495 0.5118043406518636
1098 0.22870108637663147 0.11478969948861484 0.5019202195636967
1099 0.22344579930803649 0.10989136859907236 0.4918032423942731
1100 0.2180832747877231 0.10499337041213852 0.48143705891401567
1101 0.2126062639747729 0.10009573839187945 0.4708033362730858
1102 0.20700665371914045 0.0951985112371373 0.45988140732084576
1103 0.20127531445921457 0.09030173402300515 0.44864783476119446
1104 0.19540191176836536 0.08540545967028075 0.43707586531457615
1105 0.18937467046451345 0.08050975086267172 0.4251347377407491
1106 0.18318007562581753 0.0756146825795246 0.4127887944209769
1107 0.1768024887790868 0.07072034551032194 0.3999963235737389
1108 0.17022364771319842 0.06582685072352572 0.386708025634806
1109 0.1634220037527979 0.06093433620200791 0.3728649435371072
1110 0.15637182686872092 0.05604297621188707 0.3583956095808545
1111 0.1490419710583836 0.051152995094125006 0.3432120142458868
1112 0.14139412798750725 0.046264688253396635 0.3272037453880992
1113 0.13338028412656405 0.0413784553181274 0.3102291735925794
1114 0.124938889103182 0.036494855005685806 0.2921016447932891
1115 0.11598884086926689 0.031614701145806764 0.2725667478774123
1116 0.10641956274544837 0.026739243034801304 0.2512624779220394
1116 0.09607360453122375 0.021870536719891025 0.2276435533631211
1117 0.09607360453122375 0.021870536719891025 0.2276435533631211
1118 0.08471370202902524 0.017012309914477147 0.20082123088716228
1119 0.07195439307332528 0.012172368519870613 0.16916782978721445
1120 0.05710715345737218 0.007371436155590203 0.12908078426799255
1121 0.038927385257256204 0.002696184963740168 0.06926190767558911
1122 0.03403611382527408 0.0002960380996821845 0.008697764415817546
1123 0.03142668159621911 2.7793663217354065e-05 0.0008843970093456471
1124 0.02915104716792804 2.5794519514836303e-06 8.8485739007055e-05
1125 0.027086969179512522 2.3943030904281575e-07 8.83931706999213e-06
1126 0.025159183216306898 2.2226757092205882e-08 8.834450984004773e-07
