1 1.1243406760032488 4.495110462714712 3.9979968337476777
2 1.1236838351224983 4.490190811617226 3.995955687239844
3 1.1230305425078504 4.485285687943085 3.993912470026817
4 1.122376694627406 4.480380965109658 3.9918692062623453
5 1.1217215297073977 4.47547620409129 3.989828210980958
6 1.121063883816757 4.47057143892154 3.98779365159914
7 1.1204035122447826 4.4656666731163925 3.9857663996154504
8 1.1197405769240771 4.460761906455263 3.9837458768431504
9 1.1190763199671294 4.455857139337629 3.9817276622103046
10 1.118411731134124 4.450952372057384 3.979708231014263
11 1.1177468188491428 4.446047605227129 3.9776875498557707
12 1.117081570215749 4.441142839251841 3.97566566100817
13 1.116415983531191 4.436238073524389 3.9736425660018746
14 1.1157500606932362 4.431333308055884 3.9716182540941247
15 1.1150837996920873 4.426428543037184 3.9695927285998343
16 1.1144172000705814 4.42152377830656 3.967565986980929
16 1.113750261153774 4.416619014002577 3.965538027732754
17 1.113750261153774 4.416619014002577 3.965538027732754
18 1.1130829837847367 4.411714250047688 3.963508843740339
19 1.112415364352374 4.406809486394604 3.9614784437647175
20 1.111747406500095 4.401904723051138 3.9594468107722656
21 1.1110791072132609 4.396999960196299 3.9574139515813402
22 1.1104104643221002 4.392095197695298 3.9553798697102955
23 1.109741479777223 4.387190435443244 3.953344554016273
24 1.109072152414772 4.38228567365471 3.951308004725574
25 1.108402482749266 4.377380912096146 3.949270215669809
26 1.107732466040218 4.3724761509323855 3.9472311997521934
27 1.1070621067990596 4.367571390131792 3.9451909367218003
28 1.1063914026958481 4.3626666296440835 3.9431494306752124
29 1.1057203528531212 4.357761869570387 3.941106680659294
30 1.1050489567553898 4.35285710986791 3.93906268428924
31 1.1043772130639276 4.3479523505604405 3.9370174421633566
32 1.103705120912413 4.343047591552362 3.934970953076709
33 1.1030326827861752 4.338142833010787 3.93292320410033
33 1.1023598942562327 4.333238074724426 3.930874206602084
34 1.1023598942562327 4.333238074724426 3.930874206602084
35 1.1016867575404636 4.328333316766588 3.928823948496643
36 1.1010132696722468 4.323428559426121 3.926772436369576
37 1.100339432369069 4.31852380219505 3.9247196593664904
38 1.099665244745317 4.313619045325335 3.9226656165935037
39 1.098990705227532 4.308714288877252 3.920610309424944
40 1.098315814468032 4.303809532777971 3.91855373116203
41 1.0976405702378158 4.298904777176315 3.9164958855747383
42 1.0969649726009374 4.294000021818827 3.9144367678738385
43 1.0962890210551282 4.28909526687172 3.9123763756601897
44 1.0956127133854927 4.284190512268163 3.9103147124222577
45 1.0949360528532581 4.2792857581547645 3.9082517622864947
46 1.094259034515231 4.274381004445541 3.9061875384370386
47 1.0935816598212476 4.269476251006655 3.904122031183776
48 1.0929039282659736 4.2645714979739076 3.9020552380483933
49 1.0922258396425584 4.259666745311379 3.8999871553170697
50 1.0915473929194806 4.254761992985909 3.8979177822100914
51 1.090868588665677 4.249857241100803 3.895847112344779
52 1.0901894229443359 4.2449524896934285 3.8937751553568067
53 1.0895098974096924 4.240047738628511 3.891701900743826
54 1.0888300117454897 4.235142987835116 3.8896273450855854
55 1.0881497638073083 4.230238237497897 3.8875514917145133
56 1.0874691549616806 4.22533348759003 3.8854743312134854
57 1.086788184603833 4.220428737969102 3.8833958610872963
58 1.0861068508213958 4.215523988767085 3.881316083752707
59 1.085425153164846 4.210619240076306 3.8792349963506227
60 1.084743090414394 4.205714491705029 3.8771525984999458
61 1.0840606624484794 4.200809743709284 3.875068886109434
62 1.0833778693007328 4.19590499605066 3.872983854431982
63 1.0826947100731148 4.1910002489062945 3.8708975022361334
64 1.0820111833116457 4.186095502035062 3.868809829878962
65 1.081327291467013 4.1811907555731045 3.866720824090711
66 1.0806430299984036 4.176286009510582 3.864630496452424
66 1.0799583996115079 4.1713812640939425 3.8625388400094938
67 1.0799583996115079 4.1713812640939425 3.8625388400094938
68 1.0792733988408885 4.166476518731635 3.860445854781858
69 1.078588029634169 4.161571773865268 3.858351529523995
70 1.0779022903884043 4.1566670295430805 3.8562558653115895
71 1.0772161791043477 4.15176228564358 3.8541588644681943
72 1.0765296962647217 4.146857541889357 3.852060520279074
73 1.0758428416722963 4.141952798652158 3.8499608290499774
74 1.0751556143024539 4.137048055783583 3.847859789550225
75 1.0744680139463239 4.132143313306759 3.845757397775068
76 1.0737800374344908 4.127238571443259 3.843653660487289
77 1.0730916854707113 4.122333829937061 3.841548570128749
78 1.072402957944665 4.1174290887185965 3.839442122213031
79 1.071713854170892 4.112524347884502 3.8373343144528698
80 1.0710242783559056 4.1076196073997435 3.8352254849957426
81 1.0703343239247913 4.102714867362335 3.833115294591466
82 1.0696439935681292 4.097810127712577 3.83100372867337
83 1.0689532834590467 4.0929053885192985 3.8288907961206555
83 1.068262192100765 4.0880006496957115 3.8267764973096665
84 1.068262192100765 4.0880006496957115 3.8267764973096665
85 1.06757072245668 4.08309591133255 3.8246608167902756
86 1.0668788709746837 4.078191173320494 3.8225437622499014
87 1.0661866385384093 4.073286435746842 3.8204253256547465
88 1.0654940237761172 4.068381698484546 3.81830550683539
89 1.0648010264730434 4.063476961740786 3.8161843017754244
90 1.064107644508947 4.058572225318578 3.8140617128932326
91 1.0634138776432303 4.053667489490082 3.8119377362969358
92 1.0627197264810395 4.048762753872523 3.809812364431308
93 1.0620251878921387 4.0438580185684145 3.8076856035726308
94 1.061330263869198 4.038953283934581 3.8055574418561533
95 1.060634952069685 4.034048549597005 3.8034278822559138
96 1.0599392518452502 4.029143815754055 3.801296922195976
97 1.059243163168363 4.024239082233139 3.799164556508448
98 1.0585466851295435 4.019334349186836 3.7970307834792894
99 1.0578498178514333 4.014429616400802 3.7948955973300524
100 1.0571525601397795 4.009524884136557 3.792758997439695
101 1.0564549101260732 4.004620152187359 3.7906209851487773
102 1.0557568674527036 3.999715420806143 3.7884815567968113
103 1.0550584321833094 3.9948106896880855 3.786340706667149
104 1.0543596036131362 3.989905959083477 3.7841984323096716
105 1.0536603806885496 3.9850012289717185 3.782054732254036
106 1.0529607629976114 3.98009649914709 3.7799096025348464
107 1.052260747664329 3.975191769773422 3.777763048367083
108 1.051560336897574 3.9702870409403967 3.7756150566252455
109 1.0508595306942403 3.965382312616794 3.7734656219914586
110 1.0501583258862164 3.9604775845523568 3.7713147502879205
111 1.049456722700077 3.9555728571348236 3.769162435738936
112 1.0487547210222141 3.9506681299814974 3.7670086730392094
113 1.0480523165003723 3.94576340319265 3.764853472552053
114 1.0473495114519376 3.9408586769530793 3.7626968207488622
115 1.0466463063651008 3.93595395118183 3.7605387103987487
116 1.0459426989119216 3.9310492258089864 3.7583791443818075
116 1.0452386876967095 3.9261445007843236 3.756218122231952
117 1.0452386876967095 3.9261445007843236 3.756218122231952
118 1.0445342731808858 3.921239776226916 3.754055636954538
119 1.0438294538433839 3.916335052037919 3.7518916884534717
120 1.043124230078769 3.911430328446887 3.749726270045059
121 1.0424186013201129 3.906525605236331 3.747559378055159
122 1.04171256353073 3.9016208825195267 3.745391021584267
123 1.0410061199805611 3.8967161601831894 3.7432211832298865
124 1.040299267069618 3.8918114383889124 3.7410498705354445
125 1.0395920063990622 3.8869067170104468 3.738877072048592
126 1.0388843349764487 3.88200199606811 3.7367027929592513
127 1.038176254164239 3.8770972755779223 3.73452702277331
128 1.0374677617162684 3.872192555558446 3.7323497639605994
129 1.0367588561700019 3.8672878360801217 3.7301710162058996
130 1.0360495385389097 3.862383117035641 3.7279907700963526
131 1.0353398068278332 3.8574783983779137 3.7258090270833897
132 1.0346296618597812 3.852573680258609 3.7236257786515417
133 1.0339191004810941 3.847668962584014 3.7214410303413974
133 1.0332081231053076 3.8427642453946507 3.719254774967526
134 1.0332081231053076 3.8427642453946507 3.719254774967526
135 1.0324967281348278 3.8378595286586754 3.7170670124946983
136 1.031784916965958 3.8329548123801884 3.714877732125881
137 1.031072688426753 3.828050096542167 3.7126869322696745
138 1.0303600418243142 3.8231453812502147 3.710494609710511
139 1.0296469746680208 3.818240666408877 3.708300767493592
140 1.0289334868173425 3.813335952031173 3.7061054002882505
141 1.028219576177011 3.8084312381878616 3.703908509841704
142 1.0275052432747933 3.8035265248488836 3.7017100883364336
143 1.0267904888286499 3.798621811874288 3.699510127141623
144 1.0260753098048847 3.7937170993759577 3.6973086313687435
145 1.0253597074637673 3.7888123873926007 3.6951055905680636
146 1.024643678915847 3.783907675803263 3.6929010090677887
147 1.0239272237423573 3.7790029648952967 3.690694882672811
148 1.023210343027422 3.774098254286664 3.6884872010969487
149 1.0224930338858094 3.7691935442360283 3.686277968967529
150 1.0217752948830694 3.7642888346745496 3.6840671853446305
151 1.0210571270963722 3.759384125570084 3.6818548402485765
152 1.020338527319544 3.754479417113261 3.679640939342334
153 1.019619498219381 3.749574708949781 3.6774254665567643
154 1.0189000360906575 3.7446700014781 3.6752084295194933
155 1.0181801415935388 3.739765294492931 3.672989819502745
156 1.0174597327945698 3.734860587790464 3.6707699257367574
157 1.0167388850681747 3.729955881507256 3.668548470295944
158 1.0160176019824414 3.7250511757269122 3.6663254341840505
159 1.0152958834862211 3.7201464704622698 3.6641008113697895
160 1.0145737280496792 3.715241765628665 3.6618746010410654
161 1.0138511344818604 3.710337061296908 3.6596468012960464
162 1.0131281027665122 3.705432357452752 3.657417405888221
163 1.012404631607714 3.7005276540968066 3.6551864131837406
164 1.0116807214141832 3.6956229512051064 3.652953815349136
165 1.0109563696279702 3.6907182488293215 3.65071961531584
166 1.0102315749372484 3.685813546888519 3.6484838113651983
166 1.0095063379134301 3.680908845451542 3.6462463951040567
167 1.0095063379134301 3.680908845451542 3.6462463951040567
168 1.0087806572426057 3.676004144729202 3.6440073650670173
169 1.0080545319913912 3.6710994442888856 3.64176671775554
170 1.0073279612294102 3.6661947442867184 3.6395244502220017
171 1.0066009426906741 3.6612900449433696 3.637280564387942
172 1.0058734787517318 3.6563853460945053 3.6350350449959214
173 1.005145566891283 3.6514806476978174 3.6327878945843906
174 1.0044172045790825 3.6465759497783403 3.6305391157716156
175 1.0036883936098913 3.64167125241783 3.6282886955782185
176 1.0029591312914694 3.6367665555227595 3.626036637046062
177 1.0022294173376056 3.6318618592584055 3.6237829347559414
178 1.001499251052557 3.626957163449693 3.621527584406906
179 1.0007686309205592 3.622052468137945 3.6192705848565536
180 1.000037555745531 3.6171477733247825 3.617011933745016
181 0.9993060253104704 3.612243079005346 3.6147516251421306
182 0.9985740392477626 3.607338385296345 3.612489653760471
183 0.9978415972856062 3.6024336920320232 3.610226013659481
183 0.9971086963674538 3.597528999341937 3.6079607092466657
184 0.9971086963674538 3.597528999341937 3.6079607092466657
185 0.996375336334844 3.5926243070908943 3.605693734156773
186 0.9956415165769716 3.5877196154022233 3.6034250838965107
187 0.9949072356928241 3.5828149241947247 3.601154756603773
188 0.994172492200294 3.577910233571959 3.5988827508728978
189 0.9934372872665782 3.5730055434993027 3.5966090555452697
190 0.9927016169492288 3.5681008539531227 3.594333677947068
191 0.9919654837435355 3.563196164842113 3.592056602005063
192 0.9912288842491097 3.5582914763362457 3.589777833231499
193 0.9904918186768079 3.553386788433462 3.587497363865569
194 0.9897542856194763 3.5484821009904572 3.5852151918387514
195 0.9890162839020789 3.543577414147841 3.582931314504712
196 0.9882778133885426 3.5386727278413437 3.5806457252219124
197 0.9875388709636704 3.533768041997537 3.5783584281084333
198 0.9867994589038341 3.528863356720244 3.5760694079019957
199 0.9860595744373467 3.5239586720732863 3.573778667565887
200 0.9853192164570996 3.51905398787959 3.571486203763497
201 0.9845783840177365 3.514149304360796 3.569192012951496
202 0.9838370772270837 3.509244621303793 3.5668960873018705
203 0.9830952946095387 3.504339938778262 3.5645984249879863
204 0.9823530344019283 3.499435256859847 3.562299025207732
205 0.9816102970931373 3.494530575459469 3.5599978787996562
206 0.9808670820670485 3.489625894578905 3.557694980674626
207 0.9801233858829261 3.4847212142976804 3.5553903360427763
208 0.9793792091252749 3.4798165345371803 3.5530839353279227
209 0.9786345496999598 3.4749118554304808 3.550775778860307
210 0.9778894081686301 3.470007176860736 3.5484658570536003
211 0.977143782156267 3.465102498904698 3.546154171147917
212 0.9763976718569682 3.4601978214448543 3.5438407128358413
213 0.9756510758913978 3.455293144575562 3.5415254797096942
214 0.9749039928631246 3.450388468220953 3.539208469223475
215 0.9741564216680837 3.4454837925438304 3.5368896779882664
216 0.9734083615656057 3.4405791174017555 3.534569100955753
216 0.972659810746947 3.4356744428084403 3.5322467370889306
217 0.972659810746947 3.4356744428084403 3.5322467370889306
218 0.9719107702907891 3.4307697688083367 3.5299225748695777
219 0.9711612370909251 3.425865095429336 3.5275966179327534
220 0.9704112111380068 3.420960422603737 3.5252688585408625
221 0.9696606908142326 3.416055750179844 3.5229392946839497
222 0.9689096746737447 3.4111510785314207 3.5206079242423067
223 0.9681581623443155 3.4062464074372 3.5182747405540162
224 0.967406154392631 3.4013417369979506 3.5159397338478
225 0.9666536470859789 3.3964370670122697 3.5136029096367483
226 0.965900640279077 3.3915323976578824 3.511264260760785
227 0.9651471335425439 3.3866277289037967 3.508923780847051
228 0.9643931241190269 3.3817230608792777 3.5065814721237065
229 0.9636386138533062 3.376818393225028 3.5042373195508727
230 0.9628835993872306 3.371913726255219 3.50189132767561
231 0.9621280803084904 3.3670090599191003 3.4995434899265434
232 0.9613720552307932 3.362104394154328 3.4971938032328174
233 0.9606155227755706 3.357199729017273 3.4948422645899906
233 0.9598584832021337 3.3522950644551135 3.4924888648915173
234 0.9598584832021337 3.3522950644551135 3.4924888648915173
235 0.959100933980106 3.3473904004383033 3.4901336051745897
236 0.9583428749508388 3.3424857371034116 3.4877764779905887
237 0.9575842275268762 3.3375810742865175 3.4854177610113597
238 0.9568250677206372 3.3326764121387478 3.483057169559634
239 0.9560653944969947 3.3277717505256326 3.480694699002719
240 0.9553052071107545 3.3228670894915893 3.4783303438084876
241 0.9545445044530437 3.3179624290778853 3.4759640997347585
242 0.9537832853606119 3.313057769308167 3.473595962688261
243 0.9530215485023313 3.3081531101348953 3.4712259290817102
244 0.9522592925260762 3.3032484516057403 3.468853995473387
245 0.9514965169129542 3.2983437936667666 3.466480155248439
246 0.950733219161769 3.293439136365387 3.4641044090887103
247 0.9499694004028661 3.2885344795722387 3.461726744227368
248 0.9492050587718225 3.283629823491795 3.4593471591275415
249 0.9484401918371395 3.2787251680098173 3.4569656539532443
250 0.9476747973422021 3.2738205132003317 3.4545822283993552
251 0.9469088769897199 3.2689158588651916 3.4521968674084786
252 0.9461424296143158 3.264011205285442 3.4498095668492312
253 0.9453754519682194 3.2591065524138956 3.4474203298050696
254 0.9446079447063911 3.2542018999754574 3.445029144855381
255 0.943839904842892 3.2492972482855302 3.4426360144482295
256 0.9430713338305193 3.2443925972644765 3.4402409243917607
257 0.9423022289465968 3.239487946843017 3.4378438757005307
258 0.9415325881282902 3.2345832970463615 3.4354448670507702
259 0.9407624115567462 3.22967864793286 3.4330438889331067
260 0.9399916971265366 3.2247739994182467 3.430640939995606
261 0.9392204438138608 3.2198693514967482 3.4282360149891256
262 0.9384486501384255 3.2149647042660865 3.4258291104066956
263 0.9376763161971685 3.210060057757879 3.4234202168788577
264 0.9369034398161374 3.2051554118572883 3.421009333134996
265 0.9361300193564366 3.200250766584241 3.4185964560610125
266 0.9353560537983094 3.195346122057112 3.4161815803526343
266 0.9345815432661827 3.1904414781259245 3.413764696203977
267 0.9345815432661827 3.1904414781259245 3.413764696203977
268 0.9338064852006219 3.1855368350078073 3.411345803968599
269 0.9330308775235673 3.1806321924186327 3.408924901671642
270 0.9322547216357685 3.175727550449277 3.406501974993517
271 0.9314780145842392 3.1708229091972915 3.404077025492194
272 0.9307007549179513 3.1659182686472374 3.401650049081929
273 0.9299229416350328 3.1610136287779476 3.399221039992959
274 0.929144573812616 3.156108989568164 3.396789992129544
275 0.9283656496400889 3.1512043510276277 3.394356902637764
276 0.9275861686143687 3.146299713186695 3.391921763868739
277 0.9268061291667836 3.1413950760126346 3.389484571964159
278 0.9260255287503245 3.13649043959734 3.387045326741745
279 0.9252443678915545 3.131585803820427 3.38460401651153
280 0.9244626450167479 3.1266811686989073 3.382160637374659
281 0.9236803585243507 3.1217765342506407 3.379715185497627
282 0.9228975081939127 3.1168719006028733 3.377267652073862
283 0.9221140906655373 3.111967267573208 3.3748180394110894
283 0.9213301048756463 3.1070626352105637 3.3723663416272824
284 0.9213301048756463 3.1070626352105637 3.3723663416272824
285 0.9205455500131596 3.102158003667301 3.3699125519893656
286 0.919760425379527 3.09725337273125 3.367456662916552
287 0.9189747299102435 3.0923487425910348 3.364998668563025
288 0.9181884606751507 3.0874441131270647 3.3625385695403365
289 0.9174016177986303 3.0825394843388523 3.360076355365083
290 0.916614200742841 3.0776348563400573 3.3576120180615634
291 0.9158262059912413 3.0727302290128664 3.3551455602726583
292 0.9150376324117756 3.067825602377561 3.352676976018633
293 0.9142484797453273 3.0629209764545897 3.3502062560801806
294 0.9134587464339586 3.058016351352213 3.347733396051402
295 0.9126684313119512 3.0531117268279706 3.345258389664201
296 0.9118775315872707 3.048207103137314 3.342781237115707
297 0.9110860469667493 3.043302480108898 3.3403019289351112
298 0.9102939760670041 3.038397857846849 3.33782045990734
299 0.9095013175266362 3.033493236230254 3.33533682444766
300 0.908708069077594 3.0285886154277084 3.3328510205724817
301 0.9079142309426247 3.023683995285641 3.330363036766544
302 0.9071198013276576 3.018779375913001 3.3278728691565607
303 0.906324777000252 3.0138747573464975 3.3253805190252006
304 0.9055291582398172 3.0089701395414528 3.3228859746386736
305 0.9047329437106173 3.0040655224226205 3.320389230110188
306 0.9039361316224542 2.9991609060762934 3.3178902813555733
307 0.9031387203508711 2.994256290491401 3.3153891235314625
308 0.9023407077121336 2.9893516756229372 3.31288575376631
309 0.9015420926962272 2.9844470615610663 3.310380164985452
310 0.9007428752837852 2.9795424482412485 3.307872346259218
311 0.8999430526980432 2.974637835733372 3.305362296886855
312 0.899142623837945 2.9697332239316623 3.3028500097743176
313 0.8983415870096899 2.96482861297302 3.300335480228681
314 0.8975399411298609 2.959924002703205 3.297818700945084
315 0.896737683812166 2.9550193932385573 3.295299669660728
316 0.89593481504151 2.950114784537942 3.292778375178175
316 0.8951313322218637 2.9452101766243666 3.2902548158088365
317 0.8951313322218637 2.9452101766243666 3.2902548158088365
318 0.894327234303572 2.9403055695079483 3.287728984120242
319 0.8935225194569909 2.9354009631661224 3.2852008754631234
320 0.8927171861302097 2.930496357662807 3.282670484216904
321 0.8919111799097477 2.925591752896935 3.280137998935023
322 0.891104536764161 2.920687148810336 3.2776032758357765
323 0.8902972712422158 2.915782545538309 3.2750662500290155
324 0.8894893816969066 2.9108779430110205 3.272526915900725
325 0.8886808658636616 2.90597334130405 3.269985270223962
326 0.8878717235606957 2.901068740388026 3.2674413019413007
327 0.8870619521645584 2.896164140279258 3.2648950089812807
328 0.8862515509819001 2.891259540991038 3.262346382116612
329 0.8854405173916261 2.8863549425286945 3.259795419156399
330 0.8846288502950711 2.8814503448994597 3.2572421122579733
331 0.8838165486666921 2.8765457480117473 3.2546864531460136
332 0.883003609735597 2.87164115197669 3.252128440150502
333 0.882190032360853 2.866736556712071 3.2495680653297776
333 0.8813758152762413 2.8618319622800317 3.247005321314693
334 0.8813758152762413 2.8618319622800317 3.247005321314693
335 0.880560956205357 2.856927368696019 3.244440204352815
336 0.8797454547446328 2.852022775908345 3.241872703663144
337 0.8789293077541757 2.847118183945065 3.239302818585001
338 0.878112514891987 2.8422135928383363 3.2367305380996023
339 0.8772950736700117 2.8373090025281145 3.234155858938914
340 0.8764769833216353 2.8324044130283603 3.2315787715203133
341 0.8756582413140834 2.827499824414656 3.2289992727887555
342 0.8748388463899527 2.8225952366706553 3.226417354828463
343 0.8740187968621399 2.8176906496289207 3.223833011080377
344 0.8731980913301912 2.812786063562763 3.22124623437723
345 0.8723767275279926 2.8078814783074573 3.2186570201889744
346 0.8715547037383476 2.802976893914014 3.2160653621525346
347 0.8707320196427877 2.7980723104234113 3.2134712486756865
348 0.8699086717549086 2.793167727736135 3.2108746796388905
349 0.8690846591877385 2.788263145958563 3.2082756455102106
350 0.8682599805021425 2.7833585650348622 3.2056741385514016
350 0.8682599805021425 2.7833585650348622 3.2056741385514016
351 0.8674346335132925 2.778453984898679 3.2030701537075554
352 0.8666086167332733 2.7735494056913557 3.200463683532707
353 0.8657819283734417 2.7686448273969266 3.197854721452114
354 0.8649545660408045 2.7637402499857235 3.19524326304943
355 0.8641265292073651 2.758835673374383 3.1926292968981893
356 0.8632978153598534 2.7539310977160456 3.1900128191197945
357 0.862468423417877 2.7490265229335877 3.1873938202160117
358 0.8616383509576475 2.7441219490553657 3.1847722957148745
359 0.8608075961720876 2.7392173760431398 3.1821482387285203
360 0.8599761579203228 2.7343128039254796 3.17952163992297
361 0.859144033664221 2.7294082327510214 3.176892495092104
362 0.858311221315154 2.7245036624690013 3.174260798192012
363 0.8574777202759094 2.719599093078945 3.171626537659618
364 0.856643527370325 2.7146945246111525 3.1689897114434116
365 0.8558086413799787 2.7097899570431547 3.166350310127342
366 0.854973060783702 2.7048853903866434 3.1637083253912572
366 0.854136783728281 2.699980824699313 3.1610637501337657
367 0.854136783728281 2.699980824699313 3.1610637501337657
368 0.8532998078554934 2.6950762598937033 3.1584165788891343
369 0.8524621316787532 2.6901716960547177 3.155766803103575
370 0.8516237531256435 2.6852671331795683 3.1531144162243674
371 0.8507846700561829 2.6803625712001233 3.1504594118075984
372 0.8499448817564971 2.6754580101627465 3.1478017781972425
373 0.8491043846898606 2.6705534500922767 3.145141514099835
374 0.8482631779776394 2.665648891004167 3.142478608301013
375 0.8474212590694296 2.66074433282083 3.139813055601941
376 0.8465786277401508 2.655839775593526 3.13714484227295
377 0.8457352802725038 2.6509352193340536 3.134473967409634
378 0.8448912151827949 2.6460306640521645 3.13180042176162
379 0.8440464310203738 2.6411261096966743 3.129124195814439
380 0.8432009250129748 2.6362215562916322 3.1264452849729345
381 0.842354695665555 2.6313170038630305 3.123763679840348
382 0.8415077403962627 2.6264124524866617 3.121079375039253
383 0.8406600577385549 2.6215079020223664 3.118392360729543
383 0.8398116457298576 2.616603352607247 3.115702629168982
384 0.8398116457298576 2.616603352607247 3.115702629168982
385 0.8389625023655551 2.611698804142526 3.1130101724195405
386 0.8381126257025566 2.606794256652414 3.110314982389439
387 0.8372620135045289 2.601889710136728 3.1076170519739623
388 0.8364106636733345 2.596985164658155 3.1049163735583654
389 0.8355585743998466 2.5920806201477196 3.102212938224616
390 0.8347057441542216 2.587176076661968 3.0995067360935242
391 0.8338521700412814 2.5822715342491946 3.096797762271644
392 0.832997849756759 2.5773669928056844 3.0940860094156224
393 0.832142781738373 2.572462452352466 3.091371467500456
394 0.8312869641618869 2.567557912918999 3.0886541274079047
395 0.8304303953063175 2.5626533745585527 3.0859339795881113
396 0.8295730720551945 2.5577488372028077 3.0832110194539095
397 0.8287149937313285 2.5528443008835615 3.0804852333964168
398 0.8278561555848308 2.547939765607094 3.0777566228363997
399 0.826996557182947 2.5430352314117206 3.0750251731086156
400 0.8261361962227124 2.538130698232301 3.0722908762952494
401 0.8252750709835458 2.5332261660843174 3.0695537223307507
402 0.8244131782258295 2.5283216349968116 3.0668137067360592
403 0.8235505167932611 2.5234171050058785 3.06407081721174
404 0.8226870844830112 2.5185125760539773 3.0613250451557144
405 0.8218228781369544 2.5136080480927054 3.058576385450564
406 0.8209578960267326 2.508703521274722 3.0558248278216595
407 0.8200921359213429 2.5037989955934794 3.0530703635885432
408 0.8192255959797304 2.498894470946653 3.0503129824186814
409 0.8183582736262303 2.493989947398109 3.047552676833071
410 0.81749016665476 2.4890854249647707 3.044789437835469
411 0.8166212730450103 2.484180903563093 3.042023255529581
412 0.8157515727938328 2.4792763832659803 3.0392541871231855
413 0.8148810398692123 2.4743718640209855 3.0364823120907563
414 0.8140097129915267 2.46946734589272 3.0337074686950642
415 0.8131375896388404 2.464562828829739 3.0309296486027515
416 0.8122646684035434 2.4596583128289438 3.028148839297974
416 0.8113909472782201 2.4547537980519256 3.025365030613545
417 0.8113909472782201 2.4547537980519256 3.025365030613545
418 0.8105164231955124 2.44984928430226 3.0225782158041583
419 0.8096410937004794 2.44494477170749 3.019788386151233
420 0.8087649571313508 2.440040260302756 3.0169955297735176
421 0.8078880106824405 2.435135749999704 3.0141996388121814
422 0.80701025150872 2.4302312407904108 3.0114007055635916
423 0.8061316774620565 2.4253267327311034 3.0085987197113466
424 0.8052522863717638 2.4204222257776355 3.0057936708051645
425 0.8043720751493159 2.4155177200019375 3.0029855518710593
426 0.8034910422247724 2.4106132154064874 3.0001743500858233
427 0.8026091853978973 2.4057087120182645 2.99736005491343
428 0.8017265012013927 2.400804209779635 2.994542660348652
429 0.8008429880291983 2.395899708698838 2.9917221534210205
430 0.7999586428739631 2.39099520881478 2.9888985263348062
431 0.7990734632911004 2.3860907100995012 2.9860717690111236
432 0.7981874474686578 2.381186212567073 2.9832418689603286
433 0.7973005918380814 2.3762817161924388 2.9804088201091194
433 0.7964128944421133 2.371377220988497 2.977572610309939
434 0.7964128944421133 2.371377220988497 2.977572610309939
435 0.7955243529837441 2.3664727270726904 2.974733228714932
436 0.7946349638801504 2.3615682343427666 2.9718906689071214
437 0.7937447255905242 2.3566637427968407 2.9690449168573028
438 0.7928536352698662 2.351759252496538 2.9661959633899664
439 0.7919616904182942 2.3468547634461983 2.9633437978630615
440 0.7910688881239099 2.3419502755550607 2.9604884109514202
441 0.790175226146208 2.3370457889491862 2.957629790986078
442 0.7892807011321745 2.332141303567101 2.954767930118889
443 0.7883853113164989 2.32723681942203 2.951902814546168
444 0.7874890527139091 2.3223323364620545 2.9490344385850737
445 0.7865919243067084 2.317427854826602 2.9461627855754453
446 0.7856939230524995 2.3125233744424514 2.9432878460585092
447 0.7847950452853392 2.307618895289345 2.9404096128694737
448 0.7838952886162299 2.30271441741285 2.937528074033604
449 0.7829946505508777 2.297809940808668 2.9346432177947044
450 0.7820931285096838 2.2929054655173737 2.931755032660389
451 0.7811907195582081 2.2880009915184703 2.9288635082767223
452 0.7802874208937254 2.2830965188190366 2.9259686337170785
453 0.7793832295874581 2.2781920474409456 2.9230703984313786
454 0.7784781430905902 2.273287577325413 2.9201687902249485
455 0.7775721586658592 2.2683831084912045 2.9172637975917826
456 0.7766652728270242 2.2634786409899186 2.9143554117605452
457 0.7757574835262004 2.258574174829958 2.9114436183891184
458 0.7748487867620897 2.2536697100084675 2.9085284103315456
459 0.773939180674362 2.248765246537497 2.9056097723054473
460 0.7730286622931971 2.2438607844058263 2.902687693040244
461 0.772117228477286 2.238956323599033 2.899762161782792
462 0.7712048763395908 2.23405186414006 2.8968331667502607
463 0.7702916028557447 2.229147406063934 2.8939006965669782
464 0.7693774047312992 2.2242429493263 2.8909647406439034
465 0.76846227929802 2.2193384940044782 2.888025286071054
466 0.7675462236831654 2.2144340400281166 2.8850823203870135
466 0.7666292345464102 2.2095295874784906 2.8821358329568505
467 0.7666292345464102 2.2095295874784906 2.8821358329568505
468 0.7657113093349747 2.204625136232572 2.8791858097894667
469 0.7647924447738508 2.1997206864224266 2.8762322398110043
470 0.7638726381584824 2.194816238055015 2.873275109508048
471 0.7629518853450649 2.1899117910550974 2.87031441054065
472 0.7620301843856309 2.185007345432395 2.8673501262866723
473 0.7611075313297831 2.1801029012837128 2.8643822476368164
474 0.7601839241159928 2.1751984585776447 2.861410758070361
475 0.7592593581671861 2.170294017290508 2.8584356504073765
476 0.758333831386574 2.165389577431107 2.8554569080371963
477 0.757407340510422 2.160485139052762 2.8524745186609843
478 0.7564798812719066 2.1555807020775597 2.8494884734452905
479 0.7555514516130017 2.1506762665664203 2.846498755280018
480 0.754622047773317 2.1457718325694004 2.8435053533102903
481 0.7536916668970812 2.1408674000601198 2.8405082530287036
482 0.752760305486177 2.1359629690280757 2.8375074422243145
483 0.7518279605204311 2.131058539478973 2.83450290676049
483 0.7508946280167905 2.126154111422451 2.8314946359889377
484 0.7508946280167905 2.126154111422451 2.8314946359889377
485 0.7499603052069334 2.1212496848557927 2.828482614517158
486 0.7490249884505631 2.1163452598243837 2.8254668301551145
487 0.7480886749476464 2.1114408362858867 2.8224472672757037
488 0.7471513606687844 2.1065364142227962 2.8194239147703746
489 0.7462130423516442 2.1016319937424672 2.8163967586512615
490 0.7452737167545339 2.0967275747933702 2.8133657844852675
491 0.7443333802298058 2.091823157385199 2.810330979297702
492 0.7433920293577834 2.0869187415307726 2.8072923291007874
493 0.7424496609176585 2.082014327236146 2.804249818988135
494 0.7415062708780275 2.077109914519488 2.80120343697155
495 0.7405618560206789 2.0722055033750113 2.798153167798516
496 0.7396164127446679 2.067301093821968 2.7950989975335316
497 0.7386699375280494 2.0623966858762364 2.792040911774511
498 0.7377224267299798 2.05749227952981 2.7889788963714
499 0.7367738770818275 2.0525878748007083 2.78591293563567
500 0.7358242848447505 2.0476834716901617 2.78284301546557
501 0.7348736457241939 2.042779070159415 2.7797691236380144
502 0.7339219566022621 2.037874670302199 2.7766912434895232
503 0.7329692137141827 2.0329702720985687 2.7736093604762426
504 0.7320154133650372 2.028065875514814 2.770523459597524
505 0.7310605515317832 2.0231614805840823 2.7674335270108257
506 0.7301046246827124 2.01825708728759 2.7643395467665752
507 0.7291476292811927 2.013352695688975 2.7612415028679114
508 0.7281895612571818 2.008448305786748 2.758139381068942
509 0.7272304169647082 2.0035439175445644 2.7550331652887867
510 0.7262701921535577 1.998639531033829 2.7519228417008335
511 0.7253088836601794 1.9937351462140311 2.7488083920231325
512 0.7243464381738914 1.9888307630178612 2.7456899878348118
513 0.723382900329418 1.9839263815657873 2.742567429589967
514 0.7224182669021579 1.9790220018561404 2.7394406987277535
515 0.7214525332377957 1.9741176238494662 2.736309781864448
516 0.7204856963089984 1.9692132476382547 2.7331746594365534
516 0.7195177517796704 1.9643088731485798 2.7300353164185553
517 0.7195177517796704 1.9643088731485798 2.7300353164185553
518 0.7185486956184263 1.9594045004237175 2.726891736595995
519 0.7175785236525937 1.9545001294361264 2.7237439039945017
520 0.7166072317436535 1.9495957602528506 2.7205918024425757
521 0.7156348155590678 1.944691392842472 2.717435416167171
522 0.7146612716158639 1.9397870272470743 2.714274726068723
523 0.7136865950077923 1.9348826634409377 2.7111097181527026
524 0.712710782023741 1.9299783014462952 2.707940373746171
525 0.711733828148954 1.9250739413366333 2.704766677092307
526 0.7107557295241782 1.9201695830492906 2.701588609542079
527 0.7097764819860605 1.915265226595713 2.6984061534928787
528 0.708796080500847 1.9103608719947427 2.6952192944476363
529 0.7078145211768684 1.9054565192726787 2.6920280133621954
530 0.7068317996965797 1.900552168425822 2.6888322925506016
531 0.7058479117081969 1.8956478194618245 2.6856321142528223
532 0.7048628525918653 1.890743472406938 2.682427461533045
533 0.7038766178394797 1.8858391272732986 2.6792183167865473
533 0.7028892036785603 1.8809347840426192 2.6760046593385907
534 0.7028892036785603 1.8809347840426192 2.6760046593385907
535 0.7019006046328273 1.8760304427174823 2.6727864748013097
536 0.7009108169976751 1.8711261033325508 2.6695637418572713
537 0.6999198356873211 1.8662217658955222 2.6663364441770576
538 0.6989276562974356 1.8613174304284015 2.663104562622
539 0.6979342744817775 1.8564130969333619 2.659868077566137
540 0.6969396854369131 1.8515087654223423 2.6566269709001107
541 0.6959438842452732 1.8466044358952722 2.6533812246914854
542 0.694946866247492 1.84170010834634 2.650130819771844
543 0.6939486267200577 1.836795782834902 2.6468757370650065
544 0.6929491612754332 1.831891459338772 2.6436159558473475
545 0.6919484649292111 1.8269871379014953 2.6403514575155573
546 0.6909465323533884 1.822082818521967 2.637082224460825
547 0.6899433590592854 1.8171785011772115 2.6338082355845462
548 0.688938940352022 1.8122741859133842 2.630529470416319
549 0.6879332716824635 1.807369872701256 2.627245907558753
550 0.6869263470419741 1.8024655615961305 2.6239575310480734
551 0.685918162037829 1.7975612525906641 2.620664318393609
552 0.684908711567091 1.7926569457079473 2.617366249593024
553 0.683897990440314 1.7877526409924285 2.614063304735579
554 0.6828859936165148 1.7828483383819194 2.6107554629142173
555 0.6818727163619381 1.7779440379173304 2.6074427019215083
556 0.6808581530880603 1.7730397396386426 2.6041250025382636
557 0.6798422985032446 1.7681354435305618 2.6008023440485046
558 0.6788251478326603 1.7632311496015152 2.5974747035096226
559 0.6778066955779735 1.7583268578414104 2.5941420604322376
560 0.6767869364185747 1.753422568321111 2.5908043934770424
561 0.6757658648042496 1.7485182810260205 2.587461681765351
562 0.6747434757313037 1.7436139959867007 2.5841139020972803
563 0.6737197635420219 1.738709713194728 2.5807610334208038
564 0.672694723266744 1.7338054326843344 2.5774030518102156
565 0.671668348823009 1.7289011544232913 2.5740399371995317
566 0.6706406347902654 1.723996878469403 2.57067166681387
566 0.6696115757558762 1.7190926048337045 2.5672982174675596
567 0.6696115757558762 1.7190926048337045 2.5672982174675596
568 0.668581166230019 1.7141883335349073 2.5639195659680865
569 0.6675494001137082 1.7092840645511382 2.5605356910814154
570 0.6665162716615579 1.7043797979523223 2.55714657003568
571 0.665481775794364 1.6994755336735508 2.5537521769772615
572 0.6644459063739978 1.6945712717883912 2.550352489995724
573 0.6634086575701367 1.6896670122811002 2.546947485536041
574 0.6623700238854012 1.6847627552076803 2.5435371385392984
575 0.6613299990132203 1.6798585005434699 2.5401214265949075
576 0.6602885771556589 1.6749542482789093 2.5367003250217506
577 0.6592457521144369 1.6700499984911479 2.5332738104640042
578 0.6582015186360081 1.6651457511690528 2.529841855454446
579 0.6571558702904055 1.660241506314342 2.526404436714018
580 0.6561088002748985 1.6553372639588193 2.522961532089283
581 0.6550603034998939 1.6504330241026053 2.5195131124334305
582 0.6540103730379796 1.645528786781486 2.51605915535827
583 0.6529590031130631 1.6406245519587188 2.512599633570925
583 0.6519061874139116 1.6357203197007544 2.509134521624343
584 0.6519061874139116 1.6357203197007544 2.509134521624343
585 0.6508519191067148 1.6308160900277293 2.5056637956388017
586 0.649796191790235 1.6259118629795533 2.5021874297232336
587 0.6487389997535472 1.6210076385133276 2.498705394818472
588 0.6476803362106225 1.61610341661686 2.495217665665414
589 0.64662019462719 1.6111991973865203 2.4917242158133646
590 0.6455585682496856 1.606294980810854 2.4882250190963
591 0.6444954507719944 1.601390766904212 2.484720047264914
592 0.6434308353226167 1.5964865556821657 2.4812092738478815
593 0.6423647153289889 1.5915823471385908 2.4776926707804265
594 0.6412970836975951 1.586678141322042 2.4741702116803066
595 0.6402279337754248 1.5817739382468368 2.4706418679970965
596 0.6391572590646999 1.576869737961134 2.467107610212579
597 0.6380850522451115 1.5719655403989885 2.4635674113787887
598 0.6370113060651125 1.5670613456920774 2.4600212441628146
599 0.6359360139875053 1.5621571537695227 2.4564690777211045
600 0.6348591686684855 1.5572529646581827 2.452910884037903
601 0.6337807633318645 1.5523487784054342 2.449346632492509
602 0.6327007902437264 1.5474445949950175 2.4457762956150524
603 0.631619242548461 1.5425404144391448 2.44219984213162
604 0.6305361127759259 1.5376362368066652 2.438617242773367
605 0.6294513936613018 1.5327320620852913 2.435028466884341
606 0.6283650774252306 1.5278278903262705 2.4314334854296025
607 0.6272771569576647 1.522923721538824 2.4278322662427305
608 0.6261876246649437 1.5180195557269105 2.424224778538481
609 0.6250964729156705 1.5131153928948864 2.4206109911917792
610 0.624003694083287 1.5082112330812985 2.416990872621332
611 0.6229092803037681 1.5033070763226672 2.4133643916648087
612 0.6218132238215701 1.498402922605819 2.40973151615667
613 0.6207155169775331 1.4934987719690054 2.4060922131306453
614 0.6196161515862914 1.4885946244361785 2.4024464511217123
615 0.6185151199024355 1.4836904800243176 2.3987941964270085
616 0.6174124135654001 1.4787863387537288 2.395135417206973
616 0.6163080246767094 1.473882200640298 2.3914700792893906
617 0.6163080246767094 1.473882200640298 2.3914700792893906
618 0.6152019448876148 1.468978065728793 2.387798149755762
619 0.6140941664749406 1.4640739340310087 2.3841195926598227
620 0.6129846809000206 1.4591698055389406 2.38043437463478
621 0.6118734795655736 1.4542656803182292 2.3767424621030298
622 0.610760554078389 1.4493615583699482 2.373043820023661
623 0.609645895790574 1.4444574397138423 2.369338413802827
624 0.6085294964237236 1.4395533243864476 2.3656262068586336
625 0.6074113473186142 1.4346492123934835 2.3619071634513706
626 0.6062914066677886 1.4297451037132523 2.3581813761326607
627 0.6051696932913115 1.4248409984084671 2.3544487012547552
628 0.6040462037599429 1.419936896518854 2.350709080994669
629 0.602920929158138 1.4150327980593564 2.3469624782061804
630 0.6017938607484671 1.410128703057187 2.3432088544462255
631 0.6006649890991309 1.4052246115447873 2.3394481733525434
632 0.5995343049722465 1.4003205235373501 2.3356803971412003
633 0.5984017989388855 1.3954164390787784 2.331905488173995
633 0.597267462087633 1.3905123581966756 2.328123406114253
634 0.597267462087633 1.3905123581966756 2.328123406114253
635 0.5961312850050484 1.385608280884294 2.3243341118602086
636 0.5949932578322183 1.3807042071712103 2.3205375674366953
637 0.5938533710233134 1.3758001371194666 2.316733733023561
638 0.5927116152279388 1.3708960707526678 2.3129225672850415
639 0.5915679803553647 1.3659920080441383 2.30910403099161
640 0.5904224566166308 1.3610879490741223 2.3052780832113484
641 0.5892750340378061 1.3561838938619575 2.3014446829168547
642 0.5881257027987203 1.3512798424208674 2.2976037877455737
643 0.5869744525804921 1.3463757947947472 2.2937553566015176
644 0.5858212733172801 1.341471750986107 2.289899346587176
645 0.5846661545916325 1.3365677110629406 2.286035715538354
646 0.5835090863769719 1.3316636750135786 2.2821644188643653
647 0.5823500578996439 1.3267596428982602 2.278285414246323
648 0.5811890585809238 1.3218556147322575 2.274398657744525
649 0.5800260779455206 1.3169515905680222 2.270504104285666
650 0.5788611048279381 1.312047570418444 2.2666017106270075
651 0.5776941287090588 1.3071435543118906 2.2626914302087373
652 0.576525138250578 1.3022395422915132 2.258773218880031
653 0.5753541229238945 1.2973355343911595 2.2548470284669633
654 0.5741810713384278 1.2924315306383156 2.250912813314503
655 0.5730059719977763 1.2875275310260876 2.2469705272654372
656 0.5718288138099344 1.2826235356497235 2.2430201218857158
657 0.5706495851272209 1.2777195444985596 2.2390615498541093
658 0.5694682742945815 1.2728155576257476 2.235094763097075
659 0.5682848697813263 1.2679115750773486 2.2311197121352815
660 0.5670993596512824 1.2630075968726466 2.2271363481159425
661 0.5659117320894483 1.2581036230304312 2.223144620779084
662 0.5647219747963759 1.253199653616008 2.219144480906519
663 0.563530075657058 1.2482956886400531 2.21513587750322
664 0.562336022465242 1.2433917281509033 2.211118759029451
665 0.5611398030158462 1.2384877721785896 2.207093072924673
666 0.5599414045619568 1.2335838207717247 2.2030587677951043
666 0.5587408144976266 1.2286798739511264 2.1990157906324663
667 0.5587408144976266 1.2286798739511264 2.1990157906324663
668 0.5575380200990935 1.223775931775834 2.1949640879348955
669 0.5563330085047915 1.2188719942844084 2.1909036056664446
670 0.555125766502437 1.213968061503936 2.1868342900970474
671 0.5539162813418187 1.2090641334717986 2.1827560846251632
672 0.5527045394132832 1.2041602102291047 2.1786689349563986
673 0.5514905272941797 1.1992562918315628 2.1745727849861103
674 0.550274231558241 1.1943523783061407 2.170467577455025
675 0.5490556383679859 1.1894484696823455 2.166353255596946
676 0.5478347342129452 1.184544566020911 2.162229760262836
677 0.5466115049146598 1.1796406673643531 2.158097033739759
678 0.5453859364230467 1.1747367737545211 2.153955016623857
679 0.5441580144183848 1.1698328852288724 2.1498036493668677
680 0.5429277245259482 1.1649290018186578 2.1456428714076146
681 0.5416950521231713 1.1600251236034178 2.141472622016215
682 0.5404599824692089 1.1551212505988153 2.1372928395575057
683 0.5392225010218056 1.150217382866105 2.133103460420305
683 0.537982592516837 1.1453135204424663 2.1289044225099567
684 0.537982592516837 1.1453135204424663 2.1289044225099567
685 0.5367402419324157 1.1404096633663527 2.1246956614629036
686 0.5354954339001822 1.135505811707805 2.120477113012072
687 0.5342481529576283 1.1306019655238524 2.11624871188562
688 0.5329983834225371 1.1256981248439728 2.1120103922558617
689 0.5317461094408358 1.1207942897020977 2.1077620875885352
690 0.5304913151332411 1.1158904601854691 2.103503730132125
691 0.5292339842143201 1.1109866363272631 2.0992352522043536
692 0.5279741004774382 1.1060828181666957 2.0949565843598834
693 0.5267116473798601 1.1011790057730815 2.0906676570585123
694 0.5254466079840574 1.0962751992065938 2.0863684008021153
695 0.5241789658529097 1.091371398516414 2.0820587425529484
696 0.5229087036418516 1.0864676037355083 2.077738611288534
697 0.5216358041633423 1.0815638149344982 2.073407933853833
698 0.5203602498917964 1.0766600321684971 2.069066636800904
699 0.5190820233205622 1.0717562555005962 2.0647146449892113
700 0.5178011065238848 1.0668524849992806 2.060351883296081
700 0.5178011065238848 1.0668524849992806 2.060351883296081
701 0.5165174814469137 1.0619487207003142 2.0559782753634805
702 0.5152311298742382 1.0570449626668024 2.051593743811276
703 0.513942033372214 1.052141210979258 2.0471982104200888
704 0.5126501732059804 1.0472374656854373 2.0427915963361283
705 0.5113555305475108 1.0423337268351036 2.0383738212806106
706 0.5100580864773673 1.0374299945049794 2.0339448035611394
707 0.5087578213880939 1.0325262687594319 2.029504462343771
708 0.5074547157627859 1.027622549667544 2.0250527145518045
709 0.5061487500677913 1.0227188372769427 2.020589475208552
710 0.504839904228669 1.0178151316500408 2.0161146595674375
711 0.503528157683074 1.0129114328981266 2.0116281829380114
712 0.5022134902569063 1.0080077410385866 2.0071299568694227
713 0.5008958812071915 1.0031040561774311 2.002619893299752
714 0.4995753093873957 0.9982003783631536 1.9980979035717297
715 0.49825175359281326 0.993296707672827 1.9935638971871632
716 0.4969251925533325 0.9883930441921902 1.9890177817581887
716 0.4955956043035254 0.9834893879933789 1.984459465445632
717 0.4955956043035254 0.9834893879933789 1.984459465445632
718 0.49426296687783505 0.9785857391465251 1.979888854162117
719 0.49292725799945813 0.9736820977255364 1.9753058527889458
720 0.49158845505508075 0.9687784638157038 1.9707103652528934
721 0.4902465352632681 0.963874837482259 1.9661022937462413
722 0.48890147546407664 0.9589712188133765 1.961481539615111
723 0.48755325235387126 0.95406760790334 1.9568480023406094
724 0.4862018419179396 0.9491640048058884 1.952201581675799
725 0.48484722042971307 0.9442604096412186 1.9475421738095853
726 0.48348936341997306 0.9393568224670161 1.9428696751929644
727 0.48212824636389817 0.9344532433864681 1.9381839799553384
728 0.4807638441500012 0.9295496724698507 1.9334849818278466
729 0.47939613171087636 0.9246461098242337 1.928772571702534
730 0.47802508323031495 0.9197425555468952 1.9240466406733692
731 0.47665067283057466 0.9148390097095089 1.9193070771866678
732 0.47527287442284316 0.9099354724176805 1.9145537677122395
733 0.47389166121321835 0.9050319437614806 1.9097865985750675
733 0.4725070062824084 0.9001284238386659 1.9050054536136896
734 0.4725070062824084 0.9001284238386659 1.9050054536136896
735 0.4711188822603144 0.8952249127569831 1.9002102154384273
736 0.4697272614377377 0.8903214106053703 1.895400764861467
737 0.46833211572619465 0.8854179174955215 1.8905769810865833
738 0.4669334165658236 0.880514433528428 1.8857387419482363
739 0.46553113517266426 0.8756109588144605 1.880885922892566
740 0.4641252423487246 0.8707074934600694 1.8760183976502092
741 0.46271570828409203 0.8658040375699482 1.8711360389744394
742 0.461302503002208 0.86090059125623 1.866238716792979
743 0.4598855960471527 0.8559971546267549 1.8613262993759612
744 0.45846495650723695 0.851093727817525 1.8563986532394658
745 0.457040552851606 0.8461903109153025 1.851455643565282
746 0.4556123534053376 0.8412869040674009 1.8464971324404502
747 0.45418032595270386 0.8363835073905209 1.8415229801865478
748 0.4527444377202002 0.8314801209997231 1.8365330454122215
749 0.4513046554058589 0.8265767450324774 1.8315271848661427
750 0.44986094554947864 0.8216733796094134 1.826505251763493
751 0.4484132737965354 0.8167700248632498 1.8214670987501898
752 0.4469616054173259 0.8118666809468643 1.8164125757263385
753 0.4455059053251058 0.8069633479780485 1.8113415295565405
754 0.4440461377887146 0.8020600260972127 1.8062538052720274
755 0.44258226658624233 0.7971567154371338 1.801149245282286
756 0.4411142549032687 0.7922534161657829 1.7960276897864365
757 0.4396420652993673 0.7873501284114809 1.7908889766390923
758 0.43816565992391476 0.7824468523298557 1.7857329405178022
759 0.4366850002955388 0.7775435880649212 1.7805594136246878
760 0.435200047176749 0.7726403357860572 1.775368226171774
761 0.4337107609247665 0.7677370956445492 1.7701592047371968
762 0.43221710119133777 0.7628338678010386 1.7649321734341565
763 0.4307190269227491 0.7579306524296036 1.7596869538004898
764 0.42921649655558297 0.7530274496873224 1.7544233638042528
765 0.4277094677235726 0.7481242597467056 1.74914121898797
766 0.4261978975016198 0.7432210827779643 1.7438403312985362
766 0.4246817421905802 0.7383179189770562 1.7385205098968646
767 0.4246817421905802 0.7383179189770562 1.7385205098968646
768 0.42316095750876764 0.733414768501856 1.7331815600844038
769 0.4216354981484392 0.7285116315467979 1.7278232851502489
770 0.4201053183140265 0.723608508321049 1.7224454839682735
771 0.41857037146158615 0.718705398994947 1.7170479517824768
772 0.41703061006425873 0.7138023037777164 1.7116304811959226
773 0.4154859837401339 0.7088992228582692 1.706192869556945
774 0.41393642691646293 0.7039961563913285 1.700734969462842
775 0.4123819054135906 0.6990931046365412 1.695256497579347
776 0.41082237173342995 0.6941900678196075 1.6897572176766609
777 0.4092577744048223 0.6892870461574514 1.6842369021819357
778 0.40768806078673503 0.6843840398724859 1.6786953205148991
779 0.40611317749081266 0.6794810492039446 1.6731322371811395
780 0.4045330700683981 0.6745780743825794 1.6675474127950092
781 0.4029476833334689 0.6696751156454652 1.6619406025750982
782 0.40135696092631756 0.6647721732474283 1.6563115579536924
783 0.399760845393279 0.6598692474238536 1.650660025932964
783 0.39815927837865167 0.6549663384438473 1.6449857481933918
784 0.39815927837865167 0.6549663384438473 1.6449857481933918
785 0.3965522003835329 0.6500634465701666 1.639288461749665
786 0.39493955081209225 0.6451605720610859 1.6335678985163122
787 0.3933212679965925 0.64025771520744 1.6278237850412574
788 0.39169728903269346 0.6353548762779787 1.6220558427836045
789 0.39006754994526666 0.6304520555700225 1.6162637872811672
790 0.3884319854747727 0.6255492533783177 1.6104473286712506
791 0.3867905289341503 0.6206464699916472 1.604606171981295
792 0.38514311255055084 0.6157437057275107 1.598740015496689
793 0.3834896672091125 0.6108409609105383 1.5928485514512019
794 0.38183012236275715 0.6059382358706592 1.5869314660695848
795 0.3801644061381017 0.6010355309341483 1.580988438764599
796 0.378492445239335 0.5961328464484575 1.575019142248666
797 0.37681416475914303 0.5912301827590848 1.5690232428947966
798 0.37512948826160447 0.586327540221478 1.563000400044771
799 0.3734383379232463 0.5814249192137854 1.5569502650616633
800 0.3717406341918027 0.5765223201140075 1.5508724822816813
801 0.37003629588110454 0.5716197433108318 1.5447666882237345
802 0.36832524006852285 0.5667171892043665 1.5386325115784492
803 0.36660738208147414 0.5618146582014921 1.5324695727939146
804 0.3648826355514151 0.5569121507209034 1.5262774833866537
805 0.3631509120028695 0.5520096671990841 1.5200558471810262
806 0.36141212126123595 0.5471072080895973 1.5138042580872302
807 0.3596661710786106 0.5422047738332424 1.5075223010471428
808 0.35791296707997566 0.5373023649054247 1.50120955183321
809 0.35615241289711835 0.532399981792355 1.4948655758402773
810 0.354384409885249 0.5274976249942794 1.4884899286768432
811 0.3526088572806656 0.5225952950192854 1.4820821548544252
812 0.3508256519103254 0.5176929923906343 1.4756417883688902
813 0.3490346882404868 0.5127907176475144 1.4691683518120664
814 0.34723585823219666 0.5078884713527309 1.4626613562851154
815 0.3454290513360791 0.5029862540727779 1.4561203006153824
816 0.3436141543416473 0.49808406640482866 1.4495446712873057
816 0.3417910512688565 0.4931819089613459 1.4429339420399387
817 0.3417910512688565 0.4931819089613459 1.4429339420399387
818 0.33995962333577756 0.4882797823673537 1.4362875731424156
819 0.33811974879106743 0.48337768727415786 1.4296050112495764
820 0.33627130298293695 0.47847562434333674 1.422885688130264
821 0.3344141579875934 0.4735735942654609 1.4161290213168256
822 0.3325481827112844 0.4686715977546223 1.4093344126361356
823 0.330673242684656 0.46376963554934264 1.4025012480118115
824 0.3287891999231709 0.4588677084079719 1.3956288969199622
825 0.32689591291491493 0.45396581710735223 1.3887167112594379
826 0.3249932362799852 0.4490639624610217 1.3817640256185153
827 0.32308102082234774 0.44416214530916504 1.3747701557294387
828 0.32115911328609703 0.43926036651590633 1.3677343981349257
829 0.3192273562665187 0.43435862698031646 1.3606560291708714
830 0.31728558800707224 0.4294569276290668 1.3535343043047208
831 0.3153336420919913 0.42455526942402144 1.3463684578893338
832 0.31337134755512264 0.4196536533564867 1.3391577010169022
833 0.31139852852949157 0.4147520804596302 1.3319012213005699
833 0.30941500389463406 0.4098505518047381 1.3245981825248063
834 0.30941500389463406 0.4098505518047381 1.3245981825248063
835 0.3074205874021359 0.40494906849696977 1.3172477221483452
836 0.3054150872041787 0.4000476316917633 1.3098489513202078
837 0.30339830569022397 0.3951462425808476 1.3024009533668925
838 0.3013700392127242 0.39024490240382276 1.29490278271612
839 0.2993300779995261 0.3853436124514111 1.287353462861895
840 0.2972782055859695 0.38044237406071274 1.2797519862272349
841 0.29521419871073373 0.37554118862872254 1.2720973119477135
842 0.29313782698908203 0.3706400576012389 1.2643883643684222
843 0.29104885259556607 0.3657389824904635 1.2566240314256965
844 0.28894702991250837 0.36083796486803266 1.2488031629094527
845 0.28683210506660956 0.3559370063702815 1.2409245690527706
846 0.28470381574656944 0.35103610870896196 1.2329870177133087
847 0.2825618905990658 0.3461352736705188 1.22498923310808
848 0.2804060488782425 0.34123450311068043 1.2169298931880417
849 0.2782359999271681 0.3363337989782745 1.2088076275762816
850 0.27605144277956867 0.3314331633023631 1.2006210145658163
851 0.27385206558199354 0.32653259821242253 1.1923685787013207
852 0.27163754495799197 0.32163210593616 1.1840487881964163
853 0.26940754554310514 0.3167316888021257 1.1756600512566147
854 0.2671617192238271 0.31183134925878164 1.167200713353437
855 0.26489970455021933 0.30693108986498746 1.1586690532031148
856 0.26262112592458214 0.30203091331111714 1.1500632793641
857 0.2603255928265139 0.29713082242694894 1.1413815261143485
858 0.258012699017588 0.29223082018275087 1.132621848829349
859 0.25568202158902165 0.28733090970753444 1.1237822194999092
860 0.2533331199554448 0.2824310942935241 1.1148605217635852
861 0.2509655349275926 0.2775313774143956 1.1058545449058081
862 0.24857878744563291 0.27263176273463247 1.0967619785105767
863 0.246172378822752 0.26773225412730034 1.0875803995868756
864 0.24374578802305719 0.26283285569162246 1.0783072717825168
865 0.24129846740472674 0.25793357174715287 1.0689399502671697
866 0.2388298438890125 0.25303440687067186 1.0594756616273653
866 0.23633931868459077 0.24813536591819804 1.0499114886987968
867 0.23633931868459077 0.24813536591819804 1.0499114886987968
868 0.2338262641941484 0.24323645405794792 1.0402443664582783
869 0.23129002201233917 0.2383376767692237 1.0304710713223442
870 0.22872990067371443 0.2334390398905954 1.0205882099498595
871 0.226145173272661 0.22854054964519357 1.0105922064922628
872 0.2235350748363205 0.22364221266800552 1.0004792886832792
873 0.22089879956032754 0.2187440360527598 0.9902454720810772
874 0.21823549760561278 0.21384602739106764 0.9798865433776607
875 0.21554427158448866 0.2089481948132161 0.9693980418835346
876 0.21282417288578107 0.2040505470517621 0.958775238192855
877 0.21007419730911736 0.19915309349127408 0.9480131117589219
878 0.20729328052541365 0.19425584424322057 0.9371063246760923
879 0.204480292730187 0.18935881021820422 0.9260491937385102
880 0.20163403298028215 0.184462003209123 0.9148356578631822
881 0.19875322269950652 0.17956543599356556 0.9034592423442068
882 0.19583649838678577 0.17466912244379076 0.8919130186795492
883 0.1928824035071251 0.16977307765262264 0.8801895588487479
883 0.18988937935094852 0.16487731807944345 0.8682808835491613
884 0.18988937935094852 0.16487731807944345 0.8682808835491613
885 0.18685575458436354 0.15998186172352322 0.8561784039211539
886 0.1837797335966316 0.15508672831733708 0.8438728541076718
887 0.18065938300803364 0.15019193955428872 0.8313542150623304
888 0.17749261642659026 0.14529751935527546 0.8186116261087938
889 0.174277176803136 0.1404034941836072 0.8056332834804145
890 0.17101061619808117 0.1355098934149589 0.7924063220613048
891 0.16769027236291667 0.13061674977598559 0.7789166773687608
892 0.16431324133016742 0.12572409987145822 0.765148924418276
893 0.1608763454765278 0.12083198481519325 0.7510860870022865
894 0.15737609590649942 0.11594045099796418 0.7367094114905922
895 0.15380864785920959 0.1110495510188658 0.7219980967553672
896 0.15016974760812704 0.10615934483927429 0.7069289689178984
897 0.1464546686434847 0.10126990120849033 0.6914760870820181
898 0.14265813454047443 0.09638129945251375 0.675610260592387
899 0.1387742247624252 0.09149363174182586 0.6592984532859654
900 0.13479625870941475 0.0866070059923671 0.6425030399327997
901 0.13071665146644826 0.08172154963543915 0.6251808680733767
902 0.1265267323748416 0.0768374145717281 0.607282059131137
903 0.12221651400792137 0.07195478379962042 0.5887484550161259
904 0.11777439395774561 0.06707388042792978 0.5695115735598193
905 0.11318676436330521 0.06219498018859808 0.5494898678167488
906 0.10843749316393207 0.05731842922228948 0.5285849713958017
907 0.10350721291908677 0.05244466989944248 0.5066764761644129
908 0.09837233337704004 0.04757427959476275 0.4836144265524408
909 0.0930036459780746 0.04270803115187293 0.45920813859212845
910 0.08736427248016351 0.03784699088987081 0.4332090202944706
911 0.08140655102087684 0.032992685875075096 0.40528293437482776
912 0.07506713764359806 0.028147408264095522 0.3749631216489579
913 0.06825895219892744 0.02331481514926144 0.34156421096700906
914 0.060857342168761076 0.018501242355454955 0.30401002896495044
915 0.05267575862272325 0.013719029497088338 0.26044294103759197
916 0.043427676379694656 0.008996873060848034 0.20716910990555953
916 0.03275747895371443 0.004423571295605674 0.13504004083635615
917 0.03275747895371443 0.004423571295605674 0.13504004083635615
918 0.026091068180297317 0.0006716246407328344 0.0257415540096596
919 0.02403437029218839 6.464058514904603e-05 0.002689506084960978
920 0.022284778148275577 6.006675146286303e-06 0.00026954161743589564
921 0.020692195032302844 5.574644582793089e-07 2.6940808232719832e-05
922 0.01921980995770348 5.1735680705053045e-08 2.6917893995261332e-06
923 0.01784584737350404 4.802550608221363e-09 2.691130607421742e-07
