1 1.299472523728896 6.49511039668934 4.998266818332813
2 1.298947977195902 6.490190763753952 4.99649784109493
3 1.2984252923546875 6.48528546199825 4.994731310445454
4 1.2979011775957974 6.480380657653339 4.992969241046109
5 1.2973741869396045 6.475475815904466 4.991216783169984
6 1.296844349505688 6.4705709690170226 4.989473849720962
7 1.2963139305880607 6.465666121686476 4.987731728496805
8 1.2957833491224087 6.460761272304503 4.985988804903354
9 1.2952525923805362 6.455856424641961 4.984245129188883
10 1.2947216515770428 6.45095157725029 4.982500732410456
11 1.2941905232143305 6.446046730453753 4.980755626647581
12 1.293659213116762 6.441141883624182 4.979009787365711
13 1.2931277170164555 6.436237037089263 4.977263229605154
14 1.2925960400719714 6.431332190661293 4.975515931723881
15 1.2920641779894022 6.426427344139495 4.973767908448434
16 1.2915321330289928 6.421522498035014 4.972019149825412
16 1.290999901084581 6.416617652053891 4.970269669783268
17 1.290999901084581 6.416617652053891 4.970269669783268
18 1.2904674863084677 6.411712806384854 4.96851945082809
19 1.2899348858523287 6.406807960607038 4.966768501941646
20 1.2894021013911066 6.401903115404449 4.965016815543872
21 1.288869133272355 6.396998269918645 4.963264387965504
22 1.2883359763899267 6.392093424896301 4.961511237781095
23 1.2878026327408758 6.387188580240222 4.959757355555442
24 1.287269102303984 6.38228373584359 4.9580027396139865
25 1.2867353832887638 6.377378891257433 4.956247394827604
26 1.2862014787475577 6.372474046878641 4.954491308067734
27 1.2856673901329345 6.367569203111669 4.9527344723686895
28 1.285133113912056 6.36266435929165 4.950976899134714
29 1.2845986501994913 6.35775951562639 4.949218586395887
30 1.284063999779483 6.352854672058703 4.9474595293923835
31 1.2835291572742356 6.347949828919904 4.945699747406375
32 1.282994132893824 6.343044986017521 4.943939199246867
33 1.282458915247954 6.338140143448359 4.942177927175878
33 1.281923511260111 6.333235300673186 4.940415902386963
34 1.281923511260111 6.333235300673186 4.940415902386963
35 1.281387920090963 6.32833045831917 4.938653126892234
36 1.2808521398576307 6.32342561588651 4.9368896058442555
37 1.280316168066241 6.318520773941367 4.935125347580911
38 1.2797800087567972 6.313615932055853 4.933360334475783
39 1.279243658207647 6.308711090487726 4.931594579352369
40 1.2787071190452617 6.303806249293836 4.9298280704032775
41 1.2781703895867542 6.298901408205244 4.92806081217524
42 1.2776334719329723 6.293996567321134 4.926292794911475
43 1.2770963610557882 6.289091726784914 4.924524036373935
44 1.2765590594741238 6.284186886389388 4.922754524947829
45 1.2760215700917643 6.27928204618959 4.920984247733382
46 1.275483889305762 6.274377206138819 4.919213216839551
47 1.2749460131980257 6.269472366277124 4.917441445658565
48 1.274407948347538 6.264567526921125 4.915668907310318
49 1.2738696909839735 6.259662687711487 4.91389561429658
50 1.2733312418571674 6.254757848430752 4.91212156179261
51 1.2727926027493537 6.249853009648275 4.910346741604245
52 1.27225376843726 6.244948170824827 4.908571171689786
53 1.2717147460714304 6.2400433321499555 4.906794822837936
54 1.2711755274230976 6.235138493834632 4.905017725187318
55 1.2706361161637891 6.230233656005383 4.903239862892646
56 1.2700965080285802 6.2253288182256625 4.901461250286012
57 1.2695567095562417 6.220423980806104 4.89968186059241
58 1.2690167157226098 6.215519143327824 4.897901711080734
59 1.2684765265770601 6.210614306102851 4.896120800013524
60 1.2679361448797597 6.205709469015658 4.894339114848844
61 1.2673955669740982 6.200804632428559 4.892556668186047
62 1.2668547965653678 6.1958997958590425 4.890773443536742
63 1.2663136986075079 6.190994959536091 4.888989960658225
64 1.2657724075044303 6.186090123346286 4.887205698805403
65 1.2652309230330407 6.181185287237676 4.885420656981728
66 1.2646892399899339 6.176280451575057 4.883634853748116
66 1.2641473605983398 6.171375615826312 4.881848278277706
67 1.2641473605983398 6.171375615826312 4.881848278277706
68 1.263605284668437 6.166470779910933 4.880060929413555
69 1.2630630157204992 6.161565944715164 4.878272792431003
70 1.2625205494368106 6.1566611095143795 4.876483881597621
71 1.2619778863326012 6.1517562744093 4.874694193165895
72 1.2614350281124576 6.146851439875304 4.8729037190866
73 1.2608919713810314 6.141946605312067 4.871112470154686
74 1.260348718512621 6.137041770861829 4.869320435461984
75 1.2598052663931618 6.132136936728785 4.867527625348932
76 1.2592616174778233 6.127232102775048 4.8657340283644075
77 1.2587177686711222 6.122327269203095 4.86393965477001
78 1.2581737227077763 6.117422435587561 4.862144491797175
79 1.2576294788434212 6.112517602146608 4.86034854062739
80 1.257085037471227 6.107612769133807 4.858551798070862
81 1.2565403953779963 6.102707936253071 4.856754274435591
82 1.2559955519282138 6.097803103598196 4.854955970374897
83 1.2554505095243154 6.092898271350437 4.853156874864792
83 1.2549052694633676 6.087993439099106 4.8513569806767185
84 1.2549052694633676 6.087993439099106 4.8513569806767185
85 1.2543598286769249 6.083088606897078 4.849556297823573
86 1.2538141871816118 6.078183775193645 4.847754824705326
87 1.253268343992427 6.0732789435131345 4.845952562853397
88 1.2527222993695806 6.068374112145187 4.844149509591258
89 1.2521760555860537 6.063469280963194 4.84234565412235
90 1.2516296110850222 6.058564449866708 4.840541000475862
91 1.2510829640644106 6.053659619079113 4.838735553885655
92 1.2505361143558806 6.04875478855637 4.836929313050611
93 1.249989062694196 6.0438499583856276 4.835122273277224
94 1.2494418117027064 6.0389451283466205 4.833314422315437
95 1.2488943597370974 6.034040298649028 4.8315057647623965
96 1.2483467004577697 6.029135468987253 4.829696322965699
97 1.247798840517578 6.024230639598263 4.827886069440051
98 1.247250777060806 6.019325810654661 4.826075013430284
99 1.2467025107292087 6.01442098162579 4.824263150082127
100 1.2461540391946422 6.009516152737802 4.822450486636146
101 1.2456053646302372 6.004611324304799 4.820637012981468
102 1.245056485031317 5.999706496037604 4.818822734686364
103 1.2445074010284325 5.994801668170374 4.8170076475370145
104 1.2439581123042183 5.9898968402776775 4.81519175045406
105 1.2434086186391156 5.984992012634341 4.813375042538138
106 1.2428589213905048 5.98008718535899 4.811557516655628
107 1.2423090149577392 5.975182358462522 4.809739192519492
108 1.2417589048258177 5.970277531618986 4.807920046650635
109 1.2412085886948911 5.965372705296513 4.80610008634326
110 1.2406580648810077 5.960467879044595 4.804279315764789
111 1.240107334921369 5.955563052951875 4.802457727039811
112 1.239556397898516 5.9506582271698045 4.800635321844381
113 1.239005253331437 5.9457534016488305 4.79881209999868
114 1.2384539009928677 5.94084857623486 4.796988060251645
115 1.2379023432606393 5.935943751058386 4.795163191486567
116 1.2373505757862344 5.931038926132747 4.793337508542444
116 1.2367986027183846 5.9261341014659825 4.791510993334576
117 1.2367986027183846 5.9261341014659825 4.791510993334576
118 1.2362464181144135 5.921229277113738 4.789683666906069
119 1.2356940276202222 5.916324453151818 4.787855505416539
120 1.2351414249922368 5.911419629385784 4.786026530867053
121 1.2345886131713537 5.906514805871388 4.78419672987183
122 1.234035471980942 5.901609982298218 4.782366565869154
123 1.2334821222896784 5.896705158998292 4.780535568729933
124 1.2329285611944265 5.891800335777474 4.778703747498285
125 1.2323747874351945 5.886895512841734 4.776871105172056
126 1.2318208057103508 5.881990690239674 4.775037621521356
127 1.2312666130528098 5.877085867683662 4.773203305750312
128 1.2307122106180721 5.872181045251418 4.771368151375023
129 1.23015759967266 5.867276223229084 4.769532151644913
130 1.2296027725817396 5.862371401423201 4.767695333928252
131 1.2290477371047364 5.8574665798845205 4.7658576661008585
132 1.2284924871633383 5.852561758657724 4.764019169683027
133 1.2279370268312049 5.847656937560082 4.762179826640177
133 1.2273813533354054 5.842752116761339 4.760339645769977
134 1.2273813533354054 5.842752116761339 4.760339645769977
135 1.2268254676216537 5.837847296052361 4.758498621136158
136 1.2262693678977348 5.8329424754549395 4.756656757605136
137 1.2257130576664546 5.828037655142287 4.754814039623484
138 1.2251565324334683 5.8231328350749605 4.752970482480926
139 1.2245997916894804 5.818228015317768 4.751126086091223
140 1.2240428388406424 5.813323195860842 4.7492808351110956
141 1.2234856693380165 5.80841837619346 4.747434744647384
142 1.2229282866601878 5.803513557209547 4.745587799803796
143 1.2223706894854693 5.798608738470556 4.743740003215682
144 1.2218128771880372 5.7937039197300715 4.741891354970897
145 1.2212548504383298 5.78879910140017 4.740041850660792
146 1.2206966070609806 5.783894283056437 4.738191496232691
147 1.2201381478902102 5.778989464768255 4.736340286352768
148 1.2195794699182654 5.774084647112416 4.734488231012439
149 1.2190205772212919 5.7691798297651715 4.732635311961496
150 1.2184614693394307 5.764275012527552 4.730781528653968
151 1.2179021444150835 5.7593701956114325 4.72892688630371
152 1.2173426018990898 5.754465378823888 4.72707138470859
153 1.216782840282446 5.749560562355174 4.725215027704167
154 1.216222861796904 5.744655746315914 4.7233578045297495
155 1.2156626673579631 5.7397509303411125 4.721499709138464
156 1.2151022510377851 5.73484611461012 4.719640762505499
157 1.214541618172048 5.729941299049773 4.717780941647475
158 1.213980766513392 5.725036483626645 4.715920253060689
159 1.2134196936807584 5.720131668671712 4.714058704058446
160 1.2128584027253102 5.715226853917939 4.7121962803537025
161 1.2122968901248243 5.710322039527177 4.7103329935451805
162 1.2117351601384028 5.705417225226296 4.708468824635435
163 1.2111732073144297 5.700512411018007 4.70660379258052
164 1.2106110337782106 5.695607597305448 4.704737887222089
165 1.2100486395774308 5.690702783752333 4.702871105858705
166 1.2094860247788601 5.68579797047508 4.701003446083355
166 1.2089231890515268 5.680893157480484 4.699134906939363
167 1.2089231890515268 5.680893157480484 4.699134906939363
168 1.2083601301153462 5.675988344798096 4.6972654950608845
169 1.2077968506940167 5.671083532289124 4.695395197487427
170 1.2072333503054051 5.666178719752952 4.693524013662748
171 1.2066696239372072 5.661273907747364 4.691651961267872
172 1.2061056739840643 5.656369096204955 4.689779028665518
173 1.2055415018977746 5.651464284757492 4.687905207627365
174 1.2049771076862121 5.6465594734592655 4.6860304958836485
175 1.2044124884145164 5.6416546625013355 4.6841549027177445
176 1.2038476456119311 5.636749851831283 4.682278419846102
177 1.203282578868518 5.631845041606834 4.680401046695635
178 1.2027172855587231 5.626940231642782 4.67852279102215
179 1.202151765364144 5.622035421901122 4.676643651725746
180 1.2015860219968852 5.617130612340238 4.674763612017782
181 1.2010200558541433 5.612225802909348 4.672882667990117
182 1.200453861345956 5.607320993874017 4.671000839288446
183 1.1998873254216997 5.602416184882286 4.669118563206191
183 1.1993205629306678 5.597511376230737 4.667235390805458
184 1.1993205629306678 5.597511376230737 4.667235390805458
185 1.1987535744249327 5.592606567925767 4.6653513176039185
186 1.198186356237515 5.5877017598296 4.663466355413879
187 1.1976189123726062 5.582796951861623 4.66158048623458
188 1.1970512399470659 5.577892144025196 4.659693718935417
189 1.1964833430331732 5.572987336338432 4.657806035318887
190 1.1959152153689852 5.568082529114845 4.655917457657632
191 1.1953468605569262 5.563177722298158 4.654027969510212
192 1.194778275485219 5.558272915427358 4.65213758023015
193 1.1942094572797883 5.553368108907169 4.650246298967372
194 1.1936404144005353 5.548463302518829 4.648354090210118
195 1.1930711406850247 5.543558496503686 4.6464609757644
196 1.1925016384214828 5.538653690785158 4.644566944257357
197 1.1919319077728625 5.5337488851619 4.642671992481323
198 1.191361942869064 5.528844080131083 4.640776141309668
199 1.1907917486436201 5.523939275156092 4.638879368662216
200 1.1902213200590879 5.519034470359395 4.636981691846526
201 1.1896506633819413 5.514129665623706 4.63508308392661
202 1.1890797731398082 5.5092248611553 4.633183563965597
203 1.188508651506346 5.504320057140472 4.631283121215951
204 1.187937296761434 5.499415253354782 4.62938175975057
205 1.1873657077761073 5.494510449551303 4.627479481315256
206 1.1867938878634336 5.489605646187836 4.625576270931666
207 1.186221835714663 5.484700843100403 4.623672131103569
208 1.185649548569979 5.479796040283505 4.621767070120112
209 1.1850770281274072 5.4748912375734395 4.619861078755832
210 1.1845042738854907 5.469986435493547 4.6179541569322735
211 1.1839312837316238 5.465081633400892 4.61604630986314
212 1.1833580578459102 5.460176831670615 4.614137534678119
213 1.1827845992005581 5.455272029932876 4.612227816983823
214 1.1822109018580687 5.450367228410105 4.6103171776235685
215 1.1816369712565633 5.445462427565045 4.6084055932798815
216 1.181062802747876 5.440557626957992 4.6064930791994465
216 1.1804883952271805 5.4356528267253665 4.604579637294355
217 1.1804883952271805 5.4356528267253665 4.604579637294355
218 1.1799137534430757 5.430748026368954 4.602665246100936
219 1.1793388737689936 5.425843226171054 4.6007499174777955
220 1.178763756949382 5.420938426729382 4.59883364649645
221 1.1781884024218943 5.416033627532856 4.596916432380094
222 1.1776128119656761 5.411128828466259 4.594998265545345
223 1.1770369824347227 5.406224029772873 4.593079155924225
224 1.1764609153789882 5.401319231400415 4.591159094869225
225 1.175884607643799 5.3964144332162105 4.589238092017701
226 1.1753080628714734 5.391509635305126 4.58731613066005
227 1.174731275426115 5.3866048377025075 4.5853932302505545
228 1.1741542490511454 5.381700040020208 4.583469373269529
229 1.1735769810548315 5.3767952429362085 4.581544568216949
230 1.1729994729605198 5.371890446165563 4.579618806313281
231 1.172421724547781 5.3669856495391315 4.577692085677831
232 1.171843731977374 5.362080853296285 4.5757644189027555
233 1.1712654985933362 5.3571760573664 4.573835790262967
233 1.1706870236402438 5.352271261711542 4.5719062000607895
234 1.1706870236402438 5.352271261711542 4.5719062000607895
235 1.1701083068623224 5.347366466402842 4.569975646734747
236 1.1695293464807002 5.342461671297636 4.568044134483631
237 1.1689501449506374 5.337556876379692 4.566111651070531
238 1.16837070088932 5.332652081735667 4.564178199330616
239 1.1677910116591086 5.327747287470688 4.562243787012395
240 1.1672110806653058 5.322842493584808 4.560308398161204
241 1.1666309035869602 5.317937699944817 4.558372046886567
242 1.166050481157639 5.3130329064893695 4.556434727606872
243 1.1654698139135733 5.30812811342219 4.554496435731642
244 1.1648889010058294 5.303223320516095 4.552557171707103
245 1.1643076319807613 5.298318527930641 4.550617364688192
246 1.1637261192309631 5.293413735474819 4.5486765726053475
247 1.1631443597851874 5.288508943393744 4.546734804586457
248 1.1625623521692956 5.2836041517037975 4.544792063707207
249 1.1619800997888177 5.278699360172523 4.542848333746759
250 1.1613976002739586 5.273794569131753 4.540903621539887
251 1.1608148520422954 5.268889778176182 4.538957930204192
252 1.1602318566193266 5.263984987217908 4.537011250971906
253 1.159648612903106 5.259080196666629 4.535063585770915
254 1.15906512036336 5.254175406289328 4.533114933733987
255 1.1584813782260777 5.249270616122611 4.531165295173364
256 1.1578973864246673 5.2443658264129605 4.529214667809563
257 1.1573131462281547 5.239461037166847 4.527263043924613
258 1.156728655166854 5.234556247950915 4.525310430038451
259 1.1561439146173995 5.229651459035451 4.523356818226293
260 1.1555589226681455 5.224746670647332 4.521402213383955
261 1.1549736790302796 5.219841882400269 4.51944661352185
262 1.154388182990831 5.214937094358125 4.517490018692912
263 1.153802435899051 5.2100323065665 4.515532420857481
264 1.1532164369529727 5.205127519008163 4.513573820332587
265 1.1526301859143162 5.200222731837867 4.511614215371971
266 1.152043682277122 5.195317944980843 4.5096536050714775
266 1.1514569243895156 5.1904131583871225 4.5076919930278745
267 1.1514569243895156 5.1904131583871225 4.5076919930278745
268 1.1508699134921803 5.185508371935986 4.5057293714466535
269 1.15028264687241 5.180603585719406 4.503765748188359
270 1.1496951284257761 5.175698799903179 4.501801105298256
271 1.1491073552191624 5.170794014423948 4.4998354513515
272 1.1485193270710676 5.165889229267367 4.497868784186088
273 1.1479310435197645 5.160984444260178 4.4959011025920725
274 1.1473425037629734 5.156079659689933 4.493932407088018
275 1.1467537066103066 5.1511748753990085 4.491962699318744
276 1.1461646538230672 5.146270091429011 4.489991969533758
277 1.1455753443661412 5.141365307683479 4.488020218808262
278 1.1449857773556114 5.136460524237114 4.486047447768274
279 1.1443959553264083 5.131555741137695 4.484073643614073
280 1.143805873545359 5.126650958426919 4.482098822011003
281 1.1432155338898513 5.121746175927522 4.4801229725251455
282 1.1426249339951846 5.116841393841899 4.478146101670369
283 1.1420340758832526 5.11193661185185 4.476168198307273
283 1.1414429551466718 5.107031830279291 4.474189277048062
284 1.1414429551466718 5.107031830279291 4.474189277048062
285 1.1408515795524852 5.1021270491210595 4.472209304493789
286 1.1402599436388081 5.097222268068728 4.470228298823183
287 1.1396680472623213 5.092317487458668 4.46824625792685
288 1.139075888089996 5.087412707144393 4.466263187850437
289 1.138483469671621 5.082507927035015 4.464279071615322
290 1.13789078774291 5.077603147314807 4.462293923115949
291 1.137297842488905 5.072698367690191 4.460307738374768
292 1.1367046357404595 5.067793588645092 4.4583205076346735
293 1.1361111671638606 5.062888809942434 4.456332228985314
294 1.1355174360903386 5.0579840314245335 4.45434290189282
295 1.134923439712502 5.053079253382225 4.452352534601159
296 1.1343291814361482 5.048174475470704 4.4503611104135805
297 1.1337346576128182 5.043269697862508 4.4483686407554766
298 1.133139869383926 5.038364920604954 4.446375118143402
299 1.1325448163789795 5.033460143558579 4.44438054085292
300 1.1319494978455191 5.028555367018392 4.442384909034745
301 1.1313539130328896 5.0236505906374305 4.440388222258607
302 1.1307580625871645 5.0187458147349915 4.438390475193381
303 1.1301619457556504 5.01384103906408 4.436391667489493
304 1.1295655627066612 5.008936263603267 4.434391795373852
305 1.1289689115214017 5.004031488702851 4.432390863588444
306 1.1283719929201441 4.999126713817808 4.430388865714784
307 1.1277748070105842 4.994221939544157 4.4283857987415445
308 1.1271773509354543 4.989317165373979 4.426381670314171
309 1.126579522022348 4.984412391384944 4.424376880592782
310 1.125981426753497 4.979507617714735 4.422371008438368
311 1.1253830618459901 4.974602844486726 4.420364063705364
312 1.1247844259130975 4.96969807131972 4.418356048347069
313 1.1241855205725992 4.964793298632487 4.416346953217908
314 1.123586343824893 4.959888526245542 4.414336782842319
315 1.1229868966736107 4.954983754059265 4.412325530009635
316 1.1223871777421686 4.950078982287236 4.4103131971312965
316 1.121787186625349 4.945174210836147 4.408299782521692
317 1.121787186625349 4.945174210836147 4.408299782521692
318 1.1211869234772074 4.940269439645979 4.4062852823188585
319 1.1205863864040189 4.9353646686855415 4.404269700726253
320 1.119985578278619 4.930459898001702 4.402253023275225
321 1.1193844968922906 4.925555127698902 4.400235255511895
322 1.1187831385686604 4.920650357875875 4.398216408741391
323 1.1181815061126577 4.915745588171633 4.396196468372254
324 1.1175795991529118 4.910840818973178 4.39417543295836
325 1.116977417306064 4.905936049765302 4.392153300285588
326 1.1163749585465088 4.901031281014707 4.390130075468302
327 1.1157722244380333 4.896126512647723 4.388105749014941
328 1.1151692146835244 4.8912217446677015 4.386080318811338
329 1.114565927939167 4.886316976954942 4.384053786741664
330 1.1139623639188114 4.881412209562799 4.382026150677537
331 1.1133585218092028 4.8765074425022545 4.379997410517818
332 1.112754403109281 4.871602675699918 4.377967556980755
333 1.1121500045009107 4.866697909106737 4.375936599749168
333 1.111545329349636 4.861793143041612 4.373904522531926
334 1.111545329349636 4.861793143041612 4.373904522531926
335 1.1109403739108266 4.856888377181676 4.3718713364282955
336 1.1103351388160154 4.851983611665098 4.369837035725014
337 1.1097296239222296 4.847078846452499 4.367801617587695
338 1.1091238271898018 4.842174081935973 4.365765087027873
339 1.1085177497813339 4.837269317454184 4.363727435495177
340 1.1079113912220866 4.832364553403694 4.36168866182821
341 1.1073047504009277 4.827459789822981 4.359648767040038
342 1.1066978273020318 4.822555026397465 4.35760774750426
343 1.1060906192294977 4.817650263382785 4.355565610653817
344 1.1054831309173818 4.812745500498342 4.353522334171214
345 1.104875358915147 4.807840737984502 4.351477928429154
346 1.104267302620586 4.802935975750649 4.349432392277293
347 1.1036589624725333 4.798031213993826 4.347385720716453
348 1.1030503384821895 4.793126452603089 4.345337910143329
349 1.1024414275787582 4.788221691390143 4.343288969016972
350 1.1018322314717166 4.783316930561546 4.341238887314517
350 1.1018322314717166 4.783316930561546 4.341238887314517
351 1.101222749186753 4.778412169938967 4.339187665227402
352 1.1006129805102107 4.773507409880303 4.3371353004281765
353 1.1000029246441922 4.7686026500618075 4.335081792263655
354 1.0993925802188502 4.763697890646909 4.333027142768805
355 1.0987819489694224 4.758793131591434 4.330971341543093
356 1.098171029234955 4.753888372814579 4.328914391528243
357 1.0975598201897028 4.7489836142693145 4.326856292396434
358 1.0969483226944876 4.744078856239471 4.324797037463314
359 1.0963365357561101 4.739174098470693 4.322736626853567
360 1.0957244583831078 4.734269340995891 4.320675060938182
361 1.0951120908506888 4.729364583928343 4.3186123351578996
362 1.0944994302343374 4.724459827325133 4.316548457511399
363 1.0938864803354917 4.719555071084993 4.314483409318231
364 1.0932732379227104 4.714650315320604 4.312417199819821
365 1.092659704716205 4.709745559796708 4.310349818400198
366 1.0920458772110533 4.704840804640536 4.3082812753765465
366 1.0914317564421911 4.699936049931709 4.306211563105316
367 1.0914317564421911 4.699936049931709 4.306211563105316
368 1.0908173435342858 4.6950312954182785 4.3041406732736895
369 1.0902026365202604 4.690126541404696 4.302068610267514
370 1.089587634441316 4.685221787552371 4.299995373896391
371 1.0889723366072723 4.680317034189934 4.297920963512819
372 1.0883567451641387 4.675412281128636 4.295845366790575
373 1.0877408566850377 4.6705075283622595 4.293768593556319
374 1.0871245782818146 4.665602775963196 4.291691006873487
375 1.086508000888227 4.66069802386517 4.289612244047002
376 1.0858911264283433 4.655793271972186 4.287532293670894
377 1.0852739540115266 4.650888520591179 4.285451155811837
378 1.084656482727513 4.64598376938251 4.283368830009263
379 1.0840387142547365 4.641079018598231 4.2812853061146585
380 1.0834206465380134 4.636174268281431 4.2792005885211495
381 1.0828022793433625 4.631269518249481 4.277114674211801
382 1.082183611805885 4.62636476856537 4.27502756287832
383 1.0815646443663982 4.6214600191173725 4.272939248883006
383 1.0809453751241511 4.616555270121556 4.27084973613151
384 1.0809453751241511 4.616555270121556 4.27084973613151
385 1.0803258047993505 4.611650521535308 4.268759017925923
386 1.0797059346834292 4.606745773354394 4.266667085334764
387 1.0790857599402124 4.601841025286398 4.264573953363416
388 1.0784652810843545 4.596936277669441 4.26247961644848
389 1.077844499942967 4.592031530384703 4.26038406340403
390 1.0772234137756913 4.58712678327654 4.258287301051657
391 1.0766020242071177 4.582222036687179 4.256189319411541
392 1.0759803304227402 4.57731729049429 4.254090117703095
393 1.0753583309108452 4.57241254456538 4.251989697882822
394 1.0747360242269777 4.567507799107274 4.249888061947614
395 1.074113414040133 4.562603053972935 4.247785191334049
396 1.0734904970611387 4.557698309139677 4.245681095097855
397 1.0728672719976335 4.552793564830447 4.243575774618735
398 1.0722437372722582 4.547888820909167 4.241469232059867
399 1.0716198958744674 4.542984077215184 4.239361451485558
400 1.070995746095244 4.538079333823943 4.237252435753718
401 1.0703712876862264 4.533174590916115 4.235142182032251
402 1.069746518654987 4.52826984855499 4.233030694269957
403 1.0691214390355148 4.5233651064119815 4.230917968021144
404 1.0684960496917248 4.518460364489222 4.228803995852729
405 1.067870350326938 4.513555622977437 4.226688775089197
406 1.067244337605696 4.508650881969791 4.224572314981499
407 1.0666180124274016 4.503746141337385 4.222454607800774
408 1.0659913755717703 4.4988414010832924 4.220335646402608
409 1.0653644243868297 4.493936661316754 4.218215437316896
410 1.064737160681316 4.489031921715592 4.216093968997098
411 1.0641095817359905 4.484127182523568 4.213971248344699
412 1.0634816889686165 4.47922244359308 4.211847265501214
413 1.0628534796403564 4.474317705362067 4.209722027608233
414 1.0622249548546292 4.469412967360571 4.207595525725747
415 1.0615961139915373 4.464508229751318 4.205467758321983
416 1.0609669581143681 4.459603492492312 4.203338716992904
416 1.0603374836069042 4.454698755605249 4.201208411921733
417 1.0603374836069042 4.454698755605249 4.201208411921733
418 1.0597076914861217 4.4497940191252425 4.19907683493823
419 1.0590775802106596 4.4448892830554705 4.196943987966721
420 1.0584471497141026 4.439984547297653 4.194809866980075
421 1.0578164003378765 4.435079812109342 4.192674466658615
422 1.057185331193201 4.430175077243646 4.190537786069632
423 1.0565539418707526 4.4252703428475355 4.188399822740783
424 1.0559222311632916 4.420365608750997 4.186260577051356
425 1.0552901990838586 4.415460875115653 4.184120044845389
426 1.0546578456683027 4.410556141702028 4.181978221483955
427 1.0540251688014197 4.405651408826273 4.1798351113722845
428 1.0533921697887967 4.400746676352709 4.177690704911022
429 1.052758846120245 4.395841944388514 4.175545007851138
430 1.052125200243078 4.390937212668016 4.173398005915602
431 1.0514912296374253 4.386032481514715 4.171249705075624
432 1.050856935276065 4.381127750574643 4.169100096792624
433 1.0502223131693373 4.37622302015711 4.166949192833889
433 1.0495873656046757 4.3713182900626535 4.164796979567586
434 1.0495873656046757 4.3713182900626535 4.164796979567586
435 1.048952090976816 4.366413560405635 4.16264345909211
436 1.0483164905201496 4.361508831318309 4.1604886222425375
437 1.0476805633438817 4.356604102369695 4.158332467736848
438 1.0470443057079621 4.351699373871461 4.156175006299324
439 1.046407719351568 4.34679464573486 4.1540162265129865
440 1.0457708038309175 4.341889918071241 4.151856125802923
441 1.0451335596367608 4.336985190866173 4.149694697750883
442 1.0444958947496576 4.332080463935844 4.147532303106033
443 1.0438578980068256 4.327175737344395 4.145368584753574
444 1.0432195698534936 4.322271011169353 4.143203536506086
445 1.0425809104900177 4.3173662854938 4.141037153140104
446 1.0419419192252573 4.312461560142816 4.138869432712117
447 1.0413025939683929 4.307556835146077 4.136700379022417
448 1.0406629350629193 4.302652110703185 4.134529986352444
449 1.0400229411588908 4.297747386516953 4.132358255220795
450 1.039382612582057 4.292842662791815 4.130185179957398
451 1.0387419482812317 4.287937939356727 4.128010759988871
452 1.0381009474869816 4.283033216487345 4.125834994039495
453 1.0374596102235036 4.278128493990244 4.123657877214701
454 1.0368179361775562 4.273223771892443 4.121479406159356
455 1.036175925250841 4.268319050255357 4.119299576683437
456 1.035533574615748 4.263414328853456 4.1171183951572665
457 1.034890886540607 4.258509607790386 4.114935847996079
458 1.0342478585354282 4.2536048874031955 4.112751940745245
459 1.0336044891254528 4.248700167268337 4.110566674166849
460 1.0329607797619607 4.243795447606026 4.1083800379952296
461 1.0323167306592456 4.238890728409692 4.106192026649325
462 1.0316723385654751 4.23398600961952 4.104002648269909
463 1.0310276041550246 4.229081291236458 4.101811895426785
464 1.0303825263319575 4.224176573347134 4.09961976780091
465 1.0297371058430123 4.219271855873096 4.097426257567863
466 1.0290913395661854 4.2143671388125785 4.095231372357238
466 1.0284452290777555 4.209462422171038 4.093035101097039
467 1.0284452290777555 4.209462422171038 4.093035101097039
468 1.0277987734708618 4.2045577059717685 4.090837442598843
469 1.0271519722641396 4.1996529901379045 4.088638393869465
470 1.0265048238622154 4.194748274645 4.086437956387089
471 1.0258573278191134 4.189843559588197 4.084236127157616
472 1.0252094854898293 4.18493884511826 4.082032896056127
473 1.0245612953398597 4.180034131109012 4.079828264176661
474 1.0239127553386873 4.175129417351151 4.077622234494102
475 1.0232638653894797 4.170224704005794 4.075414802631092
476 1.022614625597828 4.16531999101989 4.07320596317974
477 1.0219650354022207 4.160415278546157 4.070995713575189
478 1.0213150943853666 4.155510566650984 4.0687840505792146
479 1.0206648003228311 4.1506058551911496 4.066570977933533
480 1.0200141544618515 4.145701144189815 4.064356485697046
481 1.019363154950784 4.140796433538723 4.0621405761312275
482 1.0187118019514143 4.135891723495568 4.059923243819278
483 1.0180600944695715 4.130987013776787 4.057704487404655
483 1.0174080305114968 4.126082304567474 4.0554843099607805
484 1.0174080305114968 4.126082304567474 4.0554843099607805
485 1.0167556119703627 4.1211775957597485 4.053262698765292
486 1.0161028365873943 4.116272887302064 4.051039657685304
487 1.015449704681849 4.111368179423669 4.048815180572438
488 1.014796214759982 4.106463471987208 4.046589268130511
489 1.0141423668304197 4.101558765056591 4.0443619152560615
490 1.0134881597001044 4.096654058637317 4.042133121564572
491 1.0128335940740576 4.09174935247162 4.039902878826148
492 1.0121786676000135 4.086844646816161 4.037671191496771
493 1.0115233813035855 4.081939941653066 4.035438050272775
494 1.0108677334769378 4.077035236989678 4.03320345676331
495 1.010211722744061 4.072130532724416 4.030967411131595
496 1.009555350412078 4.067225828921342 4.028729902982725
497 1.008898614834345 4.062321125634576 4.02649093368176
498 1.008241516176054 4.057416422706756 4.024250497138098
499 1.0075840515943875 4.052511720096664 4.022008599366003
500 1.0069262216646313 4.04760701811842 4.019765233074368
501 1.0062680258882972 4.042702316608204 4.017520394767042
502 1.0056094649554705 4.037797615537263 4.01527407631954
503 1.0049505362762783 4.032892915016619 4.013026282825832
504 1.0042912408336617 4.027988215014122 4.010777004955744
505 1.0036315765957509 4.023083515410811 4.008526245314872
506 1.0029715419696257 4.018178816269664 4.006274004922218
507 1.00231113716217 4.013274117672995 4.004020277611325
508 1.0016503623437472 4.00836941960594 4.001765057246937
509 1.0009892182117097 4.0034647218950195 3.9995083354117456
510 1.000327701939309 3.9985600246655917 3.9972501180500033
511 0.9996658127685735 3.9936553281555107 3.994990402937844
512 0.9990034675754341 3.98875063180054 3.9927295162259804
513 0.9983407491836597 3.983845935806921 3.9904671216360748
514 0.997677656078383 3.9789412403667677 3.988203219872612
515 0.9970141881111872 3.974036545444745 3.9859378059337702
516 0.9963503443128454 3.9691318510935094 3.983670878169774
516 0.9956861248839333 3.9642271571431706 3.9814024300130515
517 0.9956861248839333 3.9642271571431706 3.9814024300130515
518 0.995021527401598 3.9593224635509325 3.979132465495815
519 0.9943565535621568 3.9544177705220815 3.97686097241063
520 0.9936911997994302 3.949513078034809 3.9745879593499382
521 0.9930254680470684 3.944608385876242 3.9723134127001787
522 0.9923593557889258 3.9397036943016297 3.9700373370990842
523 0.9916928630619173 3.9347990030364124 3.967759726421203
524 0.9910259881742616 3.9298943125123778 3.96548058215134
525 0.990358732629736 3.9249896223687735 3.9631998921709957
526 0.9896910942166822 3.920084932674191 3.9609176596429294
527 0.9890230719349046 3.9151802435225616 3.9586338828911067
528 0.9883546652542755 3.910275554797093 3.9563485581272495
529 0.9876858741415582 3.9053708665990197 3.9540616797758212
530 0.987016697636653 3.9004661789506194 3.9517732458731762
531 0.9863471350464968 3.8955614916213284 3.9494832531121915
532 0.9856771840116885 3.8906568049089727 3.947191705375658
533 0.985006846339376 3.8857521186668955 3.9448985893932473
533 0.9843361206827553 3.8808474328730678 3.942603904630904
534 0.9843361206827553 3.8808474328730678 3.942603904630904
535 0.9836650055262928 3.8759427476152757 3.9403076513243653
536 0.9829935004935628 3.871038062912655 3.9380098250588635
537 0.9823216045203546 3.866133378752788 3.935710424123812
538 0.9816493178295954 3.861228695063693 3.93340944157205
539 0.9809766375560229 3.8563240117843676 3.9311068828223092
540 0.9803035656767634 3.8514193291494996 3.928802734172072
541 0.9796300998988521 3.8465146468702485 3.9264969984766753
542 0.9789562389659466 3.841609965120595 3.9241896748913074
543 0.9782819846780654 3.8367052838334774 3.9218807500539494
544 0.9776073338012662 3.831800603050585 3.9195702308730183
545 0.9769322871717906 3.8268959228261754 3.917258107933971
546 0.976256843553797 3.821991243272078 3.9149443801686044
547 0.9755810015735396 3.817086564094085 3.912629046626993
548 0.9749047609419423 3.8121818854461775 3.910312102448745
549 0.9742281213567892 3.807277207289838 3.907993542608393
550 0.973551080153277 3.802372529637263 3.9056733715899257
551 0.9728736379294205 3.7974678525696333 3.9033515808402757
552 0.9721957941946305 3.7925631760652805 3.901028166046583
553 0.9715175476025347 3.7876585000570175 3.8987031262626424
554 0.9708388984815332 3.782753824622431 3.8963764539502375
555 0.9701598461392484 3.777849149645713 3.8940481454470266
556 0.9694803877207242 3.7729444752370394 3.8917182059838655
557 0.9688005237692863 3.768039801315644 3.889386626934751
558 0.968120252846984 3.7631351278514056 3.8870534076578056
559 0.9674395752180847 3.7582304550514856 3.884718540901418
560 0.9667584899816407 3.7533257827523254 3.882382023687843
561 0.966076995211156 3.7484211110142884 3.8800438573687326
562 0.9653950911152881 3.7435164397258816 3.8777040345224094
563 0.9647127776157504 3.738611769041973 3.875362549132815
564 0.964030054150882 3.733707098882736 3.873019396860388
565 0.9633469177131044 3.7288024293135096 3.8706745833217986
566 0.9626633687930685 3.7238977602146215 3.8683280998667566
566 0.9619794057592335 3.718993091687199 3.8659799465790203
567 0.9619794057592335 3.718993091687199 3.8659799465790203
568 0.9612950293856954 3.7140884237326235 3.8636301137498537
569 0.9606102373499028 3.709183756292867 3.861278604031569
570 0.9599250304156697 3.70427908931969 3.8589254076598585
571 0.9592394063352213 3.6993744230082912 3.8565705272073516
572 0.9585533642740807 3.694469757379617 3.854213959363092
573 0.9578669038991678 3.689565092201763 3.8518556985137824
574 0.9571800253424124 3.684660427517727 3.8494957374393723
575 0.9564927264060266 3.6797557635043177 3.8471340784062367
576 0.9558050072766667 3.6748510999396666 3.8447707136524203
577 0.9551168662596415 3.6699464369896853 3.8424056433655704
578 0.9544283029160411 3.665041774606381 3.8400388624359416
579 0.9537393153982535 3.6601371127986617 3.8376703714581546
580 0.9530499062559339 3.655232451552941 3.8353001532863673
581 0.952360071230969 3.6503277908922476 3.8329282181833095
582 0.9516698095884304 3.6454231308133433 3.830554562185684
583 0.9509791211343164 3.640518471326625 3.8281791791435533
583 0.9502880068308157 3.6356138122978408 3.8258020580755434
584 0.9502880068308157 3.6356138122978408 3.8258020580755434
585 0.9495964631246087 3.6307091538503538 3.823423206425656
586 0.9489044155518235 3.6258044960451064 3.8210429170956752
587 0.9482119369499136 3.620899838559338 3.8186608894701157
588 0.9475190276773967 3.6159951816735623 3.8162771153390556
589 0.9468256873299322 3.6110905255431054 3.81389158940803
590 0.9461319149455316 3.606185869909762 3.811504308167607
591 0.945437708712488 3.6012812147849513 3.8091152717921872
592 0.9447430687643529 3.596376560263507 3.806724472683642
593 0.9440479946592946 3.591471906327234 3.8043319054169387
594 0.9433524836008607 3.5865672530935586 3.8019375741751493
595 0.9426565358799365 3.581662600228541 3.7995414701975054
596 0.9419601508615009 3.5767579480412715 3.797143589110462
597 0.9412633268253673 3.571853296482852 3.7947439305106787
598 0.9405660637340677 3.5669486454435915 3.792342487121774
599 0.9398683603273761 3.562043994867079 3.789939256627751
600 0.9391702150595519 3.5571393449587254 3.7875342381180293
601 0.9384716278563832 3.5522346957187634 3.785127424504698
602 0.9377725988870603 3.547330047128465 3.7827188076708604
603 0.9370731261007594 3.542425398987515 3.780308388234168
604 0.9363732072294483 3.5375207515064573 3.777896168103009
605 0.9356728428599402 3.5326161045742617 3.775482137299837
606 0.9349720314951886 3.5277114582496325 3.7730662944090283
607 0.9342707722520587 3.5228068124692884 3.77064863538176
608 0.9335690649288388 3.517902167419278 3.7682291536592736
609 0.9328669078676891 3.5129975229606414 3.765807848185455
610 0.9321643018071258 3.5080928790550314 3.7633847083117447
611 0.9314612439136011 3.50318823583387 3.7609597379650213
612 0.930757734182214 3.498283593107783 3.7585329292820315
613 0.9300537710847495 3.4933789510500235 3.756104280912265
614 0.9293493533150979 3.488474309549303 3.7536737902765056
615 0.9286444820417483 3.4835696687123363 3.751241445007292
616 0.9279391535120747 3.4786650285067235 3.7488072524374387
616 0.9272333684796321 3.473760388893342 3.7463712016632926
617 0.9272333684796321 3.473760388893342 3.7463712016632926
618 0.9265271247670264 3.4688557499503987 3.743933293720501
619 0.9258204228569592 3.4639511116319035 3.7414935187351013
620 0.925113261346605 3.459046473955406 3.739051874491973
621 0.9244056391276164 3.454141836955288 3.736608357576706
622 0.9236975553234802 3.44923720046362 3.7341629633908604
623 0.9229890091618533 3.4443325645940246 3.7317156871908472
624 0.9222799989948548 3.439427929385181 3.7292665276636545
625 0.9215705248447335 3.4345232948297677 3.726815476665139
626 0.9208605849380723 3.4296186609239943 3.7243625332868766
627 0.920150178130133 3.4247140275664516 3.721907693943965
628 0.9194393037950201 3.419809394867316 3.71945095315365
629 0.9187279623171373 3.414904762874255 3.71699230124821
630 0.9180161508968682 3.4100001315568256 3.7145317413265335
631 0.9173038690437492 3.4050955008748742 3.712069267106159
632 0.9165911149482456 3.40019087064024 3.709604877450976
633 0.9158778882167393 3.395286241145392 3.7071385659896063
633 0.915164188942233 3.3903816123488912 3.7046703239858734
634 0.915164188942233 3.3903816123488912 3.7046703239858734
635 0.9144500146835516 3.385476984225796 3.702200152949149
636 0.913735365056552 3.380572356860858 3.6997280461522153
637 0.9130202398841479 3.3756677300554685 3.697253995687766
638 0.9123046371911612 3.370763103944239 3.6947780012631255
639 0.9115885561420631 3.36585847849964 3.692300057763231
640 0.9108719958799523 3.360953853675432 3.6898201601077507
641 0.910154954022508 3.3560492295184554 3.687338309467094
642 0.9094374315997555 3.3511446060325842 3.6848544931097873
643 0.908719425423608 3.3462399832369747 3.6823687153788907
644 0.9080009359686401 3.3413353610202083 3.6798809656024507
645 0.9072819629143957 3.3364307395788106 3.677391236635453
646 0.9065625030878116 3.3315261187658334 3.6748995324850036
647 0.9058425575978547 3.326621498568882 3.6724058399182904
648 0.905122123995478 3.3217168792198346 3.6699101603624373
649 0.9044012020637843 3.316812260438517 3.66741248559795
650 0.9036797900303762 3.311907642370325 3.6649128141495773
651 0.9029578868186189 3.3070030250090325 3.662411141521293
652 0.9022354915492433 3.302098408359615 3.659907462396018
653 0.9015126034422445 3.2971937923220533 3.657401770904125
654 0.9007892215107384 3.2922891770609595 3.6548940622750465
655 0.9000653439835785 3.2873845625364506 3.652384334660516
656 0.8993409697562378 3.2824799487310155 3.6498725834993557
657 0.8986160978212341 3.27757533555435 3.6473588037217355
658 0.8978907274270924 3.2726707230653127 3.644842989350338
659 0.8971648570807903 3.2677661112820044 3.642325137338432
660 0.8964384867864894 3.262861500231365 3.639805238536687
661 0.8957116142905378 3.257956889946226 3.637283292934346
662 0.8949842396628394 3.253052280279564 3.6347592908508215
663 0.8942562918151105 3.2481476711877053 3.6322335117092663
664 0.8935278396188382 3.2432430627964393 3.6297056666750804
665 0.8927988813554044 3.2383384551923613 3.627175753486688
666 0.8920694154126186 3.2334338481852845 3.624643769105893
666 0.8913394413700428 3.2285292419838756 3.622109706063753
667 0.8913394413700428 3.2285292419838756 3.622109706063753
668 0.8906089576504853 3.2236246364253205 3.619573561139068
669 0.8898779629811372 3.218720031653717 3.617035330182622
670 0.889146456907896 3.2138154275776074 3.6144950054167704
671 0.8884144382326695 3.2089108242744993 3.6119525822407987
672 0.8876819053497812 3.204006221603012 3.6094080574285323
673 0.8869488563671023 3.199101619794642 3.6068614293027004
674 0.8862152917695557 3.1941970185516113 3.6043126858864953
675 0.8854812089308659 3.1892924180984896 3.601761828406563
676 0.8847466068376912 3.1843878184093835 3.5992088512113014
677 0.8840114858038555 3.1794832195001406 3.596653743258721
678 0.8832758441192939 3.1745786213261766 3.5940965016330986
679 0.8825396798018874 3.169674023805511 3.591537124446393
680 0.881802991824916 3.164769427059829 3.5889756061161124
681 0.8810657784923168 3.1598648312082696 3.586411943743227
682 0.8803280407419827 3.1549602359482076 3.583846123189551
683 0.8795897754161476 3.1500556414858623 3.5812781475268083
683 0.8788509827560248 3.145151047714032 3.5787080055950145
684 0.8788509827560248 3.145151047714032 3.5787080055950145
685 0.8781116593840527 3.1402464548034104 3.576135701245695
686 0.8773718057267258 3.1353418625838634 3.573561222413415
687 0.8766314194007713 3.1304372711423696 3.5709845687281048
688 0.8758905010993577 3.1255326804593317 3.5684057271272804
689 0.87514904751104 3.120628090524828 3.565824700832416
690 0.8744070590615508 3.115723501356861 3.563241477831597
691 0.8736645327398063 3.1108189129646555 3.5606560600659245
692 0.8729214693226465 3.105914325320588 3.558068433957362
693 0.8721778652925474 3.1010097385023565 3.55547860350963
694 0.8714337209629778 3.0961051524170777 3.552886556875177
695 0.870689035174401 3.091200567094321 3.5502922883083587
696 0.8699438057051971 3.08629598261869 3.5476957964162583
697 0.8691980324060035 3.0813913989682153 3.5450970711918197
698 0.8684517139424913 3.076486816054304 3.5424961073403196
699 0.86770484799511 3.07158223395317 3.5398929037336435
700 0.8669574335363976 3.0666776525848247 3.537287453751414
700 0.8669574335363976 3.0666776525848247 3.537287453751414
701 0.8662094700084715 3.0617730720250855 3.5346797489932102
702 0.8654609550735094 3.056868492321939 3.5320697882463095
703 0.8647118880295673 3.051963913417622 3.5294575634575587
704 0.8639622687273091 3.047059335214245 3.526843064226435
705 0.8632120943082608 3.042154757891655 3.524226291488073
706 0.8624613648886854 3.0372501813246457 3.5216072336372446
707 0.8617100773080367 3.0323456055996934 3.51898589264811
708 0.8609582313653529 3.0274410307099417 3.516362258258297
709 0.8602058252007838 3.022536456670758 3.5137363269601862
710 0.8594528586996595 3.0176318834288325 3.511108087992713
711 0.8586993285734267 3.0127273109326422 3.5084775435165914
712 0.8579452346998453 3.0078227393412043 3.5058446829575316
713 0.8571905756228794 3.0029181685172492 3.503209500798784
714 0.8564353503065598 2.998013598524813 3.5005719899951333
715 0.8556795567368125 2.993109029474755 3.497932147507606
716 0.8549231939830949 2.9882044611841003 3.4952899654786864
716 0.8541662609899597 2.983299893674369 3.492645436752314
717 0.8541662609899597 2.983299893674369 3.492645436752314
718 0.8534087561273375 2.9783953270249066 3.4899985565422287
719 0.8526506759889064 2.973490761229252 3.487349327179727
720 0.8518920220122194 2.96858619630409 3.4846977311656397
721 0.8511327917206104 2.9636816322379866 3.482043766927069
722 0.8503729839589333 2.958777069046521 3.4793874274696006
723 0.8496125968944128 2.9538725067043936 3.4767287084745186
724 0.848851629858166 2.9489679452686337 3.474067600908506
725 0.8480900809871358 2.9440633846746236 3.4714041004322045
726 0.847327948277596 2.9391588248871274 3.468738203267927
727 0.8465652323587897 2.9342542660283804 3.4660698949951567
728 0.8458019291719984 2.9293497079937065 3.463399180067379
729 0.8450380384237057 2.924445150863448 3.460726047691972
730 0.8442735585121136 2.9195405945646913 3.458050492200511
731 0.8435084883065108 2.9146360392480655 3.455372506208801
732 0.8427428262157154 2.9097314848629883 3.4526920839290414
733 0.8419765709268164 2.904826931234537 3.450009218233961
733 0.8412097204461416 2.8999223785347854 3.4473239051455455
734 0.8412097204461416 2.8999223785347854 3.4473239051455455
735 0.8404422736861578 2.895017826689672 3.4446361366286347
736 0.8396742288289603 2.8901132758086767 3.4419459078068075
737 0.8389055843534995 2.8852087258641643 3.439253212371501
738 0.8381363398742261 2.8803041767778743 3.4365580392446695
739 0.8373664928051318 2.8753996285876253 3.4338603864541972
740 0.836596041978291 2.87049508131352 3.431160246139447
741 0.835824985805838 2.865590534932523 3.4284576120558796
742 0.8350533231221935 2.8606859894578416 3.4257524762155063
743 0.8342810520980153 2.855781444896328 3.4230448332905654
744 0.8335081098082754 2.8508769012078137 3.4203349285510565
745 0.8327345568021154 2.845972358373481 3.4176225006233
746 0.8319603908040778 2.8410678165258743 3.4149075459950957
747 0.8311856105149953 2.836163275551518 3.412190056796407
748 0.8304102138681525 2.8312587355699446 3.409470028531555
749 0.8296342001485509 2.8263541964393193 3.406747450784025
750 0.8288575663852054 2.82144965828756 3.404022322668057
751 0.8280803123664399 2.8165451210816217 3.4012946317159294
752 0.8273024366719471 2.8116405847826944 3.398564370356863
753 0.8265239371481315 2.8067360494313065 3.3958315340699885
754 0.8257448122828368 2.8018315149751665 3.39309611552906
755 0.8249650601953296 2.7969269815318794 3.390358109069058
756 0.8241846790081045 2.792022449088246 3.3876175087947624
757 0.8234036677880583 2.7871179175467873 3.384874304767104
758 0.8226220248528281 2.782213386956724 3.382128490243716
759 0.8218397488912452 2.7773088573450315 3.3793800568686723
760 0.8210568377178776 2.7724043287543036 3.3766289998390175
761 0.8202732893689848 2.7674998010992566 3.3738753132242345
762 0.8194891034050924 2.762595274458232 3.3711189849618015
763 0.8187042767755621 2.7576907487696176 3.3683600134967966
764 0.8179188082680662 2.752786224006784 3.3655983896931994
765 0.8171326969702905 2.7478817002913014 3.3628341032976796
766 0.8163459401455692 2.74297717748377 3.360067151181824
766 0.8155585363842877 2.7380726557538964 3.3572975250714907
767 0.8155585363842877 2.7380726557538964 3.3572975250714907
768 0.8147704841551512 2.733168135047988 3.3545252168554613
769 0.8139817811791527 2.728263615322058 3.35175022144824
770 0.8131924264584288 2.723359096614783 3.34897252852613
771 0.8124024186258005 2.718454578876243 3.3461921291108148
772 0.8116117554317812 2.713550062100024 3.343409017845488
773 0.81082043474772 2.708645546408124 3.340623188968956
774 0.8100284555355668 2.7037410317665946 3.337834631968529
775 0.8092358156330539 2.6988365180976546 3.3350433408417453
776 0.8084425142668027 2.6939320054786413 3.33224930398649
777 0.807648548043345 2.6890274938692245 3.3294525203862677
778 0.8068539165100522 2.684122983261543 3.326652976875155
779 0.8060586169029657 2.679218473723763 3.323850669840666
780 0.8052626479524679 2.6743139653101604 3.321045589423659
781 0.8044660078224403 2.6694094578991017 3.3182377278124684
782 0.8036686944889936 2.6645049515220856 3.3154270780900457
783 0.8028707068464905 2.6596004462193754 3.3126136294917696
783 0.8020720425045463 2.654695941960879 3.309797376394442
784 0.8020720425045463 2.654695941960879 3.309797376394442
785 0.8012726992671914 2.6497914388050257 3.3069783124127503
786 0.8004726760143384 2.644886936661221 3.3041564264635124
787 0.7996719703297753 2.6399824355928345 3.3013317129324125
788 0.7988705812014337 2.635077935649329 3.298504160318928
789 0.798068505654795 2.630173436766971 3.2956737650096595
790 0.7972657426903241 2.6252689389675257 3.2928405152699995
791 0.7964622896984833 2.620364442285941 3.2900044059561595
792 0.7956581449470361 2.6154599465864536 3.2871654280124973
793 0.7948533069866875 2.6105554520271412 3.284323571507596
794 0.794047773974746 2.605650958609012 3.2814788278619145
795 0.7932415429119375 2.6007464663260644 3.2786311931910364
796 0.792434612628481 2.595841975093211 3.2757806558737808
797 0.7916269812741805 2.5909374849954343 3.2729272072373456
798 0.7908186471919852 2.586032996008902 3.270070837595078
799 0.7900096080739584 2.581128508126705 3.26721153989442
800 0.789199861796351 2.576224021389637 3.264349306303374
801 0.7883894063391806 2.5713195357699012 3.261484128394882
802 0.7875782406535815 2.5664150513021418 3.258615993723202
803 0.786766361426287 2.5615105679650334 3.2557448990592417
804 0.7859537676020575 2.5566060857714326 3.2528708317941266
805 0.7851404566046315 2.5517016047436356 3.2499937855432415
806 0.7843264268459236 2.546797124875645 3.2471137497142486
807 0.7835116759090308 2.541892646132937 3.244230717026433
808 0.7826962022057643 2.536988168606137 3.241344676844598
809 0.7818800032996287 2.532083692212595 3.238455621741052
810 0.7810630773202386 2.527179216976579 3.235563541996016
811 0.7802454223251207 2.5222747429521886 3.2326684281412947
812 0.7794270358484667 2.5173702700678704 3.2297702726304816
813 0.7786079162709428 2.5124657983686616 3.226869064473221
814 0.7777880611061272 2.5075613278850124 3.223964796166834
815 0.7769674680770201 2.502656858591316 3.2210574591821
816 0.7761461355972373 2.4977523905049366 3.218147042093998
816 0.7753240612164904 2.4928479236163184 3.215233536935533
817 0.7753240612164904 2.4928479236163184 3.215233536935533
818 0.7745012428040353 2.4879434579192865 3.2123169343303264
819 0.7736776785669146 2.4830389934687913 3.2093972234899315
820 0.7728533662986394 2.4781345302341298 3.2064743951397245
821 0.7720283036475324 2.4732300681647614 3.203548440490737
822 0.7712024880985393 2.4683256073620163 3.2006193515374517
823 0.7703759179130332 2.4634211478275416 3.197687116831233
824 0.769548590999674 2.458516689514437 3.194751726230473
825 0.7687205048281124 2.4536122324466496 3.19181317141434
826 0.76789165684923 2.44870777668563 3.188871444095422
827 0.7670620453481009 2.4438033221456767 3.185926532235933
828 0.7662316677606266 2.4388988688355653 3.1829784273514075
829 0.7654005219998051 2.4339944167691785 3.180027118886389
830 0.7645686065837897 2.429089966021537 3.177072593753339
831 0.7637358887979504 2.424185516522594 3.174114968380022
832 0.7629023732322212 2.4192810682666583 3.1711542041962546
833 0.7620680807424037 2.4143766212883566 3.1681901949446307
833 0.7612330083324901 2.409472175558519 3.165222933299437
834 0.7612330083324901 2.409472175558519 3.165222933299437
835 0.7603971544539047 2.4045677311099336 3.162252405898106
836 0.7595605168112013 2.3996632879826745 3.159278602390996
837 0.7587230925305282 2.394758846150575 3.1563015146454356
838 0.7578848798601885 2.3898544056045745 3.153321129780878
839 0.7570458753162024 2.3849499663375546 3.1503374420227974
840 0.7562060773720967 2.380045528426422 3.1473504374592634
841 0.7553654837986106 2.375141091844201 3.14436010485944
842 0.7545240919052837 2.3702366566078616 3.141366434864482
843 0.7536818996631033 2.3653322226995486 3.1383694152093278
844 0.7528389044378715 2.360427790133253 3.135369036083136
845 0.7519951031739223 2.3555233588770927 3.132365289262136
846 0.7511504939402954 2.350618929000331 3.1293581618641233
847 0.7503050740347186 2.3457145004908853 3.1263476440015956
848 0.7494588415023379 2.3408100733579014 3.1233337225905546
849 0.7486117933494978 2.335905647571758 3.120316388712319
850 0.747763927386627 2.3310012231730126 3.117295630078959
851 0.7469152413101725 2.3260968001640143 3.1142714347129687
852 0.7460657319187106 2.321192378510704 3.1112437942178732
853 0.7452153971512355 2.3162879582881204 3.1082126954739344
854 0.7443642345838689 2.311383539432103 3.1051781265716834
855 0.7435122411665012 2.306479122060465 3.1021400783419715
856 0.7426594145640575 2.301574706061516 3.0990985382075102
857 0.7418057518481578 2.296670291473291 3.0960534961494917
858 0.7409512507240682 2.2917658783688024 3.0930049394332704
859 0.7400959088862246 2.2868614666228324 3.0899528549811146
860 0.7392397228142397 2.281957056373885 3.0868972350222417
861 0.738382690560467 2.2770526475120647 3.083838064762427
862 0.7375248094765597 2.2721482401278545 3.0807753324806204
863 0.7366660772557015 2.2672438341407664 3.077709024673592
864 0.7358064901920209 2.2623394296842494 3.074639133848703
865 0.7349460461750267 2.257435026697745 3.071565645459829
866 0.7340847424834517 2.25253062518493 3.068488547472717
866 0.7332225756517206 2.2476262251027217 3.065407830773531
867 0.7332225756517206 2.2476262251027217 3.065407830773531
868 0.7323595439468488 2.242721826549593 3.0623234790702196
869 0.7314956443301096 2.237817429469666 3.0592354811887073
870 0.7306308732131073 2.2329130338728493 3.056143828214008
871 0.7297652287402101 2.2280086398206906 3.053048503923502
872 0.7288987078625827 2.2231042472649523 3.049949496801781
873 0.7280313075459339 2.218199856204054 3.0468467952033786
874 0.727163024680239 2.213295466763182 3.04374038784006
875 0.7262938571418414 2.2083910787954784 3.040630258785448
876 0.7254238017882115 2.203486692395511 3.0375163965723058
877 0.7245528556336918 2.1985823075492523 3.0343987887900585
878 0.723681015758687 2.1936779243093136 3.031277422704702
879 0.7228082795365757 2.1887735425843435 3.0281522840159814
880 0.721934644011677 2.1838691624509137 3.025023359892382
881 0.721060105911571 2.1789647838805912 3.0218906385424322
882 0.7201846618358115 2.1740604068703906 3.018754108603934
883 0.7193083094200797 2.1691560315068927 3.0156137543520223
883 0.7184310460532369 2.164251657715339 3.0124695607251977
884 0.7184310460532369 2.164251657715339 3.0124695607251977
885 0.7175528679909335 2.159347285543034 3.0093215174360055
886 0.7166737726443285 2.154442915000855 3.006169609153625
887 0.7157937566054579 2.1495385460934417 3.0030138238244755
888 0.7149128173794318 2.144634178862243 2.9998541454656884
889 0.7140309508500451 2.1397298132237705 2.9966905645706934
890 0.7131481546271521 2.134825449231234 2.9935230644288255
891 0.7122644254864546 2.129921086898214 2.990351631619877
892 0.7113797603493947 2.1250167262358386 2.9871762519531555
893 0.7104941559353104 2.120112367246906 2.9839969119182164
894 0.7096076091487838 2.1152080099195922 2.980813597048246
895 0.7087201172022651 2.110303654313305 2.977626291523816
896 0.7078316761498833 2.1053993003500877 2.9744349840374613
897 0.7069422828832276 2.100494948093575 2.97123965980195
898 0.7060519349109228 2.095590597554487 2.968040301198058
899 0.7051606280665248 2.0906862487274114 2.9648368974595902
900 0.7042683591043886 2.0857819017013917 2.9616294339189975
901 0.7033751251009179 2.0808775563633404 2.9584178940999415
902 0.7024809226667875 2.07597321277362 2.9552022635614406
903 0.7015857484600011 2.071068870944844 2.951982527425755
904 0.7006895985568183 2.0661645308617733 2.9487586730520445
905 0.6997924698764862 2.061260192542049 2.9455306841267705
906 0.6988943601920826 2.056355856041803 2.942298540621559
907 0.6979952644172629 2.051451521310676 2.9390622342164123
908 0.6970951796537567 2.046547188365746 2.935821747300354
909 0.6961941030825108 2.041642857254876 2.9325770617923586
910 0.6952920303821243 2.036738527956184 2.9293281656584162
911 0.6943889585875154 2.0318342004536785 2.9260750409780627
912 0.6934848838594353 2.026929874777247 2.9228176733958806
913 0.6925798028112822 2.0220255509682334 2.9195560464809076
914 0.6916737117370921 2.017121229030159 2.916290144907046
915 0.690766607275012 2.012216908904442 2.9130199516192397
916 0.6898584853817565 2.0073125906875333 2.9097454524701813
916 0.6889493430498134 2.0024082743968687 2.906466628638744
917 0.6889493430498134 2.0024082743968687 2.906466628638744
918 0.6880391758902641 1.9975039599551958 2.9031834667998315
919 0.687127980829839 1.992599647434951 2.8998959481005335
920 0.6862157543454853 1.9876953367941321 2.896604055221673
921 0.6853024918125402 1.982791028043517 2.8933077753727123
922 0.6843881903574305 1.9778867212182984 2.8900070882072377
923 0.6834728456154446 1.9729824163620888 2.8867019794846183
924 0.6825564542055279 1.9680781134558867 2.883392430515746
925 0.6816390123029663 1.963173812487124 2.8800784242885404
926 0.6807205156616155 1.9582695134889136 2.87675994543165
927 0.6798009169386411 1.9533652164070907 2.873437160402362
928 0.6788802561920559 1.94846092129254 2.870109866240267
929 0.6779585296654753 1.9435566281850845 2.866778044881436
930 0.6770357335350533 1.9386523370734223 2.8634416782567786
931 0.6761118634977001 1.9337480480047589 2.8601007501938867
932 0.6751869154827994 1.9288437608936209 2.8567552431231302
933 0.6742608855167601 1.9239394758424095 2.8534051391219046
933 0.6733337699251692 1.9190351928240823 2.850050418587135
934 0.6733337699251692 1.9190351928240823 2.850050418587135
935 0.6724055643547507 1.9141309118798941 2.846691064665295
936 0.6714762648127253 1.9092266329615295 2.843327058617646
937 0.6705458672112729 1.904322356159562 2.8399583820856744
938 0.6696143675676731 1.899418081452839 2.836585015868672
939 0.668681761287375 1.8945138088688225 2.833206943197348
940 0.6677480446433319 1.8896095383661573 2.8298241432896525
941 0.6668132134031868 1.8847052699903217 2.8264365973964884
942 0.6658772630167941 1.8798010037530974 2.8230442878264896
943 0.6649401894770555 1.8748967396682783 2.819647194348107
944 0.664001988427668 1.869992477742531 2.816245297955513
945 0.6630626556517922 1.8650882179884498 2.8128385788143406
946 0.6621221863236256 1.8601839604433696 2.80942701946279
947 0.6611805762073847 1.8552797050183054 2.8060105994952607
948 0.6602378214657922 1.8503754518318343 2.802589296874603
949 0.6592939174140913 1.8454712008589984 2.7991630926876723
950 0.658348859343516 1.8405669521135815 2.795731967924931
950 0.658348859343516 1.8405669521135815 2.795731967924931
951 0.657402642953855 1.835662705617838 2.792295901595103
952 0.6564552637916836 1.8307584613791639 2.7888548730719416
953 0.6555067167923023 1.8258542193873333 2.78540886403435
954 0.654556997960359 1.8209499797064357 2.7819578514638614
955 0.6536061021918868 1.8160457423044858 2.7785018166359285
956 0.652654025314587 1.811141507200433 2.775040736671227
957 0.6517007626786528 1.8062372744153006 2.7715745904473312
958 0.6507463092149285 1.8013330439274877 2.7681033582820422
959 0.6497906603697845 1.796428815803173 2.7646270181551342
960 0.6488338112840616 1.7915245900389463 2.7611455489556955
961 0.6478757568812529 1.7866203666243423 2.757658930201036
962 0.6469164930399901 1.7817161455916413 2.754167137119971
963 0.6459560144342333 1.776811926993757 2.750670149808876
964 0.6449943163580577 1.771907710803243 2.7471679453057356
965 0.6440313937879292 1.7670034970249362 2.743660501753097
966 0.6430672415433392 1.7620992856672033 2.7401477976676683
966 0.642101855254674 1.7571950767698759 2.7366298078564615
967 0.642101855254674 1.7571950767698759 2.7366298078564615
968 0.6411352291027982 1.752290870330978 2.7331065129319536
969 0.6401673584188688 1.7473866663755186 2.7295778883374173
970 0.639198238162919 1.7424824649022925 2.7260439107439596
971 0.6382278631620635 1.7375782659583472 2.7225045571492523
972 0.6372562282445584 1.732674069546247 2.718959804157932
973 0.6362833281567029 1.7277698756611959 2.715409628390709
974 0.6353091574949637 1.7228656843159695 2.7118540068102623
975 0.6343337111856057 1.7179614955603941 2.7082929147016745
976 0.6333569839840757 1.7130573093802668 2.7047263276461124
977 0.6323789696984984 1.7081531258023386 2.7011542250001463
978 0.6313996644282012 1.7032489448527588 2.6975765759952215
979 0.6304190616395031 1.6983447665197484 2.693993360706667
980 0.6294371561630067 1.69344059081101 2.6904045530678142
981 0.6284539426553056 1.6885364177821451 2.686810127481806
982 0.627469415560238 1.6836322474369454 2.6832100588260688
983 0.6264835689101335 1.678728079775231 2.6796043233753792
983 0.6254963972509352 1.6738239148272798 2.675992894897169
984 0.6254963972509352 1.6738239148272798 2.675992894897169
985 0.6245078947985863 1.668919752604273 2.672375748176132
986 0.6235180563931174 1.6640155931086613 2.6687528549446338
987 0.622526875609856 1.659111436444715 2.665124192139292
988 0.6215343472362197 1.6542072825384386 2.661489730847879
989 0.6205404652293998 1.649303131389654 2.6578494454506587
990 0.61954522328467 1.6443989830562464 2.6542033111611523
991 0.618548615874819 1.639494837565743 2.65055129942695
992 0.6175506370164765 1.6345906949235107 2.64689338322211
993 0.6165512810625672 1.6296865551106605 2.643229533644065
994 0.615550541600212 1.6247824182166468 2.6395597248485747
995 0.6145484124028808 1.6198782841796993 2.635883929544272
996 0.6135448876503401 1.6149741530857349 2.632202118528792
997 0.612539960655008 1.610070024911457 2.6285142657301233
998 0.611533625467595 1.6051658997046372 2.624820341608009
999 0.6105258758844632 1.6002617774598515 2.62112031720452
1000 0.60951670560514 1.595357658208594 2.6174141636113024
1001 0.6085061079597783 1.5904535419707295 2.613701853056596
1002 0.6074940768765777 1.5855494287666458 2.6099833547657387
1003 0.6064806054565157 1.5806453185893925 2.6062586410320483
1004 0.6054656877792246 1.575741211493999 2.6025276796008514
1005 0.6044493167931321 1.5708371074986816 2.5987904425678887
1006 0.6034314858488159 1.565933006607947 2.595046899823648
1007 0.6024121888841052 1.561028908834727 2.591297018286336
1008 0.601391418748284 1.5561248142139523 2.5875407691264014
1009 0.6003691684921253 1.5512207227453214 2.5837781221199867
1010 0.5993454315202424 1.546316634487558 2.5800090451433304
1011 0.5983202006035 1.5414125494516344 2.576233508240032
1012 0.5972934692137664 1.5365084676262286 2.57245147791215
1013 0.5962652303678775 1.5316043890460866 2.5686629222051627
1014 0.5952354766537844 1.5267003137525754 2.5648678105263083
1015 0.5942042011243176 1.5217962417605415 2.5610661097331353
1016 0.5931713966527036 1.5168921731133505 2.557257786995884
1016 0.5921370560881902 1.5119881077764696 2.5534428089419907
1017 0.5921370560881902 1.5119881077764696 2.5534428089419907
1018 0.591101172178771 1.507084045805578 2.549621142266623
1019 0.5900637373313735 1.502179987212834 2.545792754536322
1020 0.5890247444579186 1.4972759320458855 2.5419576106668207
1021 0.5879841860475765 1.4923718802982335 2.5381156767666515
1022 0.5869420545510255 1.4874678319957895 2.53426691862046
1023 0.5858983423508264 1.4825637871800503 2.530411301782307
1024 0.584853041679088 1.47765974588308 2.526548791882457
1025 0.5838061453607705 1.4727557080928764 2.522679351350041
1026 0.5827576450760479 1.4678516738546221 2.5188029470863014
1027 0.5817075331781766 1.4629476431845239 2.514919542457471
1028 0.5806558018888734 1.458043616122521 2.5110291008537327
1029 0.5796024431757361 1.453139592680059 2.5071315861231893
1030 0.5785474491536816 1.4482355728745104 2.503226960888061
1031 0.5774908113828352 1.4433315567620446 2.499315189632028
1032 0.5764325221140361 1.4384275443529098 2.495396233157616
1033 0.5753725728004537 1.4335235356641913 2.491470055110456
1033 0.5743109553409868 1.4286195307127267 2.487536616578226
1034 0.5743109553409868 1.4286195307127267 2.487536616578226
1035 0.5732476596632967 1.4237155295489148 2.4835958866105963
1036 0.57218264643674 1.4188115321249455 2.479647960245869
1037 0.571115939891947 1.4139075385167907 2.475692656703465
1038 0.570047531373166 1.4090035487529857 2.4717299369034897
1039 0.5689774125317143 1.4040995628990707 2.4677597598319556
1040 0.5679055743994357 1.3991955809632992 2.4637820863846227
1041 0.5668320080748385 1.394291602936771 2.4597968764542375
1042 0.565756704997497 1.3893876288917817 2.4558040879037017
1043 0.5646796559570946 1.384483658852099 2.4518036806293138
1044 0.5636008521135233 1.3795796928535498 2.4477956122317357
1045 0.5625202840844533 1.3746757309028117 2.4437798418953127
1046 0.5614379429345902 1.3697717730688477 2.4397563262453597
1047 0.5603538192628199 1.364867819328262 2.4357250230288963
1048 0.5592679038590903 1.359963869759812 2.431685888597784
1049 0.5581801872015888 1.3550599243447683 2.4276388797286055
1050 0.5570906597074599 1.350155983140264 2.423583952833206
1051 0.5559993118592266 1.3452520461751094 2.419521063212599
1052 0.5549061340926632 1.3403481134862043 2.4154501655993244
1053 0.5538111166205402 1.3354441850996934 2.411371214880672
1054 0.5527142493505094 1.33054026107539 2.407284166527095
1055 0.5516155226013463 1.3256363414008532 2.4031889732713223
1056 0.5505149260925766 1.3207324261535756 2.3990855897910324
1057 0.5494124499172371 1.3158285153569032 2.3949739682002438
1058 0.5483080838044107 1.3109246090385942 2.390854061356899
1059 0.5472018173450938 1.3060207072327978 2.386725821871958
1060 0.5460936400976804 1.3011168099745087 2.3825892016280883
1061 0.5449835417370407 1.2962129172717336 2.378444151066066
1062 0.5438715114528057 1.291309029187806 2.3742906219493336
1063 0.5427575386247421 1.2864051457581567 2.3701285642530086
1064 0.5416416123604394 1.281501267032178 2.365957928246092
1065 0.5405237219070261 1.276597393029549 2.3617786626007375
1066 0.5394038561292068 1.271693523804565 2.357590716778169
1066 0.5382820039419497 1.2667896594007786 2.3533940390423935
1067 0.5382820039419497 1.2667896594007786 2.3533940390423935
1068 0.53715815413126 1.2618857998220046 2.34918857717582
1069 0.5360322953605686 1.256981945114547 2.34497427859085
1070 0.5349044163429963 1.252078095331138 2.3407510894960883
1071 0.5337745054036174 1.2471742504933458 2.3365189567274034
1072 0.5326425506773246 1.2422704106698945 2.332277827015858
1073 0.5315085407407912 1.2373665758991899 2.3280276440611987
1074 0.5303724634961599 1.2324627462013684 2.323768353426765
1075 0.5292343070823606 1.2275589216316662 2.319499898634936
1076 0.5280940591698369 1.222655102233566 2.315222224153739
1077 0.5269517077913133 1.2177512880585002 2.310935271777811
1078 0.5258072403080332 1.2128474791251254 2.306638985067235
1079 0.524660644414508 1.2079436754809114 2.3023333050431276
1080 0.5235119074431327 1.203039877207837 2.2980181732323235
1081 0.5223610167573077 1.1981360843083992 2.2936935297089005
1082 0.5212079593781033 1.1932322968553333 2.289359315001786
1083 0.5200527223778846 1.1883285148543146 2.2850154680871806
1083 0.5188952925824122 1.1834247383934697 2.2806619279659692
1084 0.5188952925824122 1.1834247383934697 2.2806619279659692
1085 0.5177356566898063 1.1785209675160062 2.2762986328795582
1086 0.5165738012875768 1.1736172022516054 2.271925520276729
1087 0.515409713001848 1.1687134426605776 2.267542526223962
1088 0.5142433780607096 1.1638096887928466 2.2631495872280376
1089 0.5130747827484123 1.1589059407030633 2.2587466382485144
1090 0.5119039129198871 1.1540021984166393 2.2543336147485955
1091 0.5107307546550414 1.1490984620199274 2.249910449970951
1092 0.5095552935949241 1.1441947315549885 2.245477077635027
1093 0.5083775153826896 1.1392910070673214 2.2410334300676165
1094 0.5071974053256337 1.1343872886086293 2.236579439676596
1095 0.5060149489830333 1.1294835762340234 2.2321150363324445
1096 0.5048301314209104 1.1245798700062715 2.227640150640364
1097 0.5036429375274076 1.1196761699721243 2.223154712481584
1098 0.5024533520306743 1.1147724761812239 2.2186586509490898
1099 0.5012613599148397 1.109868788707559 2.2141518925299106
1100 0.5000669453726387 1.1049651075982403 2.209634365604479
1101 0.49887009283494 1.1000614329196068 2.2051059959683363
1102 0.49767078639156975 1.0951577647261288 2.2005667093033936
1103 0.4964690101956935 1.0902541030723314 2.1960164293891884
1104 0.49526474787092734 1.0853504480318503 2.191455080737358
1105 0.49405798318349975 1.0804467996717535 2.1868825855415053
1106 0.492848699333264 1.0755431580431527 2.1822988667681784
1107 0.49163687959301133 1.0706395232094574 2.1777038453578954
1108 0.49042250718671915 1.065735895235398 2.173097440712767
1109 0.48920556496255335 1.0608322741737897 2.1684795720894794
1110 0.487986035415856 1.0559286601188065 2.1638501585787315
1111 0.48676390131414543 1.0510250531253704 2.1592091161399924
1112 0.4855391446916668 1.0461214532632952 2.154556362139692
1113 0.4843117475689617 1.0412178606093179 2.1498918121143813
1114 0.4830816919304552 1.036314275228986 2.1452153797999336
1115 0.48184895955752416 1.0314106971864347 2.140526977859548
1116 0.4806135315891646 1.0265071265528294 2.1358265198207165
1116 0.47937538942526414 1.0216035634058784 2.131113916028743
1117 0.47937538942526414 1.0216035634058784 2.131113916028743
1118 0.47813451423678827 1.0167000078272495 2.126389075781602
1119 0.476890886444995 1.0117964598811846 2.121651909567129
1120 0.4756444868204892 1.0068929196437089 2.116902324201049
1121 0.47439529551306187 1.0019893872080996 2.1121402271167993
1122 0.47314329270879857 0.9970858626466294 2.1073655233242357
1123 0.4718884582122549 0.992182346028109 2.102578117267336
1124 0.4706307716850421 0.9872788374462519 2.0977779117829627
1125 0.469370212236333 0.9823753369778514 2.092964809797548
1126 0.46810675914932126 0.9774718447139085 2.088138711114199
1127 0.46684039138587874 0.9725683607381522 2.0832995145320474
1128 0.4655710872067504 0.9676648851420427 2.0784471195315506
1129 0.46429882498371283 0.9627614180062579 2.073581422567741
1130 0.4630235827678137 0.9578579594064636 2.0687023189632825
1131 0.4617453384517781 0.9529545094587607 2.063809702235427
1132 0.4604640693753322 0.9480510682537434 2.058903465670783
1133 0.45917975268799915 0.9431476358790539 2.0539835007052205
1133 0.4578923652569917 0.9382442124424459 2.04904969733631
1134 0.4578923652569917 0.9382442124424459 2.04904969733631
1135 0.4566018839209438 0.9333407980199947 2.044101942824208
1136 0.4553082847344406 0.9284373927210662 2.039140125162842
1137 0.4540115437685842 0.9235339966528876 2.0341641293676562
1138 0.4527116367784734 0.918630609893726 2.0291738388497444
1139 0.4514085390027292 0.913727232576103 2.0241691364428944
1140 0.4501022255474464 0.9088238647784753 2.0191499023873942
1141 0.44879267108462495 0.9039205066254994 2.0141160158452207
1142 0.44747984988561296 0.8990171582383861 2.009067354581882
1143 0.4461637361305216 0.8941138196967575 2.0040037934306514
1144 0.44484430343478853 0.8892104911349801 1.9989252065702419
1145 0.44352152509496784 0.8843071726683888 1.9938314661933012
1146 0.4421953740431971 0.8794038643907032 1.9887224426386607
1147 0.4408658228376888 0.8745005664318359 1.9835980044971553
1148 0.4395328437756816 0.869597278916488 1.9784580179411861
1149 0.4381964086720448 0.8646940019640896 1.9733023476494176
1150 0.4368564888762407 0.8597907357053306 1.968130856696294
1150 0.4368564888762407 0.8597907357053306 1.968130856696294
1151 0.4355130554029759 0.8548874802647705 1.9629434058498005
1152 0.43416607878808255 0.8499842357697646 1.9577398541645252
1153 0.43281552944344825 0.8450810023457149 1.952520057291829
1154 0.4314613769664459 0.8401777801607218 1.947283870616445
1155 0.4301035908976354 0.8352745693058191 1.9420311454795884
1156 0.4287421400322657 0.8303713699360883 1.9367617325266822
1157 0.4273769928033108 0.8254681821900534 1.931475479705932
1158 0.42600811723270926 0.8205650062231098 1.9261722324761987
1159 0.4246354807567727 0.8156618421764028 1.9208518344316272
1160 0.42325905047573664 0.8107586902055384 1.9155141261462882
1161 0.421878792962736 0.8058555504549442 1.9101589458802788
1162 0.4204946742675842 0.8009524230841744 1.9047861295253496
1163 0.4191066598692992 0.7960493082519299 1.8993955106802227
1164 0.4177147149479774 0.7911462061110613 1.8939869193011107
1165 0.41631880384743086 0.7862431168393123 1.8885601841022013
1166 0.4149188905927035 0.7813400405907306 1.8831151299826376
1166 0.41351493855262705 0.7764369775512245 1.8776515795750612
1167 0.41351493855262705 0.7764369775512245 1.8776515795750612
1168 0.4121069105579252 0.7715339278801397 1.8721693524517928
1169 0.4106947687724351 0.7666308917596862 1.8666682657077485
1170 0.4092784749147744 0.7617278693700255 1.861148132768631
1171 0.4078579901109437 0.7568248609021214 1.8556087639628032
1172 0.4064332746526703 0.7519218665380983 1.8500499674409672
1173 0.40500428837310637 0.7470188864652415 1.844471547365586
1174 0.40357097586398416 0.7421159208363357 1.8388733710286729
1175 0.40213330241466405 0.7372129698654047 1.8332552052732496
1176 0.4006912337408421 0.732310033787869 1.8276168084613258
1177 0.3992447269940437 0.7274071128153234 1.8219579712224367
1178 0.39779373843923865 0.7225042071485329 1.816278481364011
1179 0.3963382238614267 0.7176013170056867 1.8105781219239265
1180 0.3948781380266877 0.7126984426075268 1.8048566734260667
1181 0.39341343535630563 0.7077955841977235 1.7991139106794587
1182 0.39194406910329715 0.7028927419798907 1.7933496062027228
1183 0.39046999192906623 0.6979899162051985 1.787563527626976
1183 0.38899115554036995 0.6930871071104131 1.781755439008905
1184 0.38899115554036995 0.6930871071104131 1.781755439008905
1185 0.3875075108866696 0.6881843149468364 1.7759250998056206
1186 0.3860190079916349 0.683281539959248 1.770072265389726
1187 0.38452559613051607 0.6783787824121024 1.7641966860948481
1188 0.3830272236033658 0.6734760425576488 1.758298107956551
1189 0.38152383783081023 0.668573320672618 1.7523762721455485
1190 0.38001538510381083 0.663670617038466 1.7464309158355984
1191 0.3785018109996355 0.6587679319215057 1.740461770002311
1192 0.3769830599108776 0.6538652656177285 1.7344685614581952
1193 0.37545907535635026 0.6489626184188366 1.7284510110799762
1194 0.3739297996332362 0.6440599906226587 1.722408835172741
1195 0.37239517413707 0.6391573825384184 1.7163417437390296
1196 0.3708551390838609 0.6342547944983028 1.7102494415073475
1197 0.36930963347937995 0.6293522268025334 1.7041316276350877
1198 0.36775859524371557 0.6244496797881702 1.6979879950170684
1199 0.3662019611909343 0.6195471538040995 1.6918182299987012
1200 0.3646396667806604 0.61464464919273 1.6856220131488153
1201 0.3630716461415906 0.6097421663058143 1.6793990188592893
1202 0.36149783220335696 0.6048397055128273 1.673148914410587
1203 0.35991815668989974 0.5999372671774127 1.6668713595749767
1204 0.3583325497437157 0.5950348516951652 1.660566008085903
1205 0.35674094018728275 0.5901324594574606 1.6542325059401688
1206 0.35514325541070974 0.5852300908664149 1.647870491555917
1207 0.3535394211954581 0.5803277463327207 1.6414795961661095
1208 0.351929361993211 0.5754254262782336 1.635059442097173
1209 0.3503130005546207 0.570523131143603 1.6286096440621454
1210 0.3486902579157224 0.5656208613736188 1.6221298087150116
1211 0.3470610536115082 0.5607186174320389 1.6156195332124297
1212 0.3454253053207664 0.5558163997815734 1.609078406300995
1213 0.3437829289922121 0.5509142089138153 1.6025060072901278
1214 0.34213383872964825 0.5460120453255976 1.5959019059703488
1215 0.34047794674980447 0.5411099095292765 1.58926566226888
1216 0.33881516336453676 0.5362078020551135 1.582596825745366
1216 0.33714539679229655 0.5313057234351183 1.5758949358055068
1217 0.33714539679229655 0.5313057234351183 1.5758949358055068
1218 0.3354685531745384 0.5264036742304757 1.5691595210612697
1219 0.33378453660271923 0.5215016550167478 1.5623900984887606
1220 0.3320932488744811 0.5165996663757355 1.5555861738429708
1221 0.3303945895358676 0.5116977089238894 1.5487472408150305
1222 0.3286884558060698 0.5067957832774764 1.5418727805167947
1223 0.32697474244476554 0.5018938900792401 1.5349622613863605
1224 0.3252533416078785 0.4969920300072235 1.5280151390616334
1225 0.3235241429243214 0.4920902037301729 1.5210308550149916
1226 0.3217870333898114 0.4871884119562533 1.5140088362916582
1227 0.3200418970633403 0.48228665541222576 1.5069484959238797
1228 0.31828861518545826 0.4773849348421275 1.4998492313775285
1229 0.3165270660622646 0.4724832510253137 1.492710424113844
1230 0.3147571248283403 0.4675816047581372 1.4855314395604011
1231 0.31297866348679665 0.4626799968629196 1.47831162580972
1232 0.31119155062293674 0.4577784281904363 1.4710503137828292
1233 0.3093956514651879 0.4528768996227768 1.4637468156973528
1233 0.3075908275697504 0.4479754120676859 1.4564004252243228
1234 0.3075908275697504 0.4479754120676859 1.4564004252243228
1235 0.30577693691695657 0.44307396646258335 1.4490104156642596
1236 0.3039538334656217 0.43817256378077396 1.4415760406270146
1237 0.3021213672924659 0.43327120503039446 1.434096531844999
1238 0.30027938430974355 0.42836989125056907 1.426571098896013
1239 0.2984277261108338 0.42346862352030346 1.4189989282799764
1240 0.29656622973675284 0.4185674029539596 1.4113791827393873
1241 0.2946947276122454 0.4136662307097871 1.403710999723356
1242 0.2928130472536743 0.40876510798953514 1.3959934908071479
1243 0.29092101118594477 0.403864036030337 1.388225739983434
1244 0.28901843661051135 0.3989630161301768 1.3804068031404848
1245 0.2871051352024355 0.3940620496291173 1.372535706654175
1246 0.28518091294684417 0.38916113792249774 1.3646114457703373
1247 0.28324556980297366 0.3842602824471012 1.3566329835781497
1248 0.2812988995592164 0.3793594847148298 1.348599249087964
1249 0.2793406894291178 0.3744587462932441 1.3405091362039554
1250 0.27737071977575883 0.3695580688066959 1.332361501983577
1251 0.2753887638818814 0.3646574539502476 1.3241551645391567
1252 0.27339458759684737 0.35975690348855843 1.3158889012794304
1253 0.27138794892397666 0.35485641926626404 1.3075614472684975
1254 0.2693685976420738 0.3499560032029829 1.2991714931374088
1255 0.2673362750176362 0.3450556572989697 1.2907176823504642
1256 0.2652907133130656 0.3401553836484056 1.2821986092177804
1257 0.2632316354951699 0.3352551844397057 1.273612815606494
1258 0.26115875623457263 0.33035506196640335 1.264958781124224
1259 0.2590717785847154 0.3254550186211487 1.2562349338051355
1260 0.2569703921251911 0.32055505690075287 1.247439653454646
1261 0.2548542763881741 0.3156551794187669 1.2385712489987244
1262 0.2527230992358549 0.31075538892676 1.2296279598753506
1263 0.25057651570759915 0.305855688308848 1.2206079546008008
1264 0.24841416737713667 0.3009560805917802 1.2115093264180685
1265 0.24623568150769065 0.29605656895905785 1.20233008939369
1266 0.24404067031186638 0.2911571567530838 1.1930681733540804
1266 0.2418287300065614 0.2862578474943868 1.1837214192317842
1267 0.2418287300065614 0.2862578474943868 1.1837214192317842
1268 0.23959943999319402 0.28135864489236967 1.174287573044252
1269 0.2373523617051413 0.27645955285952944 1.1647642807235696
1270 0.23508703766877806 0.2715605755172562 1.155149080996405
1271 0.23280299017114092 0.2666617172265994 1.145439399341769
1272 0.23049972010318995 0.2617629825926604 1.13563253992445
1273 0.22817670555647307 0.2568643764942274 1.1257256776838431
1274 0.22583340031028495 0.25196590409561703 1.1157158496016408
1275 0.2234692322015656 0.24706757087964645 1.1055999452165994
1276 0.22108360142414613 0.2421693826643813 1.0953746958363608
1277 0.21867587851004863 0.23727134563858868 1.0850366636468574
1278 0.21624540236281742 0.23237346638713646 1.0745822285611386
1279 0.21379147780295918 0.22747575193403968 1.064007575380028
1280 0.21131337322266247 0.22257820977008108 1.0533086778920933
1281 0.20881031775448364 0.21768084790437423 1.0424812827511734
1282 0.20628149821030348 0.21278367490915706 1.0315208913803051
1283 0.20372605584471165 0.20788669997470932 1.0204227393140575
1283 0.20114308259292224 0.20298993296977552 1.0091817742526645
1284 0.20114308259292224 0.20298993296977552 1.0091817742526645
1285 0.19853161707297004 0.19809338450806732 0.99779263085969
1286 0.19589063998227677 0.19319706602216016 0.9862496035524704
1287 0.193219069192227 0.1883009898577545 0.9745466151191337
1288 0.1905157540611892 0.18340516936579113 0.962677182627562
1289 0.18777946924422395 0.17850961901560997 0.950634378369886
1290 0.1850089076899621 0.17361435451964136 0.9384107862016259
1291 0.18220267275196572 0.16871939298603025 0.925998452370178
1292 0.17935926932029486 0.16382475308082733 0.9133888295913695
1293 0.17647709380862595 0.15893045522464752 0.9005727134026458
1294 0.17355442277299216 0.15403652181324312 0.8875401695450983
1295 0.17058939987182717 0.1491429774881931 0.8742804511901214
1296 0.16758002108341838 0.14424984943469923 0.8607819028910028
1297 0.16452411763249314 0.13935716775055368 0.847031850137885
1298 0.1614193363183379 0.13446496586298126 0.8330164708260263
1299 0.15826311675533017 0.1295732810463604 0.8187206451056859
1300 0.15505266473902002 0.12468215502060145 0.8041277796190263
1301 0.15178492119773215 0.11979163468809298 0.7892195993041949
1302 0.14845652553105212 0.11490177301544316 0.7739759003817556
1303 0.14506377218908767 0.11001263012432916 0.7583742547445267
1304 0.14160255884331563 0.10512427461931209 0.7423896536759124
1305 0.1380683241110927 0.1002367852559879 0.7259940750445791
1306 0.13445597210107244 0.09535025302140822 0.7091559529221364
1307 0.13075978026081023 0.09046478378465139 0.6918395213284434
1308 0.1269732857375941 0.08558050169451946 0.6740039938115966
1309 0.12308914383058561 0.08069755359945892 0.6556025258452315
1310 0.1190989496574307 0.0758161148837847 0.6365808859092189
1311 0.11499301079122749 0.07093639728867145 0.6168757283645537
1312 0.11076005319068608 0.06605865959305765 0.5964123137367054
1313 0.10638683519273281 0.061183222488581476 0.5751014434985359
1314 0.10185763208036103 0.05631048979345213 0.552835252924648
1315 0.09715353635144856 0.05144097954891903 0.5294812878744176
1316 0.09225147589512295 0.046575370849117115 0.5048739914152356
1316 0.08712281501313365 0.04171457723017657 0.4788019903154891
1317 0.08712281501313365 0.04171457723017657 0.4788019903154891
1318 0.08173131144176878 0.03685986693780155 0.4509883212147299
1319 0.07603000731087341 0.03201307017622254 0.4210583598305692
1320 0.06995631826575338 0.02717696045351848 0.3884847162807704
1321 0.06342401696823587 0.02235601862947349 0.35248506320042566
1322 0.0563096550994159 0.01755814044457551 0.31181402929171276
1323 0.04842985549029382 0.012799075261204239 0.2642806824763166
1324 0.039514893749472174 0.008116749011490426 0.20540986552947132
1325 0.029350714392710277 0.003633617161034611 0.12379995636280249
1326 0.025064120373999337 0.0004648526943581996 0.018546539332791503
1327 0.023148841634115142 4.4187303238509256e-05 0.0019088343139118072
1328 0.021470772755714258 4.103122587176662e-06 0.00019110269732069385
1329 0.0199395585026505 3.8082833823934553e-07 1.9099135930653792e-05
1330 0.01851918509220464 3.5348899358268777e-08 1.908771859143432e-06
1331 0.017194325669095258 3.281294121606622e-09 1.9083587136565378e-07
