1 0.8328938304879334 4.995110678587758 5.9972958085924075
2 0.8324562280703302 4.990191269382575 5.994538933236233
3 0.8320208591613295 4.985286338272972 5.991780474468033
4 0.8315848862708983 4.980381832196096 5.989023988314381
5 0.8311475991320417 4.975477287710358 5.986274029915017
6 0.8307084522848537 4.970572737931897 5.983534565298325
7 0.8302673164401845 4.9656681864146455 5.980806528318149
8 0.8298249210260691 4.960763633855073 5.978084663595238
9 0.8293823184638165 4.9558590810078025 5.975361387239427
10 0.8289395255115717 4.95095452857771 5.972636575053262
11 0.8284965317533042 4.946049977450899 5.969910298820238
12 0.8280533384755585 4.941145426885095 5.967182544039633
13 0.8276099434913489 4.936240876909808 5.96445332216022
14 0.8271663468074504 4.931336327450738 5.961722628687486
15 0.8267225482016287 4.926431778484562 5.958990460827565
16 0.8262785474312454 4.921527230005896 5.956256815944283
16 0.8258343441191623 4.916622682209668 5.953521692602593
17 0.8258343441191623 4.916622682209668 5.953521692602593
18 0.8253899383763396 4.9117181348760175 5.950785085335632
19 0.8249453292311872 4.906813588139664 5.948046996899295
20 0.82450051693315 4.90190904192123 5.945307420976031
21 0.8240555012466598 4.897004496276594 5.942566354897498
22 0.8236102813581626 4.892099951194342 5.939823800070945
23 0.8231648569156195 4.88719540661225 5.937079754503203
24 0.8227192277675436 4.882290862541679 5.93433421483271
25 0.8222733932738407 4.87738631922399 5.931587181490718
26 0.8218273539451667 4.8724817764754755 5.92883864607964
27 0.8213811094028873 4.867577234464026 5.926088607032329
28 0.8209346593469659 4.862672692857256 5.923337061594399
29 0.8204880019453854 4.857768151648764 5.920584018451149
30 0.8200411381769764 4.852863611241614 5.917829466494762
31 0.819594068150278 4.847959071231954 5.915073399900509
32 0.8191467905695704 4.843054531843701 5.9123158237319355
33 0.8186993061714493 4.8381499930771446 5.909556728101044
33 0.8182516138377937 4.833245454933594 5.906796116495914
34 0.8182516138377937 4.833245454933594 5.906796116495914
35 0.817803713964422 4.828340917248687 5.904033981262575
36 0.8173556057013448 4.823436380223877 5.901270324175549
37 0.8169072883768974 4.81853184358854 5.898505145133933
38 0.8164587621979014 4.813627307705301 5.895738438457135
39 0.816010026190663 4.80872277266899 5.8929702066496645
40 0.8155610816067721 4.803818238159162 5.890200435625193
41 0.8151119264250938 4.79891370403128 5.887429135135204
42 0.8146625609248481 4.794009170541431 5.88465629879814
43 0.8142129862855193 4.789104637692456 5.88188191340523
44 0.8137631997285114 4.78420010557242 5.8791059944324475
45 0.8133132017789692 4.779295574018467 5.876328533171058
46 0.8128629923052646 4.774391042780967 5.873549525536746
47 0.8124125716417281 4.76948651225963 5.870768964864027
48 0.8119619386942492 4.764581982319164 5.867986854139115
49 0.81151109345 4.759677453008174 5.8652031887490566
50 0.8110600351311208 4.754772924357256 5.862417969575545
51 0.8106087646588926 4.749868396189643 5.85963118495074
52 0.8101572805768571 4.744963868794045 5.8568428409548865
53 0.8097055823938484 4.740059342112799 5.854052936252562
54 0.8092536698643954 4.735154815946535 5.851261467544525
55 0.8088014902745263 4.7302502902756824 5.848468811141933
56 0.8083490960275737 4.7253457650581705 5.845674583270622
57 0.8078964869884295 4.720441240559479 5.842878780369154
58 0.8074436625675339 4.715536716734554 5.840081401766096
59 0.8069906223041173 4.7106321933412225 5.837282445601956
60 0.8065373659853841 4.705727670514056 5.834481908677413
61 0.8060838929604365 4.7008231482513025 5.831679790780814
62 0.8056302030189644 4.695918626794771 5.828876088803028
63 0.8051762964940703 4.6910141057280885 5.826070794872978
64 0.8047221717124409 4.686109585323137 5.823263916478331
65 0.8042678303130948 4.681205065491371 5.820455436678372
66 0.8038132705125447 4.676300546349265 5.817645363540044
66 0.8033584929223303 4.671396027646129 5.8148336873283855
67 0.8033584929223303 4.671396027646129 5.8148336873283855
68 0.8029034961213104 4.66649150962396 5.812020413620046
69 0.802448280882757 4.661586992470836 5.8092055320284555
70 0.801992845460323 4.656682475703565 5.806389049556609
71 0.8015371907742774 4.65177795959772 5.803570954835103
72 0.8010813157124115 4.646873444048352 5.800751250721445
73 0.8006252210457837 4.641968929150857 5.797929926673402
74 0.8001689056795092 4.637064414793323 5.79510698538766
75 0.7997123681789612 4.632159901159968 5.792282432379955
76 0.7992556091196337 4.627255388319752 5.789456258451029
77 0.7987986293343347 4.6223508761852115 5.786628452326176
78 0.7983414270550903 4.617446364321767 5.783799021121243
79 0.7978840022689607 4.61254185321328 5.780967960375807
80 0.7974263536913041 4.607637342703079 5.7781352740277825
81 0.7969684827537484 4.602732832699191 5.7753009464006215
82 0.796510387497729 4.597828323305448 5.772464986614575
83 0.7960520692082315 4.592923814828913 5.769627380526907
83 0.7955935266116082 4.588019306924877 5.766788131704659
84 0.7955935266116082 4.588019306924877 5.766788131704659
85 0.795134758995701 4.583114799605896 5.763947240081195
86 0.7946757666749028 4.5782102931351485 5.761104698450013
87 0.7942165488740486 4.573305787289652 5.75826050687709
88 0.7937571048534346 4.568401281972617 5.755414665316491
89 0.7932974351349148 4.56349677741212 5.752567164970115
90 0.7928375389410549 4.558592273412542 5.749718005912255
91 0.7923774162565244 4.553687770118925 5.746867183105978
92 0.7919170657113935 4.548783267362539 5.744014700928668
93 0.7914564876296661 4.543878765396527 5.7411605519906646
94 0.7909956813833782 4.53897426408611 5.738304735302555
95 0.7905346483994852 4.534069763339262 5.735447235005992
96 0.7900733865014418 4.529165263394435 5.732588061787815
97 0.7896118954571406 4.524260764064473 5.729727211676797
98 0.7891501747983064 4.519356265562546 5.726864682907304
99 0.788688225041964 4.514451767507208 5.724000465794967
100 0.7882260460530736 4.50954727011652 5.721134556130715
101 0.7877636361782856 4.504642773590128 5.718266960688503
102 0.7873009955191471 4.4997382776642025 5.715397672902815
103 0.7868381237936539 4.49483378241017 5.7125266894019076
104 0.7863749702434218 4.489929287658762 5.709654372988127
105 0.785911585903106 4.48502479362749 5.706780347911098
106 0.7854479687088586 4.480120300272052 5.703904623544446
107 0.7849841190231942 4.475215807452777 5.7010271915074835
108 0.7845200359602228 4.470311315303287 5.698148052817792
109 0.7840557191195429 4.4654068237602935 5.695267204701641
110 0.7835911688226777 4.460502333160779 5.69238463963619
111 0.7831263845069417 4.455597842966768 5.689500355389026
112 0.7826613660853141 4.450693353412873 5.6866143472421316
113 0.782196111911434 4.445788864598842 5.683726621620214
114 0.7817306225795083 4.440884376520443 5.68083716852063
115 0.7812648981688224 4.435979888988409 5.6779459814279845
116 0.7807989377661807 4.431075402275759 5.675053061615071
116 0.7803327414689769 4.426170916215285 5.672158402431013
117 0.7803327414689769 4.426170916215285 5.672158402431013
118 0.7798663078617152 4.421266430701495 5.669262008284461
119 0.7793996370693571 4.416361945859592 5.666363872667019
120 0.7789327283845301 4.411457461819781 5.663463995111537
121 0.7784655823968702 4.406552978302514 5.660562365178536
122 0.777998198538266 4.401648495606397 5.657658981571409
123 0.7775305750795903 4.396744013547784 5.654753850802228
124 0.7770627129313273 4.391839532301222 5.651846960631798
125 0.7765946108934868 4.386935051648761 5.648938313647978
126 0.7761262693857103 4.382030571916992 5.646027901343024
127 0.7756576868490265 4.37712609269776 5.643115728639354
128 0.7751888644924589 4.372221614086219 5.640201780954184
129 0.7747197999846505 4.367317136360907 5.63728606968279
130 0.7742504952546795 4.362412659240931 5.634368574483085
131 0.7737809480585568 4.357508182997485 5.631449306073797
132 0.773311158216524 4.352603707251541 5.628528259297184
133 0.7728411261554462 4.347699232191728 5.625605425295714
133 0.7723708503852423 4.342794757915464 5.622680809030234
134 0.7723708503852423 4.342794757915464 5.622680809030234
135 0.7719003314146929 4.337890284306201 5.619754400617984
136 0.7714295686871417 4.3329858115755275 5.616826198339305
137 0.7709585610926025 4.328081339590542 5.613896204040831
138 0.770487309461303 4.323176868194235 5.610964405392796
139 0.7700158114509538 4.318272397478143 5.608030813472713
140 0.7695440688915841 4.313367927555199 5.605095408984148
141 0.7690720800028038 4.308463458432942 5.602158198770178
142 0.7685998445675469 4.303558990079106 5.599219178219461
143 0.7681273626093946 4.298654522367408 5.596278340826851
144 0.7676546330502346 4.293750055539363 5.5933356885744
145 0.7671816565525337 4.288845589272685 5.5903912100106385
146 0.7667084323711865 4.283941123788984 5.587444904629665
147 0.766234958783057 4.279036659111313 5.584496778778309
148 0.7657612367659359 4.274132195127682 5.581546818925912
149 0.7652872654622914 4.269227731837108 5.5785950250435326
150 0.7648130445188492 4.264323269443968 5.575641393677708
151 0.7643385737260169 4.259418807632251 5.572685919628953
152 0.7638638520551047 4.254514346755452 5.569728604526942
153 0.7633888797862024 4.249609886483956 5.566769439547139
154 0.7629136555450032 4.2447054270359175 5.563808428626991
155 0.7624381332404916 4.2398009682680735 5.560845901356218
156 0.7619623580833638 4.234896510171642 5.557881521633272
157 0.7614863301638225 4.229992052831398 5.554915282486263
158 0.7610100489650556 4.225087596170907 5.551947181140201
159 0.7605335140518664 4.220183140248508 5.54897721438309
160 0.7600567255921711 4.215278685078392 5.5460053745254445
161 0.7595796830652776 4.2103742307138345 5.543031658933931
162 0.7591023854520571 4.205469777139443 5.540056068503884
163 0.758624832440337 4.200565324299744 5.537078598900337
164 0.7581470238125679 4.195660872063344 5.5340992449778605
165 0.7576689585828332 4.190756420747805 5.531118007772578
166 0.7571906368976816 4.185851970047044 5.528134879212293
166 0.7567120584663631 4.180947520133459 5.525149855028123
167 0.7567120584663631 4.180947520133459 5.525149855028123
168 0.7562332223438054 4.176043070999065 5.5221629354714015
169 0.755754127820608 4.1711386226931 5.519174119129913
170 0.7552747758593726 4.166234175263978 5.516183392360112
171 0.754795164379785 4.161329728406355 5.513190763252595
172 0.7543152939916049 4.156425282288199 5.510196220858353
173 0.7538351640132294 4.151520837092154 5.507199763659868
174 0.753354773430359 4.146616392591413 5.504201392008212
175 0.7528741226089057 4.141711948800961 5.5012010964712745
176 0.7523932102329264 4.136807505789615 5.498198879956584
177 0.7519120370634896 4.131903063667923 5.495194730230173
178 0.7514306017748836 4.126998622339369 5.492188650011555
179 0.7509489040157485 4.122094181742132 5.489180634925976
180 0.7504669429594656 4.117189742017977 5.486170684323341
181 0.7499847188670515 4.112285302943335 5.483158789095692
182 0.7495022311378153 4.107380864778209 5.480144947057484
183 0.7490194793149159 4.102476427483749 5.4771291545528875
183 0.7485364619431011 4.097571990912285 5.474111415061243
184 0.7485364619431011 4.097571990912285 5.474111415061243
185 0.7480531795631905 4.0926675551225955 5.471091717720417
186 0.7475696314822446 4.087763120176569 5.468070060673213
187 0.7470858178077255 4.082858686029498 5.465046436044496
188 0.7466017359586702 4.077954252704797 5.4620208556956005
189 0.7461173877764783 4.0730498202593255 5.458993299161028
190 0.7456327720832565 4.068145388598821 5.455963767837952
191 0.745147888215086 4.063240957623302 5.452932259334878
192 0.7446627363183981 4.058336527460701 5.449898765614429
193 0.7441773146527074 4.053432098127024 5.446863292276894
194 0.7436916233842507 4.04852766969574 5.443825831024516
195 0.7432056630234473 4.0436232421092475 5.440786370840229
196 0.742719431733526 4.038718815466938 5.437744918078239
197 0.7422329299397288 4.033814389527592 5.434701462053359
198 0.7417461563655525 4.02890996443839 5.431656005040132
199 0.741259110524818 4.024005540018632 5.428608543063438
200 0.7407717928624508 4.019101116562173 5.425559065946312
201 0.7402842030921283 4.014196693872421 5.422507568181696
202 0.7397963395504389 4.009292272133944 5.419454054842066
203 0.7393082018598227 4.004387851213472 5.416398521130877
204 0.7388197898184639 3.9994834311206064 5.413340961133869
205 0.7383311033386424 3.9945790117654782 5.41028136794249
206 0.7378421417519206 3.9896745933834046 5.407219739320371
207 0.7373528593201631 3.984770175683676 5.404156402617901
208 0.7368632998334698 3.979865758924183 5.4010910298065165
209 0.7363734640500271 3.9749613429475077 5.398023607593578
210 0.7358833509548041 3.970056927724792 5.394954135833713
211 0.735392960152641 3.9651525134475567 5.391882610114372
212 0.7349022905384778 3.9602480999768526 5.388809030755774
213 0.734411342977264 3.9553436873983308 5.38573338391477
214 0.7339201160052872 3.9504392755688484 5.382655672487916
215 0.7334286085007997 3.9455348647792547 5.379575897433721
216 0.7329368207594936 3.940630454759609 5.376494048526851
216 0.7324447523140551 3.935726045515745 5.37341012148886
217 0.7324447523140551 3.935726045515745 5.37341012148886
218 0.7319524035374473 3.9308216371956846 5.370324106046303
219 0.7314597717747098 3.9259172296757714 5.3672360137461625
220 0.7309668579076042 3.9210128231253374 5.364145830563719
221 0.7304736611737909 3.9161084175874623 5.361053554339942
222 0.7299801809101323 3.911204012755226 5.357959181684596
223 0.7294864163087545 3.906299608852918 5.3548627109727835
224 0.7289923673631739 3.901395205723182 5.35176413414979
225 0.7284980332350255 3.896490803567931 5.348663449734886
226 0.7280034139941695 3.891586402158886 5.345560648964283
227 0.7275085081941502 3.8866820017526473 5.342455734848132
228 0.7270133161606425 3.8817776022228845 5.339348696833441
229 0.7265178370233073 3.876873203547709 5.33623953326742
230 0.7260220700346408 3.871968805826853 5.333128241738036
231 0.725526015101025 3.8670644090330497 5.330014814830017
232 0.7250296710526424 3.862160013013173 5.3268992528345125
233 0.7245330369225707 3.8572556180080664 5.32378155507115
233 0.7240361131234775 3.8523512238160906 5.320661710086702
234 0.7240361131234775 3.8523512238160906 5.320661710086702
235 0.7235388999606109 3.8474468305758873 5.317539707658207
236 0.7230413961027674 3.8425424382317734 5.314415549293978
237 0.7225436001432958 3.837638046809636 5.311289237145759
238 0.7220455124660682 3.8327336563335814 5.308160760176038
239 0.7215471314141494 3.827829266646062 5.305030122071107
240 0.7210484576911652 3.822924877888035 5.301897309550096
241 0.7205494902156486 3.8180204900869543 5.29876232227197
242 0.7200502285664885 3.813116103297995 5.295625155052495
243 0.719550672423537 3.808211717442572 5.292485801751859
244 0.719050821010783 3.803307332531564 5.289344259679983
245 0.7185506737900551 3.7984029484692083 5.286200524222205
246 0.7180502299612012 3.793498565457659 5.283054593078586
247 0.7175494890554037 3.788594183245425 5.2799064608530415
248 0.71704844997585 3.783689802047137 5.276756127392187
249 0.7165471135537805 3.7787854218918495 5.273603578068467
250 0.7160454779746428 3.773881042574765 5.270448817370241
251 0.7155435433420788 3.7689766641649274 5.267291836023316
252 0.7150413088952448 3.764072286793191 5.264132631174511
253 0.7145387745419545 3.7591679102753184 5.260971194579445
254 0.7140359383138349 3.754263534780284 5.257807532273257
255 0.7135328014395124 3.7493591602837806 5.254641626453134
256 0.7130293624588669 3.74445478680192 5.251473479141511
257 0.7125256209687979 3.739550414077924 5.248303084166123
258 0.712021575735249 3.7346460425558345 5.245130442429862
259 0.7115172258698643 3.729741671901062 5.241955551169224
260 0.7110125726445237 3.7248373021658625 5.238778392218564
261 0.7105075713094301 3.7199329332413953 5.235599286276069
262 0.7100022648133907 3.7150285653770396 5.23241790834774
263 0.7094966525558615 3.7101241984329127 5.229234253703262
264 0.7089907333717566 3.7052198325697754 5.226048322167502
265 0.7084845071631843 3.7003154675142227 5.2228601050579275
266 0.7079779725824946 3.6954111033972703 5.219669603444725
266 0.7074711287560973 3.690506740467127 5.216476815041084
267 0.7074711287560973 3.690506740467127 5.216476815041084
268 0.7069639763726745 3.685602378390374 5.213281725188663
269 0.706456514334049 3.6806980173892128 5.210084333157964
270 0.7059487420004983 3.675793657461672 5.206884634492454
271 0.7054406588191799 3.670889298478966 5.2036826238844505
272 0.7049322634203742 3.6659849403576157 5.200478302085415
273 0.7044235556568653 3.661080583289705 5.197271661189407
274 0.7039145347946747 3.6561762270940146 5.194062697058084
275 0.7034052004695206 3.651271871912773 5.1908514032531485
276 0.7028955521469951 3.6463675178452344 5.187637774499215
277 0.7023855893917083 3.641463164712304 5.184421804362395
278 0.7018753110789379 3.636558812564897 5.181203491792154
279 0.7013647167870039 3.6316544614634343 5.177982830531129
280 0.7008538057722543 3.6267501112989438 5.174759816425214
281 0.700342577072907 3.621845762320537 5.17153444741015
282 0.6998310314007166 3.616941414312881 5.168306708368659
283 0.6993191668842274 3.612037067296463 5.165076603562387
283 0.698806983250254 3.607132721361381 5.1618441255181455
284 0.698806983250254 3.607132721361381 5.1618441255181455
285 0.6982944793510623 3.602228376409003 5.15860927291967
286 0.6977816554587198 3.597324032556695 5.155372034238739
287 0.6972685101861197 3.592419689785519 5.152132409975901
288 0.6967550439203529 3.5875153479658515 5.1488903873309395
289 0.6962412546164438 3.5826110071975226 5.14564597177047
290 0.6957271420218671 3.57770666741651 5.142399155248223
291 0.6952127068370862 3.5728023288446753 5.139149923049254
292 0.6946979468735855 3.567897991288685 5.1358982811819605
293 0.6941828616841105 3.5629936547633094 5.132644223050061
294 0.6936674510664154 3.5580893193789165 5.129387740348576
295 0.6931517138165589 3.553184984946047 5.126128831712576
296 0.6926356500065455 3.548280651697655 5.122867486916279
297 0.6921192590531258 3.5433763194270047 5.119603699909501
298 0.691602539588975 3.5384719882529483 5.116337470877263
299 0.6910854915139609 3.5335676581259747 5.113068790353258
300 0.6905681131893405 3.5286633291613443 5.1097976604573585
301 0.6900504051046938 3.5237590012133855 5.106524067149506
302 0.6895323660768252 3.5188546743204983 5.1032480089969265
303 0.6890139952902687 3.5139503484826475 5.099969481755281
304 0.6884952925885806 3.5090460238072576 5.096688476422357
305 0.6879762562818609 3.5041417002918576 5.093404995151789
306 0.6874568870290947 3.4992373778318417 5.090119022523876
307 0.6869371832188611 3.4943330565325232 5.086830560195799
308 0.6864171446220653 3.4894287362708485 5.083539599221542
309 0.6858967703124985 3.484524417106262 5.080246136045651
310 0.6853760600249316 3.479620099103013 5.076950162187511
311 0.6848550122340584 3.474715782174893 5.073651678243631
312 0.6843336266667905 3.469811466292776 5.070350675581027
313 0.6838119020515061 3.464907151735134 5.067047153376617
314 0.6832898393855484 3.4600028382023647 5.063741093111802
315 0.6827674356696204 3.4550985258548357 5.060432506518515
316 0.6822446917990951 3.4501942146277815 5.057121376099738
316 0.6817215673861756 3.4452899043650493 5.053807990225123
317 0.6817215673861756 3.4452899043650493 5.053807990225123
318 0.6811981005198275 3.4403855952410876 5.050492056005004
319 0.6806742913863253 3.435481287253255 5.047173561170102
320 0.6801501390391929 3.4305769803545854 5.043852501744328
321 0.6796256426119116 3.425672674718124 5.0405288734437805
322 0.679100801172397 3.4207683701425404 5.0372026718816105
323 0.6785756143851644 3.4158640667013795 5.033873888610607
324 0.678050081565959 3.4109597643856193 5.030542517608723
325 0.6775242014132662 3.40605546319815 5.027208557411479
326 0.6769979734888224 3.4011511632389357 5.0238720002536175
327 0.676471397421981 3.3962468642947954 5.020532837364335
328 0.6759444719930326 3.391342566566308 5.017191066844415
329 0.6754171964992055 3.386438270051614 5.013846682619366
330 0.6748895704566362 3.381533974738546 5.010499676933176
331 0.6743615925898182 3.3766296806517073 5.007150047920284
332 0.6738332624984181 3.371725387540036 5.00379778676769
333 0.6733045796198112 3.366821095749359 5.000442886710308
333 0.6727755428300333 3.36191680511823 4.997085344357663
334 0.6727755428300333 3.36191680511823 4.997085344357663
335 0.6722461512019142 3.3570125156281607 4.993725155028603
336 0.6717164043485246 3.3521082273873555 4.990362310175309
337 0.6711863013650198 3.3472039403043166 4.986996804757438
338 0.6706558416678784 3.3422996544194907 4.983628631501076
339 0.6701250240965122 3.3373953697342267 4.980257787319357
340 0.6695938484508464 3.3324910862845933 4.976884261996361
341 0.6690623140517015 3.3275868041165433 4.973508048847309
342 0.6685304197947893 3.3226825230836794 4.970129144016518
343 0.6679981649972462 3.3177782432420893 4.966747540774707
344 0.667465548319984 3.31287396465377 4.963363237237187
345 0.6669325697249759 3.307969687312546 4.959976221699082
346 0.6663992283313724 3.30306541114544 4.95658648857703
347 0.6658655228748854 3.298161136164432 4.953194035222858
348 0.6653314529420655 3.293256862533353 4.949798852843527
349 0.664797017909384 3.2883525901044184 4.946400933694684
350 0.6642622161506712 3.2834483189625874 4.943000277796652
350 0.6642622161506712 3.2834483189625874 4.943000277796652
351 0.6637270475761049 3.27854404899876 4.939596873401234
352 0.6631915113275667 3.2736397803883746 4.936190714858898
353 0.6626556065430853 3.2687355129773676 4.932781796006486
354 0.6621193317304368 3.26383124690445 4.9293701157682355
355 0.6615826871930788 3.258926982044674 4.925955659256204
356 0.6610456720524297 3.254022718390161 4.922538420510336
357 0.6605082846146348 3.249118456109989 4.91911839986329
358 0.6599705246199774 3.2442141950846426 4.915695586485045
359 0.6594323908728406 3.239309935368559 4.9122699767309435
360 0.6588938828543672 3.2344056770472647 4.908841561915294
361 0.6583549998817301 3.2295014198804015 4.905410334030369
362 0.6578157410615785 3.2245971639696727 4.901976287107146
363 0.6572761052332927 3.2196929094498037 4.898539417170825
364 0.6567360916673981 3.2147886561903234 4.89509971658211
365 0.6561956994493153 3.209884404223223 4.891657179278962
366 0.6556549288353517 3.204980153522083 4.888211790331738
366 0.6551137771351447 3.2000759042351694 4.884763556995107
367 0.6551137771351447 3.2000759042351694 4.884763556995107
368 0.6545722444917136 3.1951716562418886 4.8813124649411215
369 0.6540303300172774 3.1902674095498242 4.877858507671269
370 0.6534880331277805 3.1853631642153313 4.874401676445815
371 0.652945352045462 3.180458920290628 4.870941971372185
372 0.6524022862629021 3.175554677623311 4.86747938271884
373 0.651858835646254 3.1706504363019143 4.86401389828294
374 0.6513149987402365 3.1657461963308586 4.860545515540094
375 0.6507707383237015 3.160841957592756 4.857074498670089
376 0.6502260898468999 3.155937720223385 4.853600569867124
377 0.6496810526609431 3.151033484160724 4.850123720331416
378 0.6491356258048446 3.1461292494897406 4.846643943765905
379 0.6485898080254175 3.1412250160852215 4.843161235679053
380 0.6480435989610894 3.1363207842354677 4.839675585506065
381 0.6474969979224272 3.1314165536635046 4.836186984203842
382 0.6469500030977217 3.1265123243776918 4.83269543149756
383 0.6464026140693442 3.121608096514142 4.829200916844165
383 0.6458548301857497 3.116703870034897 4.825703431123251
384 0.6458548301857497 3.116703870034897 4.825703431123251
385 0.6453066499756316 3.111799644909355 4.822202971295685
386 0.64475807299354 3.106895421153457 4.818699526674381
387 0.6442090982006363 3.101991198797168 4.81519309097225
388 0.6436597246536383 3.0970869778982597 4.811683657175913
389 0.643109951148952 3.092182758347844 4.808171219903356
390 0.6425597772827351 3.0872785402163023 4.804655768015585
391 0.6420092015728448 3.0823743235759102 4.8011372983821206
392 0.6414582235145537 3.077470108250953 4.797615800120972
393 0.6409068419064651 3.072565894361793 4.794091267963415
394 0.6403550559439808 3.067661681853284 4.7905636933421
395 0.6398028644458192 3.0627574708591307 4.787033070744396
396 0.6392502665279609 3.0578532612926446 4.783499392031764
397 0.6386972616490421 3.0529490531928447 4.779962646638699
398 0.6381438481331851 3.0480448464957566 4.776422832269642
399 0.6375900256867284 3.0431406412245123 4.772879936361677
400 0.6370357930148011 3.038236437489473 4.769333953922557
401 0.6364811496456968 3.0333322351410885 4.7657848733299035
402 0.6359260939662223 3.028428034245154 4.76223269178511
403 0.6353706252941231 3.023523834911335 4.758677399528343
404 0.6348147423609017 3.0186196370821787 4.755118990866233
405 0.6342584446522357 3.0137154405726263 4.75155745419369
406 0.6337017305205077 3.0088112456201745 4.747992786999031
407 0.633144599798246 3.0039070522132256 4.744424975227511
408 0.632587050943121 2.999002860243673 4.740854014909845
409 0.6320290832542651 2.9940986697950116 4.737279896011505
410 0.6314706958731218 2.9891944807624706 4.733702609318033
411 0.6309118868177731 2.984290293370413 4.730122154494085
412 0.6303526558553293 2.979386107527366 4.726538517529714
413 0.6297930020624039 2.9744819231200434 4.7229516894906896
414 0.6292329241566266 2.9695777402119146 4.719361664350445
415 0.6286724209863913 2.964673558847673 4.7157684350079805
416 0.628111491675086 2.9597693790439505 4.7121719921898855
416 0.6275501354973685 2.954865200723588 4.708572325271976
417 0.6275501354973685 2.954865200723588 4.708572325271976
418 0.6269883508210247 2.949961024066011 4.704969430776688
419 0.6264261371427591 2.9450568489333624 4.701363296184112
420 0.6258634931855563 2.9401526753510105 4.697753914972817
421 0.6253004177700753 2.935248503388665 4.6941412798927065
422 0.6247369101760493 2.9303443329088714 4.690525379848467
423 0.624172968904389 2.925440164062302 4.686906209984274
424 0.623608593178292 2.9205359968004005 4.683283759634481
425 0.6230437823057234 2.915631831129119 4.6796580175138285
426 0.6224785347511212 2.9107276670391067 4.676028978578146
427 0.6219128492376945 2.9058235045372096 4.672396635797127
428 0.6213467249247987 2.9009193436970078 4.668760978901281
429 0.6207801609047233 2.896015184387424 4.665121997724249
430 0.6202131556922711 2.8911110267244218 4.661479686765777
431 0.6196457083888046 2.886206870749499 4.657834035927046
432 0.6190778180951356 2.8813027163587943 4.654185034806102
433 0.618509483170527 2.876398563583443 4.650532678721114
433 0.617940702596691 2.871494412515827 4.646876958338112
434 0.617940702596691 2.871494412515827 4.646876958338112
435 0.6173714424142304 2.8665902629283386 4.643218111480085
436 0.6168017348798315 2.861686114958402 4.639555878544879
437 0.6162315789518671 2.8567819686209157 4.635890250025721
438 0.6156609725575193 2.8518778239713996 4.632221224165638
439 0.6150899154240116 2.8469736810145068 4.628548785508779
440 0.614518406417065 2.8420695397039593 4.624872924921124
441 0.6139464439712016 2.837165400041779 4.6211936365167094
442 0.6133740272720546 2.832261262023521 4.617510908669933
443 0.6128011549428757 2.8273571256654546 4.613824733944923
444 0.6122278257782258 2.8224529910265406 4.610135103609207
445 0.6116540387139525 2.817548858114973 4.606442007705984
446 0.6110797926881946 2.8126447269476955 4.602745436196835
447 0.6105050866639822 2.807740597499321 4.5990453787073555
448 0.6099299193487534 2.8028364696914556 4.595341826621912
449 0.6093542892459695 2.797932343625542 4.591634773077211
450 0.608778195771186 2.793028219325668 4.587924204130743
451 0.6082016370813292 2.788124096770378 4.584210115168677
452 0.6076246125291083 2.7832199759385907 4.580492492484841
453 0.6070471205443462 2.7783158568716804 4.576771329349742
454 0.6064691599895798 2.773411739500417 4.573046615508147
455 0.6058907298971778 2.7685076239087256 4.569318339593267
456 0.6053118288044872 2.763603510057816 4.565586493685466
457 0.6047324557313984 2.7586993980207084 4.561851066326807
458 0.604152609011146 2.7537952877193885 4.558112050904979
459 0.6035722875079477 2.7488911791986452 4.554369436920923
460 0.6029914901223042 2.743987072506878 4.550623213522163
461 0.6024102160099764 2.7390829676122235 4.546873367710056
462 0.6018284633149314 2.734178864558472 4.543119894161105
463 0.6012462310232267 2.7292747633064742 4.539362780971911
464 0.6006635179534815 2.724370663843772 4.535602017458902
465 0.6000803226717988 2.7194665662021147 4.5318375948305665
466 0.599496643956274 2.7145624704049727 4.5280695025925235
466 0.5989124808131046 2.709658376388208 4.524297728291588
467 0.5989124808131046 2.709658376388208 4.524297728291588
468 0.5983278316564764 2.704754284229309 4.52052226409253
469 0.597742695201072 2.6998501939819617 4.516743099760961
470 0.5971570696776145 2.6949461055649584 4.512960228403343
471 0.5965709546242235 2.6900420189873206 4.509173633305299
472 0.595984348199368 2.685137934260713 4.505383308090641
473 0.595397249337677 2.6802338514200432 4.501589240463487
474 0.5948096566994288 2.6753297705176124 4.497791420137483
475 0.5942215689891747 2.6704256914946085 4.493989836210838
476 0.5936329846006025 2.6655216144218556 4.490184480256305
477 0.5930439027184125 2.6606175391692584 4.48637533743023
478 0.5924543215177803 2.655713465841431 4.4825624008242295
479 0.5918642400061266 2.650809394488506 4.478745657046398
480 0.5912736565060013 2.6459053250424844 4.47492509758995
481 0.5906825697472005 2.641001257542278 4.471100710949656
482 0.5900909782970287 2.6360971919852214 4.46727248668139
483 0.5894988812631543 2.6311931283928516 4.463440410191852
483 0.5889062768574009 2.626289066725745 4.459604473466463
484 0.5889062768574009 2.626289066725745 4.459604473466463
485 0.5883131639126743 2.6213850070891542 4.455764663933743
486 0.5877195406274537 2.616480949384398 4.451920973379622
487 0.587125405500132 2.6115768936855437 4.448073391511511
488 0.5865307572713506 2.6066728400001273 4.4442219059863985
489 0.5859355951905814 2.60176878829531 4.440366500432627
490 0.5853399174651367 2.596864738586083 4.4365071663521976
491 0.5847437224527879 2.5919606908880195 4.432643894004854
492 0.5841470087067253 2.587056645274722 4.428776672163993
493 0.5835497751846199 2.5821526017049146 4.424905486233782
494 0.5829520199020377 2.5772485601370647 4.421030328654078
495 0.5823537417780426 2.5723445206175564 4.417151185057511
496 0.5817549391247118 2.567440483147138 4.413268045493553
497 0.581155610396097 2.5625364477917545 4.409380898938947
498 0.5805557545084683 2.557632414499446 4.405489730551174
499 0.5799553396230416 2.552728383132975 4.401594758645024
500 0.5793543944988973 2.5478243539291556 4.397695742228473
501 0.5787529177354291 2.5429203267633853 4.393792668404058
502 0.5781509077866608 2.538016301702001 4.389885525594532
503 0.577548363437824 2.5331122787401603 4.385974299471568
504 0.5769452826764764 2.528208257872173 4.382058981648478
505 0.5763416643649862 2.523304239108458 4.378139557008492
506 0.5757375064852384 2.5184002224838458 4.3742160170494575
507 0.575132808150848 2.5134962080370022 4.3702883445622405
508 0.5745275671918159 2.5085921957464747 4.366356531868449
509 0.5739217822645579 2.503688185574101 4.362420564863642
510 0.5733154519001256 2.498784177584218 4.3584804304550975
511 0.5727085744620862 2.4938801718145633 4.354536116657461
512 0.5721011483992088 2.488976168187708 4.350587610516235
513 0.5714931720160396 2.4840721667930334 4.346634900343683
514 0.5708846440880772 2.4791681675731425 4.342677970491446
515 0.5702755629324481 2.474264170544349 4.33871680880255
516 0.5696659267522493 2.4693601757678207 4.334751403943032
516 0.5690557339586909 2.4644561832461616 4.330781742768736
517 0.5690557339586909 2.4644561832461616 4.330781742768736
518 0.5684449830197331 2.4595521929341486 4.326807811493636
519 0.5678336722157945 2.454648204872136 4.322829597782804
520 0.5672217999419837 2.449744219076628 4.318847088259286
521 0.5666093647010066 2.4448402354899326 4.314860268467407
522 0.5659963646276676 2.439936254162747 4.310869126814664
523 0.5653827982294902 2.43503227518281 4.306873648806033
524 0.5647686636189427 2.4301282985150126 4.302873822607577
525 0.5641539594293998 2.4252243241720457 4.298869632369471
526 0.5635386835658361 2.420320352116719 4.294861067570284
527 0.5629228351090169 2.41541638237232 4.290848108701338
528 0.5623064114287445 2.410512414982107 4.2868307491947695
529 0.5616894111292409 2.405608449915484 4.282808972807874
530 0.5610718327433118 2.400704487240817 4.278782763880307
531 0.5604536744077561 2.395800526922211 4.274752109447595
532 0.5598349343709437 2.3908965689341724 4.2707169955742295
533 0.559215611131063 2.3859926133896283 4.266677406526165
533 0.558595702591714 2.3810886602111188 4.262633330624622
534 0.558595702591714 2.3810886602111188 4.262633330624622
535 0.5579752065633432 2.3761847094329362 4.258584756961211
536 0.5573541217749354 2.3712807611015707 4.254531667497231
537 0.5567324465919494 2.3663768151957387 4.250474046701552
538 0.5561101791428097 2.3614728717020723 4.246411880721291
539 0.5554873175933331 2.356568930669179 4.2423451553837275
540 0.55486386010294 2.3516649920749932 4.238273856290992
541 0.5542398047131615 2.346761055989218 4.234197969963109
542 0.5536151498221329 2.3418571224195124 4.230117479935134
543 0.5529898931022774 2.336953191299532 4.226032375002746
544 0.5523640333963872 2.3320492626405946 4.221942635006923
545 0.5517375687954472 2.327145336477711 4.217848245422786
546 0.5511104973569901 2.3222414128760924 4.213749191882704
547 0.550482816530364 2.3173374918295293 4.209645464386094
548 0.5498545249982698 2.3124335732795824 4.2055370432513195
549 0.5492256209313603 2.307529657367275 4.201423912916217
550 0.5485961024589302 2.3026257440048985 4.197306057560409
551 0.5479659674750091 2.29772183319202 4.193183463162447
552 0.5473352141575718 2.2928179250189578 4.189056113533526
553 0.5467038403120157 2.2879140194119763 4.184923994874838
554 0.546071844443166 2.28301011641599 4.180787088087272
555 0.54543922430802 2.2781062160851477 4.176645379648489
556 0.5448059782274537 2.273202318337884 4.172498851304517
557 0.5441721039384069 2.268298423242397 4.168347489380195
558 0.5435375993374775 2.2633945308027976 4.164191278692897
559 0.5429024626381691 2.2584906410272265 4.160030201470009
560 0.5422666916956811 2.2535867539130012 4.155864242492897
561 0.5416302845132016 2.2486828695751586 4.151693385454243
562 0.5409932391673421 2.2437789879489234 4.1475176129786515
563 0.5403555536826135 2.238875109020938 4.143336908009235
564 0.5397172258099197 2.2339712328520314 4.139151255548035
565 0.5390782536304066 2.2290673594123414 4.134960637719575
566 0.5384386290853443 2.2241634886939967 4.130765083612638
566 0.5377983354280381 2.2192596206560578 4.126564688768943
567 0.5377983354280381 2.2192596206560578 4.126564688768943
568 0.5371573914617871 2.2143557553989552 4.122359276064216
569 0.536515794806711 2.2094518929040636 4.118148830455321
570 0.5358735434185761 2.204548033217672 4.113933334259942
571 0.535230635145352 2.199644176397052 4.109712770457724
572 0.5345870680568402 2.1947403223611897 4.105487119878914
573 0.5339428398774873 2.1898364711733693 4.101256366085601
574 0.5332979485260659 2.1849326228087165 4.097020490792163
575 0.5326523914116554 2.1800287773569527 4.092779479651557
576 0.5320061668326509 2.1751249347586445 4.088533311011143
577 0.531359272530382 2.17022109504713 4.084281967476236
578 0.5307117061617098 2.1653172582519415 4.080025432098084
579 0.5300634654747449 2.1604134243886692 4.075763687002501
580 0.5294145482095827 2.155509593464701 4.07149671416167
581 0.528764952324599 2.150605765449289 4.067224493595166
582 0.5281146754487761 2.1457019403888817 4.062947007798123
583 0.5274637154245782 2.1407981183501255 4.058664237457368
583 0.5268120694840637 2.1358942993078176 4.054376167576452
584 0.5268120694840637 2.1358942993078176 4.054376167576452
585 0.5261597357772176 2.1309904832606494 4.0500827759327755
586 0.5255067120256495 2.1260866702303765 4.0457840434331205
587 0.5248529957728465 2.1211828602194176 4.041479952107302
588 0.5241985845977813 2.116279053219673 4.037170483479078
589 0.5235434761930747 2.1113752493327502 4.032855618191502
590 0.5228876682063758 2.1064714485295473 4.028535336767887
591 0.5222311584698909 2.101567650829209 4.024209618182662
592 0.5215739442078654 2.096663856189351 4.019878445756403
593 0.5209160232837231 2.0917600646280876 4.015541797777999
594 0.5202573932092953 2.0868562762927807 4.011199655269974
595 0.5195980514308711 2.081952491104585 4.006851999100643
596 0.5189379956296769 2.0770487090772742 4.002498808276687
597 0.5182772233585742 2.072144930290434 3.9981400626915145
598 0.5176157320787779 2.067241154672075 3.993775742421704
599 0.5169535192295162 2.062337382246476 3.9894058276656073
600 0.5162905824908536 2.057433613030766 3.9850302965137177
601 0.515626919291614 2.0525298470863937 3.9806491288434476
602 0.514962526735441 2.047626084446575 3.976262306749421
603 0.5142974026925706 2.0427223250367907 3.971869805957119
604 0.5136315445763681 2.0378185689434156 3.967471605787303
605 0.5129649495622219 2.032914816151082 3.9630676869560504
606 0.5122976155668428 2.0280110666907283 3.958658024294709
607 0.5116295392188652 2.023107320572886 3.954242602297128
608 0.5109607185258301 2.018203577844766 3.949821394622024
609 0.5102911506028034 2.0132998385178964 3.945394381500834
610 0.5096208327184132 2.0083961025493635 3.9409615416155606
611 0.5089497622931201 2.003492369996218 3.9365228524114024
612 0.508277936770409 1.9985886408633928 3.9320782907918406
613 0.507605353021975 1.9936849152123892 3.927627837931961
614 0.5069320088005672 1.9887811930626356 3.9231714678428298
615 0.5062579010887688 1.9838774743602872 3.9187091600816877
616 0.5055830272254322 1.9789737591266106 3.9142408913268647
616 0.5049073843811901 1.9740700474516428 3.909766639422486
617 0.5049073843811901 1.9740700474516428 3.909766639422486
618 0.5042309699190191 1.9691663392781342 3.90528638015707
619 0.5035537807412825 1.9642626346920689 3.900800092892707
620 0.5028758142504468 1.95935893369351 3.8963077526685193
621 0.502197067587404 1.9544552362670244 3.8918093362360477
622 0.5015175381066735 1.9495515424560887 3.887304818523447
623 0.500837222485186 1.9446478522858666 3.882794179387069
624 0.5001561178062628 1.939744165755511 3.87827739519299
625 0.4994742215284319 1.9348404829246568 3.8737544392258862
626 0.498791530382714 1.9299368037747544 3.869225289960212
627 0.4981080418735611 1.9250331283015805 3.864689919602277
628 0.4974237528648654 1.9201294565983378 3.86014830522172
629 0.4967386601636925 1.9152257886783755 3.8556004238672354
630 0.49605276078806204 1.910322124452752 3.851046250438942
631 0.49536605191701394 1.9054184640208554 3.846485758656833
632 0.49467853053477806 1.9005148073868212 3.8419189232495037
633 0.49399019329972477 1.8956111546237777 3.8373457213018605
633 0.493301037369256 1.8907075057175906 3.8327661255297922
634 0.493301037369256 1.8907075057175906 3.8327661255297922
635 0.49261105962451057 1.8858038606871264 3.828180110541098
636 0.49192025681945806 1.880900219539929 3.8235876515860716
637 0.49122862592765865 1.8759965823025095 3.818988721921064
638 0.49053616345996687 1.8710929490060904 3.8143832980803096
639 0.4898428497795197 1.8661893195816432 3.809771481652989
640 0.48914869241343545 1.8612856940669542 3.805153162903212
641 0.48845369429672403 1.8563820725477034 3.800528267516788
642 0.4877578520990124 1.851478455018149 3.795896769371348
643 0.48706116234123453 1.8465748415239274 3.7912586432629976
644 0.48636362216644924 1.8416712321169444 3.786613858810899
645 0.48566522796016937 1.8367676267911806 3.781962391060491
646 0.4849659766621999 1.8318640255501883 3.77730421040683
647 0.4842658646975324 1.8269604284163268 3.772639290934594
648 0.4835648888964383 1.8220568354584608 3.7679676033068605
649 0.48286304553079995 1.8171532466576645 3.7632891219913316
650 0.48216033142224196 1.8122496620621376 3.7586038169429936
651 0.4814567431967961 1.8073460816392817 3.753911659101068
652 0.4807522773153785 1.80244250550673 3.7492126206285423
653 0.4800469300806112 1.7975389336416736 3.7445066742533366
654 0.4793406981123375 1.7926353660820604 3.7397937899734552
655 0.4786335780537088 1.7877318028278566 3.735073937138715
656 0.4779255661678298 1.782828243903008 3.730347087724001
657 0.4772166590250662 1.7779246893248295 3.725613210898915
658 0.47650685313582686 1.7730211391595518 3.720872276005142
659 0.47579614439289386 1.7681175933648101 3.7161242565781865
660 0.4750845294881667 1.7632140520210478 3.7113691197662235
661 0.4743720045940648 1.7583105151451925 3.7066068362314817
662 0.47365856614355756 1.753406982760139 3.7018373741998625
663 0.4729442104177607 1.7485034548629945 3.697060702611219
664 0.4722289333140411 1.7435999315193476 3.6922767931286855
665 0.47151273155666645 1.738696412752479 3.687485610435786
666 0.47079560092701644 1.7337928985947753 3.6826871261771856
666 0.4700775379372303 1.7288893890617225 3.6778813058125364
667 0.4700775379372303 1.7288893890617225 3.6778813058125364
668 0.46935853841711095 1.7239858841932256 3.6730681197518744
669 0.4686385985791571 1.7190823839801002 3.6682475348639736
670 0.46791771464568405 1.7141788884764502 3.663419517627064
671 0.4671958826328947 1.7092753976978712 3.658584035598098
672 0.4664730985141201 1.704371911672855 3.6537410562407038
673 0.4657493583132742 1.6994684304618275 3.6488905462296404
674 0.4650246578867711 1.6945649540597185 3.6440324729453986
675 0.46429899322702145 1.6896614825387324 3.639166802398306
676 0.4635723604683997 1.6847580158353537 3.634293498717334
677 0.46284475520660223 1.6798545540353063 3.629412530094376
678 0.4621161734759224 1.674951097216656 3.6245238607817862
679 0.4613866110154283 1.6700476453453674 3.6196274566136526
680 0.46065606375310286 1.6651441984800133 3.6147232816465826
681 0.45992452741740586 1.6602407566528934 3.6098113009444632
682 0.4591919976714954 1.65533731985144 3.6048914794801443
683 0.45845847015814134 1.6504338881556992 3.5999637820769155
683 0.4577239406975585 1.645530461588782 3.5950281715241714
684 0.4577239406975585 1.645530461588782 3.5950281715241714
685 0.45698840497514154 1.6406270401658416 3.5900846111294347
686 0.456251858472562 1.635723623920234 3.5851330653124402
687 0.4555142969104491 1.6308202129050324 3.580173496125502
688 0.4547757155833423 1.6259168071321723 3.575205868340185
689 0.45403611011916506 1.6210134066540545 3.570230143652248
690 0.4532954761561986 1.6161100114690838 3.5652462830054747
691 0.45255380905483394 1.6112066216631162 3.5602542491646414
692 0.45181110418282583 1.606303237228673 3.5552540040686575
693 0.4510673569216017 1.6013998582042464 3.5502455090816505
694 0.4503225626479423 1.596496484609871 3.545228724988395
695 0.4495767166922473 1.5915931165234476 3.540203612485908
696 0.4488298141968808 1.5866897539592728 3.5351701330234397
697 0.44808185055369965 1.5817863969216344 3.5301282454689997
698 0.4473328208904176 1.5768830455035983 3.5250779103684073
699 0.4465827202697505 1.5719796996997322 3.520019087953527
700 0.4458315439700411 1.5670763595783042 3.514951736307847
700 0.4458315439700411 1.5670763595783042 3.514951736307847
701 0.44507928707123395 1.562173025125713 3.5098758142741673
702 0.44432594464100234 1.557269696416595 3.5047912803624532
703 0.44357151162980785 1.5523663735020121 3.4996980933202333
704 0.4428159828656693 1.5474630563868417 3.494596212116113
705 0.4420593533976471 1.5425597451266901 3.48948559344045
706 0.4413016182222537 1.5376564397534995 3.4843661936881594
707 0.44054277226968924 1.5327531403181975 3.479237969156567
708 0.43978281022528615 1.5278498468338626 3.4741008773198656
709 0.43902172673563433 1.5229465593918403 3.468954875458619
710 0.43825951662105467 1.518043277989017 3.463799918580223
711 0.4374961746966228 1.513140002650559 3.4586359611025865
712 0.4367316954700582 1.5082367334609377 3.4534629593064206
713 0.43596607359891326 1.503333470437279 3.4482808674244194
714 0.4351993036754282 1.4984302136325072 3.443089639568994
715 0.43443138008361626 1.4935269630967731 3.437889230767146
716 0.4336622974923352 1.488623718838982 3.4326795929620624
716 0.4328920502715998 1.4837204809184523 3.427460679833586
717 0.4328920502715998 1.4837204809184523 3.427460679833586
718 0.4321206327181375 1.478817249389155 3.4222324448778494
719 0.43134803936895555 1.473914024278689 3.416994838865999
720 0.43057424505421726 1.4690108055284936 3.4117479677483216
721 0.4297992634684719 1.4641075932614593 3.4064916292460317
722 0.4290230887741171 1.4592043875827863 3.4012257749397374
723 0.4282457151735514 1.454301188513418 3.3959503550993992
724 0.42746713670783154 1.4493979961204877 3.390665320574417
725 0.4266873475620665 1.4444948103808477 3.3853706200433553
726 0.42590634154597207 1.4395916314072037 3.3800662046536236
727 0.4251241126595688 1.4346884592054763 3.3747520229565224
728 0.42434065485356987 1.4297852938361715 3.369428023175289
729 0.42355596201522044 1.4248821353573864 3.364094153173987
730 0.42277002783307305 1.4199789838122212 3.3587503614917735
731 0.4219828461119889 1.415075839257258 3.3533965948978763
732 0.4211944106140228 1.4101727017248762 3.348032799554742
733 0.42040471482674246 1.4052695712911933 3.3426589230102572
733 0.4196137525303379 1.4003664480131623 3.3372749095298455
734 0.4196137525303379 1.4003664480131623 3.3372749095298455
735 0.4188215172261702 1.395463331926113 3.3318807046213452
736 0.41802800228688897 1.3905602230712493 3.3264762538967902
737 0.41723320122217106 1.3856571215029507 3.3210615009640785
738 0.4164371073415513 1.380754027318762 3.3156363901699613
739 0.4156397139643602 1.3758509405213166 3.310200864586514
740 0.4148410142793567 1.3709478611862267 3.3047548675190086
741 0.41404100162991536 1.3660447893742347 3.299298340011394
742 0.4132396689358589 1.3611417251011109 3.2938312253666546
743 0.4124370094952556 1.3562386684630787 3.288353463048471
744 0.4116330162488248 1.3513356195210884 3.28286499425068
745 0.41082768208969545 1.346432578314462 3.277365759448744
746 0.4100209998488483 1.3415295449092075 3.2718556986197145
747 0.40921296236653876 1.336626519377329 3.266334750608635
748 0.4084035624339278 1.3317235017615685 3.2608028534937596
749 0.40759279275474425 1.3268204921171232 3.2552599449801716
750 0.4067806458758048 1.321917490544305 3.249705963021414
751 0.40596711436665917 1.3170144970687914 3.24414084407659
752 0.40515219082277143 1.3121115117534425 3.2385645233433
753 0.40433586759008683 1.3072085346744864 3.232976936885862
754 0.4035181368389753 1.3023055658694438 3.227378020902023
755 0.40269899112468405 1.2974026054272434 3.2217677074476216
756 0.4018784225562137 1.2924996534328073 3.2161459309301828
757 0.4010564230610202 1.2875967099118257 3.2105126258404786
758 0.4002329848620805 1.282693774946371 3.204867723204735
759 0.3994080999811225 1.277790848619317 3.199211154405006
760 0.39858176035226656 1.2728879309961656 3.1935428502076646
761 0.39775395773979044 1.2679850221217706 3.1878627413967378
762 0.39692468385047314 1.2630821220790736 3.1821707580042906
763 0.3960939303637398 1.258179230955925 3.17646682896786
764 0.3952616889043861 1.2532763488252607 3.170750882280495
765 0.3944279510392267 1.248373475744934 3.1650228449980737
766 0.3935927081500982 1.2434706117923335 3.1592826443271678
766 0.39275595157666265 1.2385677570233293 3.1535302063565838
767 0.39275595157666265 1.2385677570233293 3.1535302063565838
768 0.3919176725742004 1.2336649115355665 3.1477654565373063
769 0.39107786234311503 1.2287620754099549 3.1419883192771763
770 0.39023651206989335 1.2238592487065763 3.136198717580217
771 0.38939361256777016 1.2189564315081467 3.1303965760249834
772 0.38854915490391373 1.2140536238991546 3.1245818156505423
773 0.38770312990042033 1.2091508259770052 3.1187543579737667
774 0.3868555282859785 1.2042480378074656 3.1129141236343894
775 0.38600634061603756 1.1993452594659992 3.1070610331217177
776 0.3851555574748846 1.194442491060797 3.1011950051861437
777 0.3843031693211253 1.189539732635695 3.0953159578075473
778 0.383449166498306 1.1846369843108606 3.0894238084517887
779 0.38259353937139234 1.1797342461572375 3.0835184726212597
780 0.3817362780346333 1.1748315182756064 3.0775998663900084
781 0.38087737252596576 1.1699288007200266 3.071667904452025
782 0.3800168128731124 1.1650260936344292 3.065722500081678
783 0.3791545888307079 1.1601233970568463 3.0597635667145786
783 0.37829069017227784 1.1552207111266481 3.0537910161113073
784 0.37829069017227784 1.1552207111266481 3.0537910161113073
785 0.3774251066418074 1.1503180359047773 3.0478047582469876
786 0.37655782773600827 1.1454153715031825 3.0418047033832845
787 0.3756888427974013 1.1405127180221586 3.035790761125174
788 0.37481814125577967 1.135610075532133 3.029762838392556
789 0.3739457121237232 1.130707444167452 3.0237208437179453
790 0.3730715446798555 1.125804824012505 3.0176646813913233
791 0.3721956277855504 1.1209022151623538 3.01159425711521
792 0.37131795034257553 1.115999617722306 3.005509474273172
793 0.370438501037073 1.1110970317939848 2.9994102359322192
794 0.36955726851612836 1.1061944574851539 2.993296443408681
795 0.3686742411655291 1.1012918949212123 2.9871679980667514
796 0.36778940742648464 1.0963893441786312 2.981024798539861
797 0.36690275552886714 1.0914868053951503 2.9748667431560745
798 0.3660142736568912 1.0865842786609003 2.968693728265596
799 0.3651239496362519 1.0816817641087684 2.9625056509888608
800 0.36423177138015134 1.0767792618543461 2.9563024054002796
801 0.36333772656593716 1.0718767719989675 2.9500838851218147
802 0.3624418027222759 1.0669742946639784 2.9438499826730986
803 0.36154398730173976 1.0620718299703007 2.9376005887878582
804 0.360644267556686 1.0571693780380589 2.9313355933819003
805 0.35974263058872624 1.0522669390159054 2.9250548851934752
806 0.3588390635133531 1.0473645129852884 2.9187583501379692
807 0.35793355313711583 1.0424621001069956 2.91244587429794
808 0.3570260859807952 1.0375597004928798 2.9061173433380194
809 0.3561166486699492 1.0326573142834177 2.899772639499621
810 0.3552052276034217 1.0277549416068652 2.893411644139228
811 0.35429180908328967 1.0228525825727217 2.8870342366065302
812 0.3533763790537801 1.0179502373453704 2.8806402965333717
813 0.3524589234037309 1.0130479060626878 2.8742297010941966
814 0.3515394254319225 1.008145588843283 2.8678023456533066
815 0.350617860835269 1.0032432857458433 2.8613581845369755
816 0.3496942273847977 0.9983409970220991 2.8548969895449297
816 0.34876851029572614 0.9934387228019527 2.84841863148597
817 0.34876851029572614 0.9934387228019527 2.84841863148597
818 0.34784069463077133 0.988536463252654 2.841922979431643
819 0.34691076506996205 0.9836342185021939 2.835409902324083
820 0.3459787063762632 0.9787319887154414 2.8288792653355905
821 0.34504450303971906 0.9738297740786899 2.822330932675631
822 0.3441081392607974 0.9689275746945889 2.8157647673664723
823 0.3431695991602269 0.9640253907534521 2.8091806299640947
824 0.34222886669209335 0.9591232224393026 2.802578378936792
825 0.3412859254298072 0.9542210698757939 2.7959578721978384
826 0.3403407588430144 0.9493189332719694 2.7893189652017325
827 0.3393933502424621 0.9444168127567069 2.7826615108457986
828 0.3384436827048435 0.9395147085418193 2.7759853604984244
829 0.33749173901606994 0.934612620790665 2.7692903640114364
830 0.3365375017618968 0.9297105496771239 2.7625763690814527
831 0.3355809533667741 0.9248084953775976 2.755843220836272
832 0.33462207602183597 0.9199064580964653 2.749090762429064
833 0.33366085162938325 0.9150044380190362 2.7423188352806385
833 0.33269726188062965 0.9101024353341877 2.7355272784322717
834 0.33269726188062965 0.9101024353341877 2.7355272784322717
835 0.3317312881477834 0.9052004502391277 2.7287159293695225
836 0.3307629116980907 0.9002984829228832 2.7218846221327424
837 0.3297921135230786 0.8953965335895717 2.7150331887087793
838 0.32881887421933625 0.8904946024484225 2.7081614598997272
839 0.32784317427739823 0.8855926897159545 2.701269262865992
840 0.3268649938686667 0.8806907955921688 2.6943564227193675
841 0.3258843128426618 0.8757889202941158 2.6874227625585343
842 0.3249011108969241 0.8708870640624377 2.680468101996516
843 0.32391536732024956 0.8659852270932641 2.673492258973559
844 0.32292706125108567 0.8610834096351907 2.6664950478265186
845 0.3219361713179686 0.856181611910316 2.6594762819139266
846 0.32094267609430666 0.8512798341571036 2.652435769891073
847 0.3199465536679937 0.846378076601389 2.6453733190690016
848 0.318947781931611 0.8414763395046252 2.638288733059931
849 0.3179463384653302 0.8365746231124882 2.6311818124733986
850 0.31694220037677073 0.8316729276765061 2.6240523561956723
851 0.3159353445753104 0.8267712534573202 2.61690015901415
852 0.31492574757292346 0.8218696007019409 2.6097250130735365
853 0.3139133856805248 0.8169679696965543 2.6025267062934265
854 0.31289823464868366 0.8120663606999793 2.5953050250083782
855 0.3118802699874847 0.8071647739995459 2.5880597513652797
856 0.31085946690379274 0.8022632098855522 2.580790663627571
857 0.30983580013488504 0.7973616686250445 2.573497537334027
858 0.3088092440090505 0.792460150514085 2.5661801448238375
859 0.30777977252605576 0.7875586558630427 2.5588382543767403
860 0.30674735925438823 0.7826571849847567 2.551471630879444
861 0.30571197751056606 0.777755738170011 2.544080034100496
862 0.30467359994705695 0.7728543157416681 2.53666322213663
863 0.3036321988756409 0.7679529180272213 2.5292209484730996
864 0.302587746335678 0.763051545351934 2.521752961223476
865 0.30154021389975894 0.7581501980432468 2.514259004589281
866 0.3004895725790632 0.7532488764564722 2.506738819558477
866 0.29943579280828886 0.7483475809333889 2.4991921437144686
867 0.29943579280828886 0.7483475809333889 2.4991921437144686
868 0.2983788446967046 0.7434463118364454 2.4916187090681374
869 0.29731869787530313 0.7385450695235792 2.484018243054894
870 0.29625532142093514 0.7336438543647523 2.476390469025036
871 0.2951886840001903 0.7287426667319551 2.4687351048032897
872 0.2941187536175927 0.7238415070282516 2.4610518646810795
873 0.2930454978777397 0.7189403756397723 2.4533404568450954
874 0.2919688837789147 0.7140392729510985 2.4456005849300873
875 0.29088887782426764 0.7091381993984285 2.4378319470393586
876 0.2898054458408844 0.7042371553977528 2.4300342367769345
877 0.2887185532320036 0.6993361413752001 2.422207140991176
878 0.2876281646841095 0.6944351577678702 2.4143503419789942
879 0.2865342442959574 0.689534205013061 2.4064635161054264
880 0.28543675559161663 0.6846332835813803 2.3985463335384414
881 0.2843356613934779 0.6797323939382173 2.39059845890231
882 0.28323092388881055 0.6748315365532439 2.382619550463233
883 0.2821225046013725 0.6699307119348276 2.374609260191462
883 0.28101036432571336 0.6650299205744542 2.366567233810749
884 0.28101036432571336 0.6650299205744542 2.366567233810749
885 0.27989446321434464 0.6601291629793795 2.3584931098613735
886 0.27877476068537005 0.6552284396759185 2.350386520160699
887 0.27765121535653 0.6503277512033545 2.3422470899984114
888 0.2765237851654476 0.6454270980952539 2.334074436703833
889 0.275392427187953 0.640526480918369 2.325868170954516
890 0.2742570977314187 0.6356259002538108 2.317627895545961
891 0.27311775230319146 0.6307253566902585 2.309353205243438
892 0.2719743454825475 0.6258248508234038 2.3010436874589804
893 0.27082683108385197 0.620924383262441 2.292698920478059
894 0.26967516196819996 0.6160239546457683 2.2843184746781007
895 0.2685192901164657 0.6111235656201319 2.275901911386208
896 0.26735916649821934 0.6062232168492131 2.267448783557046
897 0.26619474114013214 0.6013229090147378 2.2589586347169237
898 0.2650259631145618 0.596422642810308 2.250430998537659
899 0.2638527804594122 0.5915224189563802 2.241865399054882
900 0.26267514015878024 0.5866222381792114 2.2332613502161403
901 0.2614929880488174 0.5817221012353045 2.2246183562165136
902 0.2603062689381767 0.5768220088865947 2.215935909801662
903 0.2591149264172922 0.5719219619319547 2.2072134934091046
904 0.25791890291648145 0.5670219611873966 2.1984505779749224
905 0.2567181397095033 0.5621220074773989 2.189646622219544
906 0.255512576741775 0.5572221016665461 2.1808010735600045
907 0.25430215269215656 0.5523222446358519 2.171913366791123
908 0.2530868048903217 0.5474224372804177 2.162982924051098
909 0.2518664693379114 0.542522680537408 2.154009153991609
910 0.25064108059929613 0.5376229753558567 2.144991451801802
911 0.24941057175736522 0.5327233227269056 2.1359291988839844
912 0.24817487441844796 0.5278237236610849 2.1268217618642598
913 0.24693391866086248 0.5229241791868512 2.1176684921322293
914 0.2456876328692835 0.518024690385333 2.1084687264700244
915 0.24443594392942436 0.5131252583555586 2.099221784271271
916 0.24317877686747444 0.508225884218507 2.089926969636317
916 0.2419160550089601 0.5033265691553231 2.0805835691090486
917 0.2419160550089601 0.5033265691553231 2.0805835691090486
918 0.24064769982758522 0.49842731436478394 2.071190851696849
919 0.23937363096246805 0.4935281210840588 2.061748067653451
920 0.23809376604915908 0.4886289905906759 2.052254448735919
921 0.23680802077457483 0.48372992420501004 2.0427092064820225
922 0.23551630863916787 0.4788309232876309 2.0331115329310077
923 0.23421854105318288 0.4739319892387193 2.0234605984122576
924 0.23291462718252354 0.4690331234973215 2.0137555514268484
925 0.23160447386235586 0.46413432756227246 2.0039955179713442
926 0.23028798547701468 0.4592356029764908 1.9941796009255015
927 0.22896506401449615 0.45433695132955765 1.9843068779296078
928 0.22763560886537834 0.4494383742649478 1.9743764014124066
929 0.22629951668891263 0.44453987348992824 1.9643871979674807
930 0.2249566813717466 0.43964145076420674 1.9543382667425118
931 0.2236069939686314 0.43474310790273774 1.9442285779474566
932 0.22225034249059006 0.42984484680005686 1.9340570726826045
933 0.22088661185750522 0.42494666939925807 1.9238226609831508
933 0.21951568371362715 0.4200485777233224 1.9135242212183061
934 0.21951568371362715 0.4200485777233224 1.9135242212183061
935 0.21813743637166774 0.4151505738647255 1.903160598061591
936 0.21675174463570118 0.41025265999691224 1.8927306014834242
937 0.21535847965600038 0.40535483836593766 1.8822330052358518
938 0.21395750879006806 0.40045711131658807 1.8716665452929284
939 0.2125486954358453 0.3955594812626918 1.861029918116273
940 0.2111318988525992 0.3906619507291764 1.8503217791922353
941 0.20970697401499624 0.38576452232727565 1.8395407407847555
942 0.20827377139831105 0.38086719877529784 1.828685370309602
943 0.20683213680245222 0.3759699828982587 1.8177541880609784
944 0.20538191111541004 0.3710728776384918 1.806745665298514
945 0.20392293012652704 0.36617588605627654 1.795658221608905
946 0.20245502425059683 0.3612790113425932 1.7844902228526847
947 0.2009780183097119 0.35638225681693775 1.7732399782534636
948 0.1994917312772149 0.3514856259474907 1.7619057376321237
949 0.19799597596837812 0.34658912234435224 1.750485688657157
950 0.1964905587356223 0.34169274978451464 1.738977953868316
950 0.1964905587356223 0.34169274978451464 1.738977953868316
951 0.19497527921749302 0.336796512208447 1.7273805867089116
952 0.1934499299520004 0.33190041373358625 1.7156915684380902
953 0.1919142959962214 0.32700445866963124 1.703908804563833
954 0.19036815461467282 0.3221086515249156 1.6920301201474626
955 0.18881127478837248 0.3172129970182552 1.6800532562147081
956 0.18724341686286453 0.3123175001020847 1.6679758644375913
957 0.18566433203431468 0.307422165965226 1.6557955025438482
958 0.18407376186364816 0.30252700005008465 1.643509628896378
959 0.18247143773177216 0.29763200808054757 1.6311155969410303
960 0.1808570802917152 0.29273719606667475 1.6186106487758256
961 0.17923039885612538 0.28784257033585486 1.60599190858754
962 0.17759109071231421 0.2829481375478821 1.5932563757167262
963 0.17593884041292138 0.27805390472636154 1.5804009170105944
964 0.17427331906549784 0.2731598792710859 1.5674222579557526
965 0.17259418342992813 0.2682660690022152 1.554316974483263
966 0.17090107511345287 0.2633724821766645 1.5410814823828602
966 0.16919361953712303 0.25847912753848135 1.5277120274725728
967 0.16919361953712303 0.25847912753848135 1.5277120274725728
968 0.16747142490777786 0.2535860143404562 1.5142046739024249
969 0.16573408121121874 0.24869315239394588 1.50055529059832
970 0.16398116013653186 0.24380055213645338 1.4867595273351117
971 0.16221221117016477 0.23890822463249428 1.472812822839049
972 0.16042676002132847 0.23401618162873408 1.4587103896982152
973 0.1586243097185227 0.22912443566398275 1.444447172508185
974 0.15680433773266028 0.2242330001144592 1.4300178385164304
975 0.15496629396218872 0.21934188926416726 1.4154167571283982
976 0.15310959863459747 0.21445111839380948 1.4006379763662378
977 0.15123364002247916 0.2095607038698739 1.3856751965946537
978 0.1493377718890176 0.20467066325426406 1.3705217418562254
979 0.14742131072817624 0.199781015419016 1.355170527464537
980 0.1454835326510593 0.19489178068247234 1.3396140245639911
981 0.14352366996235297 0.19000298095275595 1.323844220278054
982 0.141540907358603 0.18511463990526403 1.3078525732229778
983 0.13953437764257476 0.18022678316985719 1.291629963990081
983 0.13750315701932778 0.17533943855713965 1.2751666387739267
984 0.13750315701932778 0.17533943855713965 1.2751666387739267
985 0.1354462597375015 0.17045263629891705 1.2584521464768303
986 0.13336263210484733 0.1655664093493859 1.2414752673689025
987 0.1312511457391981 0.1606807937098223 1.224223931950295
988 0.12911058992614702 0.15579582881583157 1.206685128655588
989 0.12693966293461198 0.15091155798382266 1.188844798347691
990 0.1247369621239108 0.14602802893579017 1.170687713163395
991 0.1225009726328419 0.14114529440650017 1.1521973366655525
992 0.12023005437078942 0.13626341286787663 1.1333556620347218
993 0.11792242702197665 0.13138244938772223 1.114143023559353
994 0.11557615264808314 0.12650247664548706 1.094537876084813
995 0.1131891154160439 0.12162357615642658 1.0745165355288848
996 0.11075899787631972 0.11674583975443188 1.0540528714858672
997 0.10828325300066943 0.11186937138887278 1.0331179410373013
998 0.10575907103369946 0.10699428933306576 1.0116795494447253
999 0.1031833399663926 0.10212072891377555 0.9897017187758881
1000 0.10055259805748905 0.09724884592280739 0.9671440400496385
1001 0.09786297632764407 0.09237882090911859 0.9439608764793276
1002 0.09511012839407722 0.08751086466752132 0.9201003735893483
1003 0.09228914402579008 0.08264522530549487 0.8955032163089492
1004 0.08939444168000592 0.07778219749717934 0.8701010491861063
1005 0.086419633395529 0.07292213476234695 0.8438144423570263
1006 0.08335735300966475 0.06806546604659758 0.816550233291427
1007 0.0801990349494272 0.06321271851120905 0.7881979945403386
1008 0.07693462534621599 0.05836454955023143 0.7586252521226071
1009 0.07355219912074588 0.05352179284593789 0.7276708716495971
1010 0.07003744391596596 0.04868552649146745 0.695135684133226
1011 0.06637295329012427 0.04385717708412918 0.660768805817998
1012 0.06253723876706103 0.03903868482520927 0.6242470181745747
1013 0.058503321397720416 0.034232777360415585 0.5851424593091473
1014 0.05423672415113139 0.029443450717725105 0.5428692676143293
1015 0.04969259816581221 0.024676871352591254 0.49659048356156565
1016 0.04481187999412104 0.01994321896954747 0.4450431218722325
1016 0.03951785574389742 0.015260889811340272 0.3861770717075647
1017 0.03951785574389742 0.015260889811340272 0.3861770717075647
1018 0.03372369803462544 0.010667515943295503 0.31632106100412677
1019 0.027425376046732387 0.006253811634443141 0.22803011429220696
1020 0.02160378193269732 0.0022744147610888844 0.10527854651442108
1021 0.019619765491018886 0.0002543135834218957 0.012962111271835022
1022 0.018184704633258872 2.392126086908664e-05 0.001315460512090799
1023 0.01687372864131213 2.220226644368864e-06 0.00013157889945753065
1024 0.01567004475344366 2.0608404876014735e-07 1.3151465232086091e-05
1025 0.014551970565687819 1.9130776724050314e-08 1.3146519667349308e-06
1026 0.013510388840233877 1.7757796901799665e-09 1.31438088953569e-07
