1 0.39947300824975074 1.995112280624498 4.9943606687367295
2 0.3989458358722852 1.9901943705192748 4.988633021241503
3 0.39842103998649253 1.985291236763827 4.982897581992992
4 0.39789670390658555 1.980388394413288 4.977141994315754
5 0.3973723935620649 1.9754855186968199 4.971370811616969
6 0.3968478188741798 1.9705826484842122 4.965587700783064
7 0.3963224392749592 1.9656797830522659 4.959799366011985
8 0.3957960532393181 1.9607769214945876 4.954008271297753
9 0.39526879173357216 1.9558740643836041 4.9482127233104345
10 0.3947405305099717 1.950971211221165 4.942414220046453
11 0.3942109889999486 1.946068360841126 4.936616216047137
12 0.3936799085664205 1.9411655120844726 4.93082189323097
13 0.39314751152171007 1.9362626660336322 4.925028416278579
14 0.3926137775337828 1.9313598224636954 4.9192359845230085
15 0.3920785566218629 1.9264569809340792 4.913446421381406
16 0.39154185844561046 1.9215541415586503 4.907659551872857
16 0.391003941489863 1.9166513055318715 4.90187208402236
17 0.391003941489863 1.9166513055318715 4.90187208402236
18 0.39046480819182483 1.9117484728034915 4.896083930473706
19 0.38992487638273615 1.9068456455190201 4.890289799431338
20 0.3893843084946388 1.9019428242198673 4.884487594204259
21 0.3888431008245186 1.8970400091733042 4.878677299791983
22 0.38830125062972026 1.8921372003251509 4.872858887929444
23 0.3877587552820744 1.887234397690301 4.867032328689615
24 0.3872156123460245 1.882331601283127 4.861197589318877
25 0.386671819454995 1.8774288111618336 4.855354635897765
26 0.38612737393793567 1.872526027372269 4.8495034378817445
27 0.3855822735450873 1.8676232499240728 4.8436439589220015
28 0.3850365156444993 1.8627204788656246 4.837776167145293
29 0.384490097614039 1.8578177142360837 4.8319000301043085
30 0.38394301715784396 1.8529149560571334 4.8260155107740275
31 0.3833952716168809 1.8480122043517675 4.820122576259752
32 0.3828468584050396 1.8431094591682768 4.814221192376421
33 0.3822977748088215 1.8382067205683692 4.808311326132136
33 0.3817480183959225 1.833303988560403 4.802392940410833
34 0.3817480183959225 1.833303988560403 4.802392940410833
35 0.38119758651602603 1.8284012632018412 4.796466000513287
36 0.3806464764136389 1.8234985444800242 4.790530472423116
37 0.3800946855459866 1.8185958324931564 4.784586319276831
38 0.3795422111861207 1.8136931272321455 4.778633505780844
39 0.37898905060979404 1.8087904287818442 4.772671996384848
40 0.3784352011637432 1.8038877371457265 4.766701753955525
41 0.3778806601062487 1.7989850523659199 4.760722742095611
42 0.3773254247300161 1.7940823744814918 4.754734923482014
43 0.37676949216028127 1.7891797035661994 4.74873826250525
44 0.37621285966340984 1.784277039607785 4.7427327210562185
45 0.3756555244480063 1.779374382665436 4.736718261444643
46 0.37509748366444684 1.7744717328064832 4.730694846233313
47 0.37453873450288094 1.7695690900471208 4.724662436839385
48 0.37397927414340765 1.764666454412955 4.718620994318174
49 0.3734190995801962 1.7597638259638082 4.712570481644252
50 0.3728582078988147 1.754861204778312 4.706510860167364
51 0.3722965963088921 1.749958590817466 4.700442088827308
52 0.3717342617989372 1.7450559841822402 4.6943641291964155
53 0.37117120150377203 1.740153384910168 4.68827694029081
54 0.37060741237173467 1.735250793010699 4.682180482861391
55 0.3700428914892148 1.7303482085858501 4.676074715615183
56 0.36947763570450626 1.7254456316126145 4.669959599374936
57 0.3689116419487266 1.7205430621818314 4.663835093664412
58 0.3683449072782901 1.7156405003289485 4.657701155707187
59 0.36777742859017803 1.7107379460544092 4.651557744074392
60 0.36720920270189433 1.7058353994957518 4.645404818137342
61 0.36664022654048123 1.7009328606085388 4.6392423348034795
62 0.3660704969533052 1.696030329459702 4.6330702517008415
63 0.3655000106847953 1.691127806126915 4.626888527194414
64 0.3649287646554062 1.686225290630207 4.6206971166618525
65 0.36435675546794605 1.6813227830627067 4.614495979094367
66 0.3637839801601549 1.6764202834047195 4.608285067051826
66 0.3632104352143862 1.671517791727595 4.602064339756582
67 0.3632104352143862 1.671517791727595 4.602064339756582
68 0.3626361173745565 1.6666153081175197 4.595833752533039
69 0.3620610233732133 1.6617128326149613 4.589593260089927
70 0.3614851499195375 1.6568103652180406 4.583342816674012
71 0.3609084936688185 1.6519079060158328 4.577082376818978
72 0.36033105108946056 1.6470054550612379 4.570811896675345
73 0.3597528188669318 1.6421030123880318 4.5645313289273375
74 0.3591737935215195 1.6372005780660686 4.558240627786719
75 0.35859395883214357 1.632298152022414 4.551939908130149
76 0.3580133240843669 1.6273957343776861 4.545628960988573
77 0.357431885984252 1.6224933252220188 4.539307736225592
78 0.35684964071463876 1.617590924607217 4.5329761895452005
79 0.35626658486197993 1.612688532607708 4.526634270885872
80 0.35568271483928887 1.6077861492531764 4.520281931551372
81 0.35509802690555253 1.6028837745906825 4.513919124132477
82 0.35451251746932216 1.5979814087138995 4.5075457987239655
83 0.35392618291033656 1.5930790516371638 4.5011619048279154
83 0.35333901944745333 1.5881767034529255 4.4947673934695755
84 0.35333901944745333 1.5881767034529255 4.4947673934695755
85 0.3527510233885158 1.5832743641940095 4.4883622136234305
86 0.35216219097492546 1.578372033914015 4.4819463144082885
87 0.3515725185071982 1.5734697126753348 4.47551964344767
88 0.3509820020624746 1.5685674005461943 4.4690821504488145
89 0.3503906378850662 1.5636650975681967 4.462633782130629
90 0.34979842201765265 1.5587628038110148 4.456174487066015
91 0.3492053506149518 1.553860519365685 4.449704211660364
92 0.3486114197317697 1.5489582442596317 4.443222902598655
93 0.348016625379792 1.5440559785590775 4.4367305064062466
94 0.34742096360852 1.5391537223191447 4.430226968265191
95 0.3468244302381337 1.5342514756100092 4.423712235486336
96 0.34622702137398254 1.5293492384916652 4.417186250866638
97 0.34562873289664153 1.524447011043976 4.410648959268829
98 0.3450295606360545 1.5195447932937403 4.4041003051810765
99 0.3444295005439322 1.5146425853720014 4.397540230961743
100 0.34382854832764037 1.5097403872943387 4.3909686808661395
101 0.343226699842425 1.5048381991699733 4.384385596635818
102 0.3426239508096873 1.499936021005018 4.377790920513222
103 0.3420202969613988 1.4950338529133296 4.371184594001047
104 0.34141573392103075 1.4901316949388717 4.364566558855598
105 0.3408102574644777 1.485229547148381 4.357936754010947
106 0.3402038630202624 1.4803274096412056 4.351295121987013
107 0.3395965461490423 1.4754252824573089 4.344641602479
108 0.33898830251993856 1.470523165668285 4.337976132913294
109 0.3383791275988919 1.4656210593853864 4.331298652447338
110 0.33776901682037136 1.4607189636805138 4.324609099529509
111 0.3371579656035681 1.45581687857045 4.317907411632108
112 0.3365459694140275 1.4509148041623958 4.311193524880529
113 0.33593302342960196 1.4460127405409577 4.304467377986088
114 0.3353191230096491 1.4411106877573714 4.297728906191557
115 0.33470426358992533 1.4362086459020442 4.290978042818318
116 0.33408844024367595 1.4313066150549456 4.284214724732725
116 0.3334716482128349 1.4264045952826134 4.277438885515764
117 0.3334716482128349 1.4264045952826134 4.277438885515764
118 0.3328538825933514 1.4215025866920226 4.270650459645311
119 0.3322351385335124 1.4166005893419258 4.26384937967371
120 0.33161541105922593 1.4116986033246492 4.2570355787009015
121 0.33099469535157827 1.4067966286956766 4.250208986586312
122 0.33037298617896205 1.4018946655646118 4.243369537499684
123 0.32975027868171575 1.3969927140068865 4.236517159566386
124 0.32912656761380726 1.392090774110463 4.229651784732018
125 0.3285018479117114 1.3871888459610786 4.222773341396549
126 0.3278761143475267 1.3822869296286524 4.215881758814309
127 0.3272493617238682 1.3773850252204143 4.208976964736288
128 0.3266215847052206 1.3724831328259475 4.20205888739603
129 0.3259927779547398 1.3675812525170303 4.195127453734274
130 0.3253629361108727 1.3626793843851697 4.188182589798165
131 0.3247320537287563 1.3577775285388696 4.1812242214715285
132 0.3241001254397746 1.3528756850457306 4.174252272226061
133 0.32346714556612843 1.3479738540155417 4.167266668323713
133 0.3228331086341136 1.343072035535507 4.160267331990698
134 0.3228331086341136 1.343072035535507 4.160267331990698
135 0.3221980090449993 1.3381702297266354 4.153254185812619
136 0.3215618410788838 1.3332684366589618 4.146227152406095
137 0.3209245991005753 1.328366656423843 4.139186151970678
138 0.3202862772213386 1.3234648891316267 4.132131106625672
139 0.31964686971666045 1.3185631348942948 4.125061934950553
140 0.31900637063637044 1.3136613937794615 4.11797855685108
141 0.31836477408236524 1.3087596659213816 4.110880890304742
142 0.31772207408643927 1.3038579514041144 4.103768852551893
143 0.3170782537587404 1.2989562502052805 4.096642500099155
144 0.3164333179148724 1.2940545625516593 4.089501608360308
145 0.3157872603692902 1.2891528885690051 4.0823460929406545
146 0.31514007494866797 1.2842512283594116 4.075175867647422
147 0.31449175528344964 1.2793495820157808 4.067990847209048
148 0.3138422952132994 1.274447949672281 4.060790942170865
149 0.3131916881982991 1.2695463314123765 4.0535760661967375
150 0.3125399278233155 1.2646447273814299 4.046346129881864
151 0.3118870076340138 1.259743137660623 4.039101042448291
152 0.3112329209847807 1.2548415623929354 4.031840714094307
153 0.3105776613208604 1.249940001679491 4.024565051986039
154 0.3099212219708239 1.2450384556491714 4.017273963144027
155 0.30926359606243775 1.2401369244255458 4.009967355405039
156 0.30860477687151405 1.2352354081078913 4.002645132813919
157 0.3079447574324524 1.2303339068503771 3.9953072009035595
158 0.3072835308268561 1.2254324207431233 3.987953462542101
159 0.30662108996693327 1.2205309499357881 3.980583821117501
160 0.3059574278105745 1.2156294945676915 3.9731981774938854
161 0.3052925371815465 1.2107280547431385 3.965796432236934
162 0.3046264108368896 1.2058266306044352 3.958378484950498
163 0.3039590415073098 1.2009252223013713 3.950944233624617
164 0.30329042168979364 1.196023829931873 3.9434935771073243
165 0.30262054397731386 1.1911224536580325 3.936026411172289
166 0.30194940089907013 1.1862210935970514 3.9285426302056443
166 0.3012769847921638 1.181319749880273 3.9210421290401833
167 0.3012769847921638 1.181319749880273 3.9210421290401833
168 0.3006032879539214 1.1764184226969392 3.9135248010902295
169 0.2999283026576206 1.171517112162606 3.905990537678389
170 0.29925202102868914 1.1666158184205424 3.898439229951598
171 0.2985744351240319 1.1617145416163994 3.8908707677327
172 0.2978955369999287 1.156813281894184 3.883285038588748
173 0.2972153185676283 1.1519120394359976 3.875681929812416
174 0.29653377155936383 1.14701081434016 3.8680613284228813
175 0.2958508877663199 1.1421096068068575 3.860423118652128
176 0.2951666588081684 1.1372084169834373 3.852767184394359
177 0.2944810763077534 1.1323072450176528 3.845093407069432
178 0.29379413171606905 1.1274060910638375 3.83740166789102
179 0.2931058164242218 1.122504955311826 3.829691846466763
180 0.2924161217121221 1.1176038379185629 3.82196382119732
181 0.29172503875956607 1.112702739033332 3.8142174691778834
182 0.29103255874013956 1.107801658857578 3.8064526651353963
183 0.29033867264440155 1.102900597541358 3.7986692833446916
183 0.28964337133350315 1.0979995552605768 3.790867197151599
184 0.28964337133350315 1.0979995552605768 3.790867197151599
185 0.2889466456334721 1.0930985321841058 3.7830462775840554
186 0.2882484862920201 1.0881975285034797 3.775206393975799
187 0.28754888381283567 1.0832965443958043 3.7673474159646445
188 0.28684782882989235 1.0783955800575273 3.7594692086619967
189 0.2861453116374499 1.0734946356734523 3.7515716386560443
190 0.28544132254557597 1.0685937114133863 3.7436545692951158
191 0.2847358517486755 1.063692807485856 3.7357178625497904
192 0.28402888933114856 1.0587919241027508 3.727761378767031
193 0.28332042523832807 1.0538910614231747 3.719784976803721
194 0.2826104493034941 1.0489902196620107 3.7117885140032625
195 0.281898951247011 1.0440893990422264 3.703771845988012
196 0.28118592068127973 1.0391885997463688 3.695734826368758
197 0.2804713471256913 1.0342878219901825 3.687677306754168
198 0.2797552198656175 1.0293870659975075 3.6795991384610485
199 0.279037528210698 1.024486331970596 3.6715001689558338
200 0.2783182612679677 1.019585620142371 3.663380244966044
201 0.27759740801735405 1.0146849307095263 3.655239211189224
202 0.2768749573704242 1.0097842639112615 3.64707690974123
203 0.27615089795240166 1.004883619992289 3.6388931828333013
204 0.2754252183961651 0.9999829991623613 3.630687868690403
205 0.2746979071604522 0.9950824016643178 3.622460804126498
206 0.2739689525566641 0.9901818277364024 3.6142118239898235
207 0.2732383427595439 0.985281277641928 3.6059407610629464
208 0.27250606579896874 0.9803807516032113 3.597647445860713
209 0.27177210953495345 0.9754802498703025 3.589331707140621
210 0.27103646176731727 0.970579772708987 3.58099337033931
211 0.2702991100608829 0.9656793203848871 3.572632259748746
212 0.2695600417979005 0.9607788931525156 3.5642481977089484
213 0.2688192442917786 0.9558784912675 3.55584100307187
214 0.2680767046484301 0.9509781150098112 3.5474104930414376
215 0.2673324097816969 0.9460777646492686 3.5389564827617934
216 0.2665863465477024 0.9411774404776946 3.530478783575971
216 0.26583850145558524 0.9362771427718891 3.5219772066324144
217 0.26583850145558524 0.9362771427718891 3.5219772066324144
218 0.26508886102124457 0.9313768718289475 3.5134515582467483
219 0.2643374115458252 0.9264766279280939 3.504901642601888
220 0.2635841390241477 0.9215764113790195 3.496327263055048
221 0.262829029432656 0.9166762224665272 3.4877282180178835
222 0.26207205990354643 0.9117760613868338 3.4791044177788573
223 0.26131322458244316 0.9068759285715031 3.4704555424648547
224 0.26055250887656095 0.9019758243428447 3.461781382309252
225 0.259789897903173 0.8970757490191564 3.4530817258856925
226 0.25902537661701985 0.8921757029255006 3.444356358352567
227 0.2582589298043881 0.8872756864170863 3.4356050615137748
228 0.25749054193057846 0.8823756998113966 3.42682761547526
229 0.25672019737624935 0.8774757434746808 3.4180237957228257
230 0.25594788024829945 0.8725758177542225 3.4091933752595325
231 0.25517357446415523 0.8676759229945104 3.4003361234272114
232 0.2543972637515289 0.8627760595683819 3.3914518059088077
233 0.2536189315259772 0.8578762278568081 3.3825401861569593
233 0.25283856102235297 0.8529764282261185 3.373601023424226
234 0.25283856102235297 0.8529764282261185 3.373601023424226
235 0.2520561352002817 0.8480766610628364 3.3646340740286353
236 0.2512716368350891 0.8431769267596808 3.35563908995054
237 0.2504850483814954 0.8382772257140041 3.346615820507121
238 0.24969635216465907 0.8333775583370712 3.337564009695708
239 0.24890553012089506 0.8284779250302527 3.328483399416058
240 0.248112564032275 0.8235783262240558 3.3193737263418996
241 0.24731743537773426 0.8186787623448872 3.310234723623501
242 0.2465201253162114 0.8137792338190712 3.301066120971813
243 0.245720614823633 0.8088797411036496 3.291867642787018
244 0.24491888449736654 0.8039802846562615 3.2826390104880057
245 0.24411491470239566 0.7990808649196832 3.2733799403197272
246 0.24330868551132329 0.794181482374777 3.2640901441959285
247 0.24250017669095866 0.7892821374966086 3.2547693295187443
248 0.24168936767687527 0.7843828307804416 3.2454171994405487
249 0.2408762375733386 0.7794835627137098 3.236033452558323
250 0.24006076533052 0.774584333816972 3.2266177805044913
251 0.23924292934419386 0.769685144590291 3.217169872899194
252 0.2384227078014497 0.7647859955659754 3.2076894127167748
253 0.2376000784967115 0.7598868872811334 3.198176078429413
254 0.23677501886760913 0.7549878202888245 3.188629543351319
255 0.23594750603889939 0.7500887951553634 3.179049474808606
256 0.23511751675712952 0.7451898124324148 3.1694355346657437
257 0.23428502737462184 0.7402908727103208 3.1597873795263727
258 0.233450013893415 0.7353919765793272 3.1501046597284894
259 0.23261245187538993 0.7304931246397107 3.1403870203433244
260 0.23177231654709335 0.7255943175162591 3.13063409955963
261 0.2309295826809847 0.7206955558430377 3.1208455299494267
262 0.23008422462695377 0.7157968402672026 3.111020937779447
263 0.22923621637546737 0.7108981714418262 3.1011599418367726
264 0.2283855313754015 0.7059995500371598 3.091262155642843
265 0.2275321426909847 0.7011009767389496 3.0813271850172255
266 0.22667602292701836 0.696202452243715 3.0713546287507767
266 0.225817144188995 0.691303977281105 3.0613440789177915
267 0.225817144188995 0.691303977281105 3.0613440789177915
268 0.2249554781055619 0.6864055525732355 3.0512951200554226
269 0.22409099585718595 0.6815071788752264 3.0412073286048207
270 0.22322366806337 0.6766088569479206 3.0310802739602014
271 0.222353464836829 0.6717105875740732 3.0209135174349484
272 0.22148035575150468 0.6668123715560271 3.0107066123018766
273 0.2206043098594872 0.6619142097030931 3.000459103109527
274 0.21972529563236498 0.6570161028656321 2.9901705262234506
275 0.21884328099803924 0.6521180518883218 2.979840408690293
276 0.2179582332590035 0.6472200576538314 2.969468269109746
277 0.21707011913564536 0.6423221210537828 2.959053616460223
278 0.21617890472953408 0.6374242430132614 2.9485959502420283
279 0.21528455550525288 0.6325264244601696 2.938094760098739
280 0.21438703625939678 0.627628666358379 2.927549525891025
281 0.21348631114809027 0.6227309696927914 2.916959716732461
282 0.21258234361584633 0.6178333354728777 2.9063247914387143
283 0.21167509638777607 0.6129357647404999 2.895644198114068
283 0.2107645315077766 0.6080382585502675 2.884917372958612
284 0.2107645315077766 0.6080382585502675 2.884917372958612
285 0.20985061024915494 0.6031408179808034 2.8741437409435995
286 0.20893329309015468 0.598243444151808 2.8633227156079237
287 0.20801253976171039 0.5933461382022421 2.852453697656652
288 0.20708830917244553 0.5884489013045147 2.841536075387551
289 0.20616055941338415 0.5835517346536734 2.8305692238812803
290 0.20522924766932527 0.578654639484636 2.819552505581421
291 0.20429433029158328 0.5737576170550146 2.8084852684658808
292 0.20335576268920874 0.5688606686664092 2.7973668468682953
293 0.20241349934516473 0.563963795651823 2.786196560389118
294 0.20146749381107118 0.5590669993776866 2.7749737131388503
295 0.20051769860037127 0.5541702812465281 2.7636975943504174
296 0.1995640652067295 0.5492736426996743 2.7523674772343343
297 0.19860654411707465 0.544377085217851 2.7409826178585104
298 0.197645084709856 0.5394806103339534 2.7295422556342026
299 0.19667963522946813 0.5345842196069789 2.7180456125174017
300 0.19571014278871332 0.5296879146501263 2.7064918920526875
301 0.19473655326358041 0.5247916971153477 2.6948802796413367
302 0.19375881135079395 0.5198955687115228 2.683209940683776
303 0.19277686046433148 0.5149995311901767 2.671480020733424
304 0.19179064269373905 0.5101035863614434 2.6596896449009897
305 0.19080009880705093 0.5052077360865459 2.6478379164648325
306 0.18980516814849066 0.5003119822735196 2.6359239168983506
307 0.1888057886099439 0.49541632690720083 2.6239467049958263
308 0.18780189661598698 0.4905207720093295 2.6119053153778053
309 0.1867934270342752 0.4856253196844553 2.5997987584185536
310 0.18578031315445662 0.480729972086702 2.5876260187322755
311 0.18476248657684505 0.4758347314554987 2.5753860552076575
312 0.18373987721724697 0.47093960008334085 2.5630777989827433
313 0.18271241322397958 0.466044580351761 2.550700152925331
314 0.1816800208781407 0.4611496747138942 2.5382519909726553
315 0.18064262459468464 0.4562548856960618 2.5257321560721335
316 0.17960014678817274 0.45136021592669134 2.513139460064266
316 0.1785525078544778 0.4464656681029794 2.500472681497443
317 0.1785525078544778 0.4464656681029794 2.500472681497443
318 0.1774996260517094 0.44157124502580236 2.487730565117716
319 0.1764414174580336 0.43667694958194186 2.4749118198724798
320 0.1753777958409813 0.43178278476962134 2.462015118271459
321 0.17430867259240246 0.4268887536844081 2.4490390944725418
322 0.17323395666493593 0.42199485953780086 2.435982342388052
323 0.17215355443347824 0.41710110565204767 2.422843414558829
324 0.1710673696016844 0.4122074954720841 2.409620820334548
325 0.16997530307968514 0.40731403257278875 2.396313024262344
326 0.16887725292786546 0.40242072065600754 2.38291844330212
327 0.16777311418029908 0.3975275635625979 2.3694354456304056
328 0.16666277874589838 0.39263456528826146 2.3558623481664727
329 0.16554613525010453 0.3877417299749413 2.342197414570549
330 0.1644230689259296 0.38284906192946 2.3284388524698345
331 0.16329346144325796 0.37795656563323016 2.314584811251395
332 0.1621571907585814 0.3730642457444013 2.300633379248762
333 0.161014131371451 0.36817210711199955 2.2865825749334148
333 0.15986415405531346 0.36328015480856624 2.272430345347277
334 0.15986415405531346 0.36328015480856624 2.272430345347277
335 0.1587071234393325 0.35838839405613543 2.2581745941172784
336 0.1575429008789853 0.35349683033709695 2.243813135119502
337 0.15637134307875908 0.3486054693665418 2.229343705201539
338 0.15519230188174066 0.34371431710718997 2.214763960193763
339 0.1540056240409096 0.338823379785597 2.200071470737932
340 0.15281115094427866 0.33393266390748744 2.1852637182822687
341 0.15160871835742418 0.3290421762733823 2.1703380903046154
342 0.15039815616344138 0.32415192399809883 2.1552918750269447
343 0.1491792880302387 0.3192619145291729 2.140122256545818
344 0.14795193109642993 0.3143721556686007 2.124826309051038
345 0.14671589541641422 0.30948265558945465 2.1094009937442024
346 0.14547098377982645 0.3045934228621159 2.0938431496629235
347 0.14421699141463132 0.29970446648926086 2.0781494853653895
348 0.1429537055746672 0.2948157959293601 2.0623165712579077
349 0.14168090512857018 0.28992742114155357 2.0463408310276896
350 0.14039836015357593 0.28503935259329644 2.030218531623188
350 0.14039836015357593 0.28503935259329644 2.030218531623188
351 0.13910583119404812 0.28015160132500144 2.0139457772564477
352 0.1378030686845575 0.275264178964196 1.9975184993470518
353 0.1364898123365175 0.27037709778674296 1.9809324458599482
354 0.13516579051835068 0.26549037075624937 1.964183168966894
355 0.13383071955318976 0.2606040115704232 1.947266012171806
356 0.13248430294389477 0.25571803472776505 1.9301760966811141
357 0.13112623058887185 0.25083245559484135 1.912908305747702
358 0.1297561778621246 0.24594729045700536 1.8954572684650308
359 0.1283738046784752 0.2410625566159445 1.8778173414717225
360 0.12697875441233827 0.23617827245831463 1.859982589617887
361 0.12557065278062282 0.23129445755877226 1.841946764128505
362 0.12414910656053081 0.22641113277647612 1.823703279460057
363 0.122713702262803 0.22152832037043488 1.8052451868497215
364 0.12126400459570673 0.21664604412642718 1.7865651464234868
365 0.11979955483851892 0.21176432950413754 1.7676553956279757
366 0.1183198690290025 0.20688320379342395 1.7485077146486094
366 0.1168244358344553 0.20200269628020937 1.729113389997063
367 0.1168244358344553 0.20200269628020937 1.729113389997063
368 0.11531271435234974 0.19712283845501538 1.7094631720547873
369 0.11378413176342136 0.19224366423639655 1.6895472264630653
370 0.11223808062417497 0.18736521022766858 1.669355081499068
371 0.11067391586979372 0.18248751600032143 1.64887556897341
372 0.1090909515615829 0.1776106244369268 1.628096756830138
373 0.10748845723719595 0.17273458209185022 1.607005873297399
374 0.10586565359690916 0.16785943962586947 1.5855892248585737
375 0.10422170780928108 0.16298525229845712 1.5638321010504788
376 0.10255572821579428 0.1581120805289374 1.5417186663259153
377 0.10086675835702624 0.153239990559839 1.5192318366912652
378 0.09915377018169734 0.14836905521880914 1.4963531386343227
379 0.09741565633928728 0.14349935481676906 1.473062546711975
380 0.09565122135321864 0.138630978190162 1.4493382962484995
381 0.09385917150014565 0.1337640239509043 1.4251566662368922
382 0.09203810316826509 0.12889860195068525 1.4004917258565335
383 0.09018648937495452 0.12403483504191364 1.3753150377794732
383 0.08830266409615993 0.11917286118815736 1.3495953084538919
384 0.08830266409615993 0.11917286118815736 1.3495953084538919
385 0.08638480396361219 0.11431283602301674 1.323297973462655
386 0.08443090676867773 0.10945493596570853 1.296384702649128
387 0.08243876608412042 0.10459936204700744 1.2688128051343512
388 0.08040594109126165 0.09974634465931724 1.2405345090868847
389 0.07832972051767292 0.09489614949017129 1.2114960817300582
390 0.0762070794398459 0.09004908503836742 1.1816367416290727
391 0.07403462763026862 0.0852055122592101 1.1508872940474455
392 0.07180854121321362 0.08036585674077876 1.1191684914216096
393 0.06952448690252469 0.07553062516926128 1.0863888183045114
394 0.06717752314561526 0.07070042696044614 1.0524417044551428
395 0.06476197608566381 0.0658760035321219 1.0172018754490215
396 0.062271283247824216 0.0610582687166019 0.9805204828300259
397 0.05969779403694864 0.056248365679932695 0.9422184954626465
398 0.057032513155206375 0.05144774906255402 0.9020775381674981
399 0.05426476885957653 0.04665830681625131 0.859826878411501
400 0.05138178429474216 0.04188254680886898 0.8151244139093623
401 0.04836813101931424 0.03712389348655053 0.7675279715010346
402 0.045205066380355964 0.03238718098113893 0.7164502471610771
403 0.04186983104478395 0.027679515671201967 0.6610849621436488
404 0.03833533003702489 0.023011885700505087 0.6002787944770485
405 0.034571821875136306 0.018402400363133908 0.5322947812700818
406 0.03055721167878443 0.013883423573877878 0.4543419641759069
407 0.026329041166238396 0.009519118758633666 0.3615444519430501
408 0.02228148024075787 0.005450986160129465 0.2446420121657078
409 0.018762862192814807 0.0018401699914439094 0.09807512161703123
410 0.01727055212930502 0.0001996108807638668 0.011557874888386634
411 0.01602218622162644 1.872921818902459e-05 0.0011689552180927875
412 0.014868450893333808 1.7382132841893833e-06 0.00011690614554665557
413 0.013807333806064852 1.6134616481085782e-07 1.168554096519248e-05
414 0.012821765011809585 1.497798896228171e-08 1.168169042911496e-06
415 0.011903949026043484 1.3902933502205878e-09 1.1679261623003435e-07
