1 1.332454201785605 3.9951103871249143 2.9983097218434356
2 1.331577749078036 3.9901906375148384 2.996588550895796
3 1.3307061496909323 3.9852854640084208 2.9948651435435516
4 1.3298343312755545 3.980380667357336 2.993140253447527
5 1.3289612683070187 3.9754758322346384 2.991415872713168
6 1.3280857674443007 3.9705709936572693 2.989694710227962
7 1.3272071757681423 3.965666155097358 2.987978235426708
8 1.326324958370207 3.960761315704962 2.9862676493488896
9 1.3254398083777925 3.9558564760896036 2.9845613894237726
10 1.3245531287842534 3.9509516360067916 2.9828562933018694
11 1.3236659506254058 3.9460467959492003 2.981150035690479
12 1.322778282927972 3.9411419562220673 2.9794425922221395
13 1.3218901039574316 3.936237117203754 2.977734007857064
14 1.3210014220092894 3.9313322785251223 2.97602425934215
15 1.320112230231754 3.9264274400493213 2.974313357705967
16 1.3192225292384838 3.921522601754131 2.9726012972336178
16 1.3183323161577014 3.9166177637697777 2.9708880801654143
17 1.3183323161577014 3.9166177637697777 2.9708880801654143
18 1.317441591175365 3.9117129262387027 2.969173701848019
19 1.316550353525832 3.9068080889021433 2.9674581594538973
20 1.3156586044735936 3.90190325183136 2.9657414458156834
21 1.314766340231954 3.8969984150269896 2.964023565084175
22 1.313873558962713 3.8920935785668864 2.9623045170645232
23 1.3129802620200637 3.8871887423556664 2.9605842942186333
24 1.3120864501194065 3.8822839064389396 2.958862890540202
25 1.311192117184273 3.8773790708986997 2.9571403153530236
26 1.3102972642825015 3.872474235559013 2.9554165616605483
27 1.3094018918736847 3.867569400537031 2.953691624045803
28 1.308505998045713 3.8626645659149887 2.9519655024004297
29 1.3076095810599737 3.857759731553644 2.9502381960420245
30 1.3067126403899423 3.852854897449773 2.9485097016433732
31 1.3058151775865823 3.847950063668997 2.946780011227016
32 1.3049171897438532 3.843045230061968 2.9450491266931147
33 1.3040186758644365 3.8381403967817316 2.943317045852446
33 1.3031196336988975 3.833235563826283 2.9415837692090223
34 1.3031196336988975 3.833235563826283 2.9415837692090223
35 1.3022200642778052 3.828330731226568 2.939849289873837
36 1.3013199647815108 3.82342589891868 2.938113609561524
37 1.300419334865047 3.8185210667995153 2.9363767243554464
38 1.2995181744263709 3.8136162350260143 2.9346386299748435
39 1.2986164803841083 3.80871140364415 2.9328993287668728
40 1.2977142546915452 3.803806572497243 2.931158811537732
41 1.2968114928594319 3.7989017416726214 2.92941708381698
42 1.2959081974270774 3.793996911059654 2.9276741350909985
43 1.295004365837283 3.789092080679572 2.925929966444353
44 1.2940999978515595 3.784187250822952 2.9241845739165355
45 1.2931950907926046 3.779282421164221 2.922437958566548
46 1.292289642733554 3.7743775918553046 2.9206901201122686
47 1.291383656290723 3.7694727628357247 2.9189410478237625
48 1.2904771276945914 3.7645679341664056 2.9171907454816517
49 1.2895700562076293 3.759663105721782 2.915439209854336
50 1.2886624431379703 3.754758277619998 2.913686433257833
51 1.2877542837961746 3.749853450025009 2.9119324215880726
52 1.2868455789732896 3.74494862267305 2.910177168002519
53 1.285936327857617 3.7400437954889654 2.908420669412082
54 1.2850265289650866 3.735138968671881 2.906662924445634
55 1.2841161821383915 3.73023414214902 2.9049039285037264
56 1.2832052832785723 3.7253293159774374 2.903143685988629
57 1.2822938344809638 3.720424490034472 2.901382187133727
58 1.2813818356183073 3.7155196645166706 2.899619427431492
59 1.2804692835741867 3.710614839329328 2.897855408894973
60 1.2795561778164488 3.7057100143729365 2.8960901276696562
61 1.2786425144841211 3.700805189782842 2.8943235876025617
62 1.277728296966862 3.695900365481074 2.8925557759459464
63 1.2768135211142133 3.6909955416128843 2.8907866971771505
64 1.2758981880329374 3.68609071801796 2.889016343616598
65 1.2749822949379885 3.6811858948672738 2.8872447166384503
66 1.274065839753656 3.6762810719898114 2.8854718157270667
66 1.2731488252244092 3.6713762494580635 2.8836976296238856
67 1.2731488252244092 3.6713762494580635 2.8836976296238856
68 1.2722312469909163 3.666471427158494 2.8819221629954765
69 1.27131310469631 3.661566605147458 2.8801454115602225
70 1.2703943980733934 3.656661783520663 2.878367370846522
71 1.2694751258638381 3.6517569622731836 2.876588038531497
72 1.2685552858811104 3.6468521412659847 2.8748074142728135
73 1.2676348768815804 3.641947320638787 2.873025495794251
74 1.266713897930165 3.6370425003390694 2.87124227995135
75 1.2657923484168692 3.6321376802646297 2.8694577628055318
76 1.264870228546933 3.6272328606462554 2.8676719388147625
77 1.2639475351506204 3.6223280412777874 2.8658848097252125
78 1.2630242666847926 3.6174232223667064 2.8640963739056096
79 1.262100424979826 3.6125184038562757 2.862306621847481
80 1.261176007451639 3.6076135855956557 2.8605155539592624
81 1.2602510125368698 3.6027087676076595 2.8587231684547123
82 1.2593254368969176 3.5978039500198964 2.8569294676403776
83 1.2583992840914342 3.5928991328445146 2.8551344380639825
83 1.2574725496745642 3.5879943160626113 2.8533380843909395
84 1.2574725496745642 3.5879943160626113 2.8533380843909395
85 1.2565452324344824 3.5830894994944718 2.8515404038042047
86 1.2556173311344285 3.5781846832963136 2.849741393791917
87 1.2546888457193612 3.573279867495118 2.847941049038672
88 1.2537597766079425 3.5683750520097433 2.8461393630476897
89 1.252830120942247 3.5634702368882616 2.844336336843653
90 1.2518998779465826 3.55856542209443 2.842531966638845
91 1.2509690439907937 3.553660607707747 2.8407262552005244
92 1.250037621526352 3.548755793611636 2.838919191310775
93 1.2491056075126294 3.5438509798598723 2.8371107763392547
94 1.248173000658805 3.5389461665570416 2.8353010077041656
95 1.2472397988744246 3.534041353515415 2.8334898843868848
96 1.246306002291739 3.529136540907199 2.8316774005884056
97 1.2453716092703164 3.5242317284974285 2.82986355419033
98 1.244436617981378 3.5193269164870387 2.8280483438327293
99 1.2435010291480544 3.5144221048949604 2.8262317621906243
100 1.2425648405847873 3.509517293610326 2.8244138084243913
101 1.2416280500444077 3.5046124827303364 2.8225944819827413
102 1.2406906567963356 3.4997076721257185 2.8207737786649663
103 1.2397526613922878 3.494802862026419 2.818951691623414
104 1.238814059560223 3.4898980521862026 2.8171282245740015
105 1.2378748524020557 3.484993242736682 2.8153033692979275
106 1.2369349082474583 3.480088433643599 2.813477419417595
107 1.235994355901929 3.4751836248865438 2.8116500761450767
108 1.2350531923895083 3.470278816491019 2.8098213403885284
109 1.2341114193018388 3.4653740083817524 2.8079912025627176
110 1.2331690332074017 3.4604692006266604 2.806159664605086
111 1.2322260333786377 3.45556439326988 2.804326722261399
112 1.2312824197033427 3.450659586273673 2.802492369788771
113 1.2303381893919523 3.445754779684313 2.800656607584656
114 1.2293933416757927 3.4408499735863343 2.79881943145722
115 1.2284478744359029 3.4359451676821653 2.7969808399562206
116 1.2275017889786535 3.4310403623001196 2.795140824320042
116 1.2265550825171876 3.4261355571523335 2.793299384582937
117 1.2265550825171876 3.4261355571523335 2.793299384582937
118 1.225607752047962 3.421230752410503 2.7914565216266833
119 1.2246597972562485 3.416325947974821 2.7896122299669046
120 1.2237112186634038 3.4114211439764035 2.7877665023799665
121 1.2227620145312037 3.406516340300791 2.78591933656593
122 1.221812182164214 3.4016115369974096 2.784070732518057
123 1.2208617200668204 3.3967067340588386 2.7822206874279996
124 1.219910626480708 3.39180193145312 2.7803691990437454
125 1.218958900953323 3.386897129356425 2.7785162622854647
126 1.2180065420504447 3.381992327603014 2.7766618740073614
127 1.2170535493835495 3.3770875262433013 2.774806028834008
128 1.2160999198989373 3.3721827252713763 2.77294872739702
129 1.2151456539576866 3.3672779246919715 2.77108996252825
130 1.2141907491252504 3.362373124463539 2.769229733372554
131 1.213235203405377 3.357468324622296 2.7673680381168997
132 1.2122790154679497 3.352563525133141 2.765504873347184
133 1.2113221873480275 3.347658726046618 2.763640228018704
133 1.2103647130502 3.3427539274051736 2.7617741093766774
134 1.2103647130502 3.3427539274051736 2.7617741093766774
135 1.209406594869285 3.3378491291592556 2.759906505652896
136 1.208447828422354 3.332944331200952 2.758037420243585
137 1.2074884147785137 3.328039533756919 2.7561668443563265
138 1.206528350213214 3.323134736579135 2.754294779722234
139 1.2055676351715345 3.3182299398543393 2.7524212188909702
140 1.204606267837609 3.3133251435545596 2.7505461593706597
141 1.2036442465573867 3.3084203475578424 2.748669598197681
142 1.2026815689548553 3.303515551954452 2.7467915342090476
143 1.2017182356057672 3.2986107567369323 2.74491195939467
144 1.2007542426718472 3.293705961936378 2.7430308758330257
145 1.199789590746591 3.2888011676862545 2.7411482755403287
146 1.1988242770622963 3.283896373760983 2.739264157886533
147 1.197858300339683 3.2789915802085714 2.7373785190441393
148 1.196891658600313 3.274086787083044 2.7354913567631307
149 1.195924351956707 3.26918199432214 2.7336026638919764
150 1.1949563795547664 3.264277201980807 2.731712435559411
151 1.193987738908007 3.2593724101094983 2.729820670596202
152 1.1930184270391957 3.254467618729634 2.72792736890619
153 1.1920484445873103 3.2495628276219293 2.7260325218971575
154 1.1910777903189933 3.244658036967377 2.7241361255660688
155 1.1901064600559061 3.2397532467214334 2.7222381824305395
156 1.1891344543620932 3.234848456895589 2.7203386841826154
157 1.1881617710955161 3.229943667511153 2.7184376286850744
158 1.1871884086437297 3.2250388785012123 2.7165350124885133
159 1.1862143664837064 3.2201340898351214 2.714630829653969
160 1.1852396415351119 3.215229301680127 2.7127250802342306
161 1.1842642326003758 3.2103245139093906 2.710817759698987
162 1.1832881393179182 3.205419726559745 2.7089088617143093
163 1.1823113597229609 3.200514939658245 2.7069983835799305
164 1.1813338922026666 3.19561015326406 2.7050863217897327
165 1.1803557334975041 3.190705367143404 2.7031726763329615
166 1.179376884951593 3.185800581579756 2.7012574370664515
166 1.1783973439289195 3.1808957963217943 2.6993406024798925
167 1.1783973439289195 3.1808957963217943 2.6993406024798925
168 1.1774171057502592 3.1759910115711514 2.6974221761007846
169 1.1764361732603086 3.171086227280823 2.6955021439817295
170 1.17545454372175 3.1661814434266278 2.693580504952403
171 1.1744722160400054 3.1612766599516986 2.6916572540222763
172 1.1734891873539757 3.156371876913917 2.6897323903179835
173 1.1725054556885144 3.151467094292933 2.6878059108410204
174 1.171521021224202 3.1465623120987356 2.6858778076475986
175 1.17053588167033 3.1416575303946943 2.6839480784746343
176 1.1695500345489154 3.136752749163593 2.682016721390983
177 1.1685634786765977 3.1318479683408778 2.680083731426988
178 1.1675762127557003 3.126943187895453 2.6781491038732934
179 1.1665882354435768 3.122038407980485 2.676212834251135
180 1.1655995431014037 3.1171336285486264 2.674274923147808
181 1.1646101352592106 3.112228849481334 2.6723353637899057
182 1.1636200118156939 3.1073240708055647 2.6703941486507667
183 1.16262916924368 3.1024192926912577 2.6684512781572995
183 1.161637608064967 3.097514514942676 2.666506743099041
184 1.161637608064967 3.097514514942676 2.666506743099041
185 1.1606453240071413 3.0926097376749935 2.664560545505601
186 1.1596523163554484 3.0877049610130256 2.6626126792184186
187 1.1586585826416962 3.0828001847529007 2.660663141789566
188 1.1576641211963852 3.077895408973211 2.6587119291495083
189 1.1566689329057012 3.0729906335134665 2.6567590311202696
190 1.1556730141115865 3.0680858585691344 2.6548044482354713
191 1.1546763642167175 3.0631810841158593 2.6528481737770644
192 1.153678980028786 3.058276310152264 2.650890206975909
193 1.1526808609023098 3.0533715365952356 2.6489305411083857
194 1.1516820037365483 3.048466763561442 2.6469691752331928
195 1.150682407601192 3.0435619909956353 2.6450061032396395
196 1.149682071130124 3.0386572188515144 2.643041319992535
197 1.148680991675477 3.033752447182953 2.641074823357086
198 1.1476791682820833 3.028847676039615 2.639106607270201
199 1.1466765985041794 3.0239429053490907 2.6371366689559848
200 1.1456732816152646 3.019038135130578 2.6351650017307633
201 1.144669215386436 3.014133365327905 2.6331916022659394
202 1.143664396838814 3.0092285960804928 2.6312164690955293
203 1.1426588258026014 3.004323827250314 2.6292395940144972
204 1.1416524997508697 2.9994190589726015 2.627260974444616
205 1.1406454175756955 2.994514291153087 2.6252806043069605
206 1.1396375764281734 2.9896095237981695 2.6232984815823084
207 1.138628975131931 2.98470475694129 2.6213146003907526
208 1.1376196115662613 2.9797999905679986 2.6193289569484874
209 1.1366094839468655 2.9748952247784253 2.6173415467625083
210 1.1355985884709843 2.9699904594145106 2.6153523697254903
211 1.1345869276802516 2.9650856945245794 2.61336141126438
212 1.1335743857094855 2.9601809301043263 2.611368929487232
213 1.1325610722447483 2.955276166141044 2.609374662934207
214 1.1315469855056077 2.95037140268851 2.6073786068814453
215 1.1305321244048843 2.9454666397772375 2.605380754950011
216 1.129516486367791 2.94056187728069 2.603381104012669
216 1.1285000693088487 2.9356571152993713 2.601379649978505
217 1.1285000693088487 2.9356571152993713 2.601379649978505
218 1.1274828714038752 2.9307523538145155 2.59937638801139
219 1.1264648905912769 2.925847592852514 2.5973713138247465
220 1.1254461255739872 2.9209428323452014 2.5953644212471705
221 1.1244265732451073 2.916038072386186 2.5933557083860697
222 1.1234062328512624 2.911133312876932 2.5913451677122414
223 1.1223851032478018 2.9062285539647825 2.589332792777758
224 1.121363181414351 2.9013237954612605 2.587318581123632
225 1.1203404643433228 2.8964190375122354 2.585302530521331
226 1.1193169513516668 2.8915142801038303 2.583284633197139
227 1.118292640199119 2.8866095231922446 2.58126488490371
228 1.1172675291024465 2.881704766799646 2.5792432803579772
229 1.116241615044919 2.8768000109296206 2.5772198170678795
230 1.115214896901963 2.8718952555871584 2.575194488134265
231 1.114187372705634 2.8669905007216054 2.5731672885141004
232 1.1131590411736318 2.8620857464053047 2.571138211650094
233 1.1121298979817291 2.8571809925885505 2.5691072578605296
233 1.111099943915434 2.852276239392951 2.5670744157737424
234 1.111099943915434 2.852276239392951 2.5670744157737424
235 1.110069174929832 2.847371486709534 2.5650396849273087
236 1.109037590085065 2.8424667345479557 2.563003057750219
237 1.108005185757944 2.837561982948203 2.5609645328574295
238 1.1069719607687976 2.832657231830307 2.558924103066723
239 1.105937913864756 2.8277524812831087 2.556881761473738
240 1.1049030419046202 2.822847731219134 2.5548375053372454
241 1.1038673441459297 2.817942981681722 2.552791326445104
242 1.102830816241825 2.8130382327684926 2.550743224926043
243 1.1017934575164754 2.808133484392889 2.548693192209211
244 1.100755265497325 2.803228736553694 2.5466412239120073
245 1.0997162387330959 2.798323989217953 2.54458731321609
246 1.0986763741948347 2.7934192424569546 2.5425314570035353
247 1.097635669856396 2.788514496285315 2.5404736497403886
248 1.0965941243283732 2.7836097506252417 2.5384138842893296
249 1.0955517343563204 2.77870500553386 2.536352157907411
250 1.0945084989515619 2.773800260995268 2.5342884624946382
251 1.093464415405355 2.7688955169672753 2.5322227938627764
252 1.092419481215059 2.7639907735209563 2.530155147404245
253 1.0913736942033818 2.7590860306602685 2.5280855176504757
254 1.0903270516838348 2.7541812883409267 2.5260139002215314
255 1.0892795524969614 2.7492765465627307 2.52394028719308
256 1.0882311938444091 2.7443718054282256 2.521864674484423
257 1.0871819738699993 2.7394670648522657 2.519787055611943
258 1.0861318901631989 2.7345623248826025 2.5177074254506193
259 1.0850809391919762 2.7296575855056715 2.515625781371072
260 1.0840291212129078 2.724752846657679 2.513542111865947
261 1.0829764321776614 2.7198481084004507 2.511456415474665
262 1.0819228713534825 2.714943370775294 2.509368682980985
263 1.0808684343124202 2.710038633670384 2.5072789135472706
264 1.079813119170888 2.7051338971913883 2.5051871005868764
265 1.0787569241975052 2.7002291612187714 2.503093236900881
266 1.077699846019401 2.6953244258714393 2.5009973192692816
266 1.0766418843472414 2.690419691122679 2.4988993371308945
267 1.0766418843472414 2.690419691122679 2.4988993371308945
268 1.075583035070822 2.685514956933649 2.496799288728853
269 1.0745232956047162 2.680610223403512 2.4946971688453976
270 1.0734626652717005 2.6757054904218336 2.4925929675855047
271 1.0724011425117428 2.6708007580315436 2.4904866771925307
272 1.0713387216949504 2.665896026296669 2.488378299329078
273 1.0702754020630216 2.6609912951913595 2.4862678242087366
274 1.0692111813251655 2.6560865647086698 2.484155245567815
275 1.0681460563850333 2.6511818348300467 2.482040558949907
276 1.0670800245564813 2.6462771055210808 2.4799237588773844
277 1.066013084901972 2.6413723768725514 2.4778048358716402
278 1.064945233003114 2.6364676488071694 2.475683788331921
279 1.0638764678873343 2.631562921374883 2.4735606067128164
280 1.0628067853532848 2.626658194554112 2.4714352888526125
281 1.0617361849785414 2.6217534683512014 2.469307823773746
282 1.0606646629086047 2.6168487427989127 2.4671782084479617
283 1.059592217628878 2.6119440178494857 2.465046434273
283 1.0585188463960662 2.6070392936126274 2.462912495595899
284 1.0585188463960662 2.6070392936126274 2.462912495595899
285 1.057444546399099 2.602134570016987 2.460776386693751
286 1.056369314693236 2.59722984693332 2.458638102042505
287 1.055293148984933 2.5923251245734487 2.4564976348675795
288 1.0542160470450967 2.587420402800088 2.4543549778553166
289 1.0531380058969195 2.5825156816848867 2.452210125571768
290 1.052059022439119 2.5776109612553695 2.4500630727726413
291 1.0509790941310142 2.572706241420137 2.4479138127360556
292 1.0498982190670547 2.567801522277833 2.4457623373812325
293 1.048816394275988 2.562896803802664 2.443608640930776
294 1.0477336171166887 2.5579920859999405 2.4414527168073588
295 1.0466498848240329 2.5530873688088302 2.4392945585983283
296 1.0455651939707802 2.5481826523036695 2.4371341615020152
297 1.0444795427911788 2.5432779364815747 2.434971516708823
298 1.0433929298498315 2.538373221305129 2.432806614542098
299 1.0423053509953075 2.5334685067662623 2.4306394516223375
300 1.0412168029652875 2.528563792901215 2.4284700224776468
301 1.0401272831678803 2.5236590797372216 2.4262983200007975
302 1.0390367906096418 2.518754367241058 2.4241243332329074
303 1.037945319772126 2.5138496554496688 2.421948061774167
304 1.036852869566497 2.508944944343777 2.4197694947719577
305 1.0357594372468728 2.5040402338881766 2.417588625158083
306 1.0346650193382714 2.4991355241516806 2.4154054476008318
307 1.0335696129224263 2.494230815094539 2.4132199552984934
308 1.0324732158251162 2.489326106729323 2.411032139695693
309 1.0313758253456802 2.484421399039045 2.408841993369736
310 1.030277437890169 2.479516692108811 2.40664951101563
311 1.0291780501684946 2.474611985888655 2.4044546864204084
312 1.0280776604173436 2.4697072803720967 2.402257509777549
313 1.0269762650437428 2.4648025755507614 2.4000579754837625
314 1.0258738612881246 2.459897871419878 2.3978560759225704
315 1.0247704463091638 2.4549931680316175 2.3956518036537604
316 1.023666017848827 2.4500884652976027 2.3934451496654323
316 1.0225605718414852 2.445183763313228 2.3912361092798657
317 1.0225605718414852 2.445183763313228 2.3912361092798657
318 1.0214541050848542 2.44027906206918 2.3890246756279483
319 1.0203466152059824 2.4353743615857355 2.3868108398576835
320 1.0192380992885983 2.430469661799016 2.384594594232124
321 1.0181285540820102 2.425564962722371 2.3823759317990723
322 1.017017977007018 2.42066026437904 2.3801548439711953
323 1.015906364496796 2.415755566804209 2.377931324409798
324 1.0147937129043718 2.4108508699060014 2.375705366764709
325 1.0136800205031353 2.4059461738504737 2.3734769603689077
326 1.0125652837170296 2.401041478475001 2.371246098484642
327 1.0114494995688186 2.3961367838826253 2.369012773157829
328 1.0103325716639868 2.391232089933479 2.3667771949539276
329 1.0092145897359515 2.3863273967465295 2.3645391386690937
330 1.0080955506750404 2.381422704365507 2.362298596369025
331 1.0069754517021725 2.3765180126874865 2.3600555591203984
332 1.005854289153709 2.3716133218257696 2.357810020198018
333 1.0047320598274252 2.3667086316632533 2.3555619714869693
333 1.0036087613310833 2.3618039422883177 2.3533114030968245
334 1.0036087613310833 2.3618039422883177 2.3533114030968245
335 1.0024843890712387 2.3568992536841376 2.351058310112649
336 1.001358941006061 2.3519945658340524 2.3488026815549414
337 1.000232414130641 2.347089878796091 2.346544508694093
338 0.9991048038159557 2.3421851925135613 2.3442837864134756
339 0.9979761067976021 2.337280507000744 2.34202050638349
340 0.9968463209366264 2.332375822314592 2.3397546575916697
341 0.995715441796881 2.327471138384667 2.337486234204104
342 0.9945834671859928 2.3225664552271192 2.3352152251217606
343 0.9934503928371974 2.3176617728935547 2.3329416240649308
344 0.9923162154424107 2.312757091375736 2.3306654223569496
345 0.9911809308396493 2.30785241061893 2.3283866131927113
346 0.9900445368912326 2.3029477307132495 2.32610518507033
347 0.988907028488674 2.2980430515790817 2.3238211332071663
348 0.987768404106436 2.2931383732867885 2.3215344444644677
349 0.9866286584832799 2.2882336958055376 2.3192451142896897
350 0.985487790248932 2.283329019137229 2.31695312892762
350 0.985487790248932 2.283329019137229 2.31695312892762
351 0.9843457947102189 2.2784243433053857 2.3146584823640457
352 0.9832026687170761 2.2735196682703345 2.312361164801269
353 0.9820584083405706 2.268614994098259 2.310061168287987
354 0.9809130089810629 2.2637103207758194 2.3077584862772693
355 0.9797664680605592 2.25880564833119 2.3054531074149534
356 0.9786187824943028 2.253900976680611 2.3031450213288056
357 0.97746994744333 2.2489963059124114 2.300834221854989
358 0.9763199593458178 2.2440916358981524 2.2985206995069563
359 0.9751688153163437 2.2391869668064093 2.29620444341221
360 0.9740165116683632 2.234282298572634 2.2938854442473464
361 0.972863043778209 2.2293776312022002 2.2915636948693145
362 0.9717084082608478 2.2244729646462202 2.2892391850633005
363 0.9705526022404835 2.219568298998698 2.286911903460884
364 0.9693956218444546 2.214663634189007 2.2845818407712626
365 0.9682374625596962 2.209758970264625 2.282248989233241
366 0.967078120029332 2.204854307235826 2.279913340577855
366 0.9659175913040459 2.1999496451266696 2.277574883129116
367 0.9659175913040459 2.1999496451266696 2.277574883129116
368 0.9647558719992658 2.1950449838596513 2.27523360838515
369 0.9635929582764482 2.1901403235060086 2.2728895066060377
370 0.9624288465370825 2.185235664065988 2.2705425673063413
371 0.9612635336283374 2.180331005476996 2.2681927787765206
372 0.9600970143545874 2.175426347848565 2.2658401341982786
373 0.9589292848321819 2.1705216910833403 2.263484623335071
374 0.9577603422078224 2.1656170352157487 2.2611262335456317
375 0.9565901808938797 2.1607123802925154 2.2587649585462515
376 0.9554187974138663 2.1558077262641615 2.256400786858617
377 0.9542461878087192 2.1509030731951366 2.254033708150679
378 0.9530723482867418 2.1459984210725884 2.251663711501304
379 0.9518972741509626 2.1410937699129104 2.2492907880450046
380 0.9507209612513949 2.136189119647078 2.246914927420239
381 0.9495434054309225 2.131284470264584 2.2445361192281283
382 0.948364603424405 2.126379821903798 2.242154351001454
383 0.9471845502708972 2.121475174488265 2.239769613937978
383 0.9460032419796278 2.1165705280187583 2.2373818969051045
384 0.9460032419796278 2.1165705280187583 2.2373818969051045
385 0.9448206742831499 2.111665882509124 2.2349911893188383
386 0.9436368431050146 2.1067612379880782 2.2325974800388573
387 0.9424517438440162 2.1018565944260836 2.2302007589833255
388 0.941265371717213 2.096951951830381 2.227801016417689
389 0.9400777226353109 2.0920473102503108 2.225398240887673
390 0.9388887934914055 2.0871426696493827 2.222992418397087
391 0.937698578513126 2.0822380300043624 2.220583541148255
392 0.9365070732481141 2.077333391382152 2.2181715981890853
393 0.9353142739687476 2.0724287537151644 2.215756576579748
394 0.9341201758172765 2.0675241171249725 2.2133384661305096
395 0.9329247740435752 2.062619481460889 2.2109172559764696
396 0.931728064504301 2.057714846823538 2.20849293395309
397 0.9305300418563491 2.0528102132306936 2.206065490519216
398 0.9293307021324143 2.0479055806479933 2.20363491268386
399 0.9281300411137375 2.0430009490713523 2.2012011879496884
400 0.9269280531413474 2.0380963185839844 2.1987643071939638
401 0.9257247350651372 2.0331916891125275 2.1963242550383675
402 0.9245200807760373 2.028287060725532 2.193881023139052
403 0.9233140861292881 2.023382433325082 2.1914345981739474
404 0.9221067464410836 2.0184778069794356 2.1889849681393723
405 0.9208980570212042 2.0135731817092726 2.186532120854403
406 0.9196880130743187 2.008668557516168 2.1840760442246303
407 0.9184766093901153 2.003763934372068 2.1816167269655375
408 0.9172638416108594 1.9988593123006049 2.179154155679236
409 0.9160497036276639 1.9939546913402189 2.176688320998222
410 0.9148341926303675 1.9890500714327748 2.1742192054647402
411 0.9136173015706107 1.9841454526337956 2.1717468016672044
412 0.9123990265634996 1.979240834952498 2.169271094476283
413 0.9111793627548564 1.9743362183577575 2.1667920708701702
414 0.9099583039689217 1.9694316028534917 2.1643097208559072
415 0.908735846161811 1.9645269884252772 2.1618240291970063
416 0.9075119842014578 1.9596223751670971 2.1593349832084225
416 0.9062867121822319 1.9547177630295207 2.156842571731842
417 0.9062867121822319 1.9547177630295207 2.156842571731842
418 0.9050600257577149 1.9498131520176738 2.1543467798009233
419 0.9038319194016076 1.94490854210869 2.1518475950665024
420 0.9026023878565916 1.9400039333635877 2.1493450044714724
421 0.901371425058178 1.9350993258209963 2.1468389966945063
422 0.9001390269824588 1.9301947193784468 2.144329555234428
423 0.8989051885817313 1.9252901140946483 2.1418166660405196
424 0.8976699028334256 1.9203855100177358 2.139300319589849
425 0.8964331661523735 1.9154809070844252 2.13678049787689
426 0.8951949716438574 1.9105763052984561 2.134257190687791
427 0.8939553148196618 1.9056717047207632 2.131730381965675
428 0.8927141898034922 1.900767105305625 2.1292000586705466
429 0.8914715906055358 1.8958625071304778 2.1266662079973915
430 0.8902275121762172 1.890957910111701 2.1241288145421784
431 0.8889819487875144 1.88605331435149 2.121587864549876
432 0.8877348946444249 1.8811487197836259 2.1190433440572423
433 0.8864863442929625 1.8762441264245122 2.11649523819902
433 0.885236292518085 1.87133953430058 2.1139435313677555
434 0.885236292518085 1.87133953430058 2.1139435313677555
435 0.8839847324670713 1.8664349434009162 2.111388211640229
436 0.8827316587737173 1.8615303537888097 2.1088292634421095
437 0.8814770659993828 1.8566257654085816 2.106266671049025
438 0.8802209482258333 1.851721178251669 2.1037004197457287
439 0.8789632991024809 1.846816592340246 2.1011304956942465
440 0.8777041128543338 1.8419120077508344 2.0985568835502577
441 0.87644338373742 1.8370074244171153 2.095979567537562
442 0.8751811053434616 1.832102842368629 2.0933985333808445
443 0.8739172718445659 1.8271982616270865 2.090813765209655
444 0.8726518775436732 1.822293682168338 2.088225246587106
445 0.8713849157921721 1.817389104030516 2.0856329632219253
446 0.8701163809253226 1.8124845271661276 2.0830368981660206
447 0.8688462664236953 1.807579951642966 2.0804370364428713
448 0.8675745651159498 1.8026753774260384 2.07783336431159
449 0.8663012714273928 1.797770804557479 2.0752258640868857
450 0.8650263794533796 1.7928662330218939 2.0726145185940195
451 0.8637498827156759 1.7879616628288741 2.069999311846419
452 0.8624717746073378 1.7830570940042998 2.0673802279687146
453 0.8611920482636422 1.778152526578624 2.0647572514908625
454 0.8599106973664555 1.7732479604905118 2.0621303653056344
455 0.8586277153750252 1.7683433957775887 2.0594995527313307
456 0.857343095694191 1.7634388324260162 2.0568647969319205
457 0.8560568318898126 1.7585342704897717 2.0542260805368135
458 0.8547688820955144 1.7536297099011513 2.051583470846562
459 0.8534792386858913 1.7487251507217567 2.0489369529530475
460 0.8521879311118593 1.7438205929448245 2.046286422608264
461 0.8508949521579068 1.7389160365931073 2.0436318633494537
462 0.8496002953383471 1.7340114816531784 2.0409732566802146
463 0.8483039532132667 1.729106928154772 2.0383105862057302
464 0.8470059199858361 1.7242023761227137 2.035643831334197
465 0.8457061872534625 1.7192978255545361 2.0329729774570677
466 0.8444047487995462 1.714393276418195 2.030298004429125
466 0.8431015967075284 1.709488728751572 2.0276188960232666
467 0.8431015967075284 1.709488728751572 2.0276188960232666
468 0.8417967242466974 1.7045841825973806 2.0249356329139556
469 0.8404901241622219 1.699679637906011 2.022248196670016
470 0.8391817889279828 1.694775094720408 2.019556569364318
471 0.8378717116395833 1.6898705530537277 2.0168607312770073
472 0.8365598852282624 1.684966012906768 2.0141606628042066
473 0.8352463016001741 1.6800614742726727 2.0114563465339415
474 0.8339309536025189 1.6751569371590105 2.008747762536525
475 0.8326138331044107 1.670252401584005 2.0060348929784757
476 0.8312949335180945 1.6653478675955764 2.0033177160694526
477 0.8299742463577805 1.6604433352043282 2.0005962142692244
478 0.8286517639641432 1.6555388043142756 1.9978703676372225
479 0.8273274788788588 1.6506342750341358 1.9951401557107347
480 0.8260013836826029 1.6457297473396832 1.9924055574852002
481 0.824673469706683 1.6408252212416123 1.9896665547216106
482 0.8233437289269018 1.6359206967641937 1.986923127350903
483 0.8220121539159009 1.6310161738984963 1.9841752535271682
483 0.8206787359123683 1.6261116526439556 1.981422914334643
484 0.8206787359123683 1.6261116526439556 1.981422914334643
485 0.8193434679912225 1.6212071330482225 1.9786660861810768
486 0.8180063406266327 1.6163026150948951 1.9759047513699326
487 0.816667346740954 1.6113980987875258 1.9731388860079642
488 0.8153264773295842 1.6064935841448147 1.9703684705622684
489 0.8139837245621511 1.601589071225203 1.9675934823963608
490 0.8126390796177564 1.5966845600039135 1.964813900846303
491 0.8112925338862629 1.5917800504772082 1.9620297044424222
492 0.8099440788417467 1.5868755426361314 1.9592408711789444
493 0.8085937056048884 1.5819710365378203 1.956447379656991
494 0.8072414062255532 1.577066532187282 1.9536492058320287
495 0.805887171613493 1.5721620295918717 1.9508463280836135
496 0.8045309928264422 1.5672575287116142 1.9480387240342292
497 0.8031728610110684 1.5623530296129897 1.9452263708789073
498 0.8018127673281329 1.5574485322894862 1.9424092453395891
499 0.8004507027886139 1.5525440367569914 1.9395873241765311
500 0.7990866585750435 1.547639543043181 1.9367605833927708
501 0.797720624353469 1.542735051166142 1.9339290022951168
502 0.7963525921349319 1.53783056109548 1.9310925540817654
503 0.7949825520123486 1.532926072870461 1.9282512163193362
504 0.7936104947881353 1.5280215865055131 1.925404964451029
505 0.7922364107988046 1.5231171020080327 1.922553774664671
506 0.7908602911721958 1.5182126193710617 1.9196976208285792
507 0.7894821253929076 1.5133081386309661 1.9168364804685432
508 0.7881019041214187 1.508403659775387 1.91397032780547
509 0.7867196181315319 1.5034991828271365 1.9110991364343553
510 0.7853352569494803 1.4985947078377917 1.908222882618136
511 0.783948810426873 1.4936902347813241 1.9053415413284258
512 0.7825602692183508 1.4887857636537898 1.9024550852049291
513 0.7811696232077512 1.483881294503918 1.8995634884144508
514 0.779776861917441 1.4789768273480028 1.8966667255440952
515 0.7783819753634152 1.4740723621574707 1.8937647695005368
516 0.776984952912722 1.4691678989957788 1.8908575944595019
516 0.7755857846459736 1.4642634378791317 1.8879451723673792
517 0.7755857846459736 1.4642634378791317 1.8879451723673792
518 0.7741844596443792 1.459358978766357 1.885027477090811
519 0.7727809677064521 1.4544545216949847 1.8821044804088298
520 0.771375297644252 1.449550066684446 1.8791761560310676
521 0.7699674390266071 1.4446456137552595 1.87624247537218
522 0.7685573813720606 1.439741162937682 1.873303409522131
523 0.7671451128177112 1.4348367142182685 1.8703589324164982
524 0.7657306223425009 1.429932267613881 1.8674090155092318
525 0.7643138997415662 1.4250278231420819 1.8644536277881636
526 0.7628949335846514 1.4201233808190044 1.8614927407450483
527 0.7614737119747453 1.4152189406609694 1.8585263265239365
528 0.7600502239965774 1.4103145026802186 1.8555543543745727
529 0.7586244577022869 1.4054100669152685 1.8525767956018164
530 0.757196401909959 1.4005056333452854 1.8495936190566113
531 0.7557660445921704 1.3956012020004231 1.846604795209506
532 0.7543333742681487 1.390696772939992 1.843610292716056
533 0.7528983787605491 1.3857923461216841 1.8406100812742219
533 0.7514610464583773 1.3808879215890564 1.8376041287797378
534 0.7514610464583773 1.3808879215890564 1.8376041287797378
535 0.7500213646052749 1.3759834993279232 1.8345924053137912
536 0.748579321490448 1.371079079391118 1.8315748779451333
537 0.7471349044564313 1.3661746618051265 1.8285515154710512
538 0.7456881012206436 1.3612702465306634 1.8255222851247745
539 0.7442388991934831 1.356365833637539 1.8224871544707026
540 0.7427872857892689 1.3514614231131004 1.819446090379789
541 0.7413332480090191 1.346557014985484 1.8163990602092916
542 0.739876773424861 1.3416526092928172 1.8133460293426418
543 0.7384178484488105 1.336748206011736 1.8102869653270623
544 0.7369564602441613 1.331843805217388 1.8072218333985897
545 0.7354925954388234 1.3269394068863365 1.8041505993607359
546 0.734026240767162 1.3220350110375187 1.8010732281938637
547 0.7325573830590607 1.3171306176933302 1.7979896840206164
548 0.7310860080441381 1.3122262268893625 1.794899933046098
549 0.7296121022164942 1.3073218386311045 1.791803938914365
550 0.728135652132694 1.302417452941666 1.7887016644864355
551 0.7266566432444775 1.2975130698518365 1.7855930746858928
552 0.7251750621110393 1.2926086893533593 1.7824781309915398
553 0.7236908932042954 1.2877043114798785 1.779356799390267
554 0.722204123160908 1.2827999362672982 1.7762290398631366
555 0.7207147375720431 1.2778955637345912 1.773094814238972
556 0.7192227215590623 1.2729911938780636 1.769954084763333
557 0.7177280601658371 1.2680868267362482 1.7668068132145287
558 0.716230738599324 1.2631824623262813 1.7636529602130562
559 0.7147307417760903 1.2582781006847081 1.7604924863843334
560 0.7132280542791948 1.253373741803355 1.7573253523657932
561 0.7117226609907543 1.2484693857325286 1.7541515173826212
562 0.7102145459617807 1.2435650324976135 1.7509709419053978
563 0.7087036939129832 1.2386606820971031 1.7477835839376756
564 0.7071900891483964 1.2337563345696132 1.7445894017764187
565 0.7056737154762897 1.2288519899348962 1.7413883541141828
566 0.7041545565034834 1.2239476482185219 1.7381803993374672
566 0.7026325961837522 1.2190433094302773 1.7349654941306958
567 0.7026325961837522 1.2190433094302773 1.7349654941306958
568 0.7011078181395964 1.214138973616719 1.7317435952125892
569 0.6995802058466162 1.209234640795565 1.728514658776225
570 0.6980497425294393 1.2043303110110986 1.7252786408130614
571 0.6965164108628906 1.1994259842653356 1.7220354977414063
572 0.6949801938932011 1.194521660571097 1.7187851841928339
573 0.6934410743051935 1.1896173399773788 1.7155276548470084
574 0.6918990348306058 1.1847130225060913 1.7122628633181123
575 0.690354057642638 1.179808708170487 1.7089907636658166
576 0.6888061250069866 1.1749043970124895 1.7057113088252118
577 0.6872552190210078 1.1700000890647313 1.7024244511833486
578 0.6857013212168289 1.1650957843510432 1.6991301435492243
579 0.6841444136129352 1.1601914828694138 1.6958283365093867
580 0.6825844772868148 1.1552871846849206 1.692518982085614
581 0.6810214933088223 1.150382889816733 1.689202031242015
582 0.6794554429820479 1.1454785982990656 1.6858774333629567
583 0.6778863072621728 1.140574310143755 1.6825451376208982
583 0.6763140667077046 1.135670025408636 1.6792050931855895
584 0.6763140667077046 1.135670025408636 1.6792050931855895
585 0.6747387017358142 1.130765744087793 1.6758572484115943
586 0.6731601923058707 1.1258614662481727 1.6725015518098307
587 0.6715785186248194 1.12095719190118 1.6691379500889132
588 0.6699936605812594 1.1160529210766001 1.665766389652639
589 0.6684055977658315 1.1111486538188142 1.6623868165270703
590 0.6668143096032851 1.106244390142275 1.6589991759481355
591 0.6652197751386997 1.1013401300916912 1.655603412965376
592 0.6636219729422347 1.0964358737007767 1.6521994725997664
593 0.6620208819980297 1.0915316210104988 1.6487872976395743
594 0.6604164807755923 1.0866273720288944 1.6453668308712714
595 0.6588087474333503 1.0817231268216763 1.641938014690843
596 0.6571976598488828 1.076818885399171 1.638500790837838
597 0.6555831954275586 1.0719146478136927 1.6350551009999743
598 0.6539653321053771 1.0670104140999348 1.6316008842010012
599 0.6523440467778379 1.0621061842802655 1.6281380807050978
600 0.6507193164285408 1.0572019584120478 1.6246666292534213
601 0.6490911178083344 1.0522977365224593 1.6211864677420913
602 0.6474594272494564 1.0473935186618348 1.617697533745678
603 0.6458242209194753 1.0424893048562913 1.6141997637872336
604 0.6441854749490671 1.037585095144459 1.6106930930513395
605 0.6425431644806665 1.0326808895767114 1.6071774577376021
606 0.6408972648355832 1.0277766881641084 1.6036527920395727
607 0.6392477512509801 1.022872490984097 1.6001190289404694
608 0.6375945985335509 1.0179682980701665 1.5965761008820716
609 0.6359377806866509 1.0130641094703596 1.5930239407643125
610 0.6342772722457356 1.0081599251960187 1.5894624784938396
611 0.6326130467417863 1.0032557453119217 1.5858916449464575
612 0.6309450775518477 0.9983515698766723 1.582311369716064
613 0.6292733383194674 0.993447398902717 1.5787215799668395
614 0.62759780144706 0.9885432324686716 1.5751222043630095
615 0.6259184394508365 0.9836390706048952 1.5715131694600863
616 0.6242352245463423 0.9787349133689579 1.5678944008330278
616 0.6225481287552708 0.9738307607872453 1.5642658226831918
617 0.6225481287552708 0.9738307607872453 1.5642658226831918
618 0.620857123401212 0.9689266129274642 1.5606273591892441
619 0.6191621797524329 0.9640224698371174 1.5569789327613228
620 0.6174632684063927 0.9591183315682594 1.5533204655940787
621 0.6157603436699193 0.9542141981427174 1.549651918887176
622 0.6140533617707397 0.9493100696018453 1.5459732471202976
623 0.6123423225012866 0.9444059460316094 1.5422842931612408
624 0.6106271952542328 0.9395018274968784 1.5385849742668594
625 0.6089079487761865 0.9345977140435808 1.5348752072000076
626 0.6071845515778572 0.9296936057165545 1.5311549071869675
627 0.6054569717266691 0.9247895025722741 1.527423988421371
628 0.6037251768321382 0.9198854046933296 1.5236823640851698
629 0.6019891340236805 0.9149813121162591 1.5199299462442895
630 0.600248810197329 0.9100772249086722 1.5161666453107812
631 0.5985041714326531 0.9051731431228298 1.5123923713949998
632 0.596755183716907 0.900269066826705 1.5086070324841638
633 0.5950018126825823 0.8953649960825599 1.5048105350230476
633 0.5932440228894414 0.8904609309597629 1.5010027857047816
634 0.5932440228894414 0.8904609309597629 1.5010027857047816
635 0.5914817791855802 0.8855568715034604 1.4971836879283018
636 0.5897150455401403 0.880652817795393 1.4933531448036446
637 0.5879437854183056 0.8757487698838988 1.4895110580356385
638 0.5861679617552034 0.8708447278609405 1.485657328069091
639 0.5843875371921564 0.8659406917686261 1.4817918532781618
640 0.5826024738024373 0.8610366616991741 1.4779145307768722
641 0.580812732623617 0.8561326377120354 1.4740252574091441
642 0.5790182748566696 0.8512286198821782 1.4701239267325228
643 0.5772190607104817 0.8463246082974956 1.4662104318866045
644 0.5754150500187041 0.8414206030308661 1.462284663919575
645 0.5736062021349706 0.836516604140862 1.4583465119926093
646 0.5717924755295888 0.8316126117186056 1.4543958644233188
647 0.5699738283931972 0.8267086258363063 1.4504326069968256
648 0.568150217811233 0.821804646580015 1.4464566250559077
649 0.5663216010877058 0.8169006740270899 1.4424678000240663
650 0.5644879338132522 0.8119967082781372 1.4384660143094707
651 0.5626491717474777 0.8070927494002409 1.4344511463396799
652 0.5608052697282777 0.8021887974890599 1.4304230733740033
653 0.558956181890366 0.797284852625229 1.4263816707936667
654 0.5571018616962872 0.7923809149084701 1.4223268120048913
655 0.5552422619057982 0.7874769844366362 1.4182583683989074
656 0.5533773345947509 0.7825730612856617 1.4141762091842005
657 0.5515070308889959 0.7776691455660842 1.4100802020828795
658 0.5496313015941631 0.7727652373677906 1.4059702115335222
659 0.5477500962107403 0.7678613368000652 1.4018461011910797
660 0.5458633637714561 0.7629574439466509 1.3977077316111812
661 0.5439710524713552 0.7580535589190831 1.3935549611971332
662 0.5420731096846165 0.7531496818383228 1.3893876460252985
663 0.5401694819229224 0.7482458127942363 1.3852056397754893
664 0.538260114955392 0.7433419518969283 1.3810087934130737
665 0.5363449534221694 0.7384380992668634 1.3767969560545523
666 0.5344239409108182 0.7335342550086674 1.3725699746132363
666 0.5324970206830262 0.7286304192443493 1.3683276918803144
667 0.5324970206830262 0.7286304192443493 1.3683276918803144
668 0.5305641346477705 0.7237265920895108 1.3640699489986756
669 0.5286252239919678 0.718822773668251 1.3597965837498007
670 0.5266802285272496 0.713918964093719 1.3555074320713407
671 0.5247290873887073 0.7090151635103404 1.3512023262112745
672 0.5227717384990345 0.7041113720438861 1.346881095878496
673 0.5208081187752459 0.6992075898089196 1.3425435675872437
674 0.5188381641026506 0.6943038169581313 1.3381895646765978
675 0.516861809272467 0.6894000536245923 1.3338189072142699
676 0.5148789878596656 0.6844962999488755 1.329431412212612
677 0.5128896322376233 0.6795925560815079 1.3250268934402063
678 0.5108936736918439 0.6746888221675174 1.320605160937009
679 0.5088910421370008 0.6697850983476721 1.3161660215810134
680 0.506881666398084 0.664881384783451 1.3117092782386819
681 0.5048654737286525 0.6599776816388531 1.307234730797947
682 0.5028423904922331 0.6550739890561276 1.302742174172855
683 0.5008123412692108 0.6501703072105449 1.2982314005338118
683 0.49877524950860047 0.645266636271018 1.293702197345884
684 0.49877524950860047 0.645266636271018 1.293702197345884
685 0.49673103705376404 0.6403629764146889 1.2891543484233274
686 0.49467962451358266 0.6354593278208069 1.2845876327444306
687 0.49262093081275793 0.6305556906605582 1.2800018253796617
688 0.4905548733593246 0.6256520651180942 1.275396696874343
689 0.4884813679510944 0.6207484513860849 1.270772013249506
690 0.4864003288338266 0.6158448496632313 1.2661275356037598
691 0.4843116685384064 0.6109412601370459 1.2614630202505592
692 0.4822152978203281 0.6060376830288097 1.2567782187088916
693 0.48011112563932196 0.6011341185413153 1.2520728773798724
694 0.4779990591371312 0.5962305668843436 1.2473467373777685
695 0.4758790037453191 0.5913270282830454 1.2425995339763125
696 0.473750862780555 0.5864235029674819 1.2378309973424106
697 0.4716145376539995 0.5815199911532991 1.2330408516370457
698 0.4694699276551472 0.5766164930912708 1.2282288153605208
699 0.46731693030606475 0.571713009021303 1.2233945999920546
700 0.4651554404132713 0.5668095391989176 1.2185379121769078
700 0.4651554404132713 0.5668095391989176 1.2185379121769078
701 0.4629853509338261 0.5619060838793125 1.2136584510632282
702 0.4608065524423256 0.5570026433282947 1.2087559093422593
703 0.45861893338897114 0.5520992178082196 1.2038299721480632
704 0.456422379263648 0.5471958076081633 1.19888031890759
705 0.45421677321581505 0.5422924130049613 1.193906621205506
706 0.4520019959999642 0.5373890343014089 1.1889085425663728
707 0.4497779256738981 0.5324856717939065 1.1838857387144737
708 0.4475444375107812 0.5275823258005163 1.1788378573866356
709 0.4453014037830049 0.5226789966367427 1.1737645383472535
710 0.44304869401897695 0.517775684638254 1.1686654122403897
711 0.4407861744685906 0.512872390135757 1.1635401013974025
712 0.4385137085479672 0.5079691134908699 1.1583882181765484
713 0.43623115619414593 0.5030658550505673 1.1532093659689828
714 0.4339383741384082 0.4981626151926667 1.1480031379611835
715 0.43163521555449 0.4932593942996562 1.1427691173575867
716 0.42932153006022605 0.4883561927638793 1.1375068767116612
716 0.4269971636206535 0.48345301099235116 1.1322159774856335
717 0.4269971636206535 0.48345301099235116 1.1322159774856335
718 0.42466195825498043 0.47854984941206663 1.1268959700994226
719 0.4223157521700325 0.4736467084417119 1.121546392735577
720 0.4199583792361465 0.46874358853225784 1.1161667720140405
721 0.41758966926616575 0.46384049014737827 1.1107566213562934
722 0.4152094475523688 0.4589374137636863 1.105315441325073
723 0.4128175348894279 0.454034359870546 1.0998427186290862
724 0.4104137472068089 0.44913132897806174 1.0943379261410142
725 0.40799789555562554 0.4442283216076587 1.0888005218818428
726 0.40556978589310094 0.4393253383105251 1.0832299485601262
727 0.4031292188582238 0.4344223796414169 1.0776256329715426
728 0.4006759895134561 0.4295194461859372 1.0719869855628381
729 0.398209887089634 0.4246165385468614 1.0663133998259653
730 0.3957306951520894 0.41971365734479604 1.060604250533281
731 0.39323819069487953 0.4148108032340366 1.0548588948114035
732 0.3907321445182535 0.40990797687636993 1.0490766695987066
733 0.38821232066288114 0.40500517897439425 1.0432568916999825
733 0.3856784760237656 0.4001024102424682 1.0373988571190418
734 0.3856784760237656 0.4001024102424682 1.0373988571190418
735 0.3831303602326806 0.3951996714364145 1.0315018397299656
736 0.3805677153799703 0.39029696333373265 1.0255650901549764
737 0.37799027548880887 0.38539428674226484 1.0195878352793104
738 0.3753977663704837 0.3804916425047809 1.0135692766196962
739 0.3727899051326438 0.3755890314948485 1.007508589486104
740 0.3701663998307966 0.37068645461840527 1.001404921645634
741 0.3675269490804753 0.36578391282604394 0.995257391985017
742 0.3648712415167501 0.36088140709998406 0.9890650893718548
743 0.3621989554274888 0.35597893847407364 0.9828270709779549
744 0.35950975825845904 0.3510765080180256 0.9765423606822639
745 0.35680330601509164 0.3461741168480913 0.9702099476439527
746 0.35407924276792674 0.34127176613806387 0.9638287843993802
747 0.35133720011660063 0.3363694571055181 0.9573977847887581
748 0.348576796390605 0.3314671910240556 0.9509158224422463
749 0.3457976360543786 0.3265649692315283 0.9443817284516489
750 0.342999309204001 0.3216627931248072 0.9377942884820688
751 0.3401813904227278 0.316760664167386 0.9311522413785247
752 0.3373434382809951 0.31185858389037446 0.9244542756767876
753 0.3344849941711632 0.30695655390523985 0.917699027622637
754 0.3316055816773904 0.3020545758984917 0.9108850772974985
755 0.32870470540944674 0.2971526516473288 0.90401094586457
756 0.3257818509315417 0.2922507830187463 0.8970750893061827
757 0.32283648367248113 0.28734897198322756 0.8900758945037458
758 0.3198680449022773 0.28244722061157806 0.8830116828264866
759 0.3168759497890515 0.2775455310722043 0.8758807074407826
760 0.31385958880610487 0.2726439056651836 0.8686811408321083
761 0.31081832693287914 0.2677423468194788 0.8614110675568285
762 0.30775150084829106 0.262840857102019 0.8540684818027543
763 0.304658416819169 0.2579394392301144 0.846651282190622
764 0.30153834889093617 0.2530380960810366 0.839157264778147
765 0.29839053662338544 0.24813683071198792 0.8315841163058553
766 0.2952141828247418 0.24323564635894843 0.8239294062079286
766 0.2920084509283315 0.2383345464716613 0.8161905784369112
767 0.2920084509283315 0.2383345464716613 0.8161905784369112
768 0.2887724622405192 0.23343353471592287 0.8083649420888879
769 0.2855052928909993 0.2285326149968488 0.8004496613101263
770 0.28220597053118457 0.223631791487769 0.792441744116314
771 0.2788734706462078 0.21873106864554107 0.7843380302138303
772 0.2755067124480631 0.21383045123572866 0.7761351777446756
773 0.27210455466542394 0.20892994437214435 0.7678296477949139
774 0.26866579035822175 0.20402955354045232 0.7594176886771196
775 0.2651891418109138 0.19912928464203963 0.7508953167623416
776 0.26167325430704275 0.19422914403187722 0.7422582966923024
777 0.25811668956526646 0.18932913856900363 0.7335021183166481
778 0.2545179182671794 0.1844292756696382 0.7246219713145468
779 0.25087531173107264 0.17952956336931983 0.715612716654111
780 0.2471871326678375 0.1746300103919274 0.7064688542125284
781 0.24345152460056413 0.1697306262311254 0.6971844867663322
782 0.23966650015360774 0.1648314212444506 0.6877532785717085
783 0.23582992762889493 0.15993240675678286 0.6781684087545267
783 0.23193951586516942 0.15503359518795123 0.6684225178691631
784 0.23193951586516942 0.15503359518795123 0.6684225178691631
785 0.22799279692965924 0.15013500019407613 0.6585076468025263
786 0.22398710639188188 0.14523663683886565 0.6484151662942754
787 0.21991956046079633 0.14033852178666348 0.638135696036373
788 0.21578702990794005 0.13544067354362213 0.627659009910857
789 0.21158610956309262 0.13054311273506014 0.6169739261458165
790 0.2073130828851975 0.12564586243087497 0.6060681780534474
791 0.20296388043358982 0.12074894855807038 0.5949282616203215
792 0.19853403088877558 0.115852400379076 0.5835392545068498
793 0.19401860298926804 0.11095625108678853 0.5718845996068015
794 0.18941213618713076 0.10606053853789264 0.559945844405184
795 0.18470855721878135 0.10116530615687226 0.5477023245709467
796 0.1799010790175286 0.09627060408044728 0.535130776347746
797 0.17498207694564372 0.09137649059640768 0.5222048577283306
798 0.16994293610105685 0.08648303400241973 0.5088945500564522
799 0.16477386075636213 0.08159031500936285 0.4951654020536904
800 0.15946363389316048 0.07669842991709543 0.48097756237314165
801 0.15399930977931645 0.07180749486238383 0.4662845240364074
802 0.14836581544316146 0.06691765161620285 0.45103146851128123
803 0.1425454256818935 0.06202907563866389 0.4351530422104804
804 0.13651705890125834 0.057141987556045826 0.4185703092049189
805 0.1302553131027074 0.052256669931952084 0.4011864751401523
806 0.12372911487080607 0.04737349255015074 0.3828807197046274
807 0.11689977355184783 0.04249295194621511 0.36349900992210626
808 0.10971808829918829 0.03761573595278335 0.3428398775068854
809 0.10211988446502424 0.032742834851382276 0.320631334660358
810 0.09401880043075267 0.027875745751783892 0.2964911871250167
811 0.08529397862578873 0.023016881557490782 0.2698535339578074
812 0.07576770362506059 0.01817048746678126 0.2398183737585425
813 0.06516159139912947 0.013345043928159038 0.20479923282440463
814 0.05300656986588762 0.008561251817913673 0.16151303205573517
815 0.03851952833865576 0.003891150428792841 0.10101760319032589
816 0.03193823426895172 0.0004904285706739316 0.015355531759960019
816 0.0294256840034342 4.655199272310839e-05 0.0015820190523923052
817 0.0294256840034342 4.655199272310839e-05 0.0015820190523923052
818 0.027283245125812247 4.322316366850956e-06 0.00015842383656780186
819 0.025343909799145397 4.011752827452824e-07 1.582925783451179e-05
820 0.023541915945791587 3.723839442321352e-08 1.5817911553571047e-06
821 0.021857464209370608 3.4566805596096523e-09 1.5814645864215684e-07
