1 2.248681221246943 4.495110265824711 1.9989984455564913
2 2.2473676024449385 4.490190414114812 1.9979777270215513
3 2.2460609479871563 4.485285089410889 1.9969560903636427
4 2.244753414112697 4.4803801654720745 1.9959342248035172
5 2.2434432123153045 4.475475203429137 1.994913523489772
6 2.242128143963074 4.4705702379777055 1.9938959555075868
7 2.240807267902881 4.465665272280119 1.992882358177743
8 2.2394811967988058 4.46076030603691 1.9918721855817678
9 2.23815242786516 4.4558553397353124 1.9908632156861124
10 2.2368230009467793 4.450950373033516 1.9898536322049458
11 2.2354929358347757 4.446045406322137 1.9888434157193606
12 2.2341622079429295 4.441140440343179 1.987832586440664
13 2.2328308053509494 4.436235474384205 1.9868211526609296
14 2.2314987242112716 4.431330508678404 1.9858091159091602
15 2.2301659732990338 4.42642554304354 1.9847964662897397
16 2.2288325356183045 4.421520577627289 1.9837832169839118
16 2.2274984276647203 4.416615612094538 1.9827693511437667
17 2.2274984276647203 4.416615612094538 1.9827693511437667
18 2.2261636409887506 4.411710646747934 1.9817548744028863
19 2.224828181766337 4.406805681466644 1.980739779180606
20 2.2234920350133263 4.40190071638548 1.9797240768434314
21 2.222155202131896 4.396995751417836 1.9787077640659108
22 2.220817690658839 4.392090786503753 1.9776908320650013
23 2.2194794931539157 4.387185821664239 1.9766732854242228
24 2.218140611465319 4.382280856972397 1.9756551204738242
25 2.216801038725524 4.377375892311283 1.9746363412153172
26 2.215460782231909 4.372470927917517 1.9736169391870633
27 2.214119835576404 4.3675659636706925 1.97259691796839
28 2.2127781998231275 4.36266099939108 1.9715762744498286
29 2.2114358689346347 4.357756035185297 1.9705550119726771
30 2.2100928465798906 4.3528510710491295 1.969533125173971
31 2.2087491342419887 4.347946107157764 1.9685106107126633
32 2.2074047245937494 4.343041143321443 1.9674874729285252
33 2.2060596186902863 4.3381361796652556 1.966463708827942
33 2.2047138198442364 4.333231215914756 1.9654393132170325
34 2.2047138198442364 4.333231215914756 1.9654393132170325
35 2.203367318885805 4.328326252460043 1.964414292324524
36 2.2020201163869517 4.323421289207839 1.9633886434705494
37 2.200672209633996 4.318516325959434 1.9623623668504755
38 2.1993236008611756 4.313611362738681 1.961335458342568
39 2.1979742901147374 4.3087063995748505 1.9603079157718126
40 2.1966242752023133 4.303801436602361 1.9592797390013243
41 2.195273557307549 4.298896473761909 1.9582509247888011
42 2.193922127742565 4.293991511084232 1.957221478732489
43 2.192569992000561 4.289086548507833 1.9561913937325908
44 2.19121715067355 4.284181585965302 1.955160667051371
45 2.1898635947465124 4.27927662361319 1.9541293046193307
46 2.188509335375929 4.274371661526081 1.9530972943242462
47 2.187154357261983 4.269466699358027 1.9520646474640286
48 2.1857986680646553 4.264561737578839 1.9510313552138623
49 2.1844422626160727 4.25965677560167 1.949997419707644
50 2.1830851432545537 4.25475181390774 1.948962836861569
51 2.1817273034035405 4.249846852341257 1.9479276102523935
52 2.1803687451483538 4.24494189081421 1.9468917357487534
53 2.179009460566383 4.240036929379454 1.9458552182133961
54 2.1776494515038083 4.235131968018506 1.9448180537477568
55 2.176288720788631 4.230227006767594 1.9437802375939661
56 2.1749272726499065 4.225322045621583 1.9427417637158502
57 2.173565099007478 4.220417084736132 1.9417026371390094
58 2.1722021967733993 4.215512123777005 1.9406628581992733
59 2.170838573033606 4.210607163099636 1.939622418453522
60 2.169474223195742 4.205702202567795 1.9385813196584512
61 2.168109132699453 4.2007972420636746 1.9375395724814726
62 2.1667433165661745 4.195892281662057 1.9364971612381159
63 2.1653767719039774 4.190987321278419 1.9354540861696592
64 2.1640094890232344 4.186082361000449 1.9344103536671249
65 2.162641473005193 4.181177400988606 1.9333659569463761
66 2.1612727199001944 4.176272441120377 1.9323208971578716
66 2.159903222011311 4.171367481369772 1.9312751788412892
67 2.159903222011311 4.171367481369772 1.9312751788412892
68 2.158532986805122 4.166462521724408 1.9302287929781665
69 2.157162018252385 4.161557562127896 1.9291817336462116
70 2.1557903057039502 4.156652602670643 1.9281340080585123
71 2.1544178502958347 4.151747643247999 1.927085612792291
72 2.153044653502905 4.1468426840466135 1.926036544249043
73 2.1516707102815467 4.141937724929279 1.924986804503792
74 2.1502960178050534 4.137032765990243 1.9239363937497225
75 2.1489205843865586 4.132127807292881 1.9228853021911272
76 2.1475443979382267 4.127222848639656 1.9218335381573677
77 2.146167460276193 4.122317890053627 1.9207810976330435
78 2.144789772074144 4.117412931570893 1.9197279776232337
79 2.1434113283221956 4.112507973377307 1.9186741802827303
80 2.142032129750817 4.107603015061476 1.9176197023428
81 2.1406521766341036 4.102698056984945 1.9165645412959627
82 2.139271465006387 4.097793099066217 1.9155086982165594
83 2.13788999463319 4.092888141185304 1.9144521708131874
83 2.1365077598004816 4.087983183451289 1.9133949618011437
84 2.1365077598004816 4.087983183451289 1.9133949618011437
85 2.1351247708504335 4.083078225876966 1.9123370594640472
86 2.133741027648275 4.0781732683151 1.9112784613838083
87 2.1323565123558414 4.073268311011469 1.9102191811777736
88 2.130971233176404 4.068363353927604 1.9091592089975533
89 2.12958518349502 4.063458396934377 1.9080985482184536
90 2.1281983718801634 4.058553439982258 1.9070371886417317
91 2.1268107829553 4.053648483271841 1.9059751416339505
92 2.125422423642588 4.048743526524454 1.9049123983483918
93 2.1240332910419624 4.043838569901027 1.9038489589385335
94 2.1226433885480582 4.038933613405235 1.902784817834129
95 2.121252708799606 4.0340286570516835 1.9017199791035257
96 2.1198612516285698 4.029123700879827 1.900654440371736
97 2.1184690199227276 4.0242187450991995 1.8995881965958537
98 2.1170760091457583 4.019313789358633 1.8985212491168086
99 2.115682215129632 4.014408833593569 1.8974535990735255
100 2.1142876415523846 4.009503878020416 1.8963852406934076
101 2.1128922822655984 4.004598922587103 1.8953161768819933
102 2.111496138164458 3.999693967226312 1.8942464042123615
103 2.1100992046088867 3.994789011943291 1.8931759242493706
104 2.1087014900825882 3.989884056759212 1.8921047267828064
105 2.107302980909367 3.984979101805726 1.8910328215291012
106 2.1059036890459297 3.9800741470324263 1.8899601951101481
107 2.1045035979541034 3.975169192412759 1.8888868597218014
108 2.1031027188935028 3.9702642379253685 1.8878128026072964
109 2.1017010437231756 3.9653592836014986 1.886738028438546
110 2.10029856964109 3.9604543293428573 1.8856625370266478
111 2.0988952963657104 3.955549375076865 1.8845863259239266
112 2.0974912306412947 3.9506444210396365 1.8835093865120722
113 2.0960863611643745 3.945739467129653 1.8824317262089323
114 2.0946806889015677 3.940834513334482 1.8813533414493935
115 2.0932742142834946 3.9359295597611794 1.8802742291976335
116 2.0918669347578325 3.931024606240288 1.879194388956374
116 2.0904588525139216 3.926119652776403 1.8781138160432922
117 2.0904588525139216 3.926119652776403 1.8781138160432922
118 2.0890499537014646 3.921214699625374 1.8770325202983322
119 2.087640251343456 3.916309746573246 1.875950487184269
120 2.086229737771189 3.9114047937119674 1.8748677208918965
121 2.0848184072954425 3.9064998409592397 1.8737842237430151
122 2.0834062703290526 3.901594888271297 1.8726999835970928
123 2.081993315782259 3.896689935830177 1.8716150077389124
124 2.080579542568274 3.8917849834991696 1.8705292943018839
125 2.079164949304888 3.8868800312187632 1.8694428417130808
126 2.0777495407332864 3.881975079015064 1.868355642925578
127 2.0763333073778245 3.877070127064581 1.8672677037391865
128 2.0749162542656356 3.8721651751365203 1.8661790167078216
129 2.0734983716460755 3.8672602234645916 1.865089587890302
130 2.072079665107119 3.862355271939257 1.8639994093757908
131 2.0706601337976407 3.857450320506178 1.8629084790614676
132 2.069239773030195 3.85254536924376 1.861816798351064
133 2.0678185794839696 3.8476404181611645 1.860724367377217
133 2.0663965549471035 3.8427354671701597 1.8596311816192161
134 2.0663965549471035 3.8427354671701597 1.8596311816192161
135 2.0649736968395556 3.837830516331784 1.8585372405496434
136 2.063550005319548 3.8329255654983916 1.8574425410664324
137 2.0621254758935943 3.828020615030386 1.856347084491338
138 2.0607001014124564 3.8231156646349596 1.8552508742123603
139 2.059273896779817 3.8182107142726256 1.8541538938765456
140 2.057846847923126 3.8133057640862322 1.8530561532967318
141 2.056418954952352 3.8084008141012844 1.851957649451605
142 2.054990221550192 3.8034958642883603 1.8508583760652515
143 2.0535606392018306 3.7985909145780807 1.849758337817821
144 2.052130211003557 3.7936859649568246 1.848657528949682
145 2.050698930579546 3.7887810154638912 1.847555952249484
146 2.0492667951619574 3.7838760662734825 1.8464536073129685
147 2.0478338095709523 3.778971117204796 1.8453504867157846
148 2.0463999666851116 3.7740661682833454 1.8442465938839987
149 2.0449652713197564 3.7691612193956807 1.843141921409346
150 2.043529720743175 3.7642562706630396 1.842036468788956
151 2.0420933104598693 3.759351322165962 1.8409302370807799
152 2.0406560333949715 3.754446373846618 1.8398232295917458
153 2.039217894847064 3.7495414256053325 1.8387154384433935
154 2.0377788933867813 3.744636477427649 1.8376068618534351
155 2.0363390269834585 3.739731529460667 1.836497498651066
156 2.0348980225181084 3.7348265816995014 1.835387592090633
157 2.033456072348085 3.7299216339754024 1.8342769655546893
158 2.0320132526149655 3.7250166863872063 1.8331655473179331
159 2.0305695606591576 3.720111739002898 1.832053336697949
160 2.0291249946593224 3.715206791773873 1.83094033218867
161 2.02767955787494 3.7103018448285012 1.8298265277759138
162 2.0262332424449285 3.705396897879142 1.8287119272646382
163 2.0247860422893105 3.7004919510370256 1.8275965330406416
164 2.0233379646729457 3.695587004342288 1.8264803353994528
165 2.0218890073273834 3.690682057758626 1.8253633331916286
166 2.0204391627430938 3.685777111395457 1.8242455300615834
166 2.01898842988037 3.6808721651038936 1.823126923675335
167 2.01898842988037 3.6808721651038936 1.823126923675335
168 2.017536812393445 3.6759672189952077 1.8220075075776845
169 2.0160843039001737 3.6710622730506253 1.8208872843009833
170 2.014630908781385 3.666157327128471 1.8197662465856166
171 2.013176624078874 3.661252381521328 1.8186443940041914
172 2.0117214410680275 3.656347435972036 1.817521731055803
173 2.010265355825952 3.651442490549476 1.816398258054454
174 2.0088083787509268 3.6465375454331284 1.8152739624177288
175 2.0073504996850313 3.6416326003961133 1.8141488499230767
176 2.00589172154409 3.6367276554299965 1.8130229146319652
177 2.0044320351120866 3.6318227105910412 1.811896161591706
178 2.002971445600773 3.6269177659643725 1.8107685828124784
179 2.001509952643829 3.6220128214253866 1.80964017522921
180 2.0000475498186283 3.617107877036608 1.80851094133468
181 1.9985842359960784 3.6122029327934095 1.8073808787914893
182 1.9971200078681375 3.607297988803401 1.8062499872774684
183 1.9956548663153622 3.6023930447719095 1.8051182624694602
183 1.994188808390553 3.5974881009807897 1.8039857037830882
184 1.994188808390553 3.5974881009807897 1.8039857037830882
185 1.9927218330864578 3.5925831574825047 1.802852308753037
186 1.9912539378665592 3.5876782140868007 1.8017180761639369
187 1.9897851155778512 3.582773270751408 1.8005830090406214
188 1.988315372037642 3.5778683274743437 1.799447098680183
189 1.9868447007456949 3.5729633845003503 1.7983103476378197
190 1.9853731042386702 3.568058441651692 1.7971727500660049
191 1.983900582182326 3.563153499010714 1.7960343028334522
192 1.9824271283789563 3.5582485564656454 1.794895008007305
193 1.980952743189335 3.553343614139644 1.7937548618240933
194 1.9794774209243682 3.548438671876249 1.792613865845064
195 1.9780011649486637 3.5435337297725154 1.7914720135488307
196 1.9765239671831256 3.5386287878812235 1.7903293087431449
197 1.9750458306388838 3.533723846228675 1.7891857451660214
198 1.973566746529546 3.5288189044986096 1.7880413270561661
199 1.9720867209317299 3.5239139631519993 1.7868960455689773
200 1.9706057452736028 3.5190090218946373 1.7857499047360441
201 1.9691238237973514 3.5141040807601427 1.7846028971318717
202 1.9676409510515203 3.5091991398051183 1.7834550241139164
203 1.9661571245018459 3.5042941990771896 1.7823062843795117
204 1.964672348499508 3.4993892585176147 1.7811566703171784
205 1.9631866154411446 3.4944843180317324 1.780006185120864
206 1.961699925702755 3.48957937773234 1.7788548248439378
207 1.9602122720805626 3.4846744375994088 1.7777025923324046
208 1.9587236582292222 3.4797694976536655 1.776549480593674
209 1.9572340780338213 3.4748645578815287 1.7753954914642982
210 1.955743535767771 3.4699596182458103 1.77424061733309
211 1.95425202365302 3.465054678688351 1.773084861496644
212 1.952759539315567 3.460149739234865 1.7719282223799204
213 1.9512660852925825 3.4552448000451963 1.7707706940066557
214 1.9497716579949609 3.4503398610395166 1.7696122758229333
215 1.9482762562736977 3.4454349222265934 1.7684529650925294
216 1.9467798734646442 3.440529983633871 1.7672927640816578
216 1.9452825107280367 3.435625045146649 1.7661316678680468
217 1.9452825107280367 3.435625045146649 1.7661316678680468
218 1.9437841644166738 3.430720106719594 1.7649696759151998
219 1.9422848340342282 3.4258151685829823 1.7638067849540806
220 1.9407845186986081 3.4209102305441976 1.7626429918340893
221 1.9392832123976458 3.4160052927737086 1.7614782982369592
222 1.9377809173500433 3.4111003550541548 1.7603126981552213
223 1.936277630454045 3.406195417591272 1.7591461906175823
224 1.9347733439366155 3.401290480263509 1.7579787787147316
225 1.9332680628784042 3.3963855430213794 1.7568104538822045
226 1.9317617846887012 3.391480605923783 1.755641214566377
227 1.9302545002555804 3.386575669186786 1.7544710652084363
228 1.9287462154500439 3.3816707325162714 1.7532999963539575
229 1.9272369265149225 3.3767657960186863 1.7521280074915273
230 1.9257266324515934 3.371860859686038 1.7509550955284907
231 1.9242153268112192 3.366955923512281 1.7497812623143116
232 1.9227030088942345 3.3620509874575375 1.7486065044393342
233 1.9211896785048463 3.3571460516551053 1.7474308181104652
233 1.919675331899258 3.352241116041772 1.7462542026443526
234 1.919675331899258 3.352241116041772 1.7462542026443526
235 1.9181599636903177 3.347336180486282 1.745076658802947
236 1.916643576669965 3.342431245133347 1.7438981800364723
237 1.9151261664321475 3.337526310060828 1.7427187662933934
238 1.9136077285308521 3.3326213750712994 1.7415384174006638
239 1.9120882657559264 3.3277164402464487 1.7403571267306883
240 1.910567775995067 3.322811505613406 1.7391748920724943
241 1.9090462504088876 3.3179065712516325 1.7379917173515251
242 1.907523690586617 3.313001637086126 1.7368075969044898
243 1.906000096453003 3.3080967031157043 1.7356225266052987
244 1.9044754613548676 3.303191769228328 1.7344365082437956
245 1.9029497889034253 3.298286835527594 1.7332495343601428
246 1.9014230684841258 3.2933819020404353 1.7320616103947992
247 1.8998953045398947 3.2884769687392095 1.730872728029397
248 1.8983664966842986 3.2835720355462437 1.729682883300646
249 1.8968366351157566 3.278667102606748 1.7284920809253896
250 1.8953057227468335 3.273762169727404 1.7273003138421372
251 1.893773758702526 3.2688572370743914 1.7261075786127542
252 1.8922407355375104 3.2639523046169003 1.7249138776677595
253 1.8907066554293275 3.259047372377694 1.7237192046788739
254 1.8891715118680583 3.254142440285652 1.7225235611709375
255 1.8876353036984876 3.2492375083311877 1.7213269438036476
256 1.8860980301474515 3.244332576565219 1.7201293489032399
257 1.8845596866731933 3.2394276450626354 1.7189307762287889
258 1.883020269946512 3.234522713806208 1.7177312243686502
259 1.8814797844585787 3.2296177826657324 1.7165306846999149
260 1.8799382217870473 3.224712851730105 1.7153291604788643
261 1.8783955853808003 3.219807920940066 1.7141266440355938
262 1.876851867605163 3.214902990327786 1.712923137844628
263 1.8753070645004575 3.209998059875787 1.7117186409847303
264 1.8737611775987335 3.2050931296496175 1.7105131475490465
265 1.8722142020886219 3.2001881996107238 1.709306657347556
266 1.8706661359938814 3.1952832697834284 1.7080991676185875
266 1.8691169787224877 3.190378340118536 1.706890674279311
267 1.8691169787224877 3.190378340118536 1.706890674279311
268 1.8675667286825826 3.1854734106329468 1.7056811741768612
269 1.8660153796560017 3.1805684813946224 1.7044706683933963
270 1.864462926540379 3.1756635522969123 1.7032591568820001
271 1.8629093747108485 3.1707586233833833 1.702046630086626
272 1.8613547181356909 3.165853694668087 1.7008330888370196
273 1.8597989528091432 3.160948766207665 1.6996185321177826
274 1.8582420797720343 3.1560438379599147 1.6984029542303187
275 1.8566840899025134 3.1511389098793394 1.697186358743879
276 1.8551249909300958 3.1462339819292726 1.695968733811224
277 1.853564773017293 3.141329054179424 1.6947500836811147
278 1.852003434418308 3.136424126632116 1.693530405151343
279 1.8504409728121987 3.131519199292341 1.6923096955279961
280 1.848877388056217 3.1266142721394963 1.6910879500920308
281 1.847312670348954 3.1217093452210882 1.6898651729765937
282 1.8457468241131159 3.1168044184357173 1.6886413552050112
283 1.8441798476576698 3.1118994919000853 1.6874164934903566
283 1.8426117338571373 3.1069945655985545 1.6861905894274785
284 1.8426117338571373 3.1069945655985545 1.6861905894274785
285 1.8410424861411752 3.102089639420182 1.6849636348817574
286 1.839472092322115 3.0971847134548414 1.6837356361003626
287 1.8379005561761275 3.092279787674391 1.6825065846370284
288 1.8363278772799445 3.0873748620869352 1.6812764758873566
289 1.8347540452622404 3.082469936778688 1.6800453143778802
290 1.833179063836143 3.0775650116046642 1.6788130915942807
291 1.831602925986557 3.0726600866781184 1.6775798089660128
292 1.8300256304317408 3.067755161938605 1.6763454625577339
293 1.8284471734133472 3.0628502374116056 1.6751100507289327
294 1.826867552868168 3.0579453131329495 1.673873570271692
295 1.8252867711040395 3.053040388965799 1.6726360138572323
296 1.8237048193946508 3.048135465046506 1.671397384395949
297 1.8221216949472954 3.0432305413680414 1.6701576792630564
298 1.8205374006392312 3.038325617785434 1.6689168905393594
299 1.8189519279588675 3.033420694491856 1.667675020909322
300 1.8173652790696166 3.028515771407892 1.6664320631008822
301 1.8157774440537713 3.0236108484988162 1.6651880209220602
302 1.8141884244459778 3.0187059257650715 1.663942887678237
303 1.8125982205396822 3.0138010033100557 1.6626966578466176
304 1.8110068288628696 3.008896081060202 1.6614493292383037
305 1.8094142415915566 3.003991159009735 1.6602009036733518
306 1.8078204547636723 2.9990862371694638 1.6589513794175539
307 1.8062254710862626 2.99418131555808 1.6577007485988897
308 1.8046292857843942 2.9892763941480474 1.6564490101626266
309 1.8030318939794137 2.9843714729091895 1.6551961631263656
310 1.8014332944260574 2.9794665519317314 1.653942203217133
311 1.7998334869501516 2.9745616311153618 1.652687125049444
312 1.7982324661152824 2.9696567105080587 1.651430928128776
313 1.7966302293366818 2.96475179012026 1.650173609299032
314 1.7950267705144416 2.959846869994371 1.6489151686278753
315 1.7934220915784531 2.9549419501349536 1.6476555987632597
316 1.7918161844133504 2.950037030429952 1.6463949014925372
316 1.7902090519802525 2.945132110922566 1.645133068489843
317 1.7902090519802525 2.945132110922566 1.645133068489843
318 1.788600686976579 2.94022719165796 1.6438701008373597
319 1.7869910900772175 2.9353222726554575 1.642605992248467
320 1.785380252571773 2.930417353889553 1.6413407450140647
321 1.783767992952267 2.9255124352915534 1.6400745202573208
322 1.78215439627927 2.920607516940357 1.6388072341195108
323 1.780539554224473 2.9157025987090477 1.637538796479589
324 1.7789234628474535 2.9107976807053477 1.6362692052226615
325 1.7773061184622132 2.9058927629168063 1.634998457908357
326 1.7756875204056382 2.9009878453250306 1.6337265492874156
327 1.7740676646243483 2.896082928072837 1.6324534772951127
328 1.7724465490896069 2.8911780109646323 1.6311792377883816
329 1.7708241702627474 2.8862730940225085 1.6299038281108709
330 1.7692005193074978 2.881368177367079 1.6286272505136428
331 1.7675756009031445 2.8764632609677183 1.62734949469657
332 1.765949410950276 2.8715583447781503 1.6260705584045776
333 1.7643219408075284 2.8666534287951646 1.6247904435644553
333 1.762693190975976 2.8617485130367384 1.623509143671357
334 1.762693190975976 2.8617485130367384 1.623509143671357
335 1.761063157383536 2.8568435975496485 1.6222266564216505
336 1.7594318362369292 2.8519386822460433 1.6209429791527283
337 1.7577992261680417 2.8470337671405836 1.6196581069995382
338 1.7561653203954717 2.8421288523780515 1.6183720401323214
339 1.7545301235235717 2.837223937807098 1.617084768034181
340 1.7528936235405277 2.832319023407177 1.615796295548389
341 1.7512558208958453 2.8274141092209444 1.6145066160434494
342 1.7496167118093398 2.8225091953300616 1.613215726781214
343 1.7479762885180778 2.817604281621042 1.6119236285577918
344 1.7463345591278396 2.812699368242476 1.6106303076583468
345 1.744691513331247 2.8077944550834215 1.6093357671708544
346 1.7430471479478413 2.8028895421129554 1.6080400036297977
347 1.7414014551994659 2.7979846293508075 1.6067430178128093
348 1.7397544392045043 2.79307971690029 1.6054447995416032
349 1.7381060897598493 2.788174804746064 1.6041453517554276
350 1.7364564072724884 2.783269892794083 1.602844667529466
350 1.7364564072724884 2.783269892794083 1.602844667529466
351 1.7348053937312247 2.7783649810449758 1.601542738502363
352 1.733153034538081 2.7734600695275198 1.6002395716121518
353 1.7314993315363203 2.7685551582363694 1.5989351585714404
354 1.7298442840023067 2.763650247165964 1.59762949343149
355 1.72818788222097 2.7587453363453784 1.5963225785381587
356 1.7265301296891458 2.753840425725261 1.595014403960085
357 1.7248710172931947 2.7489355153945723 1.5937049714641396
358 1.7232105431835425 2.7440306053269237 1.5923942760107936
359 1.7215487034193158 2.7391256954133305 1.5910823144142932
360 1.7198854981794516 2.7342207857967216 1.5897690797968662
361 1.7182209179973598 2.7293158764373042 1.5884545740593168
362 1.7165549629939658 2.7244109673170644 1.5871387902227292
363 1.7148876302377982 2.719506058424267 1.585821724101632
364 1.7132189108070426 2.714601149886329 1.5845033771005759
365 1.7115488065401954 2.709696241549577 1.5831837404783584
366 1.7098773117691142 2.7047913335081164 1.5818628125485918
366 1.7082044206860008 2.699886425657744 1.5805405916075852
367 1.7082044206860008 2.699886425657744 1.5805405916075852
368 1.706530131836824 2.6949815180817103 1.579217072001516
369 1.704854443131988 2.690076610745412 1.5778922485625648
370 1.7031773496510028 2.6851717036444818 1.5765661187278583
371 1.7014988464516463 2.6802667968159746 1.5752386799470823
372 1.6998189291431203 2.675361890157319 1.57390992904519
373 1.6981375978950746 2.670456983801123 1.57257985872952
374 1.6964548449887384 2.6655520777294632 1.5712484688899326
375 1.694770667094084 2.660647171948315 1.5699157553336454
376 1.693085063885659 2.6557422664479313 1.5685817110411202
377 1.6913980267284814 2.6508373611509604 1.5672463366167193
378 1.6897095546017755 2.6459324561386195 1.5659096256706693
379 1.6880196430513235 2.6410275513873964 1.5645715748978979
380 1.6863282876662633 2.6361226469055405 1.5632321809377419
381 1.6846354853554641 2.631217742701607 1.5618914391717271
382 1.6829412293145443 2.6263128387630537 1.5605493483766757
383 1.6812455208654742 2.6214079351017845 1.5592058997738367
383 1.6795483526594366 2.61650303166349 1.5578610925493495
384 1.6795483526594366 2.61650303166349 1.5578610925493495
385 1.6778497163037944 2.6115981285440437 1.5565149269132654
386 1.6761496161287148 2.6066932256790514 1.5551673911422943
387 1.6744480430759938 2.6017883230871486 1.5538184859457405
388 1.672744996739439 2.596883420765357 1.552468203956535
389 1.6710404708696225 2.5919785186912683 1.5511165431812566
390 1.6693344606989844 2.5870736169447333 1.5497635002763153
391 1.6676269629757043 2.5821687154515174 1.5484090703618212
392 1.6659179709698702 2.5772638142012414 1.5470532517881421
393 1.664207485034306 2.5723589132144213 1.5456960363096761
394 1.6624955000479065 2.5674540125428966 1.5443374207442444
395 1.6607820103935507 2.56254911216626 1.5429774022895517
396 1.6590670084067871 2.5576442120345746 1.541615979990282
397 1.6573504959319152 2.5527393121486854 1.5402531440480247
398 1.655632465941977 2.547834412605955 1.5388888929260982
399 1.6539129149566627 2.5429295133338337 1.5375232216506791
400 1.6521918377979228 2.538024614314181 1.536156126819338
401 1.6504692294385557 2.533119715635354 1.5347876049146654
402 1.6487450888107347 2.5282148172350536 1.533417648606125
403 1.647019407848906 2.5233099190804733 1.532046257048087
404 1.6452921848651714 2.5184050212313327 1.5306734234793142
405 1.6435634130023051 2.5135001236579275 1.5292991458519418
406 1.6418330917010928 2.5085952263406996 1.5279234162234847
407 1.640101213048139 2.5036903293049613 1.526546233480211
408 1.638367774992223 2.4987854325729715 1.525167591009798
409 1.6366327694617748 2.4938805361892875 1.523787487775543
410 1.634896195313987 2.4889756400914087 1.522405916183194
411 1.6331580468309883 2.484070744215989 1.521022872854301
412 1.6314183208195416 2.479165848725926 1.5196383521551475
413 1.6296770085191967 2.474260953535943 1.5182523534428312
414 1.6279341089872466 2.4693560586094354 1.5168648687787774
415 1.6261896175078758 2.464451163992109 1.5154758937453205
416 1.624443528138678 2.4595462696630483 1.5140854249831934
416 1.6226958360716948 2.454641375662493 1.5126934580696372
417 1.6226958360716948 2.454641375662493 1.5126934580696372
418 1.6209465376423053 2.449736481939976 1.5112999874154764
419 1.619195626294082 2.4448315885729968 1.5099050101614842
420 1.6174431001110001 2.4399266954777 1.508508518976807
421 1.6156889542520785 2.4350218026722006 1.5071105092746029
422 1.6139331798034209 2.4301169102071527 1.5057109802421584
423 1.6121757769101341 2.4252120180606456 1.5043099225251737
424 1.6104167398698066 2.4203071262271316 1.5029073321870712
425 1.6086560613551648 2.415402234699958 1.5015032067607874
426 1.606893737792124 2.4104973434664974 1.5000975402259809
427 1.6051297654285803 2.4055924525493313 1.4986903267020422
428 1.603364135587409 2.4006875619427976 1.4972815648413396
429 1.6015968474235376 2.395782671646521 1.4958712459384378
430 1.5998278922987226 2.3908777816640376 1.4944593685191288
431 1.5980572690664476 2.385972892034698 1.4930459240853955
432 1.5962849729104596 2.381068002683389 1.4916309074450895
433 1.5945109950599132 2.3761631136711845 1.4902143171373372
433 1.5927353317057669 2.37125822500081 1.4887961469789655
434 1.5927353317057669 2.37125822500081 1.4887961469789655
435 1.5909579801525273 2.366353336606294 1.487376389651365
436 1.5891789328739514 2.361448448562943 1.4859550423893302
437 1.5873981856888242 2.356543560809433 1.484532099163797
438 1.5856157330012148 2.3516386734353127 1.4831075553117705
439 1.583831570143544 2.346733786362041 1.4816814051442067
440 1.5820456902151225 2.3418288995898413 1.4802536450583834
441 1.5802580896128882 2.336924013185083 1.4788242683557806
442 1.5784687622426261 2.332019127160744 1.4773932705817399
443 1.5766777026253436 2.3271142413802264 1.4759606465578365
444 1.5748849072929874 2.3222093559915913 1.4745263893493987
445 1.573090370369795 2.3173044709265658 1.473090494083836
446 1.571294082895866 2.31239958619096 1.4716529587696596
447 1.5694960422145317 2.307494701746047 1.4702137754296036
448 1.5676962432258665 2.302589817644258 1.4687729383762458
449 1.5658946808594325 2.2976849339484984 1.4673304418451865
450 1.564091346298694 2.2927800505786835 1.465886283435029
451 1.5622862387039052 2.287875167539598 1.4644404532665227
452 1.5604793486608566 2.2829702848678473 1.4629929494594112
453 1.5586706719913352 2.2780654025483433 1.461543765135402
454 1.5568602057563157 2.273160520591141 1.4600928922111218
455 1.5550479395021208 2.2682556389338604 1.4586403295451373
456 1.5532338703931647 2.263350757681046 1.4571860689003207
457 1.551417992377491 2.2584458767746582 1.4557301048917664
458 1.5496002984870751 2.2535409962261004 1.4542724329792045
459 1.5477807853526546 2.248636116037836 1.4528130451790657
460 1.5459594444473719 2.243731236144552 1.4513519382435092
461 1.5441362725115761 2.2388263566484543 1.4498891040276825
462 1.5423112626177033 2.233921477547754 1.4484245377007803
463 1.5404844068716614 2.229016598778351 1.4469582352377888
464 1.5386557024307268 2.2241117203808387 1.4454901878745499
465 1.53682514109132 2.219206842337241 1.4440203917807803
466 1.5349927184046215 2.2143019646725373 1.4425488395631927
466 1.5331584272621845 2.2093970873892164 1.4410755262485269
467 1.5331584272621845 2.2093970873892164 1.4410755262485269
468 1.5313222609404997 2.204492210509686 1.4396004464506
469 1.52948421490012 2.1995873339317438 1.4381235925833884
470 1.5276442812078392 2.1946824576929487 1.4366449602768208
471 1.5258024552402096 2.189777581901508 1.4351645420289796
472 1.5239587319453713 2.1848727064688367 1.4336823305443398
473 1.5221131027643866 2.1799678313940913 1.4321983218165204
474 1.5202655625806656 2.175062956735219 1.4307125085718764
475 1.5184161043106978 2.1701580824503575 1.4292248852533906
476 1.5165647228793726 2.165253208557975 1.4277354443844592
477 1.514711412232718 2.1603483350456187 1.426244179319424
478 1.5128561640547322 2.155443461896594 1.4247510854697578
479 1.5109989733256233 2.150538589181366 1.423256155130372
480 1.509139831255724 2.145633716823795 1.4217593839786586
481 1.5072787332760758 2.1407288448736046 1.4202607637279687
482 1.5054156731998722 2.135823973357035 1.4187602875272207
483 1.5035506451447083 2.1309191021672325 1.4172579480767298
483 1.5016836392104158 2.1260142314094517 1.4157537419314952
484 1.5016836392104158 2.1260142314094517 1.4157537419314952
485 1.4998146518857671 2.1211093610031977 1.4142476594266205
486 1.4979436749525719 2.116204491013066 1.4127396953560818
487 1.4960707015571972 2.111299621448811 1.4112298431158685
488 1.494195726765312 2.1063947522679243 1.4097180941802867
489 1.4923187418477712 2.1014898834861233 1.4082044435655103
490 1.490439740318378 2.096585015110019 1.4066888840887726
491 1.4885587142797196 2.0916801471495163 1.4051714098235175
492 1.4866756587836087 2.0867752795897827 1.4036520119641784
493 1.4847905663458851 2.081870412456519 1.4021306840466166
494 1.4829034292718561 2.076965545724455 1.4006074196917182
495 1.481014240745332 2.0720606794011736 1.3990822116324775
496 1.4791229936196586 2.0671558135256913 1.3975550528540017
497 1.4772296812533718 2.0622509480796283 1.3960259357433766
498 1.4753342954490642 2.0573460830479684 1.3944948540776316
499 1.4734368294386693 2.052441218476969 1.3929618002414677
500 1.4715372765978338 2.0475363542939573 1.3914267663187048
501 1.469635629587577 2.042631490567763 1.3898897450798642
502 1.467731882049784 2.0377266272310286 1.388350728189681
503 1.4658260234389089 2.032821764335634 1.386809711268819
504 1.463918046104385 2.0279169019261594 1.3852666871090393
505 1.462007945858739 2.023012039895727 1.383721645033517
506 1.4600957124571847 2.018107178369018 1.3821745801669123
507 1.458181341117269 2.013202317221318 1.3806254822042832
508 1.456264823577964 2.008297456511542 1.379074344168572
509 1.4543461502901305 2.003392596287493 1.377521160205108
510 1.4524253155230638 1.9984877364963254 1.375965920682543
511 1.4505023103463657 1.9935828771122768 1.3744086189261076
512 1.4485769629141259 1.9886780182010149 1.3728494026305367
513 1.4466493966646512 1.983773159712514 1.3712881395355627
514 1.4447196373357782 1.978868301715229 1.3697247899007448
515 1.4427876770295816 1.9739634441391218 1.3681593456655574
516 1.4408535093317993 1.9690585870441601 1.366591797355803
516 1.4389171241917427 1.9641537304002683 1.3650221387861774
517 1.4389171241917427 1.9641537304002683 1.3650221387861774
518 1.4369785144498797 1.9592488742236023 1.3634503609635833
519 1.435037669582205 1.954344018476915 1.3618764579510307
520 1.433094583566649 1.9494391632341743 1.3603004195176427
521 1.431149249450739 1.944534308455852 1.3587222361344529
522 1.4292016569276214 1.9396294541294712 1.3571419013738937
523 1.4272517977051977 1.93472460026145 1.3555594068069774
524 1.4252996634619552 1.9298197468946647 1.3539747439547307
525 1.4233452473939858 1.9249148940066567 1.3523879027460124
526 1.4213885398409745 1.9200100415767107 1.3507988757187548
527 1.4194295309769605 1.9151051896584501 1.3492076555151897
528 1.4174682150564535 1.9102003382200476 1.347614230731777
529 1.4155045789695335 1.9052954872720256 1.3460185968872334
530 1.4135386171524353 1.900390636787371 1.3444207421907552
531 1.4115703224341096 1.8954857868182506 1.3428206563238578
532 1.4095996822672965 1.8905809373645324 1.3412183339340662
533 1.4076266900987218 1.8856760884092196 1.339613763843147
533 1.4056513366637715 1.880771239935321 1.3380069373385421
534 1.4056513366637715 1.880771239935321 1.3380069373385421
535 1.4036736119556275 1.8758663919493423 1.3363978463168842
536 1.4016935074748913 1.8709615445035914 1.3347864811574053
537 1.3997110157067436 1.8660566975806767 1.3331728311350506
538 1.397726123602388 1.8611518511199059 1.3315568906468753
539 1.3957388251375011 1.8562470052124271 1.3299386473895352
540 1.3937491102999178 1.8513421597789845 1.3283180926161082
541 1.3917569698278678 1.8464373149134459 1.3266952168680808
542 1.3897623930149097 1.84153247052954 1.3250700118130074
543 1.387765372856877 1.836627626669734 1.3234424655580082
544 1.385765897053855 1.8317227833396477 1.3218125711087994
545 1.383763957502251 1.826817940554901 1.3201803173515085
546 1.3817595455378184 1.8219130983181624 1.3185456935700228
547 1.3797526494634498 1.817008256556413 1.316908691759353
548 1.3777432603086002 1.8121034153773918 1.3152693013148904
549 1.3757313692042552 1.8071985747467447 1.3136275113011757
550 1.373716963470957 1.8022937346688768 1.3119833143175572
551 1.3717000351576052 1.7973888951016803 1.3103366982819713
552 1.3696805745669425 1.7924840560892583 1.308687652707636
553 1.3676585709447366 1.7875792176364746 1.3070361679535776
554 1.3656340135110425 1.782674379740772 1.3053822342616668
555 1.3636068927200296 1.7777695423824278 1.3037258405435712
556 1.36157719801125 1.772864705602594 1.3020669765857416
557 1.3595449181719554 1.767959869391026 1.300405632620234
558 1.357510043764812 1.763055033769217 1.2987417970622879
559 1.3554725636972267 1.7581501986936807 1.2970754597187115
560 1.3534324683496985 1.7532453641862058 1.2954066088897787
561 1.3513897452899986 1.7483405302752293 1.293735235426141
562 1.3493443857762166 1.7434356969367664 1.2920613264595509
563 1.347296377375176 1.7385308641688282 1.2903848725221554
564 1.3452457102094049 1.7336260320142607 1.2887058615815243
565 1.3431923723949617 1.7287212004455044 1.2870242833222247
566 1.3411363537658476 1.7238163695067612 1.2853401256824977
566 1.3390776429015483 1.7189115391280747 1.2836533775618062
567 1.3390776429015483 1.7189115391280747 1.2836533775618062
568 1.3370162276696307 1.7140067093396731 1.2819640284599407
569 1.3349520952795983 1.7091018801975866 1.2802720683693332
570 1.3328852391842503 1.704197051674998 1.278577481072562
571 1.3308156447470658 1.6992922237438766 1.2768802579465042
572 1.328743301999858 1.694387396404629 1.275180385748285
573 1.3266681972120138 1.6894825696797071 1.2734778546965593
574 1.3245903192646087 1.6845777436295128 1.2717726523660262
575 1.3225096558896687 1.6796729181957037 1.2700647671761358
576 1.3204261972334188 1.6747680933662168 1.2683541850920723
577 1.3183399307615495 1.6698632691826611 1.266640894521075
578 1.3162508441871632 1.6649584456417585 1.2649248834251925
579 1.314158923784284 1.6600536227493277 1.2632061409810291
580 1.3120641589776059 1.6551488004791997 1.2614846531353574
581 1.30996653670627 1.650243978859245 1.259760408085351
582 1.307866045136114 1.6453391578835415 1.258033392641756
583 1.3057626714502257 1.6404343375507948 1.256303594380494
583 1.3036564035902263 1.6355295179068072 1.2545709999986296
584 1.3036564035902263 1.6355295179068072 1.2545709999986296
585 1.301547227889376 1.630624698914047 1.252835597489852
586 1.2994351322539746 1.6257198805884503 1.2510973731859232
587 1.297320103302137 1.6208150629393316 1.2493563144622408
588 1.295202128775528 1.6159102459660761 1.2476124074114536
589 1.2930811952108556 1.611005429646796 1.2458656390746585
590 1.2909572891629704 1.6061006140381746 1.2441159963390707
591 1.2888303970817532 1.6011957991006998 1.2423634659193505
592 1.2867005069744706 1.5962909848963833 1.2406080329057143
593 1.284567604673483 1.5913861713694029 1.2388496841891854
594 1.2824316759478829 1.5864813585537423 1.2370884065859706
595 1.2802927079474518 1.5815765464586131 1.235324185353032
596 1.2781506871163806 1.5766717350467245 1.2335570061804164
597 1.2760055995616915 1.5717669243398182 1.2317868549164055
598 1.273857430696958 1.5668621143583572 1.2300137178625157
599 1.271706165589943 1.5619573051147717 1.2282375814307556
600 1.2695517908874703 1.5570524965953356 1.226458430267654
601 1.267394293083492 1.5521476887926946 1.224676248948869
602 1.26523365721897 1.5472428817360875 1.2228910232573043
603 1.2630698683215644 1.542338075418662 1.2211027387330553
604 1.260902912747678 1.537433269844181 1.21931137940978
605 1.2587327745784123 1.5325284650270734 1.2175169312965284
606 1.2565594385213226 1.5276236609566392 1.215719379541883
607 1.254382891586649 1.5227188576559882 1.2139187068550699
608 1.2522031163965535 1.5178140551015384 1.212114899912827
609 1.2500200991785564 1.5129092533568271 1.2103079417291185
610 1.247833824165932 1.5080044523960876 1.2084978169301166
611 1.245644276327654 1.5030996521989202 1.2066845091845027
612 1.2434514393262472 1.4981948527666653 1.2048680031915429
613 1.2412552983644536 1.4932900541369132 1.2030482819324553
614 1.2390558371382627 1.4883852563138038 1.2012253295633513
615 1.2368530399249549 1.4834804592809345 1.1993991293993533
616 1.2346468898757832 1.4785756630781464 1.197569665628773
616 1.2324373708276737 1.4736708676792918 1.1957369214547688
617 1.2324373708276737 1.4736708676792918 1.1957369214547688
618 1.2302244663930844 1.468766073098747 1.1939008800605688
619 1.2280081611584235 1.463861279364429 1.1920615234214054
620 1.2257884375802783 1.4589564864338784 1.1902188352452376
621 1.2235652791543759 1.4540516943514665 1.1883727980221728
622 1.2213386693919253 1.4491469030994957 1.186523393892859
623 1.2191085896894172 1.4442421126966614 1.1846706067952484
624 1.2168750245991233 1.4393373231294169 1.1828144172846178
625 1.2146379556575546 1.4344325344388478 1.180954808597518
626 1.21239736541477 1.4295277466110181 1.1790917626433197
627 1.2101532362482477 1.424622959643602 1.17722526120763
628 1.207905550532019 1.419718173528226 1.1753552857695824
629 1.2056542902992913 1.4148133883375 1.1734818178984683
630 1.2033994376980572 1.409908604027421 1.1716048386430928
631 1.2011409746711346 1.405003820590741 1.169724328965984
632 1.1988788821792846 1.400099038067435 1.167840270505373
633 1.1966131411822025 1.3951942564456135 1.1659526445340733
633 1.194343733143457 1.3902894757527777 1.1640614315391438
634 1.194343733143457 1.3902894757527777 1.1640614315391438
635 1.1920706411185307 1.385384695980279 1.16216661009314
636 1.1897938447399101 1.3804799171376378 1.160268161783449
637 1.1875133240356988 1.3755751392178743 1.1583660674585594
638 1.1852290596661643 1.3706703622306526 1.1564603070200796
639 1.1829410332657209 1.365765586188886 1.1545508590723623
640 1.1806492238095418 1.3608608110982316 1.1526377044548508
641 1.1783536118612017 1.3559560369889168 1.150720822119935
642 1.1760541775182876 1.3510512638640673 1.1488001910890355
643 1.1737509001290096 1.34614649169494 1.146875790720997
644 1.1714437597004508 1.341241720530262 1.1449475994248586
645 1.169132735856033 1.3363369503190556 1.1430155955222625
646 1.1668178075300508 1.3314321811253091 1.1410797577247456
647 1.16449895374357 1.326527412930724 1.1391400642020961
648 1.162176152969107 1.3216226457356848 1.1371964932847973
649 1.1598493828544434 1.3167178795754169 1.1352490237438526
650 1.157518623646655 1.311813114449758 1.1332976313737506
651 1.155183852502657 1.3069083503524963 1.1313422945803255
652 1.1528450475400438 1.3020035872871611 1.1293829904247703
653 1.150502186907465 1.2970988252738678 1.127419695533524
654 1.148155248753199 1.2921940643357912 1.1254523861115528
655 1.1458042087247093 1.2872893044634122 1.1234810403569533
656 1.143449045353166 1.28238454566613 1.1215056332222064
657 1.1410897362694516 1.2774797879435518 1.1195261400913115
658 1.1387262562126659 1.2725750313066155 1.1175425387477431
659 1.1363585821809705 1.2676702757796536 1.1155548043177195
660 1.133986691958785 1.2627655213654372 1.1135629106759681
661 1.1316105605972768 1.2578607680602227 1.1115668339082216
662 1.129230164028471 1.2529560158923858 1.1095665487915494
663 1.1268454778747246 1.2480512648374307 1.1075620298812443
664 1.1244564772184222 1.2431465149320335 1.1055532518316902
665 1.1220631372784382 1.238241766195899 1.1035401886557399
666 1.1196654332989249 1.2333370186333708 1.101522813827993
666 1.1172633402928074 1.2284322722462613 1.099501100541184
667 1.1172633402928074 1.2284322722462613 1.099501100541184
668 1.1148568320205194 1.22352752701063 1.09747502268355
669 1.1124458828858317 1.2186227829684637 1.095444553048455
670 1.1100304667335241 1.213718040133913 1.0934096644261568
671 1.107610556933803 1.2088132985010056 1.091370329520298
672 1.1051861272994083 1.203908558112512 1.08932652009878
673 1.1027571499509157 1.1990038189460634 1.0872782089868398
674 1.1003235982915187 1.1940990810230232 1.0852253672257057
675 1.0978854459850227 1.189194344344802 1.0831679650128316
676 1.0954426633025143 1.1842896089380157 1.0811059753393644
677 1.0929952233646516 1.1793848747949618 1.0790393677699435
678 1.0905430981824977 1.1744801419468156 1.0769681124058348
679 1.0880862591499338 1.1695754104118705 1.0748921793439428
680 1.085624676565095 1.1646706801638185 1.0728115391120476
681 1.083158321964899 1.1597659512371021 1.0707261604501486
682 1.0806871651318113 1.154861223640939 1.0686360131797075
683 1.0782111775369367 1.1499564973681968 1.0665410647987854
683 1.0757303286664441 1.1450517724502314 1.0644412841550384
684 1.0757303286664441 1.1450517724502314 1.0644412841550384
685 1.0732445868699734 1.1401470488946688 1.06233664054138
686 1.0707539229430576 1.13524232673526 1.0602271001865216
687 1.0682583056013155 1.1303376059713943 1.0581126306667326
688 1.0657577030323975 1.1254328866036587 1.0559931993936966
689 1.0632520833289805 1.120528168634063 1.0538687731753644
690 1.0607414148554286 1.1156234520977009 1.0517393178711254
691 1.0582256653594413 1.1107187369969895 1.049604799199156
692 1.0557048020192263 1.105814023333373 1.04746518270856
693 1.053178790489524 1.1009093111564208 1.0453204347618046
694 1.0506475991729003 1.096004600440945 1.0431705181677957
695 1.0481111928773237 1.0910998912322447 1.0410153986018473
696 1.0455695382760675 1.0861951835222947 1.0388550390567142
697 1.0430226001942755 1.0812904773256358 1.0366894035893683
698 1.0404703438766716 1.0763857726645267 1.0345184550422057
699 1.0379127333031342 1.0714810695628605 1.0323421566983728
700 1.0353497334451593 1.0665763680206402 1.0301604700003864
700 1.0353497334451593 1.0665763680206402 1.0301604700003864
701 1.032781308080287 1.0616716680609732 1.0279733567548652
702 1.0302074196981594 1.0567669696956357 1.0257807791806217
703 1.0276280323266722 1.0518622729213831 1.0235826970775035
704 1.025043108580792 1.0469575777779294 1.0213790708055963
705 1.0224526094983055 1.0420528842682204 1.0191698613586915
706 1.019856497051736 1.0371481924183763 1.016955027905032
707 1.0172547335364202 1.0322435022200813 1.0147345283236517
708 1.014647278975093 1.027338813723051 1.0125083218680464
709 1.0120340935936867 1.022434126926855 1.01027636657599
710 1.009415137676297 1.0175294418422234 1.0080386194570112
711 1.0067903700225411 1.0126247584991677 1.0057950380241478
712 1.0041597499421493 1.0077200769102341 1.003545578249168
713 1.0015232357301442 1.0028153970918572 1.0012901960889313
714 0.9988807852356222 0.9979107190577535 0.9990288468932358
715 0.9962323558782614 0.9930060428335037 0.9967614853846887
716 0.9935779044123272 0.9881013684350425 0.9944880658547616
716 0.9909173879104658 0.9831966958821183 0.9922085411735201
717 0.9909173879104658 0.9831966958821183 0.9922085411735201
718 0.988250760814412 0.9782920251907354 0.9899228657153073
719 0.9855779793662481 0.9733873563867232 0.9876309909162502
720 0.9828989984843406 0.968482689475053 0.9853328683501378
721 0.9802137713678803 0.9635780244780795 0.9830284501445171
722 0.9775222523999114 0.9586733614296062 0.9807176860434335
723 0.9748243942033213 0.9537687003320987 0.9784005262933223
724 0.9721201498810578 0.9488640412303249 0.9760769194491253
725 0.9694094703222139 0.9439593841332331 0.9737468149753874
726 0.9666923070625968 0.9390547290585906 0.97141016039738
727 0.9639686108570997 0.9341500760215249 0.9690669026981469
728 0.9612383312155716 0.9292454250743452 0.9667169888025912
729 0.9585014174055464 0.9243407762348788 0.9643603644706827
730 0.9557578179679919 0.9194361294954029 0.9619969747672988
731 0.9530074816033249 0.9145314848899446 0.9596267632142311
732 0.9502503553153931 0.9096268424590798 0.957249673594881
733 0.9474863851454335 0.9047222022121821 0.9548656491494733
733 0.9447155172352645 0.8998175641757689 0.9524746315262285
734 0.9447155172352645 0.8998175641757689 0.9524746315262285
735 0.9419376962977227 0.8949129283723407 0.9500765622713557
736 0.9391528670973444 0.8900082948332297 0.9476713813204802
737 0.9363609733048553 0.8851036635825946 0.9452590281060629
738 0.933561957583842 0.8801990346481027 0.9428394414508403
739 0.93075576183174 0.8752944080525357 0.9404125592840213
740 0.9279423273328959 0.8703897838224794 0.9379783184631368
741 0.9251215951063743 0.8654851619774369 0.9355366543766821
742 0.9222935042550526 0.8605805425584234 0.9330875026096216
743 0.919457993563819 0.855675925583949 0.930630797245396
744 0.9166150013447772 0.8507713111048831 0.9281664710447745
745 0.9137644640967627 0.845866699141254 0.9256944566971925
746 0.9109063183996712 0.840962089705484 0.9232146848898042
747 0.9080404991259443 0.8360574828414655 0.9207270861225157
748 0.9051669404582743 0.8311528785793222 0.918231589587795
749 0.9022855761010568 0.82624827695017 0.915728122930372
750 0.8993963383804484 0.8213436779839094 0.9132166131150932
751 0.89649915859599 0.8164390817232813 0.9106969860428078
752 0.8935939669995114 0.8115344881977196 0.9081691664981476
753 0.8906806931014531 0.8066298974401142 0.9056330778107872
754 0.8877592646493205 0.80172530948605 0.9030886428459236
755 0.8848296093658601 0.7968207243780348 0.9005357821932524
756 0.8818916530264423 0.7919161421479229 0.89797441605242
757 0.878945320916641 0.78701156283818 0.8954044627229092
758 0.8759905364468782 0.7821069864796906 0.8928258399365928
759 0.873027222565977 0.7772024131049583 0.8902384633787557
760 0.8700553005976661 0.7722978427628902 0.8876422478345646
761 0.8670746906102704 0.767393275489363 0.8850371067217416
762 0.8640853116368375 0.7624887113302711 0.8824229518331795
763 0.8610870811089978 0.7575841503162131 0.8797996938248303
764 0.8580799158894671 0.7526795924983173 0.8771672411398953
765 0.8550637305746265 0.747775037917198 0.8745255016426349
766 0.852038438763888 0.7428704866133861 0.8718743812674936
766 0.8490039529495953 0.7379659386383787 0.8692137840755038
767 0.8490039529495953 0.7379659386383787 0.8692137840755038
768 0.845960183835112 0.7330613940195764 0.866543612840364
769 0.842907040375769 0.7281568528284765 0.8638637690152206
770 0.8398444306875437 0.7232523150989434 0.8611741516304973
771 0.836772261126857 0.7183477808834602 0.8584746582255034
772 0.8336904348178704 0.7134432502324296 0.8557651862568025
773 0.8305988329610184 0.708538723185451 0.8530456522068145
774 0.8274973365579169 0.7036341997892664 0.8503159692526923
775 0.8243858647642419 0.6987296800838523 0.847576007727492
776 0.8212643381741959 0.6938251641591001 0.8448256327573973
777 0.8181326556493712 0.6889206520579729 0.8420647278908092
778 0.81499071177989 0.6840161438319633 0.8392931771432263
779 0.8118383990793191 0.6791116395587721 0.8365108626654414
780 0.80867560812825 0.6742071392777517 0.8337176644146133
781 0.8055022275829221 0.669302643052552 0.8309134601165966
782 0.8023181441952136 0.6643981509463979 0.8280981251057707
783 0.79912324289803 0.6594936630272831 0.8252715321301648
783 0.7959174064037399 0.6545891793483878 0.8224335516244993
784 0.7959174064037399 0.6545891793483878 0.8224335516244993
785 0.792700514801854 0.6496846999828977 0.8195840520493354
786 0.7894724461624556 0.6447802250078182 0.8167228991233685
787 0.7862330764714452 0.6398757544745988 0.8138499557234515
788 0.782982279179761 0.6349712884627199 0.8109650822850104
789 0.7797199255512464 0.6300668270509535 0.808068136267659
790 0.7764458842116597 0.625162370301839 0.8051589724589476
791 0.7731600215837962 0.620257918292518 0.8022374424144919
792 0.7698622007485799 0.6153534711128872 0.7993033954836913
793 0.7665522828366406 0.6104490288227212 0.7963566771515487
794 0.7632301261446354 0.6055445915304047 0.7933971298921859
795 0.7598955859754637 0.6006401592974989 0.7904245930399351
796 0.7565485143340999 0.5957357322090372 0.787438903020506
797 0.7531887611215528 0.5908313103661909 0.7844398919155408
798 0.7498161720583876 0.5859268938475463 0.7814273893814078
799 0.74643059078968 0.5810224827603911 0.7784012203274028
800 0.7430318570134592 0.5761180771884742 0.7753612065896098
801 0.7396198074162765 0.5712136772287654 0.7723071657912915
802 0.7361942750029449 0.5663092829912423 0.7692389118198141
803 0.7327550893757816 0.5614048945723135 0.7661562542684791
804 0.729302076404874 0.556500512072986 0.7630589985651477
805 0.72583505841613 0.5515961356108877 0.7599469455423452
806 0.7223538535790158 0.5466917652924649 0.7568198917799005
807 0.7188582759306587 0.5417874012277254 0.7536776293300773
808 0.7153481359810137 0.5368830435421889 0.7505199448180829
809 0.7118232391302608 0.5319786923593711 0.7473466207837887
810 0.7082833869263657 0.527074347796627 0.744157434051778
811 0.704728376255112 0.5221700099860214 0.7409521562914838
812 0.7011579996148012 0.5172656790596699 0.7377305533757624
813 0.6975720439570341 0.5123613551503666 0.7344923862544078
814 0.6939702919734043 0.5074570384029299 0.7312374092555213
815 0.6903525204800647 0.502552728961434 0.7279653713902045
816 0.6867185016133542 0.49764842697530454 0.7246760147078394
816 0.6830680015898847 0.49274413258684463 0.7213690751725319
817 0.6830680015898847 0.49274413258684463 0.7213690751725319
818 0.6794007808820518 0.48783984596129804 0.7180442820921485
819 0.675716594220453 0.4829355672664419 0.7147013576358667
820 0.6720151900395637 0.47803129666436367 0.7113400169365524
821 0.6682963109248393 0.4731270343243617 0.7079599671433356
822 0.6645596922598688 0.46822278043155413 0.7045609083502175
823 0.6608050629787713 0.46331853517037974 0.7011425322345995
824 0.6570321447381525 0.45841429872815137 0.6977045223728643
825 0.653240652029975 0.45351007130088017 0.6942465535351742
826 0.6494302918571798 0.4486058530942911 0.6907682914072427
827 0.6456007631091791 0.443701644322012 0.6872693925967007
828 0.6417517566129616 0.43879744519703295 0.6837495038781332
829 0.6378829545890454 0.4338932559480218 0.6802082620745941
830 0.6339940305296244 0.42898907680329706 0.6766452934027299
831 0.630084648745649 0.42408490801173854 0.673060213188803
832 0.626154464119674 0.4191807498197353 0.6694526252544919
833 0.6222031214951828 0.41427660248324916 0.6658221217015489
833 0.618230255614259 0.4093724662812713 0.6621682820659245
834 0.618230255614259 0.4093724662812713 0.6621682820659245
835 0.6142354897389964 0.404468341479162 0.658490673749624
836 0.6102184366873145 0.3995642283725393 0.6547888499430611
837 0.606178697195355 0.39466012726482924 0.6510623502456091
838 0.6021158599541946 0.38975603846542517 0.6473106994641787
839 0.5980295008576685 0.3848519622991204 0.6435334072101494
840 0.5939191827313796 0.37994789909576987 0.6397299668760058
841 0.5897844542078076 0.37504384921349054 0.6358998555111894
842 0.5856248497149763 0.37013981301553645 0.6320425323407699
843 0.5814398882449836 0.36523579088187835 0.6281574385691098
844 0.5772290730778373 0.3603317832074654 0.6242439960380788
845 0.5729918909218958 0.35542779040324063 0.6203016064178276
846 0.568727810819567 0.3505238129050286 0.6163296505579798
847 0.5644362838179455 0.34561985115654914 0.6123274868488542
848 0.5601167418589865 0.34071590563014087 0.6082944503664177
849 0.5557685965271678 0.3358119768115338 0.6042298519742257
850 0.5513912386460043 0.33090806521171634 0.6001329764040028
851 0.5469840366006984 0.3260041713709399 0.5960030815468292
852 0.5425463353941022 0.32110029584708677 0.5918393967472687
853 0.538077455588584 0.3161964392305865 0.5876411210811839
854 0.5335766918320998 0.3112926021367875 0.5834074218420727
855 0.5290433114236995 0.3063887852101261 0.5791374327852448
856 0.524476552870423 0.30148498912709776 0.5748302521382352
857 0.519875624199227 0.29658121460355485 0.5704849406247577
858 0.5152397012751115 0.2916774623860586 0.5661005191646088
859 0.5105679261247751 0.2867737332662398 0.561675966296709
860 0.5058594044651944 0.281870028075924 0.5572102160953657
861 0.5011132039724596 0.27696634768935624 0.5527021549098472
862 0.4963283516477183 0.2720626930312979 0.5481506186944591
863 0.4915038314635241 0.267159065076637 0.5435543895581283
864 0.4866385815663068 0.26225546486158813 0.5389121923245097
865 0.48173149142288324 0.2573518934758525 0.5342226905609098
866 0.47678139823419236 0.25244835207769245 0.5294844828524355
866 0.4717870840730437 0.2475448418943864 0.5246960975643425
867 0.4717870840730437 0.2475448418943864 0.5246960975643425
868 0.46674727169721864 0.24264136423174512 0.519855988336977
869 0.46166062035084604 0.23773792047760423 0.5149625287444523
870 0.45652572139028125 0.2328345121065602 0.5100140062152408
871 0.4513410932629839 0.22793114069222362 0.5050086156445198
872 0.4461051763285577 0.22302780791621277 0.4999444520050854
873 0.4408163266532968 0.21812451557138113 0.4948195027788448
874 0.4354728095164787 0.2132212655807592 0.4896316392692957
875 0.4300727923440866 0.20831806000537353 0.4843786068631502
876 0.424614336563168 0.20341490105594165 0.47905801462659875
877 0.4190953888432557 0.19851179111353348 0.47366732347364987
878 0.413513771601262 0.1936087327429173 0.46820383271202864
879 0.4078671716951033 0.1887057287117952 0.4626646658703391
880 0.4021531284174756 0.1838027820159953 0.45704675415377954
881 0.3963690201186846 0.17889989589824504 0.4513468177827751
882 0.39051204870658357 0.17399707388725308 0.445561345580884
883 0.3845792226705277 0.16909431982166806 0.4396865713323588
883 0.37856733764806805 0.16419163788876148 0.4337184473146515
884 0.37856733764806805 0.16419163788876148 0.4337184473146515
885 0.37247295449366363 0.15928903267219569 0.4276526141038395
886 0.366292374590195 0.15438650919948738 0.4214843657944389
887 0.3600216109367127 0.1494840730038624 0.4152086109912436
888 0.35365635602131046 0.1445817301913582 0.40881982673215705
889 0.34719194406710346 0.13967948752221476 0.4023120061081205
890 0.3406233077421701 0.13477735250783499 0.39567859698506824
891 0.33394492795721514 0.1298753335266145 0.3889124303252004
892 0.3271507749166417 0.12497343995799796 0.38200563636091434
893 0.32023423923571886 0.12007168235079704 0.37494954517469437
894 0.31318805032180874 0.11517007262411853 0.36773456875439003
895 0.30600417949778713 0.11026862431068879 0.36035005956997457
896 0.2986737240255223 0.10536735286328552 0.3527841399743677
897 0.2911867670981116 0.10046627603139457 0.34502349482641076
898 0.28353220766394505 0.09556541433357445 0.33705311689613343
899 0.2756975514671013 0.0906647916630129 0.32885599157681256
900 0.26766865219446745 0.08576443606420737 0.320412701902416
901 0.25942938691072553 0.08086438074305241 0.31170092835658336
902 0.25096124477076315 0.07596466540539389 0.30269480642233304
903 0.2422427983285269 0.07106533805746465 0.293364089862794
904 0.23324901612162996 0.06616645747087163 0.2836730399598706
905 0.22395034568849567 0.061268096628843804 0.27357893304645675
906 0.2143114742231423 0.05637034765421994 0.26303000274976795
907 0.20428961551456665 0.051473329072879125 0.25196253340253055
908 0.19383208010957073 0.046577196850564 0.2402966362649285
909 0.18287273365156317 0.04168216184508314 0.22792988879633802
910 0.1713266292293042 0.03678851865420673 0.21472738254231827
911 0.15908153125609775 0.03189669608686002 0.20050533732612275
912 0.14598380301877464 0.02700735194735872 0.1850023864899955
913 0.1318133055119138 0.02212156820677154 0.16782500158735572
914 0.11623483330772932 0.017241306609564806 0.14833166718550542
915 0.09869291547052163 0.012370683092243304 0.125345198622066
916 0.0781471897413212 0.007520726401888445 0.09623796360154685
916 0.052324904765045394 0.00274018087635646 0.05236857837889431
917 0.052324904765045394 0.00274018087635646 0.05236857837889431
918 0.04537531021509956 0.0002976022462680509 0.006558682350760385
919 0.04182500287690016 2.7911490741857413e-05 0.000667339840334425
920 0.038785350223849116 2.5902920813003765e-06 6.678532142550064e-05
921 0.03606319261884971 2.4043809919426445e-07 6.6671329334439164e-06
922 0.033503218152355296 2.2320523870170184e-08 6.662202946793944e-07
