1 0.416227471737878 2.4951121164139214 5.994587781522587
2 0.4157883446502148 2.4901940603253427 5.989090585067356
3 0.41535171791577397 2.485290732643554 5.983581204658764
4 0.41491542517957575 2.4803877172686386 5.97805616938711
5 0.4144791559494352 2.4754846673025264 5.972519080319025
6 0.41404220059601615 2.470581617921334 5.966980212077217
7 0.4136045306767553 2.4656785712705 5.961439946598418
8 0.4131661173760172 2.460775526818985 5.955898664796524
9 0.41272662570767776 2.455872483181072 5.95036115969047
10 0.41228577287176044 2.450969439033704 5.944831474444466
11 0.41184383133380015 2.4460663955970467 5.939305653007355
12 0.41140062010863027 2.4411633519018014 5.933786272021692
13 0.41095612554863914 2.436260308340002 5.928273498995833
14 0.4105105656383157 2.431357265725135 5.922764160636259
15 0.4100641815222892 2.426454225384698 5.917254748700374
16 0.4096173825760815 2.421551189376331 5.911739326459265
16 0.4091701698393066 2.416648157610799 5.906217842224152
17 0.4091701698393066 2.416648157610799 5.906217842224152
18 0.4087225403117202 2.4117451304629256 5.900690303557913
19 0.4082744928430167 2.4068421076980844 5.895156689652727
20 0.4078260261715989 2.4019390893064374 5.889616981668025
21 0.4073771389369741 2.3970360753774034 5.884071162246177
22 0.40692782989166754 2.3921330659050177 5.878519211973908
23 0.4064780978408203 2.387230060872609 5.872961110459302
24 0.40602794138405796 2.382327060416154 5.867396840462104
25 0.40557735937849 2.377424064453428 5.8618263802905854
26 0.405126350574601 2.3725210729537918 5.856249709723361
27 0.4046749136463601 2.3676180861135916 5.850666810007948
28 0.404223047341255 2.3627151037704093 5.845077660244709
29 0.4037707501149753 2.3578121260758866 5.839482244329215
30 0.40331802076332507 2.3529091530709256 5.833880540764775
31 0.4028648581601074 2.348006184637269 5.828272526327226
32 0.4024112609037827 2.343103220827145 5.822658181992043
33 0.4019572275299658 2.338200261744216 5.817037489566981
33 0.40150275678065994 2.333297307354494 5.811410427324087
34 0.40150275678065994 2.333297307354494 5.811410427324087
35 0.40104784734785454 2.3283943576782073 5.805776974183934
36 0.40059249781701545 2.3234914127621416 5.800137110464503
37 0.4001367070288272 2.3185884726085026 5.79449081246491
38 0.3996804733210586 2.3136855372476286 5.788838063622569
39 0.3992237954712886 2.3087826066832906 5.783178840724522
40 0.3987666720103502 2.30387968094334 5.777513123974266
41 0.39830910159790156 2.298976760041344 5.771840891454678
42 0.3978510828023713 2.2940738440345383 5.766162122459517
43 0.3973926143465094 2.289170932901019 5.760476793624956
44 0.39693369491224406 2.284268026666275 5.754784882072789
45 0.39647432285357187 2.2793651253773137 5.749086369507823
46 0.39601449689539553 2.27446222903281 5.743381231908773
47 0.3955542154992461 2.26955933768211 5.737669448971998
48 0.3950934772674341 2.2646564513799277 5.731950998135584
49 0.394632280753339 2.259753570040145 5.726225856958169
50 0.39417062464646735 2.2548506937403734 5.720494001202537
51 0.39370850726336604 2.249947822509552 5.7147554116845125
52 0.3932459270555253 2.2450449564273804 5.709010067154201
53 0.3927828828734827 2.2401420954561346 5.703257940030181
54 0.3923193731369046 2.235239239666432 5.697499009018904
55 0.3918553961301185 2.230336388999855 5.6917332542212975
56 0.3913909506471413 2.225433543552771 5.6859606484849765
57 0.39092603494258843 2.220530703304821 5.6801811719470905
58 0.3904606475884233 2.215627868224828 5.674394799857723
59 0.3899947871674703 2.210725038458638 5.66860150751019
60 0.3895284520543992 2.205822213979272 5.662801272527379
61 0.3890616267794818 2.200919394636697 5.656994273259869
62 0.3885943238408414 2.196016580628146 5.651180282107209
63 0.3881265417197824 2.1911137719630323 5.645359274463021
64 0.38765827882674236 2.1862109687070843 5.63953122663524
65 0.38718953344053786 2.1813081708200586 5.633696116310567
66 0.38672030406065616 2.1764053783852955 5.627853918019085
66 0.38625058917333044 2.1715025913735273 5.6220046059245306
67 0.38625058917333044 2.1715025913735273 5.6220046059245306
68 0.3857803871067555 2.16659980982673 5.616148156404787
69 0.38530969626208317 2.161697033794882 5.610284544525246
70 0.3848385149789349 2.156794263274381 5.604413745834246
71 0.3843668416611938 2.1518914982565915 5.598535734654787
72 0.3838946747564853 2.1469887388753834 5.592650484764541
73 0.3834220125376315 2.142085985054833 5.5867579716607825
74 0.38294885323716527 2.1371832368925427 5.580858171597545
75 0.38247519535266944 2.132280494430574 5.574951056537037
76 0.38200103719560596 2.127377757634371 5.569036600665129
77 0.3815263769784839 2.122475026523708 5.563114779462297
78 0.3810512130590412 2.1175723012113443 5.5571855662436676
79 0.38057554387283876 2.1126695816088237 5.55124893236631
80 0.3800993676212782 2.107766867840976 5.545304852864433
81 0.37962268250622805 2.102864159880992 5.539353302068541
82 0.37914548682258326 2.097961457759229 5.533394252800234
83 0.37866777891550885 2.0930587615088507 5.527427676849869
83 0.3781895569369574 2.088156071177053 5.5214535485577665
84 0.3781895569369574 2.088156071177053 5.5214535485577665
85 0.3777108191495796 2.0832533867893344 5.51547184028195
86 0.37723156390482854 2.078350708377027 5.509482522786382
87 0.37675178927374414 2.0734480359939287 5.503485570674707
88 0.3762714934071068 2.0685453696164307 5.49748095686422
89 0.37579067470025657 2.0636427093062553 5.491468650605253
90 0.37530933129104355 2.058740055070261 5.485448624440826
91 0.37482746125423116 2.0538374069376952 5.4794208515705725
92 0.3743450628245474 2.048934764981897 5.473385302645802
93 0.37386213408211916 2.044032129187577 5.467341950010384
94 0.37337867321424484 2.0391294996130482 5.461290764304031
95 0.37289467836715184 2.0342268762500417 5.45523171625191
96 0.37241014780517284 2.0293242591376304 5.44916477463787
97 0.37192507941149683 2.024421648375766 5.443089913643473
98 0.3714394713736632 2.019519043911454 5.437007102241551
99 0.3709533217420378 2.0146164458263445 5.430916311425607
100 0.3704666285561868 2.009713854172978 5.424817511918419
101 0.36997938991848434 2.0048112689647817 5.418710673063415
102 0.36949160394255615 1.9999086901957395 5.412595763628393
103 0.36900326859067506 1.9950061179402354 5.406472754454756
104 0.3685143820551662 1.9901035522077497 5.4003416124742545
105 0.36802494216764003 1.9852009930201153 5.394202309570178
106 0.3675349470663773 1.980298440469704 5.388054812953772
107 0.3670443946703997 1.9753958945559793 5.3818990924241055
108 0.36655328312478286 1.97049335529442 5.375735114132426
109 0.3660616102607272 1.9655908227211858 5.3695628485084645
110 0.3655693739906214 1.960688296888414 5.363382264452807
111 0.3650765723507241 1.9557857778326704 5.357193328619766
112 0.36458320310475717 1.9508832655726531 5.350996011223528
113 0.36408926442935624 1.9459807601540253 5.344790276098903
114 0.3635947415081114 1.9410782614722824 5.338576277041617
115 0.363099644969938 1.936175769649969 5.332353794535575
116 0.36260397252263515 1.9312732847619967 5.326122798176016
116 0.3621077221258657 1.9263708068792706 5.319883253441581
117 0.3621077221258657 1.9263708068792706 5.319883253441581
118 0.3616108915592428 1.921468336010632 5.313635127872904
119 0.3611134788578698 1.9165658722078234 5.307378384959599
120 0.3606154817474314 1.9116634154562266 5.301112992134712
121 0.36011689795828017 1.9067609658590015 5.294838916667279
122 0.3596177254509109 1.9018585234433127 5.288556121805857
123 0.3591179617903109 1.8969560882317948 5.282264576171292
124 0.3586176048477419 1.8920536602688063 5.2759642435069924
125 0.35811665241529705 1.8871512395728172 5.2696550882094835
126 0.35761510223730025 1.882248826174236 5.263337074968509
127 0.35711295194092124 1.8773464201696235 5.257010169936937
128 0.35661019946064276 1.872444021560662 5.250674334028166
129 0.3561068422798593 1.8675416303623362 5.2443295343779495
130 0.355602878206576 1.8626392466588102 5.237975733078207
131 0.35509830483282523 1.8577368704659556 5.231612894746285
132 0.3545931199030496 1.8528345018311243 5.225240981375255
133 0.3540873210117518 1.8479321407856872 5.218859956649949
133 0.35358090569308787 1.8430297874209896 5.212469784838325
134 0.35358090569308787 1.8430297874209896 5.212469784838325
135 0.35307387175068716 1.83812744173115 5.206070425480507
136 0.35256621665970983 1.833225103799979 5.199661842726618
137 0.35205793806042196 1.828322773610018 5.193243997515636
138 0.3515490333872456 1.8234204512537835 5.186816853639907
139 0.3510395002783796 1.8185181367790972 5.1803803712601715
140 0.3505293362556341 1.8136158301716656 5.173934511572611
141 0.3500185388750094 1.8087135315389709 5.167479235106621
142 0.34950710558701226 1.803811240862806 5.161014503076346
143 0.3489950338692871 1.7989089582751077 5.154540276205972
144 0.3484823211558535 1.7940066837792097 5.148056514972727
145 0.3479689649374955 1.7891044173804262 5.141563178491499
146 0.3474549627337537 1.7842021591719524 5.135060225169796
147 0.34694031184835206 1.779299909239875 5.128547616045289
148 0.34642500955748945 1.7743976675348025 5.122025311629067
149 0.34590905337644356 1.7694954341692009 5.115493268814523
150 0.3453924406861241 1.7645932091919994 5.1089514457427745
151 0.34487516885733643 1.7596909926214026 5.102399800054405
152 0.3443572351347932 1.7547887844947687 5.095838290744449
153 0.3438386368863792 1.7498865848805967 5.089266874504401
154 0.34331937138953017 1.7449843938278689 5.082685508730032
155 0.34279943581884353 1.7400822114051542 5.076094151813953
156 0.3422788275991413 1.7351800376242446 5.069492757689338
157 0.34175754379965206 1.7302778725671226 5.0628812851647265
158 0.341235581696835 1.7253757162800683 5.056259689275163
159 0.3407129384760071 1.7204735688343262 5.049627925871919
160 0.34018961131341463 1.7155714302632334 5.04298595021671
161 0.3396655973659402 1.7106693006331792 5.036333717336061
162 0.33914089369463324 1.7057671799670278 5.029671182924115
163 0.3386154975082501 1.7008650683216913 5.022998299953034
164 0.33808940580268093 1.6959629657516635 5.0163150239066585
165 0.3375626157189707 1.691060872337363 5.009621307547911
166 0.3370351242908454 1.6861587881132902 5.002917104444624
166 0.3365069285629454 1.681256713145122 4.9962023674369425
167 0.3365069285629454 1.681256713145122 4.9962023674369425
168 0.3359780254472167 1.6763546474597806 4.989477050555324
169 0.3354484119991622 1.6714525911548461 4.982741105237429
170 0.3349180741496039 1.6665505440985628 4.975994646840513
171 0.33438701976849033 1.6616485065101738 4.969237465200056
172 0.3338552460099478 1.656746478446662 4.9624695081092005
173 0.3333227496288802 1.6518444600014213 4.955690728702365
174 0.33278952762301395 1.6469424511836892 4.9489010755451295
175 0.33225557670642875 1.6420404520675447 4.942100500899653
176 0.3317208937902081 1.6371384627418522 4.935288953421294
177 0.33118547569372414 1.6322364832022964 4.928466382118057
178 0.3306493191595161 1.6273345135600732 4.921632736751511
179 0.33011242098010607 1.6224325538763296 4.914787965443154
180 0.3295747778836377 1.6175306042045292 4.907932016495593
181 0.32903638655252376 1.6126286646125485 4.9010648381744435
182 0.3284972437169785 1.6077267351527362 4.8941863772162915
183 0.3279573459820533 1.6028248158938918 4.887296581493871
183 0.32741669006433716 1.597922906897837 4.88039539641014
184 0.32741669006433716 1.597922906897837 4.88039539641014
185 0.32687527249108694 1.5930210082453176 4.873482769452239
186 0.32633308985616544 1.588119119992442 4.866558646236032
187 0.32579013874078894 1.5832172422008932 4.859622971770061
188 0.325246415726862 1.578315374969194 4.8526756903437915
189 0.3247019172585114 1.5734135183276567 4.845716747262024
190 0.3241566397488691 1.5685116723193844 4.83874608749197
191 0.3236105797642525 1.5636098371290827 4.831763653302556
192 0.3230637337388461 1.558708012687516 4.82476938729224
193 0.32251609804025894 1.5538061991254226 4.817763232802924
194 0.3219676690694925 1.5489043965609355 4.81074513176236
195 0.32141844311535445 1.544002605011277 4.803715026574088
196 0.3208684165798129 1.539100824543844 4.796672857208455
197 0.3203175856613081 1.5341990552501252 4.7896185658452435
198 0.3197659466428178 1.529297297209567 4.782552092445946
199 0.3192134957982245 1.5243955504684377 4.775473376075588
200 0.31866022926208176 1.5194938151342634 4.768382357136125
201 0.3181061432425792 1.514592091288441 4.761278973897256
202 0.3175512338892424 1.5096903789868852 4.754163164465753
203 0.3169954972592622 1.5047886783046172 4.747034867419238
204 0.3164389294372356 1.4998869893293707 4.739894019982985
205 0.3158815264944139 1.494985312151966 4.732740558598015
206 0.31532328446892754 1.4900836468391447 4.725574419119625
207 0.31476419921065907 1.4851819934818933 4.718395539284061
208 0.31420426679213415 1.4802803521444197 4.711203852377085
209 0.3136434830943491 1.4753787229183895 4.703999293601045
210 0.3130818440043213 1.4704771058793171 4.696781796963674
211 0.31251934529434494 1.465575501134648 4.689551297230264
212 0.31195598290506554 1.4606739087474103 4.682307725420104
213 0.3113917525480491 1.455772328813788 4.675051015004502
214 0.3108266499152708 1.4508707614695826 4.66778109877348
215 0.31026067081135567 1.4459692067141843 4.660497906269792
216 0.30969381093689863 1.4410676646772032 4.653201367885348
216 0.3091260658050388 1.436166135495295 4.645891415708255
217 0.3091260658050388 1.436166135495295 4.645891415708255
218 0.3085574310791913 1.431264619179467 4.638567978005147
219 0.3079879023544799 1.426363115860368 4.631230983282874
220 0.3074174750095552 1.4214616256377524 4.62388036201771
221 0.30684614474200017 1.4165601485645511 4.616516038536549
222 0.30627390688890854 1.411658684766878 4.609137941610265
223 0.30570075687656784 1.4067572343696304 4.6017459974351125
224 0.3051266901056506 1.4018557974111896 4.5943401310642304
225 0.30455170185643304 1.396954374013726 4.58692026837616
226 0.3039757874625127 1.392052964267155 4.579486333064694
227 0.30339894211885887 1.3871515682925883 4.572038249721916
228 0.3028211611349092 1.3822501861978467 4.56457593986321
229 0.30224243955604707 1.3773488180691131 4.557099327586989
230 0.3016627726396122 1.3724474639742235 4.54960833239389
231 0.3010821524918011 1.3675461240068842 4.542102920046463
232 0.3005005703924409 1.3626447982393177 4.53458306737908
233 0.2999180280814547 1.357743486825006 4.52704859227821
233 0.2993345205426195 1.3528421899123264 4.519499413097955
234 0.2993345205426195 1.3528421899123264 4.519499413097955
235 0.2987500426818039 1.347940907583475 4.511935447718598
236 0.2981645893118075 1.3430396399686106 4.504356614138771
237 0.2975781552549588 1.338138387181341 4.496762828692354
238 0.29699073532356984 1.3332371493149704 4.489154006310721
239 0.2964023242382233 1.328335926495217 4.481530061915479
240 0.29581291664794446 1.3234347188426383 4.473890909968939
241 0.29522250719740817 1.3185335264936504 4.466236463509128
242 0.2946310904124779 1.3136323495206075 4.458566635590111
243 0.29403866093462344 1.3087311880649186 4.450881336165185
244 0.29344521313205135 1.3038300422271736 4.443180477578435
245 0.29285074151798696 1.298928912171377 4.435463968567744
246 0.29225524041828105 1.2940277979872838 4.4277317188059575
247 0.29165870419965106 1.2891266998036004 4.419983635808606
248 0.29106112712037707 1.2842256177520088 4.412219627050639
249 0.2904625033301277 1.2793245519765082 4.4044395999799
250 0.2898628270352626 1.2744235025913715 4.396643459343389
251 0.28926209236210554 1.269522469710548 4.388831109336401
252 0.28866029337969507 1.264621453528412 4.381002453513642
253 0.28805742407226914 1.2597204541257128 4.373157394511965
254 0.2874534784101085 1.2548194716318275 4.36529583351078
255 0.2868484502450438 1.2499185062142337 4.357417671758294
256 0.2862423333755334 1.2450175579828848 4.349522809225754
257 0.2856351216157217 1.240116627108492 4.341611143943562
258 0.2850268086527596 1.2352157137255295 4.333682573804344
259 0.284417388110604 1.2303148179707684 4.325736995701277
260 0.2838068536220016 1.225413939995815 4.3177743044497685
261 0.2831951986332447 1.2205130799374482 4.309794395624935
262 0.2825824166631003 1.2156122379784016 4.3017971618088175
263 0.2819685010311325 1.2107114142229394 4.2937824962557185
264 0.28135344509822935 1.2058106088746698 4.28575028983094
265 0.2807372421442598 1.200909822045745 4.277700432166548
266 0.28011988533574117 1.1960090538987003 4.269632812626668
266 0.27950136783696494 1.1911083046102777 4.2615473184555555
267 0.27950136783696494 1.1911083046102777 4.2615473184555555
268 0.2788816826402269 1.1862075743519007 4.253443837264046
269 0.2782608227661657 1.1813068632475408 4.245322253791518
270 0.2776387811181403 1.1764061715057965 4.237182452566721
271 0.2770155505238019 1.1715054992706186 4.229024316705137
272 0.27639112377248465 1.1666048467074783 4.220847727612939
273 0.2757654935363025 1.1617042140219933 4.212652566224945
274 0.27513865249217767 1.1568036013659022 4.20443871076526
275 0.2745105931375583 1.1519030089051798 4.196206039771867
276 0.2738813078865485 1.1470024368375715 4.187954430656879
277 0.2732507891790188 1.1421018853196163 4.179683757734271
278 0.27261902931304005 1.1372013545640614 4.1713938950983795
279 0.2719860205197729 1.1323008447444576 4.163084715091603
280 0.27135175493019664 1.127400356051708 4.154756088980239
281 0.27071622456561334 1.1224998886887114 4.146407887040593
282 0.2700794213820212 1.1175994428295966 4.138039977687813
283 0.26944133735031633 1.112699018666908 4.12965222637766
283 0.2688019642081778 1.107798616416022 4.12124449938197
284 0.2688019642081778 1.107798616416022 4.12124449938197
285 0.26816129367755087 1.1028982362686626 4.112816660240448
286 0.2675193173801259 1.0979978784273328 4.104368571138195
287 0.26687602687072814 1.093097543122559 4.095900092412735
288 0.2662314135246759 1.088197230527192 4.087411083915278
289 0.26558546873032274 1.0832969408717368 4.078901402439769
290 0.26493818369652505 1.0783966743841098 4.0703709044044984
291 0.2642895495930897 1.0734964312815038 4.061819443615156
292 0.26363955744532264 1.0685962117641992 4.053246872809745
293 0.2629881982029671 1.0636960160726032 4.044653042763811
294 0.26233546274021824 1.058795844428678 4.036037802015228
295 0.2616813417627228 1.0538956970791482 4.027400998404994
296 0.26102582594839874 1.0489955742497656 4.0187424766817434
297 0.26036890577974825 1.0440954761674492 4.0100620811099175
298 0.2597105716774637 1.0391954030959667 4.001359653493623
299 0.25905081399466323 1.0342953552837073 3.9926350330055906
300 0.25838962290437256 1.0293953329569079 3.9838880578337967
301 0.25772698362272484 1.0244953362938825 3.975118638697126
302 0.2570628880443001 1.0195953655897048 3.9663265800312493
303 0.25639732900073586 1.0146954211184962 3.957511667820783
304 0.25573029625928145 1.009795503195507 3.948673731530382
305 0.2550617793933509 1.0048956120518366 3.9398125992922983
306 0.2543917679013022 0.9999957479711808 3.9309280965379148
307 0.2537202511477837 0.9950959112392119 3.9220200466363297
308 0.2530472183609341 0.9901961021240281 3.9130882707892924
309 0.2523726586233902 0.9852963209047113 3.9041325882097473
310 0.2516965609171072 0.9803965678802979 3.8951528153901878
311 0.25101891408513727 0.9754968433664395 3.8861487666048284
312 0.25033970680310236 0.9705971476250795 3.877120253993408
313 0.2496589276112023 0.9656974809680877 3.8680670873984657
314 0.24897656494886167 0.960797843715898 3.858989073583051
315 0.24829260711985188 0.9558982361821212 3.849886016625155
316 0.24760704217553056 0.9509986586718978 3.8407577196359686
316 0.24691985811155256 0.9460991114940501 3.831603981671757
317 0.24691985811155256 0.9460991114940501 3.831603981671757
318 0.24623104272128232 0.9411995950137533 3.822424600131067
319 0.24554058374724033 0.9363001095281629 3.8132193678092374
320 0.24484846865022197 0.9314006553893502 3.8039880768864505
321 0.24415468477985686 0.9265012329525355 3.794730515975638
322 0.2434592193348631 0.9216018425509332 3.7854464705373387
323 0.24276205929469846 0.9167024845504391 3.776135724065587
324 0.24206319152736777 0.9118031593185822 3.7667980561823393
325 0.24136260270143828 0.9069038671889409 3.757433243752209
326 0.2406602793521665 0.9020046085723682 3.748041060205177
327 0.23995620774872406 0.8971053838342057 3.7386212769858043
328 0.23925037403561727 0.8922061933589639 3.7291736615055027
329 0.23854276422247614 0.8873070375265621 3.719697977084805
330 0.23783336403675237 0.8824079167552367 3.7101939853101444
331 0.23712215901291755 0.877508831432059 3.700661444231602
332 0.2364091345827186 0.8726097819892165 3.6911001071487526
333 0.23569427587225197 0.8677107688445961 3.6815097253991085
333 0.23497756785487772 0.8628117924085398 3.671890045867752
334 0.23497756785487772 0.8628117924085398 3.671890045867752
335 0.2342589952985434 0.8579128531309975 3.662240811874309
336 0.23353854273941635 0.853013951440171 3.6525617631859975
337 0.23281619450242838 0.8481150878017305 3.6428526358070177
338 0.23209193468570827 0.8432162626582511 3.6331131618171417
339 0.23136574720012734 0.838317476499258 3.623343068903488
340 0.2306376156733727 0.8334187297901727 3.6135420814029495
341 0.2299075235055065 0.8285200229991772 3.603709919389973
342 0.22917545391259203 0.8236213566438584 3.5938462980332493
343 0.22844138978382011 0.8187227311983261 3.5839509292650695
344 0.22770531386433474 0.8138241471859393 3.5740235191472527
345 0.22696720855845545 0.8089256051476705 3.5640637706452276
346 0.22622705602242368 0.8040271055813075 3.5540713817255005
347 0.2254848381390155 0.7991286490567733 3.5440460460764815
348 0.22474053661018364 0.7942302361060901 3.533987450976395
349 0.22399413274485275 0.7893318672794516 3.523895280679355
350 0.2232456076277824 0.7844335431690225 3.5137692136676177
350 0.2232456076277824 0.7844335431690225 3.5137692136676177
351 0.2224949420520556 0.7795352643499737 3.5036089232428087
352 0.22174211649581232 0.7746370314119201 3.4934140778193092
353 0.22098711115143585 0.7697388449688005 3.483184340290876
354 0.22022990590770022 0.7648407056273442 3.472919367944033
355 0.21947048034367037 0.7599426140262686 3.462618812499381
356 0.21870881365376105 0.7550445707979813 3.45228232088212
357 0.21794488479625398 0.7501465766055077 3.4419095328013
358 0.21717867233830396 0.7452486321154858 3.4315000828193467
359 0.21641015452933418 0.7403507380066505 3.4210535989719313
360 0.21563930923093647 0.7354528949670616 3.410569703594425
361 0.21486611400083072 0.7305551037051154 3.4000480117692775
362 0.2140905459945409 0.7256573649529929 3.389488132612341
363 0.2133125819844324 0.7207596794481355 3.3788896685931853
364 0.21253219835674556 0.7158620479556277 3.368252215384413
365 0.2117493711442684 0.7109644712245693 3.3575753608268206
366 0.21096407594541908 0.7060669500515171 3.3468586861878404
366 0.2101762879218474 0.7011694852503132 3.336101765728388
367 0.2101762879218474 0.7011694852503132 3.336101765728388
368 0.2093859818785485 0.6962720776315654 3.325304164991468
369 0.20859313211225458 0.6913747280384185 3.3144654430250107
370 0.20779771251217571 0.6864774373223046 3.303585150303717
371 0.20699969652810524 0.6815802063668833 3.2926628289734823
372 0.20619905715357656 0.6766830360675956 3.2816980126325395
373 0.20539576686027328 0.6717859273307785 3.270690226969387
374 0.20458979764462254 0.6668888811047501 3.2596389887591184
375 0.20378112102181506 0.6619918983410772 3.2485438053420563
376 0.20296970798543293 0.6570949800185178 3.237404174940614
377 0.20215552898902 0.652198127138772 3.2262195864758954
378 0.2013385539434062 0.6473013407393856 3.2149895192022395
379 0.2005187522412631 0.6424046218501162 3.2037134416095827
380 0.1996960926555709 0.637507971557627 3.192390812859715
381 0.198870543436675 0.6326113909562533 3.1810210804683168
382 0.1980420721800026 0.6277148811758156 3.1696036820160045
383 0.19721064588763293 0.6228184433721325 3.1581380435567525
383 0.1963762309007014 0.6179220787238244 3.1466235801026237
384 0.1963762309007014 0.6179220787238244 3.1466235801026237
385 0.19553879298434104 0.6130257884402028 3.1350596937012627
386 0.19469829717855838 0.6081295737558186 3.1234457751733755
387 0.19385470783688916 0.6032334359430943 3.111781202913367
388 0.19300798864467916 0.5983373763021723 3.100065341873958
389 0.19215810252025267 0.5934413961798899 3.088297544556278
390 0.1913050106919987 0.5885454969075423 3.0764771648093485
391 0.19044867086251283 0.583649679812366 3.0646035867255264
392 0.1895890484302422 0.578753946438988 3.0526760444812084
393 0.18872610322002908 0.5738582982670939 3.040693833422994
394 0.18785979423109875 0.5689627368209557 3.0286562334942038
395 0.18699007960009376 0.5640672636566167 3.0165625088933004
396 0.18611691660576868 0.5591718803738004 3.0044119071574436
397 0.18524026158185966 0.554276588612258 2.992203659609481
398 0.18436006993566975 0.5493813900656662 2.97993698015718
399 0.18347629612987285 0.5444862864682337 2.9676110644986076
400 0.18258889440923748 0.5395912796212751 2.955225077445763
401 0.18169781639657226 0.5346963713393929 2.942778190423426
402 0.18080301343613978 0.529801563506393 2.9302695427337038
403 0.17990443579638235 0.5249068580629861 2.9176982531830453
404 0.17900203261767964 0.5200122570047316 2.905063419672985
405 0.17809575188292562 0.5151177623807462 2.892364118372503
406 0.17718554036157494 0.5102233763097742 2.879599403363182
407 0.17627134360872246 0.5053291009618014 2.8667683051392827
408 0.1753531058557671 0.5004349385821499 2.8538698310469153
409 0.17443077004474522 0.49554089147262614 2.840902963081051
410 0.17350427773498442 0.49064696202055497 2.82786665796208
411 0.17257356907238997 0.48575315268464286 2.8147598458769925
412 0.17163858274750324 0.4808594659833845 2.8015814293385
413 0.17069925590908447 0.4759659045284502 2.788330282950693
414 0.1697555241644095 0.47107247101533917 2.7750052514291195
415 0.1688073214970525 0.4661791682164395 2.76160514888911
416 0.16785458019872804 0.46128599901438044 2.7481287580490816
416 0.16689723082258112 0.45639296635872323 2.73457482852959
417 0.16689723082258112 0.45639296635872323 2.73457482852959
418 0.16593520209702353 0.4515000733156542 2.7209420762428627
419 0.16496842091165798 0.4466073230486928 2.707229181079783
420 0.16399681220112006 0.4417147188297465 2.6934347863301316
421 0.16302029887963704 0.43682226404332253 2.6795574971055722
422 0.16203880175884783 0.43192996219065644 2.66559587890233
423 0.1610522394981112 0.42703781689448167 2.6515484554903685
424 0.16006052849451932 0.4221458319050199 2.6374137076491957
425 0.15906358278739968 0.41725401111420185 2.6231900715570635
426 0.1580613139769056 0.4123623585478388 2.6088759366386722
427 0.157053631135453 0.40747087837998763 2.594469643484772
428 0.15604044069250098 0.40257957494580315 2.5799694820084573
429 0.1550216463115799 0.39768845273345677 2.565373689388757
430 0.15399714879703738 0.39279751641332394 2.5506804475387836
431 0.15296684597073867 0.38790677082981906 2.5358878805935667
432 0.15193063253547265 0.3830162210199062 2.5209940525356522
433 0.15088839993902095 0.3781258722152543 2.505996964432439
433 0.14984003624874756 0.37323572985664916 2.490894551286982
434 0.14984003624874756 0.37323572985664916 2.490894551286982
435 0.148785425969588 0.3683457996125185 2.47568467954522
436 0.147724449903915 0.3634560873767341 2.460365143435215
437 0.14665698501162558 0.3585665992973943 2.444933661147954
438 0.1455829041700404 0.35367734177140403 2.4293878720698547
439 0.14450207602641435 0.3487883214836439 2.4137253323605323
440 0.14341436478856756 0.34389954539603973 2.3979435107706455
441 0.14231962998268918 0.3390110207840847 2.382039784851322
442 0.14121772628632526 0.334122755246952 2.3660114352039856
443 0.14010850323186896 0.3292347567292931 2.3498556414126734
444 0.13899180497375352 0.3243470335422458 2.333569476297497
445 0.1378674699982939 0.31945959438458305 2.3171499004698957
446 0.13673533086636794 0.3145724483680511 2.3005937556510845
447 0.13559521385834797 0.30968560503858905 2.2838977588258227
448 0.1344469386627295 0.3047990744124135 2.2670584949280657
449 0.13329031801445462 0.29991286701443876 2.2500724094747437
450 0.13212515732090144 0.2950269938865786 2.232935800182446
451 0.13095125424352105 0.29014146664312734 2.215644808590922
452 0.12976839825440886 0.2852562975074699 2.1981954107827506
453 0.12857637017918616 0.28037149935244277 2.1805834070577075
454 0.12737494167800503 0.275487085744112 2.1628044112516585
455 0.12616387470641058 0.27060307099435926 2.144853838898541
456 0.1249429209170199 0.2657194702235222 2.1267268947553917
457 0.12371182103196861 0.2608362994149444 2.108418558866264
458 0.12247030415815736 0.2559535754709831 2.0899235715169473
459 0.12121808703062224 0.2510713163049286 2.0712364173962152
460 0.11995487322415171 0.2461895409076863 2.052351307542531
461 0.11868035226336635 0.2413082694437062 2.033262160430847
462 0.11739419867306096 0.2364275233435625 2.0139625809108805
463 0.11609607096500393 0.2315473254133961 1.9944458368724112
464 0.11478561046955374 0.22666769994901279 1.9747048347069178
465 0.11346244015431065 0.22178867288078574 1.95473209089413
466 0.11212616322290807 0.21691027190678683 1.9345197023781753
466 0.11077636167810237 0.21203252666433775 1.9140593124051943
467 0.11077636167810237 0.21203252666433775 1.9140593124051943
468 0.1094125946691116 0.207155468913481 1.8933420740086269
469 0.10803439671665069 0.20227913274051645 1.872358608814635
470 0.10664127574718377 0.19740355478919946 1.8510989615051805
471 0.10523271091111341 0.1925287745197393 1.8295525493243443
472 0.10380815035926093 0.18765483451313308 1.8077081025304294
473 0.10236700930645654 0.1827817808383966 1.7855535887661038
474 0.10090866397765128 0.17790966328656418 1.7630761945868858
475 0.09943245113545243 0.17303853593465035 1.7402621976896415
476 0.09793766396652318 0.16816845761936156 1.7170968839612564
477 0.09642354759980849 0.16329949249490783 1.6935644514207042
478 0.09488929441295424 0.1584317106799776 1.6696478950564162
479 0.09333403873119178 0.1535651890162568 1.645328875765622
480 0.09175685084096687 0.14870001194735916 1.620587570132352
481 0.09015673016883333 0.14383627254227643 1.5954024982152673
482 0.08853259751003094 0.1389740736996075 1.5697503248321774
483 0.08688328615426748 0.13411352957334796 1.5436056289954299
483 0.0852075316496971 0.12925476725024093 1.5169406359713555
484 0.0852075316496971 0.12925476725024093 1.5169406359713555
485 0.0835039600281325 0.12439792875856301 1.4897249030663136
486 0.08177107413656334 0.11954317348137063 1.4619249501568887
487 0.08000723772212984 0.11469068106807231 1.4335038220717014
488 0.07821065681363405 0.10984065498116319 1.4044205669171064
489 0.07637935780226678 0.10499332684444321 1.374629610218158
490 0.0745111615212276 0.10014896182465177 1.344079997949303
491 0.07260365238810829 0.09530786534679118 1.3127144738850853
492 0.07065414146125028 0.09047039156656832 1.2804683447492757
493 0.06865962189866823 0.085636954164755 1.2472680710526325
494 0.06661671563595167 0.0808080403320274 1.2130294860771695
495 0.06452160723136255 0.0759842289632115 1.1776555517401497
496 0.06236995902942593 0.07116621452760351 1.14103353016518
497 0.060156814577303014 0.06635483992958695 1.1030311427863142
498 0.05787647235114561 0.061551141129776575 1.0634915818009116
499 0.05552232779780186 0.05675640967495213 1.0222267676104013
500 0.05308667617345742 0.051972282463225085 0.9790080338314812
501 0.05056046399404504 0.047200873702721975 0.9335530170031914
502 0.04793298061108427 0.04244497498831735 0.8855066896987865
503 0.0451914995389042 0.037708370410196174 0.83441290496975
504 0.04232089450200431 0.03299635176996175 0.7796704714830412
505 0.039303385551655 0.028316604242476163 0.720462215787001
506 0.03611891285871257 0.02368081749967856 0.6556348357524359
507 0.03274776928142622 0.019107813524808653 0.5834844309730179
508 0.02918100605219828 0.014630043189349216 0.5013549965748044
509 0.02545473816982938 0.010307229583407325 0.404923810830006
510 0.02194877485354155 0.006272706161896849 0.28578844166715367
511 0.018789066815168617 0.0026275151876802073 0.13984277205076442
512 0.017178100589089355 0.00031787828883176217 0.018504856644841285
513 0.01593751618246957 3.0096250500163426e-05 0.001888390270829511
514 0.014788549448512807 2.7941395483014687e-06 0.00018893939246911455
515 0.01373186634206892 2.59343502364213e-07 1.8886253033914895e-05
516 0.012751834490048292 2.407346118660267e-08 1.8878429770547862e-06
516 0.011839439499470727 2.234616117190206e-09 1.887434043892114e-07
517 0.011839439499470727 2.234616117190206e-09 1.887434043892114e-07
