1 0.4993410197663791 1.9951115315312147 3.995488959558428
2 0.49868178369568134 1.990192859499842 3.9909074776117137
3 0.4980255746622169 1.985288961955824 3.9863193035866384
4 0.4973699674956866 1.9803853522265131 3.98171478305772
5 0.4967143588545761 1.9754817059867527 3.977098045931702
6 0.49605842401453026 1.9705780626904468 3.972471723678914
7 0.4954014739414241 1.965674422426092 3.967841287970233
8 0.49474336051222473 1.960770784999698 3.9632078800807857
9 0.4940841235876595 1.9558671503372396 3.958571135893285
10 0.49342363562986996 1.9509635181886191 3.953932031849581
11 0.4927615328383627 1.9460598878070932 3.9492934373297484
12 0.49209747647851426 1.9411562584153017 3.944658022443762
13 0.4914318251471847 1.9362526309061647 3.940022871588045
14 0.4907644771054231 1.9313490048623772 3.9353887556280815
15 0.4900952384336728 1.926445380091563 3.930757185579715
16 0.4894241563488712 1.921541756680671 3.926127739618471
16 0.48875152477045514 1.9166381353217734 3.921498017263339
17 0.48875152477045514 1.9166381353217734 3.921498017263339
18 0.4880773543111657 1.9117345160116974 3.916867888103045
19 0.48740217751740406 1.9068309002107025 3.9122330349921626
20 0.4867262055918621 1.901927288264023 3.9075917146299277
21 0.4860494329623009 1.8970236802697726 3.902943922201654
22 0.48537185614691974 1.8921200763193833 3.8982896357852432
23 0.48469347209953706 1.8872164763299248 3.8936288292786507
24 0.484014277373287 1.8823128803456028 3.8889614797331773
25 0.48333426922574246 1.8774092883770277 3.8842875581416285
26 0.4826534446149808 1.8725057004937504 3.8796070376903113
27 0.4819718002062554 1.8676021166696437 3.8749198933846762
28 0.48128933307709953 1.8626985369490527 3.870226096722281
29 0.48060603977079014 1.8577949613674356 3.8655256231350155
30 0.47992191743180407 1.8528913899101942 3.860818442769883
31 0.4792369626076821 1.8479878226294117 3.8561045303640955
32 0.4785511722283866 1.843084259523391 3.8513838571140027
33 0.4778645428294679 1.838180700610049 3.8466563970744896
33 0.4771770712904844 1.8332771459323027 3.8419221212250667
34 0.4771770712904844 1.8332771459323027 3.8419221212250667
35 0.4764887545086136 1.8283735954982572 3.837180999966716
36 0.4757995890643852 1.8234700493763636 3.8324330060100404
37 0.4751095714738575 1.8185665075191413 3.827678111972548
38 0.47441869827340477 1.8136629700090001 3.8229162902086893
39 0.47372696639843864 1.8087594368770608 3.8181475093730746
40 0.4730343724020999 1.8038559080796934 3.8133717406614527
41 0.472340912671912 1.798952383704882 3.808588956498956
42 0.4716465838745491 1.7940488637681145 3.803799126519921
43 0.4709513825222257 1.7891453482669757 3.7990022211741574
44 0.47025530518741676 1.784241837253951 3.794198210146411
45 0.46955834823791287 1.7793383307439792 3.7893870642939462
46 0.46886050820570946 1.7744348287722809 3.7845687527893888
47 0.4681617815177883 1.7695313313772056 3.779743245252433
48 0.4674621646826424 1.7646278385623804 3.77491051015942
49 0.46676165405821457 1.7597243503519449 3.7700705168305704
50 0.4660602459744175 1.7548208667964715 3.765223234450242
51 0.46535793667772024 1.7499173878660972 3.7603686322814087
52 0.4646547225523636 1.7450139135918028 3.755506678176828
53 0.46395059994787885 1.7401104440505943 3.750637339936799
54 0.4632455648478356 1.7352069792847926 3.745760587809975
55 0.4625396140062735 1.7303035192849026 3.7408763852633693
56 0.4618327434433304 1.7254000640629967 3.735984701298498
57 0.46112494915313623 1.7204966136928412 3.731085504812876
58 0.4604162273320331 1.7155931681820877 3.726178762471969
59 0.4597065742079789 1.7106897275220083 3.721264440190633
60 0.4589959859520965 1.7057862917953222 3.7163425040787783
61 0.4582844582555877 1.700882861038939 3.711412923565362
62 0.45757198765446405 1.6959794352217863 3.706475660617815
63 0.4568585699892358 1.6910760144183195 3.7015306825877503
64 0.4561442012235353 1.6861725986453184 3.6965779552221094
65 0.4554288773266803 1.6812691879169617 3.691617443728723
66 0.45471259419701593 1.6763657823104257 3.686649113536752
66 0.4539953478773794 1.671462381814467 3.6816729282122864
67 0.4539953478773794 1.671462381814467 3.6816729282122864
68 0.45327713413458504 1.6665589864383414 3.6766888531013215
69 0.4525579489473333 1.6616555963083255 3.6716968515819874
70 0.4518377878588259 1.6567522113979316 3.666696889715595
71 0.45111664683747393 1.6518488317225657 3.6616889296875925
72 0.45039452180465106 1.6469454573049078 3.6566729335558725
73 0.44967140821608276 1.642042088223015 3.651648866751956
74 0.4489473018421584 1.6371387245023277 3.6466166915018356
75 0.448222198410618 1.6322353661547748 3.6415763698063834
76 0.4474960932485051 1.6273320132552778 3.6365278665161043
77 0.4467689823658705 1.6224286657826437 3.631471140165222
78 0.4460408611609023 1.6175253237940845 3.626406153876085
79 0.4453117251932009 1.6126219873274805 3.621332868852343
80 0.4445815699673908 1.6077186564257728 3.616251246185702
81 0.44385039089573897 1.6028153310994204 3.6111612470696772
82 0.4431181833639107 1.5979120113910361 3.6060628324041293
83 0.4423849429117297 1.593008697341101 3.6009559612406576
83 0.44165066475291587 1.5881053890039796 3.5958405947208405
84 0.44165066475291587 1.5881053890039796 3.5958405947208405
85 0.4409153442270825 1.5832020864057277 3.59071669229624
86 0.44017897672901535 1.5782987895423346 3.58558421229184
87 0.4394415573929296 1.5733954984999794 3.5804431147441917
88 0.4387030815739365 1.5684922133120047 3.5752933571488033
89 0.4379635442957137 1.5635889340140834 3.5701348990781425
90 0.43722294100024434 1.5586856606215809 3.5649676960127987
91 0.4364812514710179 1.55378239310028 3.5597918303793405
92 0.4357384816736609 1.548879131565024 3.5546071708328744
93 0.43499463089623874 1.543975876067372 3.549413639626425
94 0.43424969412408093 1.539072626606775 3.5442111933117584
95 0.43350366636249515 1.5341693832528709 3.5389997877665023
96 0.43275654254346874 1.529266146069464 3.5337793787735863
97 0.43200831750888397 1.5243629150787656 3.528549922068151
98 0.4312589860684098 1.5194596903040556 3.52331137295543
99 0.4305085430199192 1.5145564718157358 3.5180636862429435
100 0.4297569831235292 1.5096532596488992 3.512806816253559
101 0.4290043010741447 1.5047500538619154 3.507540717177681
102 0.4282504916276023 1.4998468544870251 3.502265341918768
103 0.4274955493326828 1.4949436615288905 3.4969806442721705
104 0.4267394687840966 1.4900404750700171 3.491686577094851
105 0.42598224458967493 1.4851372951511432 3.4863830922852044
106 0.4252238711162855 1.4802341217927948 3.481070142903611
107 0.424464342805682 1.4753309550650133 3.475747680743147
108 0.42370365421044115 1.4704277950060316 3.4704156558340973
109 0.4229417995132428 1.4655246416741365 3.4650740204935673
110 0.42217877305677953 1.4606214951089314 3.4597227248857676
111 0.421414569223193 1.4557183553674897 3.454361718084076
112 0.42064918224745446 1.4508152224669184 3.448990949454527
113 0.41988260603260014 1.4459120964765397 3.443610370381186
114 0.41911483485961654 1.441008977460234 3.438219928299372
115 0.41834586288918507 1.4361058654512684 3.4328195707093108
116 0.41757568400190803 1.4312027604876552 3.427409246562153
116 0.4168042922681069 1.4262996626185878 3.4219889024106522
117 0.4168042922681069 1.4262996626185878 3.4219889024106522
118 0.4160316816147281 1.421396571910534 3.416558485146422
119 0.4152578458181017 1.4164934884006204 3.4111179419379276
120 0.4144827788859709 1.4115904121559126 3.405667217224139
121 0.4137064744558918 1.4066873432251834 3.4002062575289966
122 0.4129289261543517 1.401784281642852 3.394735008510566
123 0.41215012765929093 1.3968812275192426 3.3892534146537785
124 0.4113700727530544 1.3919781808504346 3.383761418361708
125 0.4105887547290994 1.387075141694616 3.378258965250494
126 0.40980616725632474 1.382172110139685 3.372745996951205
127 0.40902230369087694 1.377269086219076 3.367222456553279
128 0.40823715749780465 1.3723660700022358 3.3616882853433445
129 0.4074507219090301 1.3674630615163377 3.356143425416843
130 0.4066629902431683 1.3625600608558555 3.3505878173007546
131 0.4058739555940362 1.3576570680510913 3.3450214021839058
132 0.4050836111526027 1.3527540831807034 3.339444119527944
133 0.40429194997208845 1.3478511062989293 3.333855908810409
133 0.4034989651834005 1.342948137472756 3.328256707826629
134 0.4034989651834005 1.342948137472756 3.328256707826629
135 0.4027046496321553 1.338045176729331 3.322646455538939
136 0.4019089960951682 1.3331422241724111 3.3170250905673577
137 0.4011119975821945 1.3282392798574967 3.3113925483750166
138 0.400313646856376 1.323336343843032 3.3057487653370377
139 0.39951393660836176 1.3184334161749125 3.3000936772510023
140 0.39871285939774875 1.3135304969202533 3.2944272198903395
141 0.3979104077804617 1.3086275861651326 3.2887493279319777
142 0.3971065742324358 1.3037246839637044 3.2830599354434353
143 0.3963013512981307 1.2988217903978767 3.277358974788848
144 0.3954947312667004 1.2939189055023288 3.271646379101267
145 0.39468670639483555 1.2890160293809192 3.2659220807184144
146 0.39387726891295016 1.2841131620632829 3.260186010752201
147 0.39306641098571177 1.2792103036588305 3.254438099788004
148 0.39225412452002073 1.2743074542198336 3.248678279110849
149 0.39144040178828693 1.269404613837253 3.242906475770017
150 0.39062523444483505 1.2645017825707114 3.237122620528724
151 0.38980861445028303 1.259598960496372 3.231326640312162
152 0.3889905335036163 1.2546961476775746 3.225518462818608
153 0.3881709833057267 1.249793344180574 3.2196980143573133
154 0.3873499554216074 1.2448905501007157 3.2138652210395287
155 0.38652744141191864 1.239987765515065 3.2080200075461702
156 0.38570343280998953 1.2350849904967072 3.202162297334677
157 0.38487792068019344 1.2301822251180852 3.1962920162943833
158 0.3840508965771984 1.2252794694559133 3.1904090847750926
159 0.3832223515591785 1.220376723605867 3.1845134257974306
160 0.3823922766721119 1.2154739876597003 3.1786049609519886
161 0.3815606631221307 1.2105712616629658 3.1726836088328207
162 0.38072750172915376 1.2056685457203882 3.1667492898322074
163 0.3798927832355899 1.200765839921586 3.160801923359868
164 0.37905649834353405 1.1958631443713634 3.1548414275899526
165 0.37821863785694554 1.190960459137513 3.1488677181159233
166 0.3773791922991807 1.186057784305802 3.142880711254246
166 0.3765381520114098 1.181155119969819 3.136880323176462
167 0.3765381520114098 1.181155119969819 3.136880323176462
168 0.3756955074474578 1.176252466198405 3.130866467342327
169 0.37485124884227916 1.1713498231057187 3.1248390574218705
170 0.3740053663158932 1.1664471907813085 3.1187980062192517
171 0.3731578499719141 1.161544569323631 3.1127432249142157
172 0.37230868966964475 1.156641958824902 3.106674624895831
173 0.3714578752308386 1.151739359376804 3.1005921160267973
174 0.37060539653326724 1.1468367710886471 3.094495605882797
175 0.3697512431552829 1.1419341940491075 3.08838500258817
176 0.36889540469233506 1.1370316283630186 3.0822602122445035
177 0.36803787034129964 1.132129074112707 3.0761211422694843
178 0.36717862959944125 1.127226531418679 3.069967695691825
179 0.36631767154932815 1.1223240003982424 3.0637997769843075
180 0.3654549824649308 1.117421481117519 3.057617311934575
181 0.3645905417154804 1.1125189736251806 3.0514202820252248
182 0.36372435062241476 1.107616478109148 3.0452084833302067
183 0.36285639793168434 1.102713994683227 3.0389818147586776
183 0.361986672229424 1.0978115234701513 3.0327401744072167
184 0.361986672229424 1.0978115234701513 3.0327401744072167
185 0.3611151619406771 1.0929090645661594 3.026483459439178
186 0.3602418554459486 1.0880066180981058 3.0202115652309383
187 0.3593667408747464 1.083104184163716 3.0139243869015155
188 0.35848980635221245 1.0782017629032887 3.0076218174080154
189 0.35761103980643044 1.073299354421084 3.0013037489056407
190 0.35673042906006297 1.0683969588468785 2.9949700721128885
191 0.35584796178094313 1.063494576288759 2.9886206765557843
192 0.35496362553772315 1.0585922069088933 2.982255450273998
193 0.35407740765631013 1.0536898508030708 2.9758742806483958
194 0.3531892953780542 1.0487875080950901 2.969477053296496
195 0.35229927581558973 1.0438851789282122 2.963063652377848
196 0.3514073359539081 1.0389828634437495 2.956633960481765
197 0.35051346257579197 1.0340805617634778 2.9501878591606943
198 0.34961764235370574 1.0291782740288817 2.943725228224236
199 0.34871986178064357 1.0242760003751257 2.9372459462014513
200 0.347820107133093 1.019373740942983 2.930749890640798
201 0.34691836466157067 1.0144714958749166 2.924236936446314
202 0.3460146202911423 1.0095692653251274 2.9177069583812942
203 0.3451088599539638 1.0046670494313725 2.9111598281347844
204 0.3442010691630879 0.9997648483269493 2.904595417898731
205 0.34329123357798397 0.994862662180344 2.8980135956613218
206 0.3423793385230071 0.9899604911454564 2.891414229071341
207 0.3414653690420169 0.9850583353829123 2.884797184986868
208 0.3405493101596812 0.9801561950384006 2.8781623271496635
209 0.3396311466653506 0.9752540702842151 2.871509518074807
210 0.338710863124132 0.9703519612874648 2.8648386188069987
211 0.337788443952955 0.965449868203775 2.858149488199296
212 0.33686387328454426 0.9605477911925502 2.8514419840479266
213 0.3359371352346396 0.9556457304323788 2.8447159608147987
214 0.33500821351627924 0.9507436860978987 2.8379712727601487
215 0.3340770918226926 0.9458416583707165 2.831207770668426
216 0.33314375349840203 0.940939647426053 2.824425304527183
216 0.3322081817128552 0.936037653450867 2.8176237220428635
217 0.3322081817128552 0.936037653450867 2.8176237220428635
218 0.3312703595187522 0.9311356766103706 2.8108028679748567
219 0.33033026956599365 0.9262337171091577 2.803962586674528
220 0.3293878944797486 0.9213317751391784 2.797102718648404
221 0.32844321643916286 0.9164298508936163 2.790223104100448
222 0.3274962175587032 0.9115279445744987 2.7833235796413702
223 0.3265468796745773 0.9066260563757478 2.776403979971429
224 0.3255951843261758 0.9017241865038164 2.7694641380214158
225 0.32464111292101544 0.8968223351635369 2.7625038834244386
226 0.3236846465353233 0.8919205025754956 2.7555230441804763
227 0.3227257660210667 0.8870186889421251 2.7485214455551805
228 0.32176445196231523 0.8821168944874553 2.741498910484891
229 0.3208006846571437 0.8772151194222406 2.7344552595321483
230 0.31983444414196405 0.8723133639956081 2.7273903107459456
231 0.31886571017885135 0.8674116284179192 2.7203038794337253
232 0.3178944622609337 0.8625099129314483 2.7131957782375085
233 0.31692067956515685 0.8576082177837969 2.7060658173537653
233 0.3159443409842832 0.852706543199312 2.698913804066933
234 0.3159443409842832 0.852706543199312 2.698913804066933
235 0.31496542522467325 0.8478048894301434 2.6917395419683974
236 0.3139839105041445 0.8429032567341836 2.6845428333597927
237 0.3129997748544694 0.8380016453577653 2.6773234765021727
238 0.3120129959550457 0.8331000555626116 2.6700812670080034
239 0.31102355111454566 0.8281984876147145 2.662815997846094
240 0.31003141747570667 0.8232969417926791 2.6555274574944994
241 0.3090365716808801 0.8183954183654887 2.6482154326077203
242 0.3080389900988503 0.8134939176174014 2.64087970602796
243 0.3070386487318597 0.8085924398263601 2.6335200573805055
244 0.3060355232395608 0.8036909852816475 2.6261362627910625
245 0.30502958899678845 0.7987895542868713 2.6187280942613125
246 0.30402082083667575 0.7938881471394773 2.6112953216647132
247 0.30300919329888115 0.7889867641406338 2.6038377105027166
248 0.3019946805727733 0.7840854056258275 2.596355022342462
249 0.3009772563829487 0.7791840718945768 2.5888470154142853
250 0.29995689410637016 0.7742827632874719 2.581313443700671
251 0.2989335666666043 0.7693814801101881 2.5737540574299795
252 0.29790724650339667 0.7644802227213193 2.5661686034636384
253 0.29687790583482 0.7595789914629314 2.5585568226338604
254 0.2958455162511367 0.7546777866836051 2.5509184531394955
255 0.2948100489296651 0.7497766087356658 2.5432532285035685
256 0.29377147458558794 0.7448754579993088 2.535560877890121
257 0.2927297635080428 0.7399743348285442 2.527841125414681
258 0.29168488543302756 0.7350732396229842 2.5200936912850804
259 0.29063680964175204 0.7301721727673376 2.5123182905405907
260 0.2895855049745201 0.7252711346485438 2.504514632776107
261 0.28853093962604065 0.7203701256821005 2.496682423783592
262 0.28747308136732697 0.7154691462765207 2.4888213632855227
263 0.28641189740427997 0.7105681968536504 2.480931145994468
264 0.2853473543185127 0.7056672778524985 2.473011461899916
265 0.28427941819761343 0.7007663896991319 2.4650619947871233
266 0.28320805453173264 0.6958655328557052 2.457082423048584
266 0.28213322821062053 0.6909647077754377 2.449072419288425
267 0.28213322821062053 0.6909647077754377 2.449072419288425
268 0.2810549035032949 0.6860639149379724 2.441031650351297
269 0.27997304408803797 0.6811631548129483 2.4329597766517677
270 0.278887612962728 0.6762624279018159 2.424856452811316
271 0.2777985724978791 0.671361734702918 2.4167213267737138
272 0.27670588443884386 0.6664610757218873 2.408554039511889
273 0.275609509726685 0.6615604514861374 2.4003542263189326
274 0.27450940863217943 0.6566598625423045 2.392121515303601
275 0.2734055407670975 0.6517593094277273 2.3838555268451316
276 0.2722978648865598 0.6468587927120737 2.375555875113296
277 0.2711863391363222 0.641958312968529 2.367222165441837
278 0.2700709207016848 0.6370578707910042 2.3588539970754057
279 0.2689515661171161 0.6321574667803647 2.3504509600256016
280 0.26782823102198794 0.6272571015590341 2.342012636851334
281 0.26670087020069694 0.6223567757524336 2.3335386018204574
282 0.265569437584375 0.6174564900080143 2.3250284205306566
283 0.2644338862112121 0.6125562449911984 2.316481649791016
283 0.2632941681764469 0.6076560413832928 2.307897837585492
284 0.2632941681764469 0.6076560413832928 2.307897837585492
285 0.26215023466011955 0.6027558798939703 2.2992765223935407
286 0.2610020358281414 0.5978557612195006 2.2906172333964583
287 0.25984952094639485 0.5929556860949108 2.281919489154007
288 0.25869263812875815 0.5880556552763981 2.2731827992094127
289 0.2575313344933392 0.5831556695369765 2.2644066621417647
290 0.2563655560925763 0.5782557296658742 2.255590565594779
291 0.25519524776657665 0.5733558364742052 2.24673398698492
292 0.2540203533658939 0.5684559907979808 2.2378363909256125
293 0.2528408154272151 0.5635561934911787 2.228897231402138
294 0.25165657528021357 0.5586564454391801 2.2199159502076573
295 0.2504675730213615 0.553756747530113 2.210891976355298
296 0.24927374747877684 0.5488571007029145 2.201824725845405
297 0.2480750360874649 0.5439575059101893 2.192713601857157
298 0.24687137491708677 0.5390579641259162 2.183557993740514
299 0.24566269863745402 0.5341584763598768 2.174357276552519
300 0.24444893611474514 0.5292590435974601 2.1651108489546633
301 0.24323001805961428 0.524359666901 2.1558180650732117
302 0.24200587981354307 0.5194603474177035 2.1464782087853784
303 0.24077645008613388 0.5145610862775103 2.1370905920966705
304 0.2395416557220676 0.5096618846403588 2.127654512130879
305 0.23830142186829156 0.5047627437049947 2.1181692486248593
306 0.2370556718799255 0.49986366469791194 2.1086340636097716
307 0.23580432727154843 0.49496464889802794 2.0990482007907967
308 0.234547307675838 0.4900656976107782 2.0894108845968327
309 0.23328453078742695 0.4851668121785203 2.079721319458653
310 0.23201591216747589 0.48026799399819486 2.0699786903043242
311 0.23074136540253368 0.47536924450969265 2.060182159711155
312 0.22946080183671164 0.47047056518805314 2.0503308688115207
313 0.2281741305635345 0.4655719575653596 2.040423935945369
314 0.2268812583438607 0.46067342321406524 2.030460455732618
315 0.2255820895063105 0.45577496377361537 2.0204394984153446
316 0.2242765258907524 0.45087658092569716 2.010360108508744
316 0.22296446674234552 0.4459782764056034 2.000221303966651
317 0.22296446674234552 0.4459782764056034 2.000221303966651
318 0.22164580856754218 0.4410800520229776 1.9900220756422162
319 0.22032044511922025 0.43618190964217296 1.9797613853137657
320 0.218988267182004 0.4312838511845681 1.9694381654982567
321 0.21764916253648986 0.42638587864863825 1.9590513176321216
322 0.21630301585504183 0.421487994104915 1.9485997106363993
323 0.21494970846016187 0.416590199695034 1.9380821806150232
324 0.2135891183322064 0.41169249763131643 1.9274975281792655
325 0.212221119917727 0.40679489022454723 1.9168445175590998
326 0.2108455839307898 0.40189737985432916 1.9061218753637839
327 0.20946237726457823 0.39699996900511864 1.8953282884957237
328 0.20807136282670302 0.39210266024845863 1.8844624023298693
329 0.20667239932227424 0.3872054562542132 1.8735228193215343
330 0.20526534112615036 0.38230835980072836 1.8625080966093166
331 0.20385003803969498 0.3774113737789859 1.8514167444280485
332 0.20242633511674013 0.37251450118669804 1.8402472236226939
333 0.20099407321071217 0.3676177451646756 1.8289979365674305
333 0.19955308812617598 0.3627211089813073 1.817667230245825
334 0.19955308812617598 0.3627211089813073 1.817667230245825
335 0.1981032077698919 0.35782459600763195 1.8062534172756328
336 0.19664425590431525 0.3529282097785378 1.7947547369513221
337 0.19517605035789626 0.34803195398345754 1.783169366042954
338 0.19369840273799774 0.3431358324748105 1.7714954156795308
339 0.19221111810145514 0.3382398492716532 1.7597309282240345
340 0.19071399466782202 0.3333440085802666 1.7478738734452697
341 0.1892068233930826 0.3284483147885935 1.7359221453987033
342 0.1876893876977327 0.32355277249322795 1.7238735575945219
343 0.18616146299990746 0.3186573865117618 1.711725839369452
344 0.18462281635031796 0.3137621618876956 1.6994766307341906
345 0.1830732059313691 0.30886710390930205 1.687123477944068
346 0.18151238064373498 0.3039722181219947 1.6746638275799977
347 0.17994007953689656 0.2990775103561163 1.6620950214417944
348 0.17835603127448413 0.2941829867290343 1.649414290208646
349 0.17675995358813168 0.28928865368570383 1.6366187465729667
350 0.1751515525815532 0.28439451800504445 1.6237053786470208
350 0.1751515525815532 0.28439451800504445 1.6237053786470208
351 0.17353052207081293 0.2795005868262646 1.61067104213637
352 0.17189654289518114 0.27460686768374953 1.5975124517262629
353 0.17024928205652717 0.2697133685252329 1.5842261727463913
354 0.1685883919092609 0.26482009775073645 1.5708086111484485
355 0.16691350921257037 0.25992706424352063 1.5572560032423388
356 0.16522425417724843 0.2550342774025522 1.54356440386142
357 0.1635202293446932 0.25014174719423105 1.529729674405872
358 0.16180101839280678 0.24524948419154774 1.5157474695007906
359 0.1600661848968563 0.2403574996224854 1.5016132219142182
360 0.15831527093713582 0.235465805430676 1.4873221265191485
361 0.15654779555915369 0.23057441433326628 1.4728691228752604
362 0.15476325312526387 0.22568333988680903 1.4582488758112568
363 0.1529611114815587 0.22079259656464773 1.4434557543815112
364 0.15114081000869414 0.21590219984313636 1.4284838081171916
365 0.14930175739187496 0.21101216629367586 1.4133267416258772
366 0.14744332921071476 0.20612251368410398 1.3979778860631218
366 0.14556486532084587 0.2012332611014009 1.3824301671825403
367 0.14556486532084587 0.2012332611014009 1.3824301671825403
368 0.14366566685386437 0.19634442908196495 1.3666760707809544
369 0.14174499300645785 0.1914560397609846 1.3507076031409586
370 0.1398020574051647 0.1865681170383453 1.3345162474801529
371 0.13783602405176276 0.1816806867758115 1.3180929153004544
372 0.13584600285274423 0.1767937770126344 1.3014278911413917
373 0.13383104453683026 0.17190741821479094 1.2845107710975243
374 0.13179013501197762 0.16702164356161542 1.2673303927220032
375 0.12972218899804713 0.16213648927470167 1.2498747556375456
376 0.1276260427689035 0.15725199499751935 1.232130931789999
377 0.12550044598233231 0.1523682042378552 1.2140849623698171
378 0.12334405239853592 0.14748516488112606 1.1957217394203006
379 0.12115540917650067 0.14260292979488615 1.1770248704879571
380 0.11893294472337369 0.13772155753551396 1.1579765207684105
381 0.11667495458947048 0.13284111318706093 1.1385572306796456
382 0.11437958519841628 0.12796166936256886 1.1187457022211744
383 0.11204481490674738 0.12308330739537451 1.0985185481167892
383 0.10966843187454035 0.11820611878685726 1.077849995357679
384 0.10966843187454035 0.11820611878685726 1.077849995357679
385 0.10724800802937001 0.11333020695059252 1.0567115327639176
386 0.104780868298974 0.10845568935802055 1.035071488895865
387 0.10226405398057664 0.10358270017614114 1.0128945229945114
388 0.09969427923242698 0.09871139356762365 0.9901410023486721
389 0.09706787889416975 0.09384194784641019 0.9667662352931736
390 0.09438074174332006 0.08897457066042865 0.942719552919025
391 0.09162823024113763 0.08410950570515839 0.9179431435465659
392 0.088805085313784 0.07924704159480048 0.8923705361555464
393 0.08590530388373609 0.07438752348044843 0.865924688202305
394 0.0829219824737495 0.06953136860452128 0.8385155121747448
395 0.07984711859989053 0.06467908761436793 0.8100365892784589
396 0.07667135291471303 0.05983131429231942 0.7803607477603014
397 0.0733836232910202 0.05498884775322603 0.7493340514838669
398 0.06997071377664867 0.05015271473541438 0.7167672305802868
399 0.0664166335126034 0.04532426342449525 0.6824233784130957
400 0.06270175687348199 0.040505310405241184 0.6459996087026998
401 0.05880161460499747 0.03569838087117667 0.60709865045343
402 0.05468517293207312 0.030907121909835723 0.56518285035373
403 0.05031239107369179 0.026137059774745966 0.519495480476438
404 0.04563092964138233 0.021397101121761457 0.4689166162057894
405 0.04057274986857019 0.016702821211479573 0.4116758480898152
406 0.03505685264175233 0.01208465020972904 0.3447157773466621
407 0.029040771462033023 0.0076116901842112625 0.2621035806215597
408 0.023094450930825322 0.0034774301532167267 0.1505742727390512
409 0.020271534676792748 0.00046675263182537074 0.02302502692900298
410 0.018766384918131023 4.45397783891967e-05 0.0023733808393839816
411 0.01740972108732023 4.136754224754167e-06 0.0002376117459898326
412 0.01616539078352246 3.8394139388645207e-07 2.3750826628812914e-05
413 0.015012559970990085 3.5635955782609723e-08 2.373742776146893e-06
414 0.013938803687173158 3.3079689886378754e-09 2.3732086790790752e-07
