1 1.9986812332918558 3.9951102832821284 1.9988731653331864
2 1.9973665885514647 3.9901904278927125 1.9977256307198412
3 1.9960591520043796 3.985285148317462 1.9965766767560793
4 1.9947514133366653 3.9803802456429676 1.995426707824659
5 1.99344193546468 3.9754753042172446 1.9942769505802256
6 1.992128738267351 3.970570359664728 1.993129401425192
7 1.9908108961203845 3.9656654150777615 1.991984986020469
8 1.989487537343111 3.960760470137399 1.9908445746922607
9 1.9881596999032216 3.9558555250556493 1.989707127273634
10 1.986829540353897 3.950950579548764 1.988570483427086
11 1.9854986407770099 3.946045633969449 1.9874330573327383
12 1.9841670124016106 3.9411406887184603 1.986294835104709
13 1.9828346245391788 3.936235743911944 1.985155844666948
14 1.9815014727677325 3.931330799186346 1.984016087404225
15 1.9801675618973404 3.926425854654263 1.9828755556888695
16 1.9788328869286806 3.9215209102516977 1.981734251616485
16 1.9774974427665621 3.9166159660506223 1.98059217743978
17 1.9774974427665621 3.9166159660506223 1.98059217743978
18 1.97616122918473 3.911711021943868 1.9794493304362892
19 1.9748242545107306 3.906806077980241 1.9783056993839512
20 1.9734865062225426 3.901901134131054 1.9771612938969096
21 1.9721479850514674 3.896996190435673 1.9760161103396978
22 1.9708086879211428 3.892091246886159 1.974870148858351
23 1.9694686190133228 3.8871863034434746 1.9737234023007193
24 1.9681277745479844 3.882281360181004 1.972575871539966
25 1.9667861569097034 3.8773764171550082 1.9714275512531083
26 1.9654437556851327 3.8724714741398754 1.9702784487923304
27 1.9641005713973034 3.867566531278676 1.9691285607270128
28 1.962756609470523 3.862661588716152 1.9679778787030302
29 1.9614118610264137 3.8577566461877404 1.9668264084876914
30 1.9600663368228468 3.852851703895217 1.9656741363868657
31 1.9587200184388505 3.8479467617164937 1.9645210777921212
32 1.957372915517317 3.8430418196188914 1.9633672199879235
33 1.9560250274911888 3.838136877680114 1.962212560543223
33 1.954676343871727 3.8332319358666664 1.9610571069141753
34 1.954676343871727 3.8332319358666664 1.9610571069141753
35 1.953326866635377 3.8283269944011122 1.9599008541747238
36 1.951976600709158 3.823422052915223 1.9587437941244605
37 1.9506255341101955 3.818517111533417 1.957585935772796
38 1.949273675867297 3.813612170265698 1.9564272669761953
39 1.9479210147520163 3.8087072292734603 1.9552677959882963
40 1.946567551284247 3.8038022883489138 1.954107519073436
41 1.9452132941362072 3.798897347556475 1.9529464244400077
42 1.943858233294318 3.7939924069776576 1.9517845190530478
43 1.9425023596172595 3.7890874665505887 1.9506218089213394
44 1.9411456853222775 3.7841825262305995 1.9494582786053654
45 1.9397882032955294 3.7792775859543233 1.9482939320559138
46 1.938429910820875 3.774372646032425 1.9471287689912276
47 1.9370708083522736 3.7694677062440185 1.9459627856611152
48 1.9357108940166614 3.76456276651326 1.9447959807167656
49 1.934350171818634 3.7596578269804506 1.9436283470048765
50 1.932988634617198 3.754752887550277 1.9424598884379134
51 1.9316262738563355 3.749847948299457 1.9412906104311727
52 1.9302630988221603 3.7449430092219833 1.9401205004163082
53 1.9288991016483763 3.7400380702788545 1.9389495630345497
54 1.9275342840404575 3.735133131635478 1.9377777934024443
55 1.9261686443225163 3.7302281930407637 1.936605189808176
56 1.9248021803902784 3.725323254563938 1.93543175112602
57 1.9234348886702852 3.7204183163296336 1.9342574777260302
58 1.922066766591321 3.7155133781141183 1.9330823687791947
59 1.9206978172591869 3.7106084401646706 1.9319064179807655
60 1.9193280332180014 3.7057035022629505 1.9307296293952732
61 1.917957418170481 3.700798564621957 1.929551996077217
62 1.9165859667441907 3.6958936272141796 1.928373520073611
63 1.915213678697343 3.6909886898930138 1.9271941981969796
64 1.9138405562639824 3.686083752734256 1.9260140248725202
65 1.9124665909360556 3.6811788156396155 1.924833005233239
66 1.9110917867758361 3.6762738787702838 1.9236511318864753
66 1.9097161399537335 3.67136894202973 1.9224684052356995
67 1.9097161399537335 3.67136894202973 1.9224684052356995
68 1.908339649116416 3.6664640054524367 1.9212848232493902
69 1.906962316260516 3.661559069092713 1.9201003805218855
70 1.905584131197535 3.6566541328948836 1.9189150838472377
71 1.9042050984420293 3.651749196804105 1.91772892520447
72 1.9028252138284227 3.6468442608907603 1.9165419053668244
73 1.9014444834045923 3.641939325180744 1.915354014785509
74 1.9000628930769472 3.6370343896146005 1.9141652641428175
75 1.8986804489075428 3.6321294542260776 1.9129756438561958
76 1.8972971466858632 3.6272245190203125 1.9117851546639544
77 1.895912982708176 3.6223195840087996 1.910593796786272
78 1.8945279579084715 3.6174146491212813 1.9094015657150023
79 1.8931420726603818 3.6125097143781324 1.908208457541472
80 1.8917553222688508 3.607604779842736 1.9070144734764138
81 1.8903677050537318 3.602699845456691 1.9058196116158725
82 1.8889792204083584 3.597794911257428 1.904623869011994
83 1.8875898686008277 3.592889977158831 1.903427241756735
83 1.8861996448536453 3.587985043299493 1.9022297311363843
84 1.8861996448536453 3.587985043299493 1.9022297311363843
85 1.8848085442914526 3.5830801095532525 1.9010313383846758
86 1.8834165692655673 3.5781751760808382 1.8998320575867806
87 1.882023714042757 3.573270242763351 1.8986318908212074
88 1.8806299815219294 3.5683653095991605 1.8974308315086017
89 1.879235369217528 3.5634603765959696 1.8962288784931265
90 1.8778398769934854 3.558555443713773 1.8950260282102414
91 1.8764435015562526 3.5536505110358374 1.8938222803343514
92 1.8750462403955976 3.54874557855992 1.892617633691639
93 1.8736480875917039 3.5438406461977423 1.8914120904917757
94 1.872249043807824 3.538935713977359 1.8902056463491568
95 1.8708491164346113 3.5340307820332195 1.888998290128406
96 1.869448294356997 3.529125850158191 1.8877900291818692
97 1.8680465746007051 3.524220918550988 1.8865808628482885
98 1.8666439581130265 3.5193159870751183 1.8853707863136164
99 1.8652404448226862 3.5144110557751014 1.8841597958751044
100 1.8638360321801062 3.5095061246231967 1.8829478902809762
101 1.8624307151931336 3.504601193733942 1.8817350708106828
102 1.861024496607918 3.4996962629333663 1.8805213307574666
103 1.8596173711130852 3.4947913324194566 1.8793066717416327
104 1.8582093405027642 3.4898864019155527 1.8780910879348587
105 1.8568003977275742 3.4849814716936933 1.8768745827277673
106 1.8553905446147634 3.480076541598789 1.8756571502962793
107 1.8539797787402443 3.475171611750781 1.8744387892472678
108 1.852568096235821 3.470266682068437 1.8732194995258584
109 1.8511554993236083 3.4653617525352702 1.8719992749401522
110 1.8497419805791304 3.460456823223426 1.8707781190866424
111 1.84832754247454 3.4555518940547563 1.8695560254588128
112 1.8469121848436818 3.450646965230262 1.8683329903540142
113 1.8454959008038776 3.445742036431867 1.8671090165689015
114 1.8440786931314486 3.440837107785994 1.8658840973554518
115 1.842660553794385 3.4359321793233915 1.8646582368348636
116 1.8412414820058978 3.4310272510796125 1.8634314317868612
116 1.8398214799392592 3.4261223230171476 1.8622036759404827
117 1.8398214799392592 3.4261223230171476 1.8622036759404827
118 1.8384005422161351 3.4212173952007054 1.8609749707082512
119 1.8369786685422944 3.41631246745258 1.8597453122106973
120 1.835555859563123 3.411407539842681 1.8585146957361587
121 1.8341321108177926 3.4065026125930022 1.8572831218107455
122 1.832707417491013 3.40159768550875 1.8560505910788296
123 1.8312817817302436 3.396692758494172 1.8548170971727174
124 1.829855196794604 3.3917878318010506 1.8535826429012072
125 1.8284276612651384 3.3868829053134646 1.8523472254680227
126 1.8269991756296116 3.381977978903763 1.8511108401230023
127 1.8255697392096637 3.3770730528331434 1.849873483494071
128 1.8241393494314329 3.3721681268568426 1.8486351538372965
129 1.8227080023448878 3.367263201033412 1.8473958509544457
130 1.8212756988254817 3.362358275314316 1.846155569682646
131 1.8198424342467558 3.3574533498928485 1.8449143105526713
132 1.8184082061763487 3.352548424621367 1.8436720716691695
133 1.8169730158033701 3.3476434995822997 1.8424288475754536
133 1.8155368600777626 3.342738574715052 1.8411846370179876
134 1.8155368600777626 3.342738574715052 1.8411846370179876
135 1.8140997309855516 3.337833650087659 1.8399394438332803
136 1.8126616296058464 3.3329287256888103 1.8386932625773833
137 1.8112225564823614 3.328023801394153 1.8374460882695853
138 1.809782508557855 3.3231188773404723 1.836197919709444
139 1.8083414856845015 3.318213953519475 1.8349487526485906
140 1.8068994852078026 3.313309029789631 1.8336985852915795
141 1.8054565009881884 3.308404106337779 1.8324474195456804
142 1.8040125338456017 3.303499183054325 1.831195250075274
143 1.8025675764525235 3.2985942599896094 1.8299420798865615
144 1.8011216349241947 3.2936893370844893 1.8286878982624144
145 1.799674705543308 3.2887844144278557 1.8274327045314542
146 1.7982267801026062 3.2838794918891656 1.8261765024441403
147 1.7967778638557634 3.27897456966045 1.8249192822444913
148 1.7953279467244292 3.274069647667248 1.8236610495819323
149 1.7938770347865411 3.2691647257941057 1.8224017936564496
150 1.7924251201436914 3.264259804112399 1.8211415179512305
151 1.790972203564922 3.2593548826563756 1.819880217107024
152 1.7895182819811322 3.254449961396476 1.8186178896108027
153 1.788063349586359 3.2495450404041604 1.817354536770687
154 1.7866074084244734 3.244640119477216 1.8160901517466082
155 1.7851504560605316 3.239735198763338 1.8148247324277542
156 1.783692489516521 3.234830278311262 1.8135582771826773
157 1.7822335062518289 3.229925358105269 1.8122907838816504
158 1.7807732337086857 3.22502043799417 1.8110225249049015
159 1.779311940970547 3.2201155181289556 1.8097532220081125
160 1.7778496262669596 3.215210598381101 1.8084828721607016
161 1.7763862863642903 3.210305678927258 1.8072114739738023
162 1.7749219166626862 3.205400759578924 1.8059390272254394
163 1.773456518937759 3.2004958405136636 1.8046655253948112
164 1.7719900933510275 3.1955909215523812 1.8033909633824017
165 1.7705226285874398 3.190686002888347 1.8021153479602479
166 1.7690541301232081 3.1857810843428407 1.8008386685832856
166 1.7675845914320318 3.1808761660381006 1.7995609270734094
167 1.7675845914320318 3.1808761660381006 1.7995609270734094
168 1.7661140138839793 3.1759712479640507 1.798282117120831
169 1.7646423904404085 3.171066330072842 1.7970022409364352
170 1.763169718520297 3.166161412385018 1.795721296213136
171 1.7616960032307367 3.161256494888432 1.7944392727752523
172 1.7602212360964373 3.1563515777255837 1.7931561743484479
173 1.7587454108599645 3.1514466608058744 1.7918720022501313
174 1.757268532785673 3.1465417439435504 1.7905867459855787
175 1.7557905962849125 3.1416368273818525 1.7893004063407447
176 1.7543115974746557 3.136731910953433 1.788012982111491
177 1.7528315382510034 3.1318269947931876 1.786724466355827
178 1.7513504141925116 3.126922078829499 1.7854348584324953
179 1.7498682197909141 3.12201716306023 1.7841441588288685
180 1.7483849537635536 3.117112247465331 1.782852363694546
181 1.746900618150589 3.112207332110925 1.7815594658188172
182 1.745415209511317 3.1073024170126278 1.7802654635298
183 1.7439287198577917 3.1023975020976144 1.778970359723532
183 1.7424411510487017 3.097492587348522 1.777674147264183
184 1.7424411510487017 3.097492587348522 1.777674147264183
185 1.7409524992966845 3.0925876728999304 1.7763768248411624
186 1.739462760884675 3.087682758620125 1.7750783908991288
187 1.7379719349951679 3.0827778446090757 1.7737788410361452
188 1.736480018978328 3.077872930768537 1.7724781725846914
189 1.7349870115692636 3.0729680171244733 1.7711763815136752
190 1.7334929079803623 3.0680631036672663 1.7698734673462089
191 1.7319977060671692 3.063158190508043 1.7685694269558403
192 1.7305014017665261 3.0582532775293627 1.7672642590219483
193 1.7290039952670488 3.0533483647497586 1.765957957938762
194 1.727505486033999 3.048443452261865 1.7646505188591157
195 1.7260058674761447 3.043538539922232 1.7633419429637582
196 1.724505136508225 3.0386336278423376 1.762032227978722
197 1.7230032945159381 3.0337287160935364 1.7607213670162103
198 1.7215003340871768 3.02882380449623 1.759409362009947
199 1.7199962556478159 3.023918893114892 1.758096207003642
200 1.7184910550058343 3.0190139820045347 1.7567819007322591
201 1.7169847285708324 3.014109071069523 1.7554664412061363
202 1.71547727394102 3.0092041603422324 1.7541498252722945
203 1.7139686924811302 3.0042992498856287 1.752832045920643
204 1.7124589787140938 2.9993943396010705 1.7515131030194673
205 1.7109481304971474 2.994489429568436 1.750192993108641
206 1.709436142966793 2.9895845197352133 1.748871715410599
207 1.7079230173099418 2.984679610129015 1.7475492629814338
208 1.7064087451054617 2.979774700763572 1.7462256386756927
209 1.7048933317766644 2.9748697916155384 1.7449008311361247
210 1.7033767657114998 2.9699648827401233 1.743574846460683
211 1.7018590481056788 2.9650599741349724 1.7422476775825524
212 1.7003401764434207 2.9601550657413966 1.740919321175551
213 1.6988201456710472 2.9552501576031194 1.739589776547989
214 1.6972989574226658 2.9503452496985147 1.7382590360973234
215 1.6957766058121986 2.9454403420186037 1.736927099904102
216 1.694253086000932 2.9405354345746146 1.7355939669647427
216 1.6927284006961085 2.9356305273891916 1.7342596285275054
217 1.6927284006961085 2.9356305273891916 1.7342596285275054
218 1.6912025417817704 2.9307256204201235 1.7329240868645164
219 1.6896755089675228 2.9258207136939114 1.7315873362464345
220 1.688147300452564 2.920915807156802 1.7302493724177703
221 1.6866179105639576 2.916010900949779 1.72891019518152
222 1.685087337513495 2.9111059949923677 1.727569800202747
223 1.6835555792031136 2.9062010891975376 1.7262281834337452
224 1.6820226342236424 2.9012961836902673 1.7248853402198092
225 1.6804884967167721 2.896391278425682 1.7235412703416064
226 1.6789531655445917 2.8914863733877683 1.7221959687302382
227 1.6774166379166229 2.8865814686102667 1.7208494320143652
228 1.6758789068530997 2.8816765640414843 1.7195016610433893
229 1.6743399737932765 2.87677165974402 1.7181526480709841
230 1.6727998313366088 2.8718667556463227 1.7168023943137474
231 1.6712584781065993 2.866961851873801 1.7154508948979796
232 1.6697159153793144 2.862056948385348 1.7140981420993198
233 1.6681721341457858 2.8571520450845527 1.7127441386902216
233 1.6666271355998292 2.8522471421023794 1.7113888770782784
234 1.6666271355998292 2.8522471421023794 1.7113888770782784
235 1.6650809165418805 2.8473422392933627 1.7100323539872517
236 1.6635334710742316 2.84243733678565 1.7086745690485794
237 1.6619847984980525 2.837532434578001 1.7073155164489466
238 1.660434891652293 2.8326275325613626 1.7059551969199014
239 1.6588837526903628 2.8277226307972376 1.704593601698288
240 1.6573313761292083 2.822817729262932 1.7032307297866907
241 1.6557777590365845 2.8179128279856704 1.7018665775685229
242 1.6542228977781501 2.8130079270161645 1.700501142134124
243 1.6526667898399319 2.8081030262939657 1.6991344193259568
244 1.65110943231209 2.8031981258031298 1.6977664053906718
245 1.6495508247778512 2.798293225636227 1.6963970940471504
246 1.6479909563218507 2.7933883257505143 1.6950264896993579
247 1.6464298304610352 2.7884834260767124 1.693654581863278
248 1.6448674397050815 2.7835785266727138 1.6922813714227323
249 1.6433037815876113 2.7786736276014525 1.6909068540674506
250 1.6417388557609487 2.7737687286888417 1.6895310231316876
251 1.64017265784857 2.768863830126367 1.6881538762866048
252 1.6386051825321017 2.763958931779532 1.6867754119442275
253 1.6370364299601055 2.759054033638439 1.6853956229341074
254 1.6354663924604464 2.754149135838269 1.6840145101941482
255 1.6338950693929617 2.7492442382779005 1.682632067247331
256 1.6323224584183138 2.744339341003951 1.6812482894238667
257 1.6307485543531721 2.739434443960524 1.6798631748884834
258 1.6291733512695172 2.7345295472330875 1.6784767226288304
259 1.6275968519380744 2.729624650717896 1.6770889225225354
260 1.6260190453433296 2.724719754567377 1.675699778775998
261 1.6244399355932546 2.7198148586256528 1.6743092797902441
262 1.6228595156000292 2.7149099629964994 1.6729174256298458
263 1.6212777807767749 2.7100050676406964 1.6715242136620774
264 1.6196947307705143 2.705100172578236 1.670129636892365
265 1.6181103586843602 2.700195277776284 1.6687336950068947
266 1.6165246626466891 2.695290383233194 1.6673363824961835
266 1.6149376397523958 2.690385489032156 1.6659376949345543
267 1.6149376397523958 2.690385489032156 1.6659376949345543
268 1.6133492848485511 2.685480595067759 1.6645376300643115
269 1.6117595955919082 2.6805757014229457 1.663136182811756
270 1.610168569337343 2.675670808011634 1.6617333482747045
271 1.6085762013835925 2.6707659149234715 1.6603291237469835
272 1.6069824876340648 2.665861022131961 1.658923505791819
273 1.6053874247701225 2.6609561296613267 1.6575164901658255
274 1.6037910122381436 2.656051237413189 1.656108069658391
275 1.6021932424866234 2.651146345524119 1.6546982443949816
276 1.6005941107768609 2.6462414538529195 1.653287011388881
277 1.598993615948129 2.6413365625212917 1.6518743640856262
278 1.59739175494773 2.636431671371819 1.6504602976732459
279 1.5957885218892618 2.6315267805660985 1.649044810430533
280 1.59418391277198 2.6266218901027427 1.6476278985500181
281 1.5925779267804328 2.6217169998902174 1.6462095548381106
282 1.5909705578876239 2.6168121099914465 1.6447897775467706
283 1.5893618028753576 2.611907220393813 1.6433685619401075
283 1.5877516573553077 2.6070023310861896 1.6419459044550024
284 1.5877516573553077 2.6070023310861896 1.6419459044550024
285 1.5861401170828038 2.6020974420398235 1.6405218013308607
286 1.5845271812661976 2.5971925534044122 1.6390962453095896
287 1.5829128456646853 2.5922876649492967 1.637669232421171
288 1.5812971016499384 2.5873827768302 1.6362407634406613
289 1.5796799494085234 2.582477889065969 1.6348108298981205
290 1.5780613835853934 2.5775730016212752 1.6333794289832804
291 1.5764414022507074 2.5726681143717145 1.6319465542446934
292 1.5748200002056443 2.567763227449107 1.6305122027366945
293 1.573197169814542 2.5628583408971264 1.6290763739418954
294 1.5715729108622147 2.557953454663279 1.6276390595584296
295 1.5699472194533715 2.553048568736724 1.6262002550796908
296 1.568320093392295 2.5481436831262325 1.6247599542097095
297 1.5666915217711224 2.543238797838141 1.623318159635565
298 1.5650615075098437 2.538333912827556 1.6218748596445118
299 1.5634300442047362 2.5334290280662057 1.620430052151694
300 1.5617971262039718 2.5285241436847072 1.6189837343537794
301 1.5601627519524301 2.523619259659636 1.6175358990602169
302 1.5585269164327755 2.5187143759103536 1.616086542589394
303 1.5568896138213293 2.5138094925026264 1.6146356621472808
304 1.5552508413956887 2.5089046093639955 1.6131832515920672
305 1.5536105934708901 2.503999726547915 1.6117293078916124
306 1.5519688667516995 2.499094844111021 1.6102738254934676
307 1.550325659732027 2.494189961962052 1.608816796848458
308 1.5486809647269546 2.4892850801523054 1.6073582208658368
309 1.5470347792753707 2.484380198705823 1.6058980909721396
310 1.545387097567592 2.479475317582825 1.6044364039828394
311 1.5437379170193062 2.474570436786976 1.6029731533477833
312 1.5420872319177594 2.4696655562877154 1.6015083356966828
313 1.5404350347522537 2.464760676177803 1.6000419495614806
314 1.538781326745682 2.4598557963229406 1.5985739842094449
315 1.5371261028628265 2.454950916868284 1.5971044355411383
316 1.5354693554834595 2.450046037737814 1.595633301953063
316 1.533811082249458 2.4451411589380694 1.5941605763808098
317 1.533811082249458 2.4451411589380694 1.5941605763808098
318 1.5321512764814609 2.440236280487999 1.5926862562108932
319 1.5304899365226212 2.435331402332135 1.5912103335127938
320 1.5288270576135696 2.430426524516505 1.5897328035980025
321 1.5271626334295585 2.4255216470920007 1.5882536633606545
322 1.525496661154153 2.420616769979483 1.58677290591256
323 1.5238291335933873 2.415711893224115 1.5852905289502848
324 1.5221600479265875 2.410807016825874 1.5838065255422769
325 1.520489400876588 2.405902140744696 1.5823208891542768
326 1.5188171868606477 2.400997264990188 1.580833615632821
327 1.5171433950801516 2.3960923896525532 1.5793447062569628
328 1.5154678249139821 2.391187514587503 1.5778543597408454
329 1.5137906730916382 2.386282639907472 1.5763623612727973
330 1.5121119355438395 2.3813777656013246 1.5748687049050034
331 1.5104316089616607 2.376472891615518 1.5733733838165724
332 1.5087496843378985 2.371568017960667 1.5718763971118304
333 1.5070661581091518 2.3666631446404507 1.570377738167644
333 1.5053810286804865 2.3617582717154093 1.5688773982926862
334 1.5053810286804865 2.3617582717154093 1.5688773982926862
335 1.503694289577325 2.356853399131028 1.567375373749353
336 1.5020059350505552 2.3519485268941875 1.5658716600311067
337 1.5003159617943431 2.347043655058209 1.5643662500605535
338 1.4986243638133971 2.3421387835722838 1.5628591394393732
339 1.4969311357209445 2.3372339124659605 1.5613503231331436
340 1.4952362750474468 2.332329041673504 1.55983979294476
341 1.4935397740601892 2.327424171302175 1.558327546226017
342 1.4918416245838462 2.3225193012368255 1.5568135805868129
343 1.4901418275051983 2.3176144315760765 1.5552978842666516
344 1.4884403758023632 2.312709562336555 1.5537804536442104
345 1.486737264150296 2.307804693430297 1.5522612831993954
346 1.4850324873203435 2.302899824891216 1.5507403673347695
347 1.483326040233092 2.297994956746777 1.5492177002337713
348 1.4816179149859672 2.293090088978691 1.547693278938524
349 1.4799081089182102 2.288185221569575 1.546167094957134
350 1.4781966177070782 2.283280354490042 1.5446391414639948
350 1.4781966177070782 2.283280354490042 1.5446391414639948
351 1.4764834347827307 2.278375487823482 1.5431094139967458
352 1.4747685567983737 2.2734706215176566 1.5415779045718285
353 1.473051975494689 2.2685657556327827 1.5400446103545937
354 1.4713336871472908 2.263660890123193 1.5385095236364181
355 1.4696136857705973 2.258756025006596 1.5369726390525609
356 1.4678919660918688 2.253851160262742 1.5354339504040064
357 1.4661685208374169 2.248946295929139 1.5338934535605981
358 1.4644433455366301 2.2440414319828568 1.5323511413550457
359 1.462716437031602 2.239136568431633 1.5308070052016902
360 1.4609877883662066 2.2342317053027716 1.5292610404370788
361 1.4592573922628564 2.2293268425411914 1.527713242613214
362 1.4575252469593576 2.224421980202135 1.5261636015174713
363 1.4557913422729984 2.219517118276366 1.5246121156421533
364 1.4540556749777869 2.2146122567491906 1.5230587761249392
365 1.4523182412139233 2.2097073956354563 1.5215035747182157
366 1.450579033363883 2.2048025349408493 1.5199465070358331
366 1.4488380434341297 2.1998976746435197 1.5183875689992097
367 1.4488380434341297 2.1998976746435197 1.5183875689992097
368 1.4470952706804308 2.1949928147378044 1.51682674887446
369 1.4453507034286357 2.1900879552938624 1.5152640463650615
370 1.4436043381465047 2.1851830962140175 1.5136994524549936
371 1.4418561710812552 2.180278237529731 1.5121329583759588
372 1.4401061930596673 2.175373379296034 1.5105645609885263
373 1.4383544008450266 2.1704685214869603 1.5089942507992606
374 1.4366007882054952 2.165563664079126 1.5074220213843834
375 1.4348453448782248 2.1606588071169823 1.5058478705245806
376 1.4330880689473247 2.1557539505434495 1.5042717870974667
377 1.4313289550750687 2.1508490944502046 1.5026937635991575
378 1.4295679936838492 2.1459442388012713 1.5011137968131159
379 1.427805179747584 2.1410393834970707 1.499531878624769
380 1.426040509911594 2.136134528686174 1.4979479992602747
381 1.4242739730348375 2.131229674280714 1.4963621568815852
382 1.4225055670721003 2.126324820339312 1.494774340121467
383 1.4207352839079155 2.1214199668315974 1.4931845438485616
383 1.418963117320568 2.116515113741907 1.4915927608735375
384 1.418963117320568 2.116515113741907 1.4915927608735375
385 1.4171890605987478 2.1116102611201013 1.4899989844883277
386 1.4154131083803883 2.106705408923022 1.4884032064205321
387 1.4136352535048313 2.1018005572226284 1.4868054202890215
388 1.4118554903016607 2.0968957059243274 1.485205617946281
389 1.4100738097265517 2.091990855094089 1.4836037948253062
390 1.4082902080096005 2.0870860047196302 1.4819999406723152
391 1.4065046770637524 2.0821811548082843 1.4803940497056063
392 1.404717210425385 2.077276305354845 1.478786114342396
393 1.4029278017074003 2.072371456327045 1.4771761268148753
394 1.4011364443642842 2.067466607803437 1.4755640795150942
395 1.3993431305400503 2.062561759701999 1.4739499660144058
396 1.3975478544748965 2.057656912115892 1.4723337777145524
397 1.3957506098145527 2.052752064974796 1.4707155064381712
398 1.393951387752415 2.0478472183054017 1.469095146572735
399 1.3921501831990604 2.042942372127729 1.4674726884948543
400 1.3903469891631681 2.038037526365107 1.4658481244252384
401 1.38854179754418 2.033132681132437 1.464221447801068
402 1.3867346022698528 2.0282278363730093 1.4625926497061077
403 1.3849253962687873 2.0233229920964524 1.460961722232556
404 1.383114172249461 2.0184181483035784 1.4593286576052324
405 1.3813009230082895 2.013513304998049 1.4576934478642678
406 1.379485640949582 2.00860846216098 1.4560560853524618
407 1.3776683174985107 2.0037036198368217 1.45441656339679
408 1.3758489473292845 1.998798778002255 1.4527748717489686
409 1.3740275219107398 1.9938939366155397 1.4511310034334726
410 1.3722040360925427 1.9889890957881275 1.4494849479177514
411 1.3703784799615737 1.9840842554265203 1.4478366994512022
412 1.3685508476715265 1.9791794155927647 1.446186248001067
413 1.3667211305735731 1.974274576246623 1.4445335863198934
414 1.3648893232624844 1.969369737401563 1.442878703669682
415 1.3630554130968295 1.964464899059263 1.4412215968505973
416 1.3612193975688829 1.959560061261267 1.4395622518757898
416 1.3593812666730771 1.9546552239790185 1.437900662529213
417 1.3593812666730771 1.9546552239790185 1.437900662529213
418 1.3575410139777528 1.949750387242209 1.4362368187530585
419 1.3556986287279962 1.9448455509747586 1.4345707148789684
420 1.3538541056727893 1.9399407152322032 1.4329023394054428
421 1.3520074363608878 1.9350358800002594 1.4312316840569101
422 1.3501586124034628 1.9301310453235805 1.4295587404265704
423 1.3483076270075165 1.925226211164329 1.427883498246796
424 1.3464544707275292 1.920321377544323 1.4262059499915483
425 1.3445991364092893 1.915416544520776 1.4245260856226913
426 1.3427416151913005 1.9105117120092165 1.422843896691938
427 1.340881899103048 1.9056068799955461 1.421159373745188
428 1.3390199793491635 1.900702048540606 1.419472508143195
429 1.3371558495101585 1.8957972175987627 1.4177832885323365
430 1.3352894997280378 1.8908923872544512 1.4160917071837789
431 1.333420920717689 1.8859875574495664 1.4143977555372902
432 1.3315501052425498 1.8810827282152407 1.4127014228072103
433 1.3296770437284966 1.876177899535212 1.4110027005311705
433 1.3278017299108364 1.8712730713802792 1.4093015766035624
434 1.3278017299108364 1.8712730713802792 1.4093015766035624
435 1.3259241529904657 1.866368243844066 1.4075980437000808
436 1.3240443052619626 1.8614634168558593 1.4058920909656178
437 1.322162178170149 1.8565585904469537 1.4041837083983153
438 1.3202777612220638 1.8516537645987132 1.402472887890501
439 1.3183910486774852 1.8467489393221086 1.4007596161811275
440 1.3165020297091323 1.8418441146293403 1.3990438852846105
441 1.3146106957113572 1.8369392905061157 1.397325684705553
442 1.3127170366498218 1.8320344670068112 1.3956050053881655
443 1.3108210428906364 1.827129644091514 1.3938818376475772
444 1.30892270764813 1.8222248217669317 1.3921561686717943
445 1.3070220213465324 1.817320000036516 1.3904279884773936
446 1.3051189741215354 1.8124151789089489 1.38869728725603
447 1.303213554877677 1.8075103583847325 1.3869640563663337
448 1.3013057564622945 1.8026055384631874 1.385228282831636
449 1.2993955690731955 1.797700719148818 1.3834899563579723
450 1.2974829826494052 1.7927959004378249 1.3817490667792895
451 1.2955679863195992 1.7878910823484382 1.3800056046671945
452 1.2936505713557898 1.7829862649074257 1.3782595581732675
453 1.2917307298817577 1.7780814480346359 1.3765109143121474
454 1.2898084508892114 1.7731766318121303 1.3747596634133372
455 1.2878837243948051 1.7682718162073208 1.373005794477492
456 1.2859565406247353 1.763367001236984 1.3712492961700837
457 1.2840268907525265 1.7584621868808983 1.3694901559657529
458 1.282094760786937 1.7535573731631744 1.3677283667291942
459 1.2801601445875825 1.7486525601039893 1.365963912794158
460 1.2782230294169055 1.74374774769028 1.36419678534953
461 1.2762834078258922 1.7388429359285578 1.3624269697986757
462 1.2743412659103306 1.7339381248595291 1.3606544583023321
463 1.2723965961220234 1.7290333144120582 1.3588792359880246
464 1.2704493870377813 1.7241285046151051 1.357101292035833
465 1.268499628667874 1.719223695492461 1.3553206139271154
466 1.2665473093704709 1.7143188870641024 1.353537190739597
466 1.2645924188326876 1.7094140793067136 1.351751009929847
467 1.2645924188326876 1.7094140793067136 1.351751009929847
468 1.2626349461357202 1.7045092721916686 1.3499620594284196
469 1.26067488130916 1.6996044657490283 1.3481703260273241
470 1.2587122127336494 1.6946996600280033 1.3463757981242463
471 1.2567469287375506 1.6897948549601205 1.3445784639056828
472 1.254779018328375 1.6848900506236772 1.3427783107724411
473 1.2528084709568876 1.679985246954696 1.3409753253596166
474 1.2508352764363107 1.6750804440086402 1.339169493828975
475 1.2488594214526516 1.6701756417186016 1.337360805410654
476 1.2468808963146574 1.6652708401542213 1.335549245381959
477 1.2448996885685326 1.6603660393001942 1.3337348017247816
478 1.242915786673493 1.6554612391821506 1.331917461288977
479 1.2409291792719694 1.650556439784529 1.3300972105055022
480 1.2389398547329409 1.6456516411111788 1.3282740359223544
481 1.2369478014025452 1.6407468431392236 1.3264479238968858
482 1.234953006108849 1.635842045909177 1.3246188622702892
483 1.2329554573883388 1.6309372494349463 1.3227868368331954
483 1.2309551440726139 1.6260324536706008 1.3209518328107992
484 1.2309551440726139 1.6260324536706008 1.3209518328107992
485 1.228952052411063 1.6211276586839312 1.3191138380895044
486 1.2269461717038195 1.6162228644317502 1.3172728369879136
487 1.2249374885016466 1.6113180709296147 1.3154288166170764
488 1.2229259906560963 1.6064132782099987 1.3135817624974693
489 1.2209116662581438 1.6015084862337086 1.3117316596228619
490 1.218894501868207 1.5966036950499802 1.3098784944905866
491 1.2168744847313169 1.591698904649903 1.3080222526001493
492 1.2148516025258054 1.5867941150152238 1.3061629187598802
493 1.2128258413858222 1.5818893261493763 1.3043004792360358
494 1.210797188586694 1.5769845380861616 1.3024349188710131
495 1.2087656316840258 1.5720797508026128 1.300566221933714
496 1.206731156204126 1.5671749643410977 1.2986943747029602
497 1.2046937509653826 1.5622701786755644 1.2968193596286506
498 1.2026534006083078 1.5573653938212662 1.294941163458685
499 1.2006100924639682 1.5524606097949092 1.2930597698115722
500 1.1985638129294833 1.5475558265931586 1.2911751630567607
501 1.1965145466530598 1.5426510442095205 1.289287329205222
502 1.194462281740057 1.5377462626192797 1.287396250285222
503 1.1924070040717072 1.5328414818787126 1.28550191054273
504 1.1903486972356607 1.5279367019944152 1.2836042964072065
505 1.1882873502857003 1.5230319229440252 1.281703388139108
506 1.186222945758894 1.518127144739316 1.2797991728005937
507 1.1841554723120873 1.5132223674140923 1.2778916306145978
508 1.1820849130805418 1.508317590929691 1.2759807474396905
509 1.1800112550017336 1.503412815310734 1.2740665048220452
510 1.1779344824898095 1.498508040564547 1.272148886750593
511 1.1758545804698914 1.493603266721813 1.2702278764138877
512 1.1737715348854347 1.488698493742178 1.2683034555676813
513 1.1716853287366862 1.4837937216584114 1.2663756089343896
514 1.1695959484942506 1.478888950510984 1.2644443172147783
515 1.1675033783345596 1.4739841802237001 1.2625095632068617
516 1.1654076019379682 1.4690794108468617 1.2605713300684795
516 1.1633086051862918 1.464174642405153 1.2586295982661286
517 1.1633086051862918 1.464174642405153 1.2586295982661286
518 1.1612063715640701 1.459269874885598 1.25668435053457
519 1.159100884634808 1.4543651082761253 1.2547355692290276
520 1.1569921297875088 1.449460342591903 1.252783234453037
521 1.1548800892984263 1.4445555778760464 1.2508273294014394
522 1.1527647480277616 1.439650814095597 1.2488678340994224
523 1.1506460892118147 1.4347460512376438 1.246904730037744
524 1.1485240955285256 1.429841289366596 1.2449379990661966
525 1.1463987506692352 1.4249365284640947 1.2429676215472645
526 1.1442700382934918 1.4200317685396464 1.2409935775801768
527 1.1421379415386752 1.4151270095932464 1.2390158474963222
528 1.1400024421022363 1.4102222516285885 1.2370344128632302
529 1.1378635233701015 1.4053174946671971 1.2350492530993133
530 1.1357211677199288 1.4004127387046255 1.2330603483565343
531 1.1335753579139842 1.3955079837427573 1.2310676780331429
532 1.131426075229332 1.3906032298003583 1.229071222809226
533 1.129273263485559 1.385698476882358 1.2270710037049222
533 1.1271168501384665 1.3807937249539475 1.2250670591822992
534 1.1271168501384665 1.3807937249539475 1.2250670591822992
535 1.1249569117463696 1.3758889740689235 1.2230592653837826
536 1.1227934284169079 1.370984224208289 1.221047602800205
537 1.1206263827542462 1.3660794753991536 1.219032048881126
538 1.1184557562484694 1.3611747276506008 1.217012581897974
539 1.1162815300039355 1.356269980960861 1.2149891801542927
540 1.1141036843652528 1.3513652353623133 1.2129618224287961
541 1.1119222010437106 1.3464604908453566 1.2109304855874767
542 1.1097370597318472 1.3415557474194777 1.2088951483188697
543 1.107548241753277 1.3366510050942466 1.2068557871378083
544 1.1053557265662335 1.3317462638748971 1.2048123801845598
545 1.1031594949110282 1.3268415237624636 1.2027649037907033
546 1.1009595260156262 1.3219367847757775 1.2007133355391075
547 1.0987557997457553 1.317032046931847 1.1986576518973546
548 1.0965482971057048 1.3121273102089837 1.1965978276308404
549 1.09433699610837 1.3072225746428112 1.1945338403905699
550 1.0921218755962132 1.3023178402420716 1.192465666463377
551 1.0899029154791215 1.2974131069901054 1.1903932805058717
552 1.0876800946405942 1.2925083749159696 1.188316657889246
553 1.0854533909996467 1.2876036440306269 1.1862357745686438
554 1.083222783094459 1.2826989143460028 1.1841506053645745
555 1.080988249654563 1.2777941858579502 1.1820611244074835
556 1.0787497693052466 1.2728894585647275 1.1799673054711417
557 1.0765073178011073 1.2679847324986198 1.1778691250224174
558 1.0742608744561377 1.2630800076536857 1.1757665551145953
559 1.0720104164623967 1.2581752840430487 1.1736595696476444
560 1.0697559194739623 1.253270561707272 1.171548143733152
561 1.067497361901197 1.248365840629478 1.1694322489061304
562 1.065234720097146 1.2434611208299902 1.167311858476215
563 1.0629679698450836 1.238556402301358 1.1651869458323043
564 1.0606970878170205 1.2336516850853847 1.1630574829090135
565 1.0584220499579304 1.2287469691558157 1.160923441839345
566 1.0561428323704845 1.2238422545364247 1.1587847940884504
566 1.0538594105562387 1.2189375412488654 1.1566415112291843
567 1.0538594105562387 1.2189375412488654 1.1566415112291843
568 1.0515717605288581 1.214032829298498 1.1544935636992903
569 1.0492798559618695 1.20912811869157 1.1523409239408
570 1.0469836726068025 1.2042234094323596 1.1501835615392724
571 1.0446831845497422 1.1993187015275644 1.1480214473294792
572 1.0423783661575126 1.1944139950294266 1.1458545512915415
573 1.040069191050975 1.1895092899158475 1.1436828435556923
574 1.0377556336460092 1.1846045861726695 1.1415062927779318
575 1.0354376668935221 1.1796998838640247 1.139324868684092
576 1.0331152642432757 1.1747951829954952 1.1371385397698055
577 1.0307883982535408 1.1698904835471364 1.1349472748522156
578 1.0284570420964658 1.1649857855551888 1.1327510414828945
579 1.0261211681157236 1.1600810890302697 1.1305498074467542
580 1.0237807485118577 1.155176393974314 1.1283435400142559
581 1.0214357554673845 1.1502717004068728 1.1261322058189904
582 1.0190861592834801 1.145367008347848 1.1239157728853426
583 1.0167319318709838 1.1404623178001638 1.1216942067527005
583 1.0143730443289452 1.135557628792381 1.1194674731756156
584 1.0143730443289452 1.135557628792381 1.1194674731756156
585 1.0120094672218132 1.1306529413127064 1.1172355377431356
586 1.0096411704737451 1.1257482553861853 1.1149983660610434
587 1.0072681248776278 1.1208435710424562 1.1127559220427299
588 1.0048902992676811 1.115938888270691 1.110508170975416
589 1.002507663081875 1.1110342070991568 1.1082550767578705
590 1.0001201852194868 1.1061295275607794 1.1059966031162822
591 0.9977278344809016 1.1012248496269315 1.1037327130398014
592 0.99533057929361 1.0963201733400463 1.1014633692035354
593 0.9929283877022396 1.0914154987090174 1.0991885338626377
594 0.9905212266237833 1.086510825748863 1.096908169704008
595 0.9881090636856773 1.0816061544827558 1.0946222378006851
596 0.98569186590136 1.0767014849158816 1.0923306990377752
597 0.9832695994410098 1.0717968170711225 1.090033514389584
598 0.9808422309567923 1.0668921509659322 1.0877306434136709
599 0.9784097257203054 1.061987486612846 1.0854220463017277
600 0.9759720496747579 1.0570828240230543 1.0831076815932654
601 0.9735291672506036 1.0521781632179075 1.0807875085955778
602 0.9710810429683058 1.0472735042085453 1.0784614855700836
603 0.9686276416871171 1.042368847030843 1.0761295694755173
604 0.9661689263606608 1.037464191688682 1.0737917183867363
605 0.9637048605441835 1.0325595382023993 1.071447888744003
606 0.9612354069656533 1.0276548865919415 1.0690980369064385
607 0.9587605284010804 1.0227502368748165 1.0667421181600492
608 0.9562801876350836 1.017845589076793 1.0643800867546602
609 0.9537943449375158 1.0129409431968006 1.0620118986584677
610 0.9513029619328414 1.00803629927082 1.0596375073012585
611 0.9488059989243307 1.0031316573182785 1.0572568664780126
612 0.9463034167335826 0.9982270173708545 1.0548699283116825
613 0.943795174528414 0.9933223794119139 1.0524766455902332
614 0.9412812312711872 0.9884177434829075 1.0500769702462494
615 0.938761546555692 0.9835131096044034 1.0476708523191054
616 0.9362360780073785 0.9786084778012688 1.045258242861216
616 0.9337047834334572 0.9737038480912089 1.0428390915067025
617 0.9337047834334572 0.9737038480912089 1.0428390915067025
618 0.9311676193215644 0.9687992204972468 1.0404133481392965
619 0.928624543051769 0.9638945950328532 1.0379809603838115
620 0.9260755107545392 0.9589899717380185 1.0355418760146908
621 0.9235204777371495 0.9540853506296982 1.0330960424044306
622 0.9209593990759875 0.9491807317226653 1.0306434058602287
623 0.9183922284530973 0.9442761150348873 1.0281839129076558
624 0.9158189205023193 0.939371500600501 1.02571750765453
625 0.9132394279221814 0.9344668884545142 1.0232441349807135
626 0.9106537036808695 0.9295622786049585 1.0207637380133199
627 0.9080616994449934 0.9246576710756862 1.0182762599070485
628 0.9054633667663782 0.9197530658793306 1.0157816424578106
629 0.9028586565883546 0.9148484630793553 1.0132798266965803
630 0.9002475184215768 0.9099438626838549 1.0107707536692563
631 0.8976299019513039 0.9050392647076216 1.0082543626724232
632 0.8950057561786297 0.9001346691951574 1.005730592212531
633 0.892375028782386 0.8952300761739921 1.0031993806410089
633 0.8897376673986409 0.8903254856514077 1.0006606646816307
634 0.8897376673986409 0.8903254856514077 1.0006606646816307
635 0.8870936190854777 0.8854208976663867 0.998114380057411
636 0.8844428286268241 0.8805163122690588 0.9955604633440677
637 0.8817852419411958 0.8756117294697542 0.9929988480439398
638 0.8791208028320376 0.8707071493174909 0.9904294682966862
639 0.8764494559467657 0.8658025718113784 0.9878522554117097
640 0.8737711432711301 0.860897997013648 0.9852671419093917
641 0.8710858071636558 0.8559934249352988 0.9826740579352345
642 0.8683933891127409 0.8510888556173186 0.9800729327141668
643 0.8656938290161482 0.8461842890975222 0.9774636952872837
644 0.8629870671681746 0.8412797253936883 0.9748462722092496
645 0.8602730418132672 0.8363751645493139 0.9722205903214381
646 0.8575516908722514 0.8314706066062046 0.9695865747293687
647 0.8548229512717009 0.8265660515915632 0.9669441495012498
648 0.8520867588047133 0.8216614995329696 0.9642932377984332
649 0.849343048549513 0.8167569504959953 0.9616337614004524
650 0.8465917542473571 0.8118524044881935 0.9589656412493082
651 0.8438328099195753 0.8069478615598081 0.9562887956877587
652 0.8410661474522823 0.8020433217520001 0.9536031430839438
653 0.8382916974589407 0.7971387851005636 0.9509086008090962
654 0.8355093902902714 0.7922342516513815 0.9482050840579359
655 0.8327191550448073 0.7873297214386237 0.9454925068899834
656 0.8299209195561879 0.7824251945106954 0.9427707822199596
657 0.8271146102118478 0.7775206709074975 0.9400398219399754
658 0.8243001529117282 0.7726161506763198 0.9372995357906442
659 0.821477472183705 0.7677116338578389 0.9345498322882279
660 0.8186464915804855 0.7628071204940199 0.9317906182207393
661 0.8158071327799307 0.757902610632917 0.929021799613716
662 0.8129593167703526 0.7529981043251669 0.9262432803114996
663 0.8101029632552809 0.7480936016135241 0.9234549625734226
664 0.807237990438669 0.7431891025495363 0.9206567472693806
665 0.8043643152521197 0.7382846071851458 0.917848533538858
666 0.8014818532414648 0.7333801155702201 0.9150302188429867
666 0.7985905189049247 0.7284756277582178 0.9122016985089522
667 0.7985905189049247 0.7284756277582178 0.9122016985089522
668 0.7956902247261816 0.7235711437926545 0.9093628667383149
669 0.7927808822581478 0.718666663730236 0.9065136153172543
670 0.7898624013660601 0.7137621876358239 0.9036538343911275
671 0.7869346903723321 0.708857715559142 0.900783412183483
672 0.783997655947406 0.7039532475519986 0.8979022350536503
673 0.7810512032664447 0.6990487836805147 0.8950101872412634
674 0.7780952356500683 0.694144324007084 0.8921071511601706
675 0.7751296554767113 0.689239868585926 0.8891930062487903
676 0.7721543624110956 0.6843354174835787 0.8862676309264157
677 0.7691692551743462 0.6794309707619395 0.883330900437426
678 0.7661742301409113 0.6745265284954431 0.880382688375446
679 0.7631691822190092 0.6696220907379149 0.877422865518371
680 0.7601540040495669 0.6647176575689646 0.8744513006940904
681 0.7571285869204694 0.6598132290481968 0.8714678595506594
682 0.7540928191858831 0.6549088052557807 0.8684724063051267
683 0.7510465883257759 0.6500043862604823 0.8654648012042293
683 0.7479897786624308 0.6450999721427715 0.8624449030524872
684 0.7479897786624308 0.6450999721427715 0.8624449030524872
685 0.74492227286891 0.6401955629732892 0.8594125673108308
686 0.7418439513788864 0.6352911588257437 0.8563676466525204
687 0.738754692288117 0.6303867597918661 0.8533099909516554
688 0.7356543713825756 0.6254823659516652 0.8502394470600981
689 0.7325428620719141 0.6205779773856388 0.8471558587444353
690 0.7294200351540535 0.6156735941860874 0.8440590668119736
691 0.7262857594530571 0.6107692164339228 0.8409489081733804
692 0.7231399004321617 0.6058648442257119 0.8378252173108356
693 0.7199823211750845 0.6009604776604575 0.8346878249449635
694 0.7168128822714691 0.596056116827534 0.8315365579629713
695 0.713631441412745 0.5911517618267286 0.828371239720676
696 0.7104378529081867 0.5862474127487315 0.8251916903764629
697 0.7072319688965873 0.5813430697056514 0.8219977253186873
698 0.704013637528901 0.5764387327987429 0.8187891570141339
699 0.7007827042311767 0.5715344021410879 0.8155657933483302
700 0.6975390115471023 0.5666300778414918 0.8123274375503933
700 0.6975390115471023 0.5666300778414918 0.8123274375503933
701 0.6942823983537534 0.5617257600162218 0.8090738888788725
702 0.6910126995344641 0.5568214487809576 0.8058049427399653
703 0.6877297472164875 0.5519171442605008 0.8025203889962973
704 0.6844333692620038 0.5470128465796145 0.799220013438906
705 0.6811233901194923 0.5421085558586068 0.7959035965032745
706 0.6777996301986373 0.5372042722310195 0.7925709137279779
707 0.6744619061708063 0.5322999958381183 0.7892217350868653
708 0.6711100297575888 0.5273957268136794 0.7858558260620537
709 0.6677438093205165 0.5224914653024897 0.7824729454761508
710 0.6643630481757912 0.5175872114487784 0.7790728470976374
711 0.6609675451551772 0.5126829654008389 0.7756552786271449
712 0.6575570947677432 0.5077787273201178 0.772219981140149
713 0.654131486104349 0.5028744973623176 0.768766689946641
714 0.6506905033753488 0.49797027569494035 0.7652951335724163
715 0.6472339257607023 0.4930660624877446 0.7618050334865215
716 0.6437615270290586 0.4881618579171057 0.7582961041023357
716 0.6402730751132363 0.4832576621666753 0.754768052804982
717 0.6402730751132363 0.4832576621666753 0.754768052804982
718 0.6367683321035741 0.4783534754179218 0.7512205794494736
719 0.633247054387021 0.47344929786874707 0.7476533757066471
720 0.6297089921990031 0.46854512971354584 0.7440661250164812
721 0.6261538889131599 0.4636409711588505 0.7404585028827505
722 0.6225814817114866 0.4587368224152278 0.7368301754722173
723 0.6189915005977213 0.45383268370209595 0.7331808001626163
724 0.6153836684081438 0.448928555251097 0.7295100248798803
725 0.6117577006004964 0.444024437288159 0.7258174876300015
726 0.608113305023912 0.4391203300592907 0.7221028160895505
727 0.6044501811384416 0.434216233819104 0.7183656277532859
728 0.6007680203752721 0.42931214882301383 0.7146055286944906
729 0.5970665056123936 0.4244080753366889 0.7108221133613682
730 0.5933453104294149 0.4195040136454517 0.7070149645943085
731 0.5896040991463688 0.41459996402868465 0.7031836526051026
732 0.5858425261604201 0.4096959267907406 0.6993277348366383
733 0.582060236146243 0.40479190223972794 0.6954467546517362
733 0.578256862744722 0.399887890697889 0.691540241822299
734 0.578256862744722 0.399887890697889 0.691540241822299
735 0.5744320288109528 0.39498389250240873 0.6876077110811644
736 0.5705853455471562 0.39007990799635195 0.6836486619232909
737 0.5667164122421977 0.3851759375430806 0.6796625776535088
738 0.5628248155961212 0.38027198151260677 0.6756489248076919
739 0.5589101292487073 0.37536804029669 0.6716071523006096
740 0.5549719130923699 0.3704641143021281 0.6675366907090086
741 0.5510097126811706 0.36556020394977484 0.6634369513578757
742 0.5470230587857884 0.3606563096777556 0.659307325139628
743 0.5430114662097346 0.3557524319444137 0.6551471821167891
744 0.5389744335831413 0.35084857123032503 0.6509558698320033
745 0.5349114420978652 0.345944728034702 0.6467327127607215
746 0.530821955063686 0.3410409028746223 0.6424770106460753
747 0.5267054167092928 0.33613709629963734 0.6381880376315993
748 0.5225612513366296 0.33123330887458163 0.6338650407532875
749 0.5183888624590131 0.32632954119811086 0.6295072383502692
750 0.5141876314385643 0.3214257938888754 0.6251138188400389
751 0.5099569164787574 0.31652206760069557 0.6206839389222805
752 0.5056960512679873 0.31161836301997947 0.6162167219590197
753 0.5014043437793282 0.30671468086365955 0.6117112559332892
754 0.49708107495859544 0.3018110218874273 0.6071665913102139
755 0.4927254980671133 0.29690738688073337 0.6025817377940772
756 0.4883368370674827 0.2920037766788093 0.5979556619818497
757 0.48391428340970943 0.2871001921589908 0.5932872866162444
758 0.4794569931744767 0.28219663424358365 0.5885754890655874
759 0.4749640842654185 0.2772931039017151 0.5838190993548024
760 0.47043463601935437 0.2723896021629675 0.5790168948184354
761 0.46586768778773036 0.2674861301069765 0.5741675954758529
762 0.46126223686477913 0.2625826888818733 0.569269859736752
763 0.4566172348903022 0.25767927970337057 0.5643222813638987
764 0.45193158451295523 0.25277590385371407 0.5593233854768739
765 0.44720413612661003 0.24787256269509012 0.5542716237868466
766 0.4424336842515791 0.242969257676246 0.5491653694660542
766 0.4376189637383537 0.23806599033787001 0.5440029113551084
767 0.4376189637383537 0.23806599033787001 0.5440029113551084
768 0.4327586453270015 0.23316276231553834 0.538782447984039
769 0.42785133117116964 0.22825957535861693 0.5335020805797086
770 0.42289554973968685 0.22335643132905666 0.5281598055750258
771 0.41788975019527086 0.2184533322188337 0.522753506437416
772 0.4128322962975395 0.21355028015869087 0.5172809445237283
773 0.40772145946372956 0.20864727743645503 0.5117397492662906
774 0.40255541150546176 0.20374432650496382 0.5061274067662098
775 0.3973322162989644 0.1988414300000498 0.5004412475086986
776 0.3920498203735483 0.19393859076853523 0.49467843291893093
777 0.3867060431095735 0.18903581187795038 0.4888359394590244
778 0.3812985648260199 0.18413309664580205 0.48291054210974765
779 0.3758249145641281 0.17923044867458443 0.4768987944358378
780 0.37028245536045823 0.1743278718667065 0.4707970073737462
781 0.3646683684703981 0.1694253704756725 0.4646012243571534
782 0.35897963495456797 0.16452294914245713 0.4583071938420099
783 0.35321301525980275 0.15962061294163107 0.45191033751749926
783 0.34736502590282425 0.15471836744082793 0.4454057141725908
784 0.34736502590282425 0.15471836744082793 0.4454057141725908
785 0.3414319126478788 0.14981621876517387 0.43878797855571405
786 0.33540962015594106 0.14491417367263293 0.43205133354630193
787 0.3292937567320495 0.14001223964377524 0.42518947529790235
788 0.3230795538904016 0.13511042498805495 0.41819552912311037
789 0.31676181912692863 0.1302087389718656 0.41106197499039515
790 0.3103348809755845 0.12530719196398593 0.4037805597941935
791 0.30379252453916494 0.12040579562428917 0.3963421937618035
792 0.2971279152463485 0.11550456311869134 0.38873682744661203
793 0.29033350842487066 0.11060350939603536 0.38095330434329155
794 0.28340094090277324 0.10570265151534433 0.3729791834093024
795 0.27632090054471403 0.10080200905922419 0.364800523089322
796 0.26908296766155143 0.09590160466031297 0.3564016165487538
797 0.2616754203087179 0.09100146465578238 0.34776466413399165
798 0.2540849934133316 0.0861016199392922 0.3388693632891054
799 0.24629657726185025 0.08120210706505991 0.32969238942662965
800 0.2382928354542069 0.07630296971136528 0.32020673036990466
801 0.2300537144193271 0.07140426064090835 0.3103808205015863
802 0.2215558046772928 0.06650604438108772 0.30017739538784427
803 0.21277149449250018 0.061608400968583193 0.2895519492191882
804 0.2036678272199235 0.05671143130262646 0.27845061282746747
805 0.1942049248728579 0.051815265006007236 0.26680716279429917
806 0.1843337579995674 0.04692007234409712 0.25453868490115217
807 0.1739928965869166 0.04202608299354288 0.24153907324917212
808 0.16310360987787306 0.03713361696093215 0.22766888475820155
809 0.15156216016443766 0.03224313841118393 0.2127387098217766
810 0.1392270475000733 0.02735535614043365 0.19648018565084668
811 0.12589650019855375 0.02247142879316228 0.17849129052612397
812 0.11126534779064726 0.01759343831631516 0.15812145169777675
813 0.09483297529289529 0.012725691070059771 0.13419057064018064
814 0.07567719514033268 0.00787942867038804 0.10411893114929473
815 0.05183950410025198 0.003101282150498289 0.059824687838462835
816 0.044331894149282264 0.00034719343252333934 0.007831685047207946
816 0.04083908234144757 3.264284275679869e-05 0.000799304021669201
817 0.04083908234144757 3.264284275679869e-05 0.000799304021669201
818 0.037863924007778174 3.0295711394195907e-06 8.001207531467798e-05
819 0.03520213060190906 2.812076632272974e-07 7.988370545163738e-06
820 0.03270430013815112 2.6104919409435774e-08 7.982106114230264e-07
