1 1.99912082269034 5.995110283207049 2.9988734123328573
2 1.9982463937955943 5.990190513530731 2.9977236701789254
3 1.997375282607463 5.985285123579587 2.9965751432380436
4 1.9965026235805636 5.9803802073596115 2.995428173610055
5 1.9956257560430641 5.975475253678479 2.9942864966458838
6 1.9947440258198617 5.970570296171673 2.9931511105630224
7 1.9938597579231931 5.965665337657791 2.992018527858567
8 1.9929751495240149 5.960760378075524 2.9908854505783182
9 1.992090236201707 5.9558554184846315 2.9897518246164316
10 1.9912050010183648 5.95095045944783 2.9886176744254493
11 1.9903194328611549 5.946045501193844 2.9874830155510224
12 1.989433528609475 5.94114054301397 2.98634785107224
13 1.9885472929685803 5.936235584840869 2.9852121726403733
14 1.987660722974312 5.931330626845056 2.9840759835358033
15 1.9867738150496939 5.92642566925244 2.982939287985435
16 1.9858865701151236 5.921520711208233 2.9818020829180374
16 1.9849989947293514 5.916615753682282 2.980664357711171
17 1.9849989947293514 5.916615753682282 2.980664357711171
18 1.984111085715248 5.911710796150379 2.979526115605205
19 1.9832228312988742 5.906805838576008 2.9783873729950243
20 1.9823342450798782 5.901900880949714 2.9772481081826325
21 1.9814453279467137 5.8969959233261635 2.9761083185862947
22 1.9805560636982 5.89209096582381 2.9749680273234897
23 1.9796664688260786 5.88718600863357 2.973827208441132
24 1.9787765333971385 5.882281051537677 2.9726858754682377
25 1.9778862643760389 5.877376094493344 2.971544016636099
26 1.9769956570913165 5.872471137682322 2.970401637767015
27 1.9761047051997929 5.867566180882756 2.969258746990089
28 1.9752134151729956 5.8626612240673595 2.968115333275968
29 1.9743217851292922 5.857756267639878 2.9669713983611192
30 1.973429821230625 5.852851311254953 2.9658269315121286
31 1.9725375067775135 5.84794635491614 2.964681956527046
32 1.971644848322207 5.8430413983990706 2.9635364621429012
33 1.9707518557945203 5.838136442301683 2.9623904324311816
33 1.9698585245802176 5.833231486154747 2.961243872779049
34 1.9698585245802176 5.833231486154747 2.961243872779049
35 1.9689648508287598 5.828326530045255 2.960096787706518
36 1.9680708277894405 5.823421574215863 2.958949186171717
37 1.967176468495419 5.818516618677164 2.957801047268228
38 1.9662817592746473 5.813611663110435 2.956652390070002
39 1.9653867047879285 5.808706707584013 2.955503206281631
40 1.9644913102025066 5.803801752331484 2.9543534869254313
41 1.9635955707415846 5.798896797056849 2.9532032377047983
42 1.9626994870175984 5.793991842187601 2.9520524565845823
43 1.961803058862707 5.789086886947701 2.9509011420869844
44 1.9609062787741078 5.784181931979293 2.9497493044876
45 1.9600091510329687 5.779276977082509 2.9485969359054782
46 1.9591116843308405 5.774372022356649 2.9474440219721108
47 1.958213867915269 5.76946706783173 2.9462905775322454
48 1.9573156938797662 5.7645621134319 2.9451366130955905
49 1.9564171790033242 5.759657159172932 2.9439821020724875
50 1.9555183164077863 5.754752204695826 2.9428270532730627
51 1.9546191015393126 5.749847250510285 2.941671472453192
52 1.9537195310022255 5.744942296546289 2.9405153633281382
53 1.9528196109710843 5.740037342472137 2.939358715072393
54 1.9519193406598914 5.735132388388737 2.9382015275538196
55 1.9510187271025063 5.73022743452332 2.937043788930404
56 1.9501177561157987 5.725322480934057 2.935885519209685
57 1.9492164344938443 5.720417527270142 2.9347267066089406
58 1.948314760700143 5.715512573734046 2.93356735216651
59 1.947412740743886 5.71060762048744 2.9324074455351785
60 1.9465103587969648 5.7057026672823055 2.931247009036571
61 1.9456076250374301 5.7007977142508 2.9300860260254824
62 1.9447045308858724 5.695892761377318 2.9289245080241906
63 1.9438010825362797 5.690987808486326 2.9277624442212478
64 1.9428972820983001 5.686082855731619 2.926599830121093
65 1.9419931275545903 5.6811779030425384 2.92543666732561
66 1.9410886183595462 5.676272950688979 2.9242729553924818
66 1.9401837520713867 5.671367998332227 2.9231086964197788
67 1.9401837520713867 5.671367998332227 2.9231086964197788
68 1.9392785264685601 5.666463046182694 2.921943892454357
69 1.938372944801046 5.661558094129801 2.9207785371307384
70 1.9374669980662391 5.656653142166177 2.919612642595724
71 1.9365606917191613 5.651748190410118 2.9184461992734336
72 1.9356540338074033 5.646843238788138 2.9172791935761784
73 1.9347470141374148 5.6419382873471475 2.9161116394654534
74 1.9338396320675428 5.637033335929891 2.914943536400234
75 1.9329318915762521 5.632128384589697 2.913774876980716
76 1.9320237928243706 5.627223433675449 2.9126056597104175
77 1.9311153324691843 5.622318482412047 2.9114358877898687
78 1.930206503342375 5.617413531380272 2.9102655708874017
79 1.929297315696943 5.612508580274032 2.909094691943092
80 1.9283877639736817 5.60760362952382 2.9079232581151926
81 1.9274778457929427 5.602698678963516 2.906751271456834
82 1.9265675640177602 5.597793728514932 2.9055787261574224
83 1.925656919416022 5.592888778119553 2.9044056195719756
83 1.9247459127955369 5.58798382793516 2.9032319491039043
84 1.9247459127955369 5.58798382793516 2.9032319491039043
85 1.923834533058797 5.583078877575787 2.9020577298292807
86 1.9229227957833204 5.57817392743201 2.900882936987436
87 1.9220106919926097 5.573268977617038 2.899707582708113
88 1.9210982171189719 5.568364027976881 2.8985316723304404
89 1.9201853743710677 5.563459078496754 2.8973551995306672
90 1.9192721691396308 5.5585541288901625 2.896178154545921
91 1.918358592605732 5.553649179659096 2.8950005494621838
92 1.9174446475710918 5.548744230435457 2.893822378374409
93 1.9165303300075534 5.543839281411586 2.892643645973365
94 1.9156156483727056 5.538934332471541 2.891464337941071
95 1.9147005984437229 5.534029383270153 2.8902844589740226
96 1.913785174021587 5.5291244343724015 2.8891040172255167
97 1.912869378252032 5.524219485816457 2.887923006465007
98 1.9119532116318412 5.519314537410891 2.8867414243365235
99 1.911036673139883 5.514409589114194 2.885559270850557
100 1.91011975503394 5.509504641003714 2.884376556225826
101 1.9092024715207132 5.50459969263282 2.8831932572600905
102 1.9082848080238395 5.49969474477842 2.8820093948521937
103 1.9073664777387176 5.494789796834944 2.880825400344303
104 1.906447779693178 5.489884849033601 2.8796408207504838
105 1.9055287018383835 5.4849799012907825 2.8784556726954977
106 1.9046092525929972 5.480074953738924 2.877269941998954
107 1.9036894266895297 5.475170006437692 2.8760836351120997
108 1.9027692217774486 5.470265059036561 2.8748967538620263
109 1.901848640394256 5.465360111720502 2.873709292968511
110 1.9009276857760442 5.460455164340671 2.8725212459155003
111 1.9000063521669448 5.455550217416139 2.8713326201220957
112 1.8990846391528102 5.450645270316497 2.8701434143283118
113 1.898162546656592 5.445740323546384 2.868953627358451
114 1.8972400763152741 5.440835376795151 2.8677632550130783
115 1.8963172236916737 5.435930430272133 2.8665723025442356
116 1.8953939919808518 5.4310254837410765 2.8653807634291284
116 1.8944703810481736 5.426120537299165 2.8641886363496476
117 1.8944703810481736 5.426120537299165 2.8641886363496476
118 1.8935463908575756 5.42121559096511 2.862995919793586
119 1.8926220129508664 5.416310644890691 2.8618026250502573
120 1.8916972556837404 5.411405699092219 2.8606087379115563
121 1.8907721127563275 5.40650075320383 2.859414266123456
122 1.8898465922612575 5.401595807278254 2.8582191958846166
123 1.8889206789774942 5.3966908617493194 2.85702354885047
124 1.8879943861106578 5.391785916276545 2.85582730327066
125 1.8870677073068498 5.3868809708088286 2.8546304671265754
126 1.8861406453851841 5.381976025466627 2.8534330346120766
127 1.8852131985470644 5.37707108041502 2.8522350069260782
128 1.8842853660039793 5.372166135458145 2.851036383544678
129 1.883357144504933 5.367261190603708 2.8498371677744467
130 1.8824285348005476 5.362356245814226 2.8486373568398937
131 1.8814995338012888 5.357451301083239 2.8474369537893582
132 1.8805701469817442 5.352546356597858 2.8462359488097406
133 1.879640369217695 5.347641412129901 2.8450343479032565
133 1.8787102043335648 5.3427364677761755 2.843832143697439
134 1.8787102043335648 5.3427364677761755 2.843832143697439
135 1.8777796477776556 5.337831523522934 2.8426293414353676
136 1.8768486978438912 5.332926579341488 2.841425942042058
137 1.875917359148381 5.328021635534806 2.8402219370439603
138 1.8749856295294587 5.3231166916636985 2.839017327828573
139 1.874053507334668 5.318211747987226 2.8378121153813463
140 1.8731209925767098 5.313306804551858 2.8366062980495172
141 1.872188084737173 5.3084018610889 2.835399874812321
142 1.8712547839350848 5.303496917605938 2.8341928438270436
143 1.8703210869771754 5.298591974171621 2.8329852082966345
144 1.8693869907226626 5.293687030835134 2.831776971331503
145 1.8684525024512848 5.2887820878248 2.8305681203489366
146 1.8675176194976992 5.283877144803024 2.829358657523249
147 1.8665823354472804 5.278972202017685 2.828148591019806
148 1.8656466543200072 5.27406725950986 2.8269379130809513
149 1.864710574982444 5.269162317233918 2.8257266237059477
150 1.8637740957294893 5.26425737504507 2.824514723703474
151 1.862837220371516 5.2593524328982 2.8233022055729045
152 1.8618999457124825 5.254447491012411 2.8220890725692147
153 1.860962269121402 5.249542549001011 2.8208753267627644
154 1.8600241897531613 5.2446376073195005 2.8196609679659606
155 1.8590857053635943 5.23973266561335 2.81844599767313
156 1.858146830792757 5.234827724047976 2.8172303917525165
157 1.8572075501442777 5.229922782666431 2.816014172600226
158 1.8562678732012516 5.225017841277357 2.8147973235492585
159 1.8553277879320842 5.220112900027701 2.8135798611877347
160 1.8543872957593155 5.215207959132805 2.812361781737366
161 1.8534464028535964 5.210303018378646 2.8111430739819494
162 1.852505105160472 5.205398077600168 2.809923742234035
163 1.8515633983917026 5.200493136985907 2.8087037913490502
164 1.8506212847109909 5.195588196424954 2.807483216230458
165 1.8496787645710306 5.190683256035404 2.8062620144959087
166 1.8487358390946924 5.185778315733581 2.8050401826325846
166 1.8477924999953714 5.180873375800495 2.803817731597824
167 1.8477924999953714 5.180873375800495 2.803817731597824
168 1.8468487560719313 5.1759684357499935 2.802594646005977
169 1.8459046015029363 5.171063496027127 2.801370933154858
170 1.844960035108133 5.166158556283803 2.8001465928669913
171 1.844015063265618 5.16125361652703 2.7989216136807586
172 1.8430696820647023 5.156348677237016 2.797696000001805
173 1.8421238853313289 5.151443738160562 2.7964697592713805
174 1.8411776767703174 5.146538798871056 2.7952428838366123
175 1.840231058273842 5.141633859748683 2.7940153692284677
176 1.8392840200286802 5.136728920799494 2.7927872285430917
177 1.838336574030933 5.1318239820879725 2.7915584417903343
178 1.8373887131846873 5.126919043454032 2.7903290178416884
179 1.8364404330586168 5.12201410509892 2.7890989617170074
180 1.8354917350094466 5.117109166893222 2.7878682694623445
181 1.834542621839183 5.112204228846613 2.786636934998805
182 1.8335930939809064 5.10729929082957 2.7854049557642764
183 1.8326431527726588 5.102394352790193 2.7841723278591544
183 1.831692789139377 5.097489415113363 2.782939063437829
184 1.831692789139377 5.097489415113363 2.782939063437829
185 1.8307420065780993 5.092584477499517 2.781705155178165
186 1.829790806319472 5.087679540130898 2.780470599458578
187 1.8288391877761425 5.082774602945918 2.779235395281824
188 1.8278871459442478 5.077869665889731 2.777999548361948
189 1.8269346821725423 5.072964728948038 2.7767630547773074
190 1.8259818005259043 5.068059792225891 2.775525906537639
191 1.8250284942511639 5.0631548555436945 2.7742881119350313
192 1.8240747631423864 5.058249919187971 2.773049669561777
193 1.823120612527679 5.053344982544354 2.771810569097843
194 1.8221660347232758 5.048440046278347 2.7705708207018747
195 1.8212110365965593 5.043535110274656 2.7693304119768065
196 1.8202556105781518 5.038630174313615 2.768089352414213
197 1.8192997616442468 5.033725238468151 2.766847632585171
198 1.8183434885593153 5.028820302726917 2.7656052524549595
199 1.8173867898075975 5.0239153672950145 2.7643622125298295
200 1.8164296616584878 5.019010431854437 2.763118516393219
201 1.815472102767652 5.014105496653971 2.7618741643069398
202 1.8145141168940524 5.009200561468222 2.760629148503177
203 1.8135556998577738 5.004295626624807 2.7593834735912792
204 1.8125965818754823 4.99939069193269 2.758137548047151
205 1.8116370350674296 4.994485757098578 2.756890955760728
206 1.8106770580513927 4.989580822647428 2.7556436971798246
207 1.8097166502695141 4.984675888085581 2.7543957709308984
208 1.8087558096120853 4.979770953697094 2.753147178427076
209 1.8077945383839293 4.974866019222221 2.751897914056916
210 1.8068328308426622 4.969961085046598 2.750647984810377
211 1.8058706909750055 4.965056151305984 2.7493973827247324
212 1.8049081213112241 4.960151217485289 2.7481461016873556
213 1.803945113726205 4.955246283912692 2.746894152271186
214 1.8029816674765313 4.950341350442264 2.745641533544157
215 1.802017789935037 4.945436417132701 2.7443882323220485
216 1.801053468283912 4.940531483619304 2.743134265928686
216 1.8000887097640363 4.9356265506591015 2.741879621758244
217 1.8000887097640363 4.9356265506591015 2.741879621758244
218 1.7991235133249353 4.930721617598692 2.7406242990434238
219 1.7981578818214512 4.925816684683417 2.7393682915616906
220 1.7971918060927692 4.920911751798666 2.738111611190294
221 1.796225289851801 4.916006819153099 2.736854250370062
222 1.795258335732785 4.9111018865765965 2.7355962029676317
223 1.7942909374954346 4.906196954245015 2.734337476559594
224 1.7933230952342052 4.901292022302145 2.7330780690481453
225 1.792354809073563 4.896387090156336 2.731817977874143
226 1.7913860780591253 4.891482158058718 2.730557202587165
227 1.7904169031683672 4.886577226389167 2.729295739859111
228 1.7894472812972133 4.881672294912327 2.7280335922349637
229 1.7884772139525233 4.8767673632948645 2.7267707551706737
230 1.7875066996154738 4.871862431770633 2.725507229046281
231 1.7865357374823256 4.86695750042189 2.724243013062054
232 1.7855643289533725 4.862052569203623 2.722978102980791
233 1.784592466334278 4.857147638012669 2.7217125083967826
233 1.7836201567609886 4.852242707037815 2.7204462164463155
234 1.7836201567609886 4.852242707037815 2.7204462164463155
235 1.7826473993615466 4.8473377762225285 2.7191792263341577
236 1.7816741875778612 4.8424328457719845 2.7179115460807926
237 1.780700526110314 4.837527915363691 2.7166431662322132
238 1.7797264134606745 4.832622985077627 2.7153740870095877
239 1.7787518455113103 4.827718054798958 2.7141043125165156
240 1.7777768303362445 4.822813124797387 2.7128338284649662
241 1.7768013585062805 4.817908195046893 2.7115626471026606
242 1.7758254370755402 4.813003265421895 2.7102907554630096
243 1.7748490546291122 4.808098335797129 2.7090181687601995
244 1.7738722156271742 4.803193406510826 2.707744878236676
245 1.7728949218408916 4.798288477061914 2.7064708787589025
246 1.771917166751554 4.793383548027514 2.7051961784507106
247 1.7709389592914717 4.788478619125295 2.7039207613576353
248 1.769960287213329 4.783573690236508 2.702644643947288
249 1.7689811571080152 4.778668761625829 2.701367814136666
250 1.7680015717961843 4.773763833248691 2.70009026541692
251 1.767021519821544 4.7688589048414345 2.6988120129533306
252 1.7660410058664127 4.7639539766517345 2.6975330475492316
253 1.7650600300685 4.759049048561529 2.696253366734975
254 1.764078591417389 4.7541441205743835 2.694972969857629
255 1.7630966842522338 4.749239192900314 2.6936918634808538
256 1.7621143188803072 4.744334265375322 2.6924100295547193
257 1.761131486513022 4.739429337949885 2.691127479262657
258 1.7601481905209597 4.734524410695392 2.689844205273473
259 1.7591644277567644 4.729619483468419 2.688560210087634
260 1.7581801990738888 4.724714556472014 2.687275490282924
261 1.7571954981583089 4.719809629754075 2.6859900532984744
262 1.7562103311267796 4.7149047030453906 2.6847038873870654
263 1.7552246952666601 4.7099997764791235 2.6834169945196464
264 1.7542385895288104 4.705094850145842 2.6821293740947936
265 1.7532520084651924 4.7001899239869065 2.680841032146589
266 1.7522649567806825 4.695284997944052 2.679551959179952
266 1.7512774315453368 4.690380072019214 2.6782621574015244
267 1.7512774315453368 4.690380072019214 2.6782621574015244
268 1.750289435474704 4.685475146209618 2.6769716203759457
269 1.7493009639623258 4.680570220557742 2.6756803528855464
270 1.7483120190263453 4.675665294938811 2.674388349479369
271 1.747322596835975 4.670760369566921 2.6730956138406623
272 1.746332699976245 4.665855444350067 2.6718021396573146
273 1.74534232065437 4.660950519163999 2.6705079364697344
274 1.7443514674911367 4.656045594312945 2.66921298894519
275 1.743360135694475 4.651140669627125 2.667917301994704
276 1.7423683288366194 4.646235745068732 2.6666208677995353
277 1.7413760361605113 4.641330820854191 2.6653237006107373
278 1.7403832684251972 4.636425896604299 2.664025781401366
279 1.7393900178728285 4.631520972562439 2.662727119836249
280 1.7383962836084415 4.6266160486624965 2.6614277148929992
281 1.73740206770144 4.621711124886881 2.66012756103217
282 1.7364073650210952 4.6168062012655495 2.658826663758974
283 1.7354121808190897 4.61190127763074 2.6575250125615626
283 1.734416504784748 4.606996354489938 2.656222621141221
284 1.734416504784748 4.606996354489938 2.656222621141221
285 1.7334203484021 4.602091431541707 2.654919469350872
286 1.7324237035366872 4.597186508934916 2.6536155673406614
287 1.7314265717790203 4.592281586260821 2.6523109100389433
288 1.7304289532441606 4.587376663671813 2.651005494950559
289 1.729430844166259 4.582471741301073 2.6496993255085814
290 1.7284322454567338 4.577566819111792 2.648392397876251
291 1.727433152830518 4.5726618971077295 2.647084716195882
292 1.7264335731582323 4.56775697534553 2.6457762675395347
293 1.7254335025420808 4.562852053751253 2.644467055397269
294 1.7244329361169852 4.557947132357843 2.643157084798706
295 1.7234318757927116 4.553042211085716 2.641846350318601
296 1.7224303209322473 4.548137289951557 2.6405348504837773
297 1.7214282721432665 4.543232368892086 2.639222581859614
298 1.7204257259024174 4.538327448161648 2.637909547522694
299 1.719422682560324 4.533422527472509 2.63659574428899
300 1.7184191433160114 4.528517607012952 2.635281167942723
301 1.7174151057113982 4.523612686630153 2.6339658196708093
302 1.7164105692182938 4.518707766517487 2.632649697895676
303 1.7154055350983224 4.513802846447631 2.6313327980423664
304 1.7144000003941968 4.508897926669002 2.6300151222773325
305 1.7133939617837946 4.503993007093267 2.62869667312485
306 1.712387421593824 4.499088087637401 2.627377444439427
307 1.7113803802453647 4.494183168339646 2.626057433061903
308 1.710372831178496 4.489278249083695 2.6247366464482793
309 1.7093647761505715 4.484373330130646 2.6234150795064908
310 1.7083562172125524 4.4794684112105765 2.6220927263750196
311 1.7073469153437673 4.47456349249485 2.620769951485762
312 1.7063371027692082 4.469658573925621 2.6194463958334073
313 1.7053267838658728 4.464753655635538 2.618122050199793
314 1.7043159590834178 4.4598487376332345 2.6167969113143457
315 1.7033046243397167 4.454943819611444 2.615470982671931
316 1.7022927794851557 4.450038901646586 2.614144261947973
316 1.7012804229470664 4.445133983910305 2.612816749051964
317 1.7012804229470664 4.445133983910305 2.612816749051964
318 1.700267555004063 4.44022906637828 2.6114884409281514
319 1.6992541761479933 4.4353241489881166 2.6101593341629843
320 1.6982402817616116 4.430419231883287 2.6088294333046576
321 1.6972258726537317 4.425514314788634 2.607498734313443
322 1.6962109466199247 4.420609397850207 2.606167238019097
323 1.695195504064146 4.415704481104652 2.604834941172403
324 1.6941795458231634 4.410799564445414 2.6035018397665204
325 1.6931630701180782 4.405894647894172 2.602167933881828
326 1.6921460722054114 4.400989731666668 2.6008332282630664
327 1.6911285560090583 4.3960848154514105 2.599497714015222
328 1.6901105202670443 4.391179899464813 2.598161390517224
329 1.689091965573266 4.386274983890406 2.596824254268319
330 1.6880728876907323 4.381370068182506 2.595486308755411
331 1.6870532867785457 4.376465152861714 2.594147551331139
332 1.686033162086905 4.371560237578807 2.592807980222562
333 1.6850125118296895 4.366655322537642 2.5914675955705877
333 1.6839913346194466 4.361750407540815 2.590126396657793
334 1.6839913346194466 4.361750407540815 2.590126396657793
335 1.6829696318057592 4.356845492876788 2.588784378837583
336 1.681947401262485 4.351940578223479 2.587441542438766
337 1.6809246451394568 4.347035663801909 2.5860978815271403
338 1.6799013587953622 4.342130749631944 2.5847534004887263
339 1.6788775463834575 4.337225835560266 2.583408090067838
340 1.67785319885645 4.332320921578941 2.5820619613990416
341 1.6768283183584134 4.327416007849721 2.5807150084906656
342 1.6758029092794633 4.322511094419111 2.579367221815864
343 1.674776961900068 4.317606181063348 2.5780186133949066
344 1.6737504812676527 4.3127012678521774 2.5766691726868727
345 1.6727234651520435 4.307796354861706 2.5753189003480292
346 1.6716959140306709 4.30289144189957 2.5739677926978675
347 1.6706678245969293 4.297986529304362 2.572615852191508
348 1.6696391945846125 4.293081616961493 2.5712630794041487
349 1.668610029319579 4.288176704577743 2.569909463103469
350 1.667580321692696 4.28327179226447 2.5685550114411804
350 1.667580321692696 4.28327179226447 2.5685550114411804
351 1.6665500733771867 4.278366880145378 2.567199719043224
352 1.6655192826029075 4.273461968261865 2.5658435857813733
353 1.6644879493672669 4.2685570566744 2.564486608807853
354 1.6634560748987866 4.263652145340972 2.5631287833076053
355 1.6624236524621454 4.258747234034611 2.5617701166168807
356 1.6613906868444905 4.253842323027034 2.560410598609069
357 1.6603571751958177 4.248937412132325 2.5590502306416196
358 1.6593231135411954 4.244032501437192 2.5576890159626084
359 1.658288501771688 4.239127590923405 2.556326951790591
360 1.6572533443442028 4.23422268058527 2.5549640283035955
361 1.6562176399489326 4.229317770496447 2.5536002446072565
362 1.6551813777776117 4.224412860463534 2.5522356142839118
363 1.654144566868459 4.219507950682725 2.5508701205426556
364 1.6531071994332718 4.214603041174179 2.5495037724226566
365 1.6520692840740183 4.2096981318083015 2.5481365535875993
366 1.6510308122714514 4.204793222530341 2.546768474142212
366 1.6499917838126654 4.19988831348076 2.545399531491001
367 1.6499917838126654 4.19988831348076 2.545399531491001
368 1.648952201261646 4.194983404750225 2.5440297187150485
369 1.6479120593307126 4.190078496083752 2.5426590407897867
370 1.6468713582236407 4.185173587679683 2.541287494485254
371 1.6458300968018045 4.180268679340221 2.5399150783931868
372 1.6447882741261406 4.175363771096369 2.5385417909272836
373 1.643745889731937 4.170458863152018 2.5371676298653068
374 1.6427029423351243 4.165553955390294 2.5357925940455814
375 1.6416594339066217 4.160649047761489 2.5344166773132
376 1.6406153571898567 4.155744140525093 2.5330398879377176
377 1.639570716779029 4.150839233292117 2.5316622154892636
378 1.638525514012549 4.145934326255675 2.530283654907996
379 1.637479738955291 4.141029419390799 2.5289042184013635
380 1.6364333957956576 4.136124512861126 2.527523896473698
381 1.6353864821176298 4.131219606413636 2.5261426895642436
382 1.6343389980548753 4.126314700283983 2.5247605944635456
383 1.6332909452326076 4.121409794296473 2.523377605396273
383 1.6322423198780356 4.1165048884885485 2.5219937250469906
384 1.6322423198780356 4.1165048884885485 2.5219937250469906
385 1.6311931205635357 4.111599982862604 2.520608952447121
386 1.630143344217336 4.106695077443597 2.5192232891735675
387 1.6290929935755634 4.101790172209367 2.5178367277896654
388 1.628042066994536 4.096885267182013 2.5164492676439933
389 1.6269905646549334 4.091980362193049 2.5150609051386312
390 1.625938482829835 4.087075457557618 2.513671643003579
391 1.6248858193920104 4.082170553187438 2.512281481239635
392 1.6238325755971803 4.077265649164694 2.510890414712391
393 1.6227787466499832 4.072360745155899 2.5094984473778457
394 1.6217243363630989 4.067455841273065 2.508105570145662
395 1.6206693430473755 4.062550937808545 2.506711782534032
396 1.6196137682796141 4.057646034354523 2.5053170785678334
397 1.6185576079510093 4.052741131086684 2.5039214614160046
398 1.6175008621955544 4.0478362279844875 2.5025249275540156
399 1.6164435233623586 4.042931325174404 2.501127485583113
400 1.6153855960136296 4.038026422515773 2.4997291250340594
401 1.6143270824142197 4.0331215200415365 2.4983298390868964
402 1.6132679779511019 4.028216617786038 2.49692963155569
403 1.6122082819871726 4.023311715695579 2.495528500037559
404 1.6111479912197064 4.018406813932006 2.4941264463793322
405 1.6100871042408178 4.013501912437777 2.492723469349323
406 1.609025627119117 4.0085970109848805 2.49131955602353
407 1.6079635504101566 4.003692109735421 2.48991471772738
408 1.6069008763827142 3.9987872087903122 2.488508947603514
409 1.605837604821214 3.9938823079550683 2.4871022424460705
410 1.6047737318360336 3.988977407387093 2.4856946049479975
411 1.603709259148559 3.9840725070200915 2.4842860289622037
412 1.6026441839121872 3.97916760690806 2.4828765154811734
413 1.6015785072358595 3.974262707049129 2.481466059324341
414 1.6005122280785733 3.9693578072489566 2.4800546585102943
415 1.5994453418928418 3.964452907699834 2.4786423167222185
416 1.5983778495544652 3.95954800835954 2.477229029082974
416 1.5973097522559974 3.954643109182788 2.47581479021045
417 1.5973097522559974 3.954643109182788 2.47581479021045
418 1.596241043270674 3.9497382102977756 2.474399607094942
419 1.5951717293951002 3.9448333116242775 2.4729834656235945
420 1.5941018009173198 3.9399284131533316 2.4715663773079704
421 1.593031261533622 3.9350235149087007 2.470148332883579
422 1.5919601098576581 3.93011861690884 2.468729330950537
423 1.590888132449439 3.9252137189568654 2.4673096988368006
424 1.589815544323382 3.9203088211664445 2.4658890996281646
425 1.5887423401121186 3.9154039236476383 2.4644675381228436
426 1.5876685201855345 3.9104990263097728 2.4630450100835866
427 1.5865940829544793 3.9055941292598972 2.461621514424841
428 1.585519024108757 3.9006892323722853 2.46019705412549
429 1.5844433425241675 3.8957843357293793 2.4587716273420215
430 1.5833670400851052 3.8908794392381783 2.4573452274395238
431 1.582290116838417 3.8859745430033845 2.4559178507465957
432 1.5812125679096989 3.8810696470243875 2.4544895011522767
433 1.5801343958487228 3.8761647511938557 2.453060170943173
433 1.5790555964619752 3.8712598556515436 2.451629863017788
434 1.5790555964619752 3.8712598556515436 2.451629863017788
435 1.5779761731649757 3.8663549603167113 2.4501985683103773
436 1.576896117581288 3.8614500650622627 2.448766296022799
437 1.5758154293510558 3.856545169996696 2.4473330430486255
438 1.5747341177074194 3.851640275222616 2.4458987913655137
439 1.5736521711386602 3.8467353806501228 2.444463555034979
440 1.5725695904403547 3.8418304863172543 2.4430273290744835
441 1.5714863770110419 3.836925592216193 2.4415901075222832
442 1.570402526794251 3.83202069823903 2.4401518928153694
443 1.5693180404102824 3.827115804468772 2.438712680234155
444 1.5682329137919402 3.822210911015042 2.437272472347906
445 1.567147151582978 3.8173060176869655 2.435831257984356
446 1.5660607473750117 3.812401124572131 2.4343890433128945
447 1.564973699978241 3.807496231702335 2.4329458263453714
448 1.5638860117023579 3.8025913390658705 2.4315015996124836
449 1.5627976778515735 3.797686446628829 2.4300563665090844
450 1.5617086955977442 3.7927815545053956 2.4286101276100713
451 1.5606190664924542 3.7878766625960956 2.427162876530453
452 1.5595287924913912 3.7829717708111206 2.4257146062482864
453 1.5584378684600269 3.7780668792730054 2.4242653208923297
454 1.5573462968693557 3.773161987886111 2.4228150126090022
455 1.5562540737153008 3.7682570967735374 2.421363683744418
456 1.5551611956908475 3.7633522059628746 2.4199113354876918
457 1.5540676652403762 3.7584473153532194 2.41845795998328
458 1.5529734779596465 3.753542424942844 2.417003560082936
459 1.5518786337081154 3.7486375347235388 2.4155481319865895
460 1.5507831306270554 3.7437326446910912 2.414091674557565
461 1.5496869695044622 3.73882775483415 2.4126341825211974
462 1.5485901476772166 3.7339228653918535 2.411175656123405
463 1.5474926671569118 3.7290179761339908 2.4097160880154775
464 1.5463945194456619 3.7241130869743255 2.4082554872926694
465 1.5452957096058453 3.719208198105 2.40679384210136
466 1.5441962320672655 3.7143033094522035 2.4053311569603726
466 1.543096091830562 3.7093984209704827 2.4038674199284986
467 1.543096091830562 3.7093984209704827 2.4038674199284986
468 1.541995280509406 3.704493532739948 2.4024026399848317
469 1.540893801492909 3.6995886447242516 2.400936807676085
470 1.5397916496140234 3.694683756923642 2.3994699268889925
471 1.5386888295669807 3.689778869457725 2.3980019862080275
472 1.5375853318562094 3.6848739821921206 2.3965329961516044
473 1.5364811612793627 3.6799690951959487 2.3950629450814707
474 1.5353763144242718 3.67506420843221 2.3935918340711595
475 1.5342707907774014 3.670159321825034 2.392119659636743
476 1.5331645876295836 3.665254435457426 2.390646421806711
477 1.5320577070550518 3.660349549378474 2.389172113114761
478 1.5309501426512624 3.655444663517195 2.3876967392202495
479 1.5298418943347825 3.650539777812123 2.3862202959211536
480 1.528732964461351 3.6456348924016964 2.384742775325863
481 1.5276233493704625 3.640730007282887 2.3832641788194984
482 1.526513045762953 3.635825122377434 2.3817845071610537
483 1.5254020540199422 3.630920237750144 2.3803037554469397
483 1.524290372016762 3.6260153533644144 2.3788219226018574
484 1.524290372016762 3.6260153533644144 2.3788219226018574
485 1.523177999408831 3.621110469188108 2.377339004760781
486 1.522064935329847 3.6162055852238493 2.3758549988803077
487 1.5209511775584983 3.611300701616829 2.374369904110832
488 1.5198367249087958 3.6063958181443008 2.3728837177300854
489 1.518721576074797 3.6014909349716135 2.3713964374430145
490 1.5176057305980537 3.596586051985677 2.369908059432765
491 1.5164891861943868 3.591681169268803 2.3684185828466657
492 1.5153719416339533 3.586776286792155 2.3669280050973525
493 1.5142539961405146 3.5818714045940094 2.365436322917672
494 1.5131353448400782 3.57696652261331 2.3639435393608865
495 1.5120159883300144 3.572061640821019 2.362449648939411
496 1.5108959257915813 3.5671567592986655 2.360954648434688
497 1.5097751536912534 3.5622518780475896 2.359458538801775
498 1.5086536726894981 3.5573469970223477 2.357961314395381
499 1.507531484146324 3.552442116206075 2.356462968478387
500 1.5064085825698064 3.5475372356808297 2.3549635050731252
501 1.5052849699697375 3.542632355541036 2.3534629164684064
502 1.5041606398621472 3.537727475609183 2.3519612080352053
503 1.5030355926044303 3.532822595854088 2.3504583745302288
504 1.501909828950229 3.527917716445922 2.348954410207027
505 1.5007833458033406 3.5230128371068954 2.347449315024944
506 1.4996561401864799 3.518107958200362 2.3459430891690216
507 1.4985282147458971 3.5132030794427673 2.3444357235799496
508 1.4973995636244455 3.5082982009309576 2.342927222737494
509 1.4962701904512967 3.503393322686657 2.341417576213279
510 1.4951400903197065 3.498488444772572 2.3399067869449537
511 1.4940092635491653 3.493583567067732 2.3383948495529285
512 1.492877705197096 3.488678689562436 2.336881766950794
513 1.4917454143184634 3.483773812457674 2.3353675359205393
514 1.4906123927606412 3.4788689354914735 2.333852148544495
515 1.4894786373070503 3.4739640588059806 2.332335605085846
516 1.4883441462372176 3.4690591824252124 2.33081790336971
516 1.4872089175524792 3.464154306373073 2.329299041639745
517 1.4872089175524792 3.464154306373073 2.329299041639745
518 1.4860729489720683 3.4592494304819197 2.327779018435614
519 1.4849362426577533 3.4543445548269602 2.3262578254836996
520 1.4837987918208193 3.4494396795217135 2.3247354685393633
521 1.4826606015280175 3.444534804485392 2.3232119346366145
522 1.4815216641046713 3.4396299296485795 2.3216872307616594
523 1.4803819799889384 3.4347250552869997 2.320161351405172
524 1.479241548802304 3.429820180906486 2.3186342917987295
525 1.4781003698244086 3.424915306891456 2.3171060482843395
526 1.4769584364428596 3.420010433207095 2.315576626139816
527 1.4758157523219615 3.4151055597183158 2.314046014446715
528 1.4746723126246597 3.4102006864940178 2.3125142157341076
529 1.4735281180859705 3.4052958136652567 2.3109812238184793
530 1.4723831653794333 3.40039094105905 2.3094470386604624
531 1.4712374529146344 3.3954860686878114 2.3079116576057066
532 1.4700909812992808 3.390581196555155 2.3063750745266978
533 1.4689437466143132 3.385676324705758 2.304837290406263
533 1.467795746874267 3.3807714532037987 2.303298303189183
534 1.467795746874267 3.3807714532037987 2.303298303189183
535 1.4666469824634965 3.3758665819881912 2.301758106997103
536 1.4654974500149685 3.370961711142264 2.3002167019177233
537 1.464347149250918 3.366056840426019 2.298674082950832
538 1.4631960781158888 3.361151969934436 2.2971302480953097
539 1.4620442368214361 3.3562470997746185 2.295585191780026
540 1.460891618425261 3.351342229853366 2.294038919509908
541 1.459738227095205 3.346437360268066 2.29249141945627
542 1.4585840570604631 3.3415324909069395 2.290942695233657
543 1.4574291062423286 3.3366276219259605 2.2893927448236204
544 1.4562731954767136 3.331722753073858 2.2878418441144297
545 1.4551165033117375 3.3268178843573697 2.2862897072404706
546 1.453959028561192 3.3219130161166817 2.2847363308469415
547 1.4528007706793504 3.317008148156827 2.2831817101843543
548 1.4516417252630787 3.3121032805222135 2.2816258467095016
549 1.4504818915833633 3.307198413131962 2.2800687359990306
550 1.4493212668936533 3.3022935460010943 2.2785103768462167
551 1.448159848887507 3.2973886791971103 2.276950767368811
552 1.4469976393845632 3.2924838126782703 2.275389899100754
553 1.4458346314603845 3.2875789464208416 2.2738277773165376
554 1.4446708275639544 3.2826740804038077 2.2722643925323442
555 1.4435062241497476 3.277769214642168 2.270699744694787
556 1.44234081947041 3.272864349190936 2.269133830929535
557 1.4411746099464093 3.267959484038576 2.2675666511777477
558 1.4400076008031122 3.26305461920862 2.265998191529523
559 1.4388397837047768 3.258149754624031 2.264428459320765
560 1.4376711596552851 3.253244890288458 2.2628574472263177
561 1.4365017239706201 3.2483400264066633 2.2612851569909425
562 1.435331479139459 3.243435162754105 2.25971157874882
563 1.4341604220328685 3.238530299355134 2.2581367116271687
564 1.4329885488338043 3.2336254362353096 2.256560555816654
565 1.4318158587523313 3.2287205734276996 2.25498310672517
566 1.4306423491271023 3.2238157109565475 2.253404362679141
566 1.4294680208546404 3.218910848731178 2.2518243162982254
567 1.4294680208546404 3.218910848731178 2.2518243162982254
568 1.4282928695167476 3.2140059868625883 2.2502429686917247
569 1.4271168905455642 3.209101125285752 2.2486603210609912
570 1.4259400883566624 3.2041962639980266 2.247076360473694
571 1.424762458028891 3.1992914030969613 2.245491088755293
572 1.4235839966315265 3.1943865424167504 2.243904504388419
573 1.422404702790746 3.1894816819490592 2.2423166034893747
574 1.421224577817964 3.1845768218159347 2.240727378008958
575 1.4200436179889266 3.1796719619857003 2.239136827704468
576 1.4188618188028062 3.174767102409451 2.2375449535235403
577 1.4176791818838972 3.1698622431154533 2.235951746786004
578 1.4164957021789166 3.1649573842082313 2.234357209372223
579 1.4153113830359174 3.1600525257134815 2.2327613298318867
580 1.4141262163625146 3.155147667386172 2.231164114545588
581 1.412940204664405 3.150242809486796 2.2295655535083503
582 1.4117533430346547 3.145337951811215 2.227965648057265
583 1.4105656314043025 3.140433094447314 2.2263643920778255
583 1.4093770678080826 3.135528237354355 2.224761782331856
584 1.4093770678080826 3.135528237354355 2.224761782331856
585 1.4081876513118479 3.1306233805892694 2.223157813997889
586 1.4069973749490328 3.1257185242086387 2.221552491753487
587 1.4058062425965754 3.120813668104139 2.2199458030147046
588 1.4046142456856074 3.1159088124051717 2.21833775499284
589 1.403421388899656 3.111003956929965 2.2167283337252885
590 1.4022276667335478 3.1060991017819637 2.21511754151702
591 1.401033078165613 3.1011942469660334 2.2135053734965764
592 1.3998376204054341 3.096289392416051 2.211891827510161
593 1.3986412927664804 3.091384538236364 2.210276898175712
594 1.3974440907687775 3.0864796843320637 2.208660585937356
595 1.3962460139841837 3.081574830824459 2.2070428849649457
596 1.39504706138309 3.0766699775906057 2.2054237901768747
597 1.3938472311245018 3.0717651246730964 2.2038032978656603
598 1.3926465201125504 3.0668602721875304 2.2021814063339447
599 1.3914449236309574 3.0619554199895633 2.2005581162346193
600 1.3902424434148555 3.0570505681333153 2.1989334181340885
601 1.3890390765092742 3.0521457165334116 2.1973073098876448
602 1.3878348217642693 3.047240865260179 2.1956797865803717
603 1.3866296737325874 3.0423360143314966 2.19405085003122
604 1.385423632199671 3.0374311637642766 2.1924204937529996
605 1.3842166951434343 3.032526313516334 2.190788714047478
606 1.3830088600047927 3.0276214636075993 2.1891555080833736
607 1.381800126477862 3.0227166140081634 2.187520869398756
608 1.380590490478733 3.017811764725363 2.1858847975107434
609 1.3793799494885324 3.0129069157752615 2.1842472894378617
610 1.3781685021778978 3.008002067171955 2.1826083402852823
611 1.3769561475608258 3.0030972188974387 2.180967944561778
612 1.3757428837159136 2.9981923709959077 2.1793260982733345
613 1.3745287063956162 2.993287523413841 2.1776828010111524
614 1.3733136142793771 2.988382676218515 2.1760380477889734
615 1.3720976053402951 2.9834778293494573 2.1743918346169857
616 1.3708806786134562 2.978572982775634 2.1727441558139393
616 1.3696628284110806 2.9736681366297995 2.1710950132738103
617 1.3696628284110806 2.9736681366297995 2.1710950132738103
618 1.3684440547364716 2.9687632909049992 2.1694443997396076
619 1.3672243563995379 2.963858445388953 2.1677923096645286
620 1.3660037288017302 2.9589536003098313 2.166138743197612
621 1.3647821704162093 2.9540487555395423 2.164483695327485
622 1.363559680525685 2.9491439111145437 2.1628271598479487
623 1.3623362543776134 2.944239067067868 2.1611691369198356
624 1.3611118926229386 2.939334223316442 2.1595096180169144
625 1.359886590484958 2.9344293799820056 2.157848603342386
626 1.358660347266224 2.929524536978932 2.15618608644424
627 1.3574331605275591 2.9246196942932965 2.154522063654802
628 1.3562050246179036 2.9197148521005984 2.152856536513126
629 1.3549759433919604 2.9148100102122436 2.1511894911694847
630 1.3537459092961819 2.9099051685748916 2.149520931950785
631 1.3525149210772591 2.905000327406478 2.1478508533515375
632 1.351282978633002 2.9000954865193527 2.1461792477051516
633 1.350050078403437 2.8951906460139405 2.1445061130160292
633 1.3488162163488948 2.8902858058898366 2.142831447944435
634 1.3488162163488948 2.8902858058898366 2.142831447944435
635 1.347581391331171 2.8853809661009047 2.141155246475065
636 1.3463456008090589 2.880476126681076 2.139477504847279
637 1.345108842327031 2.8755712876587234 2.1377982191270117
638 1.3438711127453475 2.8706664490458285 2.1361173864221574
639 1.3426324106433405 2.8657616108056327 2.134435001038344
640 1.3413927346552348 2.8608567728707768 2.132751057136205
641 1.3401520798548896 2.8559519353238065 2.1310655546145525
642 1.3389104471834161 2.8510470981149307 2.1293784839101852
643 1.3376678307122989 2.8461422613687954 2.127689846479484
644 1.3364242309947614 2.841237424962231 2.1259996332507147
645 1.3351796410458416 2.836332588939809 2.12430784723329
646 1.333934061530295 2.831427753273099 2.122614479178133
647 1.3326874903162107 2.8265229180530476 2.1209195243382903
648 1.3314399260062284 2.8216180831216766 2.1192229765749695
649 1.3301913621464438 2.816713248629152 2.117524837993237
650 1.328941797871648 2.8118084145697804 2.115825101650803
651 1.3276912315684366 2.806903580821258 2.1141237616711446
652 1.3264396599748651 2.801998747511343 2.1124208149539485
653 1.3251870821518126 2.7970939145616245 2.110716254507823
654 1.3239334932624638 2.7921890819659128 2.1090100795662656
655 1.32267889147671 2.7872842498454493 2.107302284633555
656 1.321423274593939 2.7823794181136927 2.1055928646093296
657 1.3201666376229322 2.777474586769536 2.1038818188669013
658 1.318908980195366 2.7725697557991076 2.1021691393657926
659 1.3176502998548154 2.7676649252619696 2.100454821409689
660 1.3163905934491518 2.7627600950789155 2.0987388612676474
661 1.3151298592344292 2.7578552652492445 2.097021252984601
662 1.3138680931301607 2.7529504359167305 2.0953019944019635
663 1.3126052925674045 2.748045606997688 2.0935810807395256
664 1.3113414550927096 2.7431407784175463 2.0918585070000786
665 1.3100765782035966 2.7382359502379354 2.090134268328543
666 1.3088106577261613 2.7333311225363235 2.088408362509079
666 1.3075436931758473 2.728426295172826 2.0866807812332806
667 1.3075436931758473 2.728426295172826 2.0866807812332806
668 1.3062756819746328 2.723521468289601 2.084951519707224
669 1.3050066190185192 2.71861664173477 2.0832205769035954
670 1.3037365034691075 2.713711815642586 2.0814879451650548
671 1.3024653319575272 2.7088069899942244 2.079753620714841
672 1.3011930994179783 2.703902164802772 2.078017602469782
673 1.2999198063096682 2.6989973399686362 2.0762798803956977
674 1.2986454490892563 2.694092515584232 2.07454045095496
675 1.2973699771018359 2.6891876915571613 2.0727993856960327
676 1.2960933348560124 2.6842828679366137 2.071056764005981
677 1.294815620776324 2.67937804474127 2.069312419273111
678 1.2935368298570256 2.674473221943009 2.067566350034748
679 1.2922569582193781 2.6695683995619617 2.0658185530224604
680 1.2909760079827102 2.66466357761474 2.064069015332489
681 1.289693972865321 2.6597587560927445 2.06231773742692
682 1.2884108500319993 2.6548539350005127 2.060564714224951
683 1.2871266372525128 2.6499491143130287 2.0588099396105908
683 1.2858413315439108 2.645044294017562 2.0570534086360834
684 1.2858413315439108 2.645044294017562 2.0570534086360834
685 1.284554929909499 2.6401394742127136 2.0552951164172635
686 1.2832674275178786 2.635234654824813 2.0535350608266714
687 1.2819788210310619 2.6303298358927742 2.0517732373903566
688 1.2806891137125784 2.6254250173826508 2.050009630964871
689 1.2793982985206565 2.620520199330836 2.0482442429076957
690 1.2781063699641764 2.6156153817184795 2.0464770720075447
691 1.2768133276009188 2.6107105645594983 2.0447081089487993
692 1.2755191694977475 2.6058057478442405 2.042937346735691
693 1.2742238903000516 2.6009009315123035 2.0411647837648443
694 1.2729274872124967 2.5959961156601365 2.039390414409971
695 1.2716299566634282 2.591091300292708 2.037614234168684
696 1.2703312976398398 2.5861864853153134 2.0358362343116423
697 1.2690315057251398 2.5812816707845614 2.0340564116330477
698 1.2677305768891047 2.576376856723103 2.032274762233232
699 1.2664285103943365 2.571472043122637 2.030491276860105
700 1.2651253020281044 2.566567229929253 2.0287059517463017
700 1.2651253020281044 2.566567229929253 2.0287059517463017
701 1.263820946555472 2.5616624172288316 2.0269187848251846
702 1.262515444307673 2.556757605008283 2.0251297649751407
703 1.2612087889611767 2.5518527932829325 2.0233388917189705
704 1.259900978393908 2.546947981998623 2.021546157734882
705 1.2585920100378671 2.542043171176519 2.0197515564237825
706 1.2572818800199834 2.5371383607988944 2.0179550831978657
707 1.255970584388795 2.532233550925126 2.016156733604881
708 1.254658120073703 2.527328741532868 2.0143565016615073
709 1.2533444844628872 2.522423932533244 2.012554380541446
710 1.2520296736860712 2.5175191240584947 2.0107503655618046
711 1.2507136847617668 2.5126143160301213 2.008944450390913
712 1.249396514487091 2.507709508490407 2.0071366290947954
713 1.2480781572675355 2.5028047014663577 2.005326899515526
714 1.2467586134893471 2.4978998948702222 2.0035152497396926
715 1.2454378765592096 2.492995088811136 2.0017016791705196
716 1.2441159449745978 2.488090283223878 1.9998861788357511
716 1.2427928156187873 2.4831854781243554 1.9980687423655374
717 1.2427928156187873 2.4831854781243554 1.9980687423655374
718 1.241468483639833 2.4782806735290768 1.99624936612411
719 1.240142945288763 2.473375869353461 1.9944280445650917
720 1.2388161996011966 2.4684710657367686 1.9926047677867194
721 1.2374882402296268 2.4635662625868124 1.9907795343006056
722 1.236159063080467 2.4586614599338743 1.9889523390355381
723 1.2348286682653462 2.4537566577699716 1.9871231700645098
724 1.2334970492953372 2.448851856179744 1.9852920260966214
725 1.2321642034654188 2.4439470550746205 1.9834588995534077
726 1.2308301277919378 2.439042254479123 1.9816237833361063
727 1.2294948184119159 2.4341374543571894 1.9797866716520671
728 1.2281582709706698 2.429232654740076 1.9779475594950335
729 1.2268204818206796 2.424327855618218 1.9761064406263917
730 1.225481447489503 2.4194230570431414 1.9742633085139913
731 1.224141165278228 2.4145182589996517 1.9724181552630573
732 1.222799628432839 2.4096134614892377 1.9705709794641004
733 1.221456835967164 2.404708664477688 1.9687217703224127
733 1.2201127849692968 2.399803867974712 1.9668705201176147
734 1.2201127849692968 2.399803867974712 1.9668705201176147
735 1.2187674692211778 2.3948990720245575 1.9650172264238037
736 1.2174208880122384 2.389994276562698 1.963161877783283
737 1.2160730334974912 2.385089481569922 1.9613044742142474
738 1.2147239046507408 2.3801846871728634 1.9594450047949108
739 1.2133734967344212 2.375279893293817 1.9575834643549248
740 1.2120218052247467 2.3703750999582454 1.9557198473988706
741 1.2106688275151427 2.365470307172675 1.9538541452559937
742 1.2093145599260473 2.360565514887526 1.9519863508729116
743 1.2079589974516458 2.355660723174747 1.9501164593701728
744 1.2066021351692335 2.350755931969672 1.9482444655544753
745 1.2052439707003417 2.345851141344636 1.9463703601699096
746 1.203884500082847 2.34094635124424 1.9444941363421029
747 1.2025237178873909 2.3360415616890733 1.942615789560526
748 1.2011616220720565 2.3311367726721155 1.9407353097502418
749 1.1997982073088778 2.326231984207624 1.9388526920917089
750 1.1984334703289845 2.3213271963305515 1.9369679283851435
751 1.1970674077580867 2.316422409010857 1.9350810104747072
752 1.1957000137451772 2.3115176222657214 1.9331919341755088
753 1.1943312860893982 2.3066128361146547 1.9313006893315194
754 1.1929612177650886 2.301708050494436 1.929407273445561
755 1.1915898072760873 2.296803265470678 1.9275116751133108
756 1.1902170481289809 2.2918984809991474 1.9256138908462181
757 1.188842936695285 2.2869936971014226 1.9237139125028144
758 1.187467470666367 2.2820889137639493 1.9218117297001134
759 1.1860906436816194 2.277184130997926 1.9199073385568222
760 1.1847124520135512 2.2722793488389823 1.9180007308752345
761 1.1833328914709844 2.2673745672421135 1.9160918990628006
762 1.1819519584794693 2.262469786203533 1.9141808344851032
763 1.1805696484820856 2.2575650057870407 1.9122675300772802
764 1.1791859552159654 2.2526602259733868 1.9103519813894128
765 1.1778008768584929 2.247755446732742 1.908434176690462
766 1.176414406641389 2.242850668103262 1.9065141122391562
766 1.1750265417123993 2.237945890083735 1.9045917778353443
767 1.1750265417123993 2.237945890083735 1.9045917778353443
768 1.1736372764190217 2.233041112659163 1.902667167723722
769 1.1722466085715033 2.228136335827957 1.9007402704650673
770 1.1708545318898587 2.223231559624713 1.898811081199155
771 1.1694610420346412 2.2183267840245637 1.8968795917862253
772 1.1680661347374202 2.2134220090750314 1.894945793949078
773 1.1666698038763885 2.20851723473017 1.893009682252964
774 1.165272047457425 2.2036124609900125 1.8910712445202844
775 1.1638728580020758 2.1987076878526737 1.8891304773848006
776 1.1624722329958188 2.193802915316707 1.8871873693387373
777 1.161070166956671 2.188898143369622 1.8852419135934166
778 1.1596666548156733 2.183993372128206 1.8832941027138073
779 1.1582616925742368 2.1790886015167272 1.881343927272344
780 1.1568552746398049 2.1741838315346858 1.8793913804054991
781 1.1554473972639143 2.1692790621634557 1.8774364521485638
782 1.1540380541949287 2.1643742934399626 1.8754791365609316
783 1.1526272419428853 2.1594695253637406 1.8735194230909442
783 1.1512149550641877 2.1545647579218614 1.8715573042583784
784 1.1512149550641877 2.1545647579218614 1.8715573042583784
785 1.149801188847507 2.14965999112769 1.8695927713228253
786 1.1483859375318868 2.144755225020193 1.8676258171792883
787 1.146969197909342 2.1398504595871364 1.8656564304321215
788 1.145550963384653 2.134945694764379 1.8636846050536706
789 1.1441312290692662 2.1300409306155323 1.8617103322564572
790 1.142709990830495 2.125136167124569 1.8597336018564692
791 1.1412872434334977 2.120231404317974 1.857754405402253
792 1.1398629807508902 2.1153266421346015 1.8557727357204987
793 1.1384371990370588 2.110421880642474 1.8537885817747026
794 1.1370098918596372 2.1055171198244658 1.8518019367279082
795 1.1355810541848341 2.100612359736553 1.8498127914298967
796 1.1341506817904912 2.0957076002886206 1.8478211351776583
797 1.1327187675609514 2.0908028415473434 1.8458269620175933
798 1.131285307369988 2.0858980834964744 1.8438302609496184
799 1.1298502961362222 2.0809933261550837 1.8418310224562575
800 1.1284137299646428 2.076088569457007 1.8398292349048764
801 1.1269755999239832 2.071183813458473 1.8378248948763207
802 1.1255359030235867 2.066279058184373 1.835817989131771
803 1.1240946340033011 2.061374303595324 1.8338085079670172
804 1.122651785933845 2.0564695497236256 1.8317964443560848
805 1.1212073535312157 2.0515647965895423 1.8297817884695353
806 1.119761332313426 2.0466600441730365 1.8277645290221254
807 1.1183137155153369 2.041755292480703 1.8257446583670212
808 1.1168644992993715 2.0368505414992986 1.8237221639483125
809 1.1154136771042107 2.031945791220973 1.821697037547741
810 1.113961243690787 2.027041041666714 1.819669268699782
811 1.1125071918226301 2.022136292861992 1.8176388500905858
812 1.1110515176830094 2.0172315447742903 1.815605768651513
813 1.1095942132114336 2.012326797446998 1.8135700181986696
814 1.108135273970806 2.0074220508880996 1.8115315864775778
815 1.1066746950499329 2.002517305052812 1.809490461840242
816 1.1052124696165302 1.9976125599655807 1.8074466357212582
816 1.1037485914470149 1.992707815634467 1.8054000984246115
817 1.1037485914470149 1.992707815634467 1.8054000984246115
818 1.1022830537309294 1.9878030720851438 1.8033508411083425
819 1.1008158524773746 1.9828983292625546 1.8012988501210832
820 1.0993469812589944 1.977993587215954 1.7992441157665395
821 1.0978764336729097 1.9730888459583682 1.7971866281503683
822 1.0964042036066535 1.9681841054480975 1.7951263767264833
823 1.0949302848598164 1.9632793657017855 1.7930633510179543
824 1.093454669303929 1.958374626772829 1.7909975436105554
825 1.0919772410332749 1.9534698885776822 1.7889291234029996
826 1.0904981056021739 1.9485651511762418 1.7868578965575026
827 1.0890172582556128 1.9436604145621315 1.7847838496843342
828 1.0875346904085579 1.9387556787037863 1.7827069755130729
829 1.0860503981193215 1.9338509436516182 1.7806272591036345
830 1.084564372613208 1.9289462094302057 1.7785446932785545
831 1.0830766093023978 1.924041475973524 1.7764592637752428
832 1.0815871006713336 1.9191367433570476 1.7743709611235683
833 1.080095840375847 1.9142320115735336 1.7722797737165876
833 1.0786028211775502 1.9093272805422004 1.7701856912053298
834 1.0786028211775502 1.9093272805422004 1.7701856912053298
835 1.077108037677385 1.9044225503574674 1.768088700242231
836 1.0756114828607393 1.8995178209920855 1.7659887898742508
837 1.0741131502519135 1.894613092474693 1.7638859481706803
838 1.072613032537379 1.8897083647630426 1.7617801643643454
839 1.0711111233335524 1.8848036379319122 1.7596714261223947
840 1.0696074162728735 1.8798989119365082 1.7575597208246327
841 1.0681019032743893 1.874994186771498 1.7554450385524898
842 1.0665945771101826 1.8700894624863487 1.7533273678862542
843 1.065085433133828 1.8651847390622731 1.751206692945084
844 1.063574462779988 1.860280016477648 1.749083004132328
845 1.0620616589540177 1.85537529476627 1.746956289330278
846 1.0605470146510465 1.8504705739249299 1.7448265360812818
847 1.0590305234017836 1.8455658539627777 1.7426937308988137
848 1.057512177745704 1.840661134897904 1.7405578617748279
849 1.0559919703665057 1.835756416696351 1.738418916252943
850 1.054469894232378 1.8308516994223272 1.7362768813377376
851 1.0529459417827711 1.8259469830201198 1.7341317446255216
852 1.0514201053866088 1.8210422675423414 1.7319834937650744
853 1.0498923775839488 1.8161375529425248 1.7298321158611396
854 1.0483627509343856 1.8112328392413335 1.7276775978801389
855 1.0468312184754394 1.80632812645951 1.725519925829275
856 1.0452977721824515 1.8014234145820376 1.7233590872588298
857 1.0437624049270204 1.7965187036731813 1.7211950681427286
858 1.042225108020156 1.7916139936550528 1.71902785671558
859 1.0406858748952534 1.7867092845849482 1.7168574376631978
860 1.039144697106077 1.781804576467733 1.7146837985411427
861 1.0376015677095733 1.7768998692817113 1.712506924217629
862 1.0360564781544426 1.7719951630945692 1.7103268021170772
863 1.034509420188436 1.7670904578285258 1.7081434188454758
864 1.0329603862552872 1.7621857535073948 1.7059567597705396
865 1.0314093680051883 1.7572810501587752 1.7037668113849587
866 1.0298563576203523 1.7523763477874186 1.7015735590898948
866 1.0283013463967074 1.7474716463911204 1.699376989551237
867 1.0283013463967074 1.7474716463911204 1.699376989551237
868 1.0267443267554845 1.742566945989444 1.6971770874020422
869 1.025185290390709 1.7376622465708074 1.6949738382498307
870 1.0236242285295227 1.7327575481626183 1.6927672283136497
871 1.022061133928242 1.727852850746748 1.6905572410388314
872 1.020495996543276 1.7229481543448824 1.6883438643375583
873 1.0189288095237719 1.7180434589440399 1.6861270806024429
874 1.017359562765386 1.7131387645729304 1.6839068774428951
875 1.0157882493367345 1.7082340712230495 1.6816832369723236
876 1.0142148593829987 1.7033293788805153 1.6794561459262607
877 1.012639384067525 1.6984246875759303 1.6772255891863237
878 1.0110618153202071 1.6935199973317367 1.6749915501411679
879 1.0094821439843757 1.688615308134506 1.6727540137259145
880 1.0079003605313115 1.6837106200195164 1.6705129653212483
881 1.0063164567619365 1.6788059329294776 1.668268387790692
882 1.0047304233080756 1.6739012469108423 1.6660202658137109
883 1.0031422512127741 1.6689965619731946 1.6637685831250941
883 1.001551931035024 1.6640918781321736 1.6615133240394908
884 1.001551931035024 1.6640918781321736 1.6615133240394908
885 0.9999594533674008 1.6591871953892117 1.6592544725706997
886 0.9983648094346519 1.6542825137139223 1.65699201141785
887 0.9967679893227395 1.6493778331065923 1.6547259249640158
888 0.9951689843002162 1.6444731536019515 1.652456195425256
889 0.9935677843028748 1.6395684752318072 1.6501828069860287
890 0.9919643798884399 1.6346637979843421 1.6479057425108175
891 0.9903587613668967 1.6297591218667549 1.6456249850482016
892 0.9887509186812766 1.6248544468835748 1.6433405180049656
893 0.9871408426538408 1.6199497730527732 1.6410523230886502
894 0.985528522707447 1.6150451003630708 1.6387603840487681
895 0.9839139496293553 1.6101404288189658 1.6364646821254163
896 0.9822971124882266 1.6052357584398222 1.6341652011718215
897 0.9806780022784622 1.6003310892335818 1.6318619215639039
898 0.9790566074861063 1.5954264212149134 1.6295548275920848
899 0.9774329190691411 1.590521754364598 1.627243899130523
900 0.9758069263036473 1.585617088691838 1.6249291186097121
901 0.9741786186274827 1.5807124242234099 1.6226104679349982
902 0.97254798609121 1.575807760967728 1.6202879276950573
903 0.9709150170114029 1.570903098926697 1.6179614810801175
904 0.9692797013156603 1.5659984381194139 1.6156311083310546
905 0.9676420284902504 1.5610937785387031 1.613296790109848
906 0.9660019878515403 1.5561891201876834 1.610958507082126
907 0.9643595679165001 1.5512844631068887 1.608616240992393
908 0.9627147573353527 1.5463798072654547 1.606269972993452
909 0.9610675456811684 1.5414751527028259 1.6039196824717314
910 0.9594179221910628 1.5365704994310718 1.6015653490419917
911 0.9577658756827808 1.5316658473851419 1.5992069526315438
912 0.9561113936988825 1.5267611966317471 1.5968444751246056
913 0.9544544661144132 1.5218565471805066 1.5944778941377777
914 0.95279508080684 1.5169518990247581 1.5921071902892094
915 0.9511332259847829 1.5120472521808208 1.5897323433478834
916 0.9494688899677485 1.5071426066796787 1.5873533325887836
916 0.9478020612306873 1.502237962496507 1.5849701366400326
917 0.9478020612306873 1.502237962496507 1.5849701366400326
918 0.9461327279122019 1.4973333196523961 1.5825827344082148
919 0.9444608779393419 1.4924286781380698 1.5801911047859425
920 0.9427864995759204 1.4875240380173966 1.5777952258401104
921 0.9411095800011947 1.4826193992258563 1.5753950769728369
922 0.9394301067930668 1.4777147618257687 1.572990636706593
923 0.9377480686110625 1.4728101258289816 1.5705818813473236
924 0.9360634519695934 1.4679054911991876 1.5681687903854515
925 0.9343762443321203 1.4630008579699605 1.5657513414370825
926 0.9326864341931123 1.4580962261343744 1.563329509982426
927 0.9309940069323523 1.4531915957474744 1.5609032764193356
928 0.929298950885317 1.4482869667908393 1.5584726157401738
929 0.9276012527425144 1.443382339281925 1.5560375053553126
930 0.9259008995751872 1.4384777132227433 1.5535979216379763
931 0.9241978782593173 1.4335730886245697 1.5511538409119012
932 0.9224921750049666 1.4286684654999453 1.5487052402284642
933 0.9207837761713783 1.423763843860345 1.5462520959919162
933 0.9190726692713389 1.4188592237251458 1.5437943822767015
934 0.9190726692713389 1.4188592237251458 1.5437943822767015
935 0.9173588393914786 1.4139546050888603 1.541332076798643
936 0.9156422735686242 1.4090499879601186 1.538865153602495
937 0.9139229574499766 1.4041453723485782 1.536393588652612
938 0.9122008772055037 1.3992407582863802 1.5339173566384923
939 0.9104760187976094 1.3943361457681536 1.531436432130896
940 0.9087483678983157 1.3894315347946131 1.528950789763711
941 0.9070179100215169 1.3845269253991765 1.5264604040358276
942 0.9052846304620995 1.3796223175944675 1.5239652493495266
943 0.9035485149762804 1.374717711368493 1.5214652988551274
944 0.9018095480679647 1.3698131067580284 1.5189605274114848
945 0.9000677155572325 1.3649085037707198 1.5164509071694723
946 0.8983230017545679 1.3600039024030028 1.5139364123446672
947 0.8965753929477079 1.355099302657471 1.51141701335596
948 0.8948248727576372 1.3501947045793623 1.508892684686316
949 0.8930714253408919 1.3452901081585396 1.5063633993720407
950 0.891315035397406 1.340385513411376 1.503829129073028
950 0.891315035397406 1.340385513411376 1.503829129073028
951 0.8895556874057131 1.3354809203445077 1.5012898453151193
952 0.8877933654043653 1.330576328982356 1.4987455198838024
953 0.8860280538680448 1.3256717393455983 1.4961961233148822
954 0.8842597359893443 1.320767151445467 1.4936416277822955
955 0.8824883958944585 1.315862565287072 1.4910820033541188
956 0.8807140166430819 1.3109579808667418 1.4885172213604276
957 0.8789365816424648 1.3060533982080624 1.4859472520388746
958 0.8771560741174665 1.301148817349744 1.4833720654090774
959 0.8753724780022126 1.2962442382680182 1.4807916296686925
960 0.8735857757027065 1.2913396609945724 1.4782059151041322
961 0.8717959499506682 1.2864350855614302 1.4756148908861355
962 0.8700029827446449 1.281530511962973 1.4730185268101728
963 0.8682068575613706 1.2766259402135092 1.470416789610843
964 0.8664075561313366 1.2717213703188288 1.4678096483799037
965 0.8646050605226013 1.266816802313955 1.4651970710745563
966 0.8627993527183677 1.2619122362001727 1.4625790251514967
966 0.8609904145987348 1.2570076720066399 1.4599554776605372
967 0.8609904145987348 1.2570076720066399 1.4599554776605372
968 0.8591782281810425 1.2521031097346247 1.457326394763796
969 0.8573627742924664 1.2471985493928501 1.454691744019436
970 0.8555440338042554 1.2422939910115889 1.4520514922973797
971 0.853721988585443 1.2373894346039884 1.4494056041056822
972 0.8518966193849435 1.232484880181871 1.446754045193543
973 0.8500679064837893 1.227580327765256 1.444096781447737
974 0.84823583045643 1.2226757773935304 1.4414337776035901
975 0.8464003720747324 1.2177712290464944 1.4387649973043395
976 0.8445615106421058 1.212866682760219 1.4360904060594675
977 0.8427192265241491 1.2079621385509576 1.4334099668442084
978 0.8408734995485416 1.203057596418458 1.4307236428123495
979 0.8390243093573861 1.1981530563943708 1.4280313967446825
980 0.8371716350132772 1.1932485185140975 1.4253331916760092
981 0.835315455970953 1.1883439827536133 1.4226289891551298
982 0.8334557504730687 1.1834394491682523 1.4199187521311516
983 0.8315924975606371 1.178534917765572 1.4172024413671875
983 0.8297256754112624 1.173630388552422 1.4144800183153299
984 0.8297256754112624 1.173630388552422 1.4144800183153299
985 0.8278552624084046 1.1687258615657778 1.4117514433207916
986 0.825981236951308 1.1638213368081243 1.4090166758554736
987 0.8241035764371915 1.1589168143179551 1.4062756763272963
988 0.8222222585092155 1.154012294092374 1.4035284038463425
989 0.8203372602496989 1.149107776173502 1.4007748176935546
990 0.8184485585747303 1.1442032605725254 1.3980148765428504
991 0.8165561305385357 1.1392987473202436 1.3952485379894857
992 0.8146599526674589 1.1343942364368511 1.3924757596374773
993 0.8127600017005754 1.1294897278998768 1.3896964977811324
994 0.8108562535431433 1.1245852217756063 1.3869107093416162
995 0.8089486837668867 1.1196807180673343 1.384118350812461
996 0.8070372680315047 1.114776216806149 1.3813193776357686
997 0.8051219816847835 1.1098717180062452 1.3785137448163418
998 0.8032027994211578 1.1049672216949264 1.3757014075290082
999 0.8012796967967383 1.1000627278933588 1.3728823184851184
1000 0.7993526478054714 1.0951582366158206 1.370056432067184
1001 0.7974216263074712 1.0902537479050376 1.3672237019123128
1002 0.7954866062983874 1.0853492617778562 1.3643840803659504
1003 0.7935475617513331 1.08044477825532 1.3615375187730578
1004 0.7916044658271078 1.075540297363696 1.3586839688175811
1005 0.7896572919915514 1.0706358191248186 1.3558233805764355
1006 0.7877060120401903 1.065731343563266 1.35295570590223
1007 0.7857505987144446 1.0608268707233495 1.3500808939362607
1008 0.7837910243499108 1.055922400592704 1.3471988933127979
1009 0.7818272609331073 1.051017933228994 1.3443096522045148
1010 0.7798592766718836 1.0461134686418103 1.3414131240525717
1011 0.7778869828077136 1.0412090068131554 1.338509359103818
1012 0.7759104082294599 1.0363045478190969 1.3355982041584247
1013 0.77392952853204 1.0314000916844077 1.3326795963461016
1014 0.7719443139844594 1.0264956384521413 1.3297534807320395
1015 0.7699547342115035 1.0215911881402824 1.3268198021880795
1016 0.7679607586908673 1.0166867407688944 1.3238785045501895
1016 0.7659623562169429 1.0117822963844514 1.3209295315524425
1017 0.7659623562169429 1.0117822963844514 1.3209295315524425
1018 0.7639594957806811 1.00687785501383 1.3179728252280096
1019 0.7619521455008319 1.0019734166725083 1.315008327739415
1020 0.7599402733958475 0.9970689813978391 1.3120359800677033
1021 0.7579238469982813 0.9921645492192658 1.3090557226147228
1022 0.7559028332928143 0.9872601201852634 1.3060674953216218
1023 0.7538771991094043 0.9823556943107649 1.3030712368954447
1024 0.7518469110847354 0.9774512716321989 1.3000668849220518
1025 0.7498119348004008 0.9725468521857541 1.297054377301483
1026 0.7477722355903893 0.9676424360012444 1.2940336508178334
1027 0.7457277787853188 0.9627380231193351 1.291004640711513
1028 0.7436785294005253 0.9578336135610606 1.2879672811492413
1029 0.741624450785708 0.9529292073899422 1.2849215076179987
1030 0.7395655071680265 0.9480248046207554 1.2818672523695291
1031 0.7375016617360632 0.9431204052889776 1.2788044478013678
1032 0.7354328773304403 0.938216009441614 1.2757330252180994
1033 0.7333591159947667 0.9333116171102122 1.27265291554223
1033 0.731280339629599 0.9284072283223173 1.2695640481632051
1034 0.731280339629599 0.9284072283223173 1.2695640481632051
1035 0.7291965098471174 0.92350284313133 1.2664663511965393
1036 0.7271075870212423 0.9185984615763904 1.2633597530451208
1037 0.725013531764257 0.9136940836975529 1.2602441798212487
1038 0.722914303549469 0.9087897095508144 1.2571195577244876
1039 0.7208098623125755 0.9038853391505411 1.2539858101422257
1040 0.7187001660512969 0.898980972547069 1.2508428618936824
1041 0.7165851728891017 0.8940766097804288 1.2476906355398392
1042 0.7144648408743212 0.889172250898577 1.244529051717169
1043 0.7123391266130712 0.8842678959493778 1.2413580314670754
1044 0.7102079869932159 0.8793635449775359 1.2381774931882537
1045 0.7080713773044518 0.8744591980295323 1.234987355877172
1046 0.7059292531810137 0.8695548551396398 1.2317875356791161
1047 0.7037815690688329 0.8646505163671894 1.2285779485689015
1048 0.7016282788981977 0.8597461817599786 1.2253585090813066
1049 0.6994693360633801 0.854841851375598 1.2221291303299382
1050 0.6973046933387012 0.8499375252541157 1.218889724066831
1051 0.6951343025695628 0.8450332034499819 1.2156402012191285
1052 0.6929581149306386 0.8401288860096404 1.2123804713560975
1053 0.6907760813945316 0.8352245729909483 1.2091104418450702
1054 0.6885881517560999 0.8303202644478281 1.2058300194830105
1055 0.6863942748070845 0.8254159604481711 1.2025391101639937
1056 0.6841943995255209 0.8205116610235592 1.1992376166665095
1057 0.6819884731644514 0.8156073662425073 1.1959254420504488
1058 0.6797764427541196 0.8107030761718951 1.1926024869107337
1059 0.677558254400846 0.8057987908487612 1.1892686505034407
1060 0.6753338535243576 0.8008945103622829 1.1859238303879824
1061 0.6731031843374875 0.7959902347585658 1.1825679231365274
1062 0.6708661906942399 0.7910859640983257 1.179200822864061
1063 0.6686228153487317 0.7861816984506638 1.1758224224529599
1064 0.6663730001402959 0.7812774378760793 1.172432613133473
1065 0.6641166860611014 0.7763731824494146 1.1690312843276236
1066 0.6618538131683385 0.771468932233806 1.165618323691047
1066 0.659584320787269 0.7665646872932066 1.1621936166982374
1067 0.659584320787269 0.7665646872932066 1.1621936166982374
1068 0.6573081469814253 0.7616604476983685 1.1587570475068099
1069 0.6550252289394592 0.7567562135327014 1.1553084982054098
1070 0.6527355027685321 0.7518519848611293 1.1518478490478938
1071 0.6504389040218381 0.7469477617493544 1.1483749774664094
1072 0.6481353664786412 0.7420435442804073 1.1448897601622559
1073 0.6458248232758722 0.7371393325354159 1.1413920709897172
1074 0.6435072063296332 0.732235126595804 1.1378817818874905
1075 0.6411824466244777 0.7273309265260359 1.1343587622448015
1076 0.6388504741010818 0.7224267324264109 1.1308228790828216
1077 0.6365112168142778 0.7175225443751249 1.1272739983535667
1078 0.6341646023853887 0.7126183624490348 1.1237119822969381
1079 0.6318105568662029 0.7077141867460247 1.1201366913783553
1080 0.6294490053568803 0.7028100173548514 1.1165479830353808
1081 0.6270798709082719 0.6979058543651004 1.1129457135248866
1082 0.6247030761227496 0.6930016978644173 1.1093297349607538
1083 0.6223185417263569 0.6880975479523458 1.1056998977461174
1083 0.6199261872404404 0.6831934047273274 1.102056049234695
1084 0.6199261872404404 0.6831934047273274 1.102056049234695
1085 0.6175259309082991 0.6782892682942502 1.0983980337417998
1086 0.615117689168035 0.6733851387432442 1.0947256933124745
1087 0.6127013773741227 0.6684810161952698 1.0910388663727246
1088 0.6102769089178535 0.6635769007428951 1.087337389054345
1089 0.607844195891336 0.658672792500382 1.0836210939458122
1090 0.605403148700034 0.6537686915807631 1.0798898105908157
1091 0.6029536762798895 0.6488645981049269 1.0761433649568224
1092 0.6004956856346637 0.6439605121713879 1.072381580045469
1093 0.5980290819370195 0.6390564339086731 1.0686042756294822
1094 0.5955537688075093 0.6341523634450384 1.064811267528062
1095 0.5930696480076256 0.6292483009023634 1.0610023679618024
1096 0.590576619384848 0.6243442464061061 1.0571773854786715
1097 0.5880745809301063 0.6194402000851001 1.053336124655117
1098 0.5855634284897934 0.6145361620843972 1.0494783864308712
1099 0.5830430558374203 0.6096321325331093 1.045603967716414
1100 0.5805133548700327 0.6047281115787914 1.0417126608812985
1101 0.5779742153338333 0.5998240993649743 1.0378042539813315
1102 0.5754255244620685 0.5949200960393413 1.0338785311887182
1103 0.5728671674141418 0.5900161017565906 1.0299352717661534
1104 0.5702990268438907 0.5851121166651505 1.0259742505668252
1105 0.5677209832372918 0.5802081409282729 1.0219952372022187
1106 0.5651329144982516 0.5753041747199427 1.0179979965079922
1107 0.5625346959127103 0.5704002182030506 1.0139822882881535
1108 0.5599262001915151 0.5654962715514505 1.0099478669832387
1109 0.5573072971792973 0.560592334947153 1.0058944818854558
1110 0.5546778542112509 0.5556884085694257 1.0018218761583906
1111 0.5520377355433667 0.5507844926072252 0.9977297875571713
1112 0.5493868024951345 0.5458805872514332 0.9936179478142226
1113 0.5467249132858285 0.5409766927039764 0.9894860825944346
1114 0.5440519231039067 0.5360728091665842 0.9853339109770987
1115 0.5413676838016119 0.5311689368508794 0.9811611456392917
1116 0.5386720437674489 0.5262650759813589 0.9769674926893991
1116 0.5359648481128272 0.5213612267666076 0.9727526508545475
1117 0.5359648481128272 0.5213612267666076 0.9727526508545475
1118 0.5332459383163365 0.5164573894440506 0.9685163117692115
1119 0.5305151520905456 0.5115535642462437 0.9642581596970757
1120 0.5277723232707702 0.5066497514154518 0.9599778712828
1121 0.5250172819325393 0.5017459512041932 0.9556751148406268
1122 0.5222498538635418 0.49684216386897556 0.9513495507818658
1123 0.5194698608042305 0.49193838967419157 0.9470008306402697
1124 0.5166771200265269 0.48703462889420346 0.9426285972740547
1125 0.5138714444249808 0.48213088181268354 0.9382324841034615
1126 0.5110526418946063 0.4772271487164498 0.9338121156115022
1127 0.5082205158742558 0.4723234299112767 0.9293671057312043
1128 0.5053748645968226 0.46741972570464413 0.9248970584984312
1129 0.5025154809235284 0.4625160364181724 0.9204015676654487
1130 0.49964215269186535 0.45761236238044994 0.9158802153001377
1131 0.4967546617888198 0.45270870393120005 0.9113325727049855
1132 0.49385278465599286 0.4478050614260755 0.9067581986765688
1133 0.4909362913855446 0.44290143523281844 0.9021566402900062
1133 0.4880049460354053 0.4379978257266218 0.8975274314019854
1134 0.4880049460354053 0.4379978257266218 0.8975274314019854
1135 0.4850585061037898 0.4330942332965167 0.8928700926725855
1136 0.48209672229489475 0.4281906583470738 0.8881841309950931
1137 0.47911933845194304 0.4232871013002558 0.8834690385654568
1138 0.47612609094295744 0.41838356258681264 0.8787242928826123
1139 0.47311670860303934 0.4134800426611374 0.8739493557139638
1140 0.4700909125978011 0.4085765419892274 0.8691436720853951
1141 0.4670484154424386 0.40367306105498235 0.8643066708032394
1142 0.46398892147832005 0.3987696003553135 0.8594377621879191
1143 0.46091212582482033 0.3938661604158166 0.8545363385937779
1144 0.45781771442286884 0.38896274177691886 0.8496017727650633
1145 0.45470536355872315 0.3840593450033687 0.844633417115541
1146 0.45157473921678615 0.3791559706773158 0.8396306031974378
1147 0.4484254968694628 0.3742526194077077 0.8345926402946108
1148 0.44525728077810117 0.36934929182566983 0.8295188147855107
1149 0.442069723766432 0.36444598859635574 0.8244083885484796
1150 0.43886244649917566 0.35954271040922925 0.8192605981152333
1150 0.43886244649917566 0.35954271040922925 0.8192605981152333
1151 0.4356350568208339 0.3546394579731086 0.8140746535900648
1152 0.4323871494054987 0.3497362320380995 0.8088497369058302
1153 0.42911830485482466 0.3448330333845509 0.8035850008803788
1154 0.4258280892196665 0.33992986282749993 0.7982795673494067
1155 0.42251605317824203 0.335026721215265 0.792932525746971
1156 0.4191817311666627 0.3301236094389793 0.7875429316067337
1157 0.41582464082787923 0.32522052842974664 0.782109804224815
1158 0.41244428169590935 0.32031747916006925 0.77663212553941
1159 0.409040134729656 0.3154144626561468 0.7711088371917623
1160 0.4056116610232034 0.3105114799848233 0.7655388388034047
1161 0.4021583006563736 0.3056085322701402 0.759920985769405
1162 0.3986794718536396 0.3007056206883968 0.7542540860964864
1163 0.3951745694027122 0.29580274648194377 0.7485368983359323
1164 0.3916429636012059 0.2908999109510716 0.7427681280833202
1165 0.3880839985946802 0.2859971154735846 0.7369464252822328
1166 0.3844969909195372 0.28109436149125044 0.7310703806003892
1166 0.38088122796566454 0.2761916505275791 0.7251385215353199
1167 0.38088122796566454 0.2761916505275791 0.7251385215353199
1168 0.37723596609077437 0.271288984189103 0.7191493085890509
1169 0.3735604285359297 0.26638636417762435 0.7131011312457654
1170 0.36985380363291953 0.26148379228763746 0.7069923026860649
1171 0.3661152422702328 0.25658127042316997 0.7008210552287937
1172 0.36234385552137016 0.25167880060104 0.6945855346129819
1173 0.3585387121100892 0.24677638495894616 0.6882837936986106
1174 0.35469883525845936 0.24187402576418265 0.6819137863476086
1175 0.3508231996010111 0.23697172543638534 0.675473360102444
1176 0.346910727920159 0.23206948654530962 0.6689602478904028
1177 0.3429602870522795 0.2271673118326871 0.6623720599990593
1178 0.3389706839519973 0.22226520422433416 0.6557062741620742
1179 0.3349406609515592 0.2173631668492197 0.648960225467089
1180 0.3308688910372278 0.21246120305676314 0.6421310942552712
1181 0.32675397329312367 0.20755931644303796 0.635215891489225
1182 0.32259442611036515 0.2026575108676383 0.6282114459048516
1183 0.3183886795997839 0.1977557904850518 0.621114389913711
1183 0.3141350660490603 0.192854159767893 0.6139211460645208
1184 0.3141350660490603 0.192854159767893 0.6139211460645208
1185 0.30983181326414827 0.18795262354273284 0.6066279042252293
1186 0.3054770360422894 0.1830511870346044 0.5992305981692951
1187 0.30106872650581046 0.17814985590743224 0.5917248794819413
1188 0.29660474216402904 0.17324863631946794 0.5841060903323574
1189 0.2920827920336914 0.16834753497479682 0.5763692335403933
1190 0.28750042179608715 0.1634465591948213 0.5685089370433952
1191 0.2828549970033257 0.15854571699021003 0.5605194133740048
1192 0.27814368381106663 0.1536450171522311 0.5523944137325687
1193 0.27336342716061757 0.14874446935927718 0.5441271749636092
1194 0.2685109257987487 0.14384408429440038 0.5357103584016272
1195 0.2635826032501016 0.13894387379343598 0.5271359796898221
1196 0.2585745746223036 0.1340438510114244 0.5183953264052371
1197 0.2534826076933296 0.129144030627767 0.5094788624867277
1198 0.24830207785258582 0.12424442908571491 0.5003761150942823
1199 0.24302791476250338 0.11934506489051305 0.491075541701215
1200 0.2376545395922428 0.11444595895743433 0.4815643713509351
1201 0.2321757904035492 0.10954713505190108 0.47182841441605566
1202 0.22658483259745052 0.10464862032842011 0.46185183327931895
1203 0.22087405106295244 0.09975044599959423 0.4516168627303524
1204 0.2150349187821347 0.09485264817728858 0.44110346689036917
1205 0.20905783564213062 0.08995526894941218 0.43028891346315956
1206 0.20293192847102598 0.08505835776243911 0.4191472401770601
1207 0.19664480055735517 0.08016197322501274 0.4076485775256081
1208 0.19018221370681357 0.07526618550136824 0.39575827851809103
1209 0.18352767958608357 0.07037107953232782 0.383435783043943
1210 0.17666192635804132 0.06547675945423809 0.3706331115258877
1211 0.16956219074714268 0.06058335479584662 0.357292828837006
1212 0.16220126029562837 0.05569102937180176 0.3433452321535552
1213 0.1545461488697718 0.05079999441618951 0.3287043694566345
1214 0.14655621821306536 0.04591052861976367 0.3132622360179787
1215 0.13818043381777617 0.0410230098961421 0.296880019570938
1216 0.12935321375325903 0.03613796816225685 0.2793743356944339
1216 0.1199878805276641 0.031256178190964344 0.2604944603864221
1217 0.1199878805276641 0.031256178190964344 0.2604944603864221
1218 0.10996579584729291 0.026378835215800877 0.2398821834785117
1219 0.0991171318052914 0.021507919544575586 0.21699497506471813
1220 0.08718406679644788 0.016647056878363476 0.19094150445206948
1221 0.07374314657846508 0.011803959035532982 0.1600685566484906
1222 0.05802479926864868 0.006999693582022526 0.12063279270669572
1223 0.03861507742711442 0.0023283705131948427 0.060296927219416284
1224 0.03415451689867287 0.00024809507802009943 0.007263902421929428
1225 0.03155575451198015 2.3235202129051937e-05 0.0007363221855535315
1226 0.02927531969379929 2.1562721105356758e-06 7.365494666117647e-05
1227 0.027203504821426718 2.0015396036262528e-07 7.357653422840388e-06
1228 0.02526656749302517 1.8580872996754744e-08 7.3539363832796e-07
