1 0.9162271459832266 5.49511059550719 5.997541788188612
2 0.9157897510690739 5.49019112290653 5.9950344677884795
3 0.9153543671879424 5.485286079386732 5.992527348985141
4 0.9149182240243544 5.480381484708116 5.9900233056918895
5 0.914480308950691 5.475476851747513 5.987528433532134
6 0.9140402868713087 5.470572213487093 5.985044961434305
7 0.9135983855280664 5.465667573240087 5.982571400978223
8 0.9131560876075543 5.460762933149739 5.980098043760294
9 0.9127136195983684 5.455858292223011 5.977623402424753
10 0.912270973604019 5.450953652602979 5.97514752778819
11 0.9118281445471732 5.446049013612072 5.972670449119178
12 0.9113851350519068 5.441144375137462 5.970192145856722
13 0.9109419428203971 5.436239736883521 5.967712629470328
14 0.9104985663779377 5.431335098870431 5.9652319063794605
15 0.9100550079476571 5.426430461679474 5.962749959386611
16 0.9096112650178467 5.42152582468683 5.960266800983889
16 0.9091673389290333 5.4166211882664115 5.95778241951256
17 0.9091673389290333 5.4166211882664115 5.95778241951256
18 0.9087232292939181 5.411716552364626 5.955296814157104
19 0.9082789362284388 5.406811916894338 5.9528099807595725
20 0.9078344586918204 5.401907281649427 5.950321922604168
21 0.9073897967423836 5.397002647044484 5.94783263644824
22 0.9069449505836766 5.392098012525236 5.9453421170216325
23 0.9064999201000483 5.387193378713888 5.942850362435019
24 0.9060547044129686 5.382288745565276 5.940357375057671
25 0.9056093028950402 5.377384112396267 5.937863154901252
26 0.9051637157708798 5.372479479649899 5.935367697626328
27 0.9047179417400505 5.367574847268134 5.932871008332873
28 0.9042719815775901 5.362670215466525 5.930373078806253
29 0.9038258361626685 5.357765584194694 5.927873899845474
30 0.9033795030590466 5.35286095335362 5.925373483931865
31 0.9029329840099771 5.347956322984062 5.922871816281958
32 0.90248627725327 5.3430516930486345 5.9203689050101564
33 0.9020393843039739 5.338147063401483 5.9178647366051225
33 0.9015923032082623 5.333242434215859 5.91535932065728
34 0.9015923032082623 5.333242434215859 5.91535932065728
35 0.9011450347321118 5.3283378055947415 5.912852648828859
36 0.9006975764574505 5.3234331772722125 5.910344733256529
37 0.9002499309810333 5.318528549366996 5.9078355535903375
38 0.8998020961791339 5.313623922088146 5.905325120547732
39 0.8993540724770026 5.308719295407713 5.902813427848755
40 0.8989058618780201 5.303814668915877 5.900300458420634
41 0.8984574594826215 5.2989100431165115 5.897786241507639
42 0.8980088682803609 5.294005417717557 5.895270753678965
43 0.8975600854776944 5.289100792691563 5.892754009751479
44 0.8971111131568607 5.284196168119767 5.8902359926465655
45 0.8966619508074969 5.279291543956305 5.887716702155134
46 0.8962125968688855 5.2743869200991735 5.88519614489508
47 0.8957630530476661 5.2694822969742985 5.882674306610293
48 0.8953133156043338 5.264577674220637 5.880151207923299
49 0.894863387986572 5.259673052109087 5.877626822953687
50 0.8944132687650858 5.254768430475358 5.875101157354926
51 0.8939629586850204 5.249863809108635 5.872574202437817
52 0.8935124553419417 5.244959188331047 5.870045970790451
53 0.8930617592743454 5.24005456803603 5.867516455182026
54 0.8926108048059661 5.2351499480492825 5.864986083366186
55 0.8921596589401254 5.230245328396861 5.862454411590777
56 0.8917083186067402 5.225340709180094 5.859921456541403
57 0.8912567860454522 5.220436090333299 5.857387199817706
58 0.8908050582732432 5.215531471840475 5.854851657387734
59 0.8903531372915099 5.210626853776042 5.8523148125551385
60 0.8899010204390007 5.205722236477209 5.849776679556062
61 0.8894487097121603 5.200817619671215 5.847237241318031
62 0.8889962039507511 5.195913003178821 5.844696501613708
63 0.8885435022431108 5.191008387049251 5.842154462831196
64 0.888090605325495 5.186103771649 5.839611116872738
65 0.8876375137323514 5.181199156681845 5.8370664562112315
66 0.8871842255917002 5.176294542114905 5.834520489431176
66 0.8867307416195938 5.1713899278924185 5.831973208064255
67 0.8867307416195938 5.1713899278924185 5.831973208064255
68 0.8862770593819942 5.1664853140925215 5.829424624501891
69 0.8858231807402696 5.1615807008198065 5.826874722906155
70 0.8853691047605483 5.156676088305897 5.82432350595805
71 0.8849148314792747 5.151771475815506 5.821770968855282
72 0.8844603595253232 5.146866863825479 5.819217117415784
73 0.8840056904122248 5.141962252367282 5.816661937967289
74 0.8835508231108472 5.137057641448212 5.81410543352947
75 0.8830957570456752 5.132153030956837 5.811547603994878
76 0.8826404923665213 5.127248420880488 5.808988444585624
77 0.8821850283665653 5.122343811252286 5.806427956204048
78 0.8817293636795069 5.1174392020538715 5.803866144026899
79 0.8812735000294957 5.112534593571069 5.801302993225095
80 0.8808174363540981 5.107629985333255 5.798738506443386
81 0.8803611720400345 5.102725377627862 5.796172684221715
82 0.8799047077162093 5.097820770571364 5.793605518718891
83 0.8794480414509348 5.092916164025677 5.791037018654633
83 0.8789911746799769 5.088011557901649 5.7884671706221535
84 0.8789911746799769 5.088011557901649 5.7884671706221535
85 0.8785341054969668 5.083106952422056 5.785895983567602
86 0.8780768353632535 5.078202347284145 5.783323443652095
87 0.8776193627573207 5.073297742545747 5.780749557081747
88 0.8771616876818971 5.0683931384477825 5.778174320223886
89 0.8767038109457359 5.063488534915932 5.77559772376687
90 0.8762457320941262 5.058583931821196 5.773019766648979
91 0.8757874481286598 5.053679329138391 5.770440464677643
92 0.875328961306633 5.048774726973005 5.767859799173706
93 0.874870271016453 5.043870125186597 5.765277770070371
94 0.8744113760456672 5.03896552410639 5.762694381784009
95 0.873952277749419 5.034060923274524 5.760109620903005
96 0.8734929740294803 5.029156323132856 5.757523497794182
97 0.8730334652347048 5.024251723558481 5.754936006041612
98 0.8725737519369673 5.019347124284098 5.752347137582342
99 0.8721138315408515 5.014442525903841 5.749756906210648
100 0.8716537069252388 5.00953792787796 5.7471652883220345
101 0.871193375999408 5.004633330291073 5.744572293780243
102 0.8707328379007622 4.999728733118674 5.7419779242189275
103 0.8702720457877549 4.994824136227585 5.739382484365977
104 0.8698110331408114 4.98991954007593 5.7367857499551
105 0.8693498120570416 4.985014944427998 5.734187636887543
106 0.8688883837707222 4.980110349120981 5.731588132768854
107 0.8684267494262868 4.975205754369688 5.728987226218543
108 0.8679649053379125 4.970301160118398 5.726384937399492
109 0.8675028524226341 4.965396566502077 5.7237812563214625
110 0.8670405902079107 4.960491972924056 5.721176181307224
111 0.8665781205996987 4.955587380047076 5.718569696425819
112 0.8661154409111678 4.950682787686809 5.715961815065447
113 0.8656525515586642 4.945778195773387 5.713352530259616
114 0.8651894501214086 4.940873604537299 5.7107418541037065
115 0.8647261403542844 4.935969013609885 5.708129757228784
116 0.8642626193187612 4.931064423141426 5.7055162550339675
116 0.863798888075292 4.926159833205558 5.7029013364233165
117 0.863798888075292 4.926159833205558 5.7029013364233165
118 0.8633349457860957 4.921255243873284 5.700285002818129
119 0.8628707908633304 4.9163506550809295 5.697667260427207
120 0.8624064240849365 4.9114460667180415 5.6950480997742705
121 0.861941844888763 4.906541478779751 5.692427520342697
122 0.8614770530308533 4.901636891547336 5.689805519836391
123 0.8610120486398899 4.89673230487231 5.6871820929887145
124 0.8605468317476588 4.891827718549737 5.6845572350955855
125 0.8600814006302189 4.886923132728149 5.681930953450788
126 0.8596157547548431 4.8820185473912305 5.679303247278839
127 0.8591498951903163 4.877113962741702 5.67667410546717
128 0.858683821386727 4.872209378554309 5.674043527087722
129 0.8582175335550705 4.867304794729678 5.671411506319862
130 0.8577510306441561 4.8624002117132274 5.668778046307504
131 0.8572843115392558 4.857495629262599 5.666143149804007
132 0.8568173768875571 4.852591047238965 5.663506808027525
133 0.856350225772649 4.8476864660665235 5.660869023176422
133 0.8558828587474763 4.842781885144185 5.658229786528558
134 0.8558828587474763 4.842781885144185 5.658229786528558
135 0.8554152749188078 4.8378773044997025 5.655589099643904
136 0.8549474735520899 4.832972724456439 5.65294696336918
137 0.854479455625033 4.82806814492881 5.650303366740613
138 0.8540112183853741 4.823163566064483 5.647658323720078
139 0.8535427642047084 4.818258987755003 5.645011814076397
140 0.8530740909441942 4.813354409930412 5.642363847439001
141 0.8526051991749218 4.808449832744793 5.6397144157671075
142 0.8521360886515673 4.803545256188428 5.637063516215619
143 0.8516667587915218 4.798640680149973 5.634411148039916
144 0.8511972087958413 4.793736104720958 5.631757312153887
145 0.8507274393329702 4.788831529646657 5.629101999344744
146 0.8502574492546056 4.78392695502747 5.626445212825116
147 0.8497872387063842 4.779022381118684 5.623786947417218
148 0.8493168082195833 4.774117807666289 5.62112719477934
149 0.8488461556453128 4.769213234835254 5.618465964789092
150 0.8483752816939214 4.764308662745474 5.615803248336921
151 0.8479041857035365 4.7594040909935655 5.613139044766617
152 0.8474328678979833 4.7544995199706515 5.610473348483591
153 0.8469613280517376 4.749594949303736 5.607806155954267
154 0.846489506278112 4.7446903791247586 5.605137859282454
155 0.8460174597534491 4.739785809493005 5.602468075392084
156 0.8455451910125351 4.734881240349829 5.599796782806886
157 0.8450726974008713 4.729976671762463 5.59712399455113
158 0.8445999791801319 4.725072103553376 5.594449704036326
159 0.8441270374639619 4.720167536175409 5.591773899763193
160 0.8436538695317364 4.71526296927509 5.589096594664184
161 0.8431804765493907 4.710358402645225 5.586417776087239
162 0.8427068576732748 4.705453836946075 5.583737445709055
163 0.8422330126499561 4.700549271681935 5.581055599913357
164 0.8417589420432049 4.6956447069771645 5.578372230391051
165 0.8412846439799785 4.690740142837967 5.575687344828799
166 0.840810118100657 4.685835579248996 5.573000940847425
166 0.8403353652493657 4.680931016196141 5.57031300807755
167 0.8403353652493657 4.680931016196141 5.57031300807755
168 0.8398603847176472 4.67602645368157 5.567623546446478
169 0.8393851751390253 4.671121891765737 5.564932560301735
170 0.8389097374626895 4.666217330448427 5.562240038554752
171 0.8384340714798165 4.661312769728605 5.559545977779144
172 0.8379581756179838 4.656408209571664 5.556850383538081
173 0.8374820499562364 4.651503649820231 5.554153250285545
174 0.8370056946140824 4.646599090656233 5.551454572598383
175 0.8365291089972103 4.6416945322285175 5.548754349735362
176 0.8360522933723192 4.636789974430602 5.546052574926315
177 0.8355752460479544 4.631885417045003 5.543349254244392
178 0.8350979671586217 4.626980860310905 5.54064438218425
179 0.8346204573027114 4.622076304186085 5.537937949811944
180 0.834142714844135 4.61717174854714 5.535229962908551
181 0.8336647399312342 4.612267193412216 5.532520415572169
182 0.8331865320624908 4.607362638861131 5.529809306273771
183 0.8327080907984836 4.6024580850685215 5.527096633173367
183 0.8322294159188837 4.5975535316863345 5.524382392335976
184 0.8322294159188837 4.5975535316863345 5.524382392335976
185 0.8317505065500527 4.5926489788383735 5.52166658471641
186 0.8312713635727698 4.5877444266910805 5.518949199661042
187 0.8307919857905294 4.582839875211566 5.5162302400532
188 0.8303123729430917 4.577935324290193 5.5135097024550275
189 0.8298325246506711 4.573030773946388 5.510787584364044
190 0.8293524400761142 4.568126224265504 5.5080638863813585
191 0.82887211875112 4.563221675329324 5.505338606641555
192 0.8283915624333578 4.5583171267837415 5.502611727953769
193 0.8279107691730052 4.553412579059936 5.499883258685366
194 0.8274297382000849 4.5485080317716164 5.497153198368269
195 0.8269484682564594 4.543603485099534 5.494421550449547
196 0.8264669606999003 4.538698939094541 5.491688300825609
197 0.825985215138111 4.533794393702925 5.4889534468783925
198 0.8255032309881905 4.52888984889333 5.486216987269575
199 0.8250210079155642 4.523985304708493 5.4834789190865
200 0.824538545438758 4.519080761050566 5.48073924020841
201 0.8240558428487154 4.5141762179577105 5.477997950178295
202 0.8235728995656788 4.509271675695393 5.475255047942219
203 0.8230897159928919 4.504367134002169 5.472510525257332
204 0.8226062915180795 4.499462592860232 5.4697643809126415
205 0.8221226244566854 4.494558052483995 5.467016621096282
206 0.8216386613919977 4.489653512501313 5.464267595313815
207 0.8211544558720445 4.484748973102994 5.461516942437228
208 0.8206700073172798 4.479844434356377 5.458764661085538
209 0.8201853155239228 4.474939896151004 5.4560107471474
210 0.8197003794837647 4.470035358388513 5.453255201862509
211 0.8192152007101794 4.465130821374642 5.450498010173408
212 0.8187297780039385 4.4602262851849135 5.44773917477258
213 0.8182441108882399 4.45532174941141 5.4449786929416
214 0.8177581975967747 4.450417214185 5.44221657118678
215 0.817272039082817 4.445512679704759 5.439452797986008
216 0.8167856345850697 4.440608145894457 5.43668737287514
216 0.8162989838020903 4.435703612624743 5.4339202922494
217 0.8162989838020903 4.435703612624743 5.4339202922494
218 0.8158120862712159 4.430799079981172 5.431151553825052
219 0.8153249427213959 4.425894548144521 5.428381147486728
220 0.8148375514771695 4.420990016783097 5.425609078482641
221 0.8143499118236474 4.41608548598796 5.422835346170322
222 0.8138620242921402 4.411180955768124 5.420059941492868
223 0.8133738876947659 4.406276426142065 5.417282866837747
224 0.8128855024739028 4.401371897191913 5.414504113798261
225 0.8123968675790704 4.396467368928011 5.4117236838066765
226 0.8119079834756732 4.391562841342498 5.4089415681599595
227 0.8114188485509259 4.386658314394741 5.406157771943139
228 0.8109294618195845 4.381753788186537 5.403372296222466
229 0.8104398249963158 4.376849262547588 5.400585123722769
230 0.80994993723991 4.371944737524805 5.39779625444902
231 0.8094597964839282 4.367040213040658 5.395005696403806
232 0.8089694040253781 4.362135689177741 5.392213435356199
233 0.8084787589335585 4.357231166006676 5.389419471890859
233 0.8079878603512606 4.352326643627495 5.386623806124248
234 0.8079878603512606 4.352326643627495 5.386623806124248
235 0.807496707673617 4.347422121859519 5.38382643612797
236 0.8070053008063929 4.342517600767913 5.381027356857124
237 0.8065136400430915 4.337613080360376 5.378226560593099
238 0.8060217236420995 4.33270856043964 5.375424052917347
239 0.8055295522228184 4.327804041306339 5.372619824268372
240 0.8050371255101982 4.322899522865395 5.369813870541344
241 0.8045444425236259 4.317995005225102 5.367006192573758
242 0.8040515024390834 4.313090487955946 5.364196789474582
243 0.8035583054249389 4.308185971551787 5.3613856548636205
244 0.8030648508736264 4.303281455922581 5.358572786794478
245 0.8025711386117625 4.298376940736694 5.355758180105702
246 0.802077168542183 4.293472426356942 5.35294182997448
247 0.8015829393362961 4.288567912618427 5.350123739122148
248 0.8010884498285981 4.2836633997089555 5.347303909606353
249 0.8005937011021015 4.278758887342972 5.344482327868444
250 0.8000986932724764 4.273854375655431 5.3416589873119005
251 0.7996034244077441 4.268949864657655 5.338833894839321
252 0.7991078956111841 4.264045354275421 5.336007036964812
253 0.7986121061293757 4.259140844708307 5.3331784129231865
254 0.7981160533158552 4.254236335778606 5.3303480341034915
255 0.7976197381063057 4.249331827562195 5.327515888273881
256 0.7971231605345821 4.24442731999571 5.324681969031273
257 0.7966263193530753 4.239522813150774 5.321846278683848
258 0.796129215136266 4.234618307017275 5.319008807248048
259 0.7956317941982016 4.229713801414605 5.316169907057449
260 0.7951341093346317 4.22480929656815 5.313329219524328
261 0.7946361601087912 4.219904792448683 5.310486741342036
262 0.7941379448694259 4.215000288849599 5.30764247707952
263 0.7936394637104844 4.210095785956923 5.304796420119481
264 0.7931407160835672 4.205191283807873 5.301948567932055
265 0.7926417015484225 4.200286782405613 5.299098917203535
266 0.7921424206508152 4.195382281632203 5.296247457856537
266 0.7916428718837127 4.190477781711467 5.293394193950402
267 0.7916428718837127 4.190477781711467 5.293394193950402
268 0.7911430547483638 4.185573282365581 5.2905391221526585
269 0.7906429693390558 4.180668783680607 5.287682235605624
270 0.7901426142325002 4.175764285793612 5.284823537646698
271 0.7896419901380355 4.170859788488553 5.281963016884974
272 0.7891410960436469 4.165955291962973 5.279100673946598
273 0.7886399300671244 4.161050796039774 5.276236514787692
274 0.788138494340889 4.156146300877876 5.273370518913192
275 0.7876367863421436 4.151241806426708 5.270502696687708
276 0.7871348071111545 4.146337312622213 5.267633034599997
277 0.7866325553909325 4.141432819643486 5.264761534799841
278 0.7861300308333877 4.136528327269246 5.261888192827404
279 0.7856272327247849 4.131623835583987 5.259013007039367
280 0.7851241606263782 4.126719344627829 5.256135973876412
281 0.784620814003034 4.121814854538254 5.25325709052923
282 0.7841171934017891 4.116910365139134 5.250376346523485
283 0.7836132970803448 4.112005876491854 5.247493746995778
283 0.7831091257832108 4.107101388491152 5.244609280198999
284 0.7831091257832108 4.107101388491152 5.244609280198999
285 0.782604677349541 4.102196901484927 5.241722954401319
286 0.7820999523696138 4.097292414971285 5.238834758341654
287 0.7815949506677478 4.092387929166392 5.2359446867845065
288 0.7810896711564692 4.087483444099551 5.233052740343738
289 0.7805841134258159 4.082578959824801 5.230158915106841
290 0.7800782776013443 4.077674476220931 5.227263203327922
291 0.7795721620658133 4.0727699934191595 5.2243656092421205
292 0.7790657672815174 4.067865511324261 5.221466122839316
293 0.7785590919566303 4.062961030212492 5.2185647463209115
294 0.7780521358957524 4.058056549676041 5.2156614736416085
295 0.7775448996234271 4.053152069906953 5.212756294678205
296 0.7770373811157044 4.048247590905587 5.209849216125143
297 0.7765295806453821 4.043343112625585 5.20694022919915
298 0.7760214970717662 4.0384386351765835 5.204029334773841
299 0.7755131300083206 4.033534158451231 5.201116528366135
300 0.7750044800069394 4.028629682490273 5.198201799367921
301 0.7744955455157267 4.023725207247177 5.195285151146776
302 0.7739863265766758 4.018820732888489 5.192366576634039
303 0.7734768224006999 4.013916259207124 5.189446073831691
304 0.7729670323828643 4.009011786424286 5.1865236400387005
305 0.7724569566680366 4.004107314278756 5.1835992668773665
306 0.7719465942283302 3.999202842983025 5.180672954429955
307 0.771435945311578 3.9942983723626044 5.177744693694994
308 0.7709250078077469 3.9893939026283145 5.174814491973503
309 0.7704137819683193 3.9844894336966212 5.171882340314195
310 0.7699022678992261 3.9795849655646873 5.168948230823477
311 0.7693904645122868 3.9746804982120794 5.166012163578881
312 0.768878370604166 3.9697760317844777 5.163074139626433
313 0.7683659435649203 3.9648715658337377 5.160134437294643
314 0.7678532202587866 3.959967100784435 5.157192802355928
315 0.7673402054501004 3.9550626364479777 5.154249195281053
316 0.7668268986626844 3.9501581729272073 5.151303612087847
316 0.7663132997988378 3.945253710207674 5.14835604607584
317 0.7663132997988378 3.945253710207674 5.14835604607584
318 0.7657994080327671 3.9403492482121334 5.145406495330606
319 0.7652852224313527 3.9354447869923788 5.142454958805107
320 0.7647707433811548 3.930540326507221 5.139501426440257
321 0.7642559694437416 3.925635866749585 5.136545900461637
322 0.7637409003773336 3.9207314078800546 5.133588375250008
323 0.7632255354604847 3.9158269499031846 5.130628848182613
324 0.7627098739263158 3.9109224926583126 5.127667316702577
325 0.762193916234813 3.906018036214449 5.124703770281869
326 0.7616776610923914 3.901113580510769 5.121738209987445
327 0.7611611081677558 3.896209125702568 5.118770630676869
328 0.76064425687426 3.8913046715851345 5.115801028427926
329 0.760127107006486 3.886400218274326 5.11282939715129
330 0.7596096574960876 3.8814957657853717 5.109855736405462
331 0.7590919072889186 3.8765913141090413 5.106880045598443
332 0.7585738563896172 3.8716868632507473 5.103902317010751
333 0.7580555043572769 3.8667824132717956 5.100922545968816
333 0.7575368510109369 3.86187796411416 5.097940725867611
334 0.7575368510109369 3.86187796411416 5.097940725867611
335 0.7570178946761607 3.8569735157819673 5.094956860209909
336 0.7564986354444597 3.852069068313629 5.091970940635542
337 0.7559790734156726 3.8471646215103856 5.088982958388102
338 0.755459207563156 3.842260175688237 5.085992912948944
339 0.7549390363845442 3.8373557306676216 5.083000806323364
340 0.7544185598356067 3.8324512864776588 5.080006630951362
341 0.7538977778260562 3.8275468432873225 5.07701037974201
342 0.753376688911866 3.822642400841388 5.074012054132698
343 0.7528552938668549 3.817737959158352 5.071011640961553
344 0.7523335912075919 3.812833518376206 5.068009142402001
345 0.751811580116092 3.8079290784918958 5.0650045559339345
346 0.7512892602571243 3.8030246394246787 5.061997875655931
347 0.7507666315761219 3.798120201158231 5.058989093834189
348 0.7502436930673754 3.7932157638168964 5.055978209304651
349 0.7497204435381144 3.7883113273071842 5.052965221848847
350 0.7491968831721516 3.7834068916329056 5.049950122074318
350 0.7491968831721516 3.7834068916329056 5.049950122074318
351 0.7486730116526182 3.778502456891977 5.046932904060911
352 0.7481488276836741 3.773598023028329 5.043913568255766
353 0.7476243314789379 3.7686935900541476 5.040892104994739
354 0.7470995219678316 3.7637891579678184 5.037868513225844
355 0.7465743982933605 3.7588847266921075 5.034842790329764
356 0.7460489602704861 3.7539802962027067 5.0318149291993794
357 0.7455232071081774 3.749075866694522 5.028784927080776
358 0.7449971384336393 3.7441714380631352 5.025752777970768
359 0.7444707529088957 3.7392670103810284 5.022718482587078
360 0.7439440509047661 3.7343625834895744 5.019682029781589
361 0.7434170306084797 3.729458157592541 5.0166434235976745
362 0.74288969276521 3.7245537324272924 5.013602650164156
363 0.7423620363936317 3.719649308421802 5.010559708160354
364 0.7418340598491228 3.714744885252604 5.007514599704581
365 0.7413057638286068 3.7098404629812136 5.004467311600379
366 0.7407771470013945 3.7049360415553014 5.001417844155399
366 0.7402482086383788 3.70003162103751 4.99836619374384
367 0.7402482086383788 3.70003162103751 4.99836619374384
368 0.7397189483578132 3.6951272014942793 4.995312354371232
369 0.739189365370099 3.6902227827880374 4.9922563224924215
370 0.7386594141141638 3.6853183648493086 4.9891983970297344
371 0.7381291391934968 3.6804139478988422 4.986138268325484
372 0.737598539186539 3.675509531756686 4.983075936959182
373 0.7370676151023562 3.6706051165010725 4.980011387410282
374 0.7365363647581553 3.6657007022494748 4.976944625745834
375 0.7360047879610838 3.6607962887224916 4.973875644021022
376 0.735472884034753 3.6558918762523698 4.970804438358627
377 0.7349406522518884 3.6509874646560454 4.967731004495763
378 0.7344080928796618 3.646083053951538 4.964655331690327
379 0.7338752048947768 3.6411786441635234 4.961577417901177
380 0.7333419871408555 3.636274235386878 4.9584972620536
381 0.7328084387390261 3.631369827519612 4.955414860899064
382 0.7322745602731743 3.6264654205949745 4.95233020145084
383 0.7317403502178471 3.6215610146302 4.949243284932998
383 0.7312058077567072 3.6166566096532184 4.946154107759196
384 0.7312058077567072 3.6166566096532184 4.946154107759196
385 0.7306709323368203 3.611752205448648 4.943062664197683
386 0.7301357236139524 3.6068478023279678 4.939968947793918
387 0.729600180625048 3.6019434001251316 4.9368729555951445
388 0.7290643027942543 3.5970389987955564 4.933774682163611
389 0.7285280891243363 3.5921345984694533 4.930674125121333
390 0.7279915393758749 3.587230199075227 4.927571276653363
391 0.7274546521370671 3.58232580061423 4.92446613694794
392 0.7269174279582625 3.5774214032511478 4.921358693103934
393 0.7263798656883916 3.5725170067863425 4.918248943203651
394 0.7258419644636612 3.5676126113359197 4.915136883787228
395 0.725303723444294 3.5627082167571595 4.912022510843747
396 0.7247651425975863 3.557803823137412 4.9089058151804945
397 0.7242262205934313 3.552899430602991 4.905786796412513
398 0.7236869564542316 3.5479950390001416 4.902665451349099
399 0.7231473503451057 3.543090648309664 4.899541769210389
400 0.722607401516508 3.5381862586393824 4.896415745554126
401 0.7220671083654302 3.5332818699363653 4.893287381466226
402 0.7215264705947798 3.528377482284938 4.890156669340726
403 0.7209854872649207 3.5234730956522426 4.8870236057297625
404 0.7204441586156746 3.5185687099822047 4.883888179124244
405 0.719902483934969 3.5136643252732194 4.880750384507104
406 0.719360461904515 3.508759941497418 4.877610220900849
407 0.7188180917272522 3.5038555588052405 4.874467684008628
408 0.7182753727310169 3.4989511771832373 4.871322768424556
409 0.7177323047021799 3.4940467964882287 4.86817546541683
410 0.7171888862201518 3.489142416823061 4.8650257747469015
411 0.716645117262076 3.484238038120788 4.861873686424081
412 0.7161009964972413 3.4793336605036322 4.858719199557818
413 0.7155565236982001 3.474429283849566 4.855562305396539
414 0.7150116973175983 3.469524908338153 4.852403004530202
415 0.7144665180438188 3.464620533809659 4.849241281866719
416 0.713920984154284 3.459716160324178 4.846077138946383
416 0.7133750949692974 3.454811787838453 4.8429105700517106
417 0.7133750949692974 3.454811787838453 4.8429105700517106
418 0.7128288499555341 3.449907416339323 4.839741568476819
419 0.7122822477401811 3.4450030460431265 4.8365701335010085
420 0.7117352880507838 3.440098676824398 4.83339625641681
421 0.7111879707055252 3.4351943085616137 4.830219927867694
422 0.7106402941332645 3.4302899412955616 4.8270411481230875
423 0.7100922585102902 3.425385575226446 4.823859905771395
424 0.7095438616995434 3.420481210173328 4.820676204541295
425 0.7089951035367597 3.415576846163678 4.8174900350162835
426 0.7084459835553437 3.410672483088321 4.814301389601822
427 0.7078965004748475 3.4057681212072075 4.811110266716481
428 0.7073466402820213 3.4008637603011604 4.807916750612154
429 0.7067963876630478 3.395959400368033 4.804720934690168
430 0.7062457703748076 3.391055041643356 4.801522619871704
431 0.7056947874902113 3.3861506839739306 4.798321801435865
432 0.7051434380147339 3.3812463273546562 4.795118475290988
433 0.7045917211903574 3.3763419718047154 4.791912635732686
433 0.7040396360458583 3.371437617308456 4.78870427841772
434 0.7040396360458583 3.371437617308456 4.78870427841772
435 0.7034871820280872 3.3665332638517915 4.785493396121865
436 0.7029343583268116 3.3616289115043627 4.782279983448267
437 0.7023811643210964 3.356724560277927 4.779064033589868
438 0.7018275990708032 3.3518202101509527 4.775845541823452
439 0.701273661737499 3.3469158611194048 4.772624502718346
440 0.7007193519924511 3.34201151302115 4.769400907108319
441 0.7001646679009395 3.3371071662071605 4.7661747574490585
442 0.6996096093273129 3.332202820398875 4.762946043012256
443 0.6990541756870973 3.3272984756992194 4.7597147566264555
444 0.6984983661600214 3.322394132152585 4.7564808926001785
445 0.6979421798245681 3.3174897896357396 4.753244445649653
446 0.6973856152480281 3.312585448372966 4.750005414428904
447 0.6968286721092827 3.3076811081652098 4.746763789372993
448 0.6962713498791583 3.3027767691223517 4.7435195627330735
449 0.6957136474116972 3.297872431064057 4.740272730502439
450 0.6951555639371315 3.2929680942488075 4.737023286699345
451 0.694597098263387 3.2880637585328887 4.733771227598873
452 0.6940382500589631 3.283159423975774 4.730516543860296
453 0.6934790183529049 3.278255090549721 4.727259230331102
454 0.6929194026078896 3.273350758397042 4.723999279104284
455 0.6923594009713502 3.268446427268031 4.720736690629957
456 0.6917990133288177 3.263542097387372 4.717471454149334
457 0.6912382390427654 3.258637768627747 4.714203561915709
458 0.6906770771377467 3.253733441123088 4.710933008819362
459 0.6901155263095451 3.248829114774897 4.707659791612432
460 0.6895535866757377 3.2439247896338848 4.704383897519104
461 0.6889912563922613 3.2390204655303823 4.701105326779823
462 0.6884285346919545 3.2341161427531593 4.697824072908748
463 0.6878654209759427 3.22921182099784 4.694540127364213
464 0.6873019141165019 3.2243075004506787 4.69125348587948
465 0.6867380135296706 3.219403181116776 4.687964140167233
466 0.6861737183098019 3.214498862923258 4.684672083975006
466 0.6856090278234145 3.209594545968184 4.681377309393959
467 0.6856090278234145 3.209594545968184 4.681377309393959
468 0.6850439405352174 3.204690230305062 4.678079814560905
469 0.6844784556081241 3.1997859158547697 4.67477959260518
470 0.6839125728932655 3.1948816025714426 4.671476631955486
471 0.6833462906891936 3.189977290385068 4.668170931560621
472 0.6827796090255184 3.1850729794645307 4.664862478846364
473 0.6822125257602866 3.1801686698841323 4.661551275887257
474 0.6816450412071384 3.1752643613905875 4.658237307451764
475 0.6810771534938663 3.1703600542599233 4.654920573970589
476 0.680508862696534 3.1654557482054373 4.651601061685276
477 0.6799401667264471 3.1605514435133046 4.6482787724244785
478 0.6793710652226375 3.155647139997633 4.644953695464632
479 0.6788015572937911 3.150742837830749 4.641625824183371
480 0.678231642408891 3.1458385367446784 4.6382951487953745
481 0.6776613189740102 3.1409342369727766 4.634961667471592
482 0.6770905865061215 3.136029938504318 4.631625370375704
483 0.6765194439002891 3.131125641223628 4.62828625171802
483 0.6759478904341737 3.1262213452860905 4.6249443034404045
484 0.6759478904341737 3.1262213452860905 4.6249443034404045
485 0.6753759242248136 3.1213170506169985 4.621599525034298
486 0.6748035453031187 3.116412757268543 4.618251903031518
487 0.6742307525205974 3.1115084651845906 4.614901431820311
488 0.6736575443058672 3.1066041743592874 4.611548108706055
489 0.6730838991890654 3.101699884801648 4.608192067197849
490 0.6725098195592215 3.096795596395407 4.604833277267414
491 0.6719353227910204 3.0918913093683518 4.6014716067099295
492 0.6713604072644402 3.086987023549961 4.598107052705651
493 0.6707850720013574 3.082082739095976 4.594739608471399
494 0.6702093164736668 3.0771784559635766 4.5913692637910115
495 0.6696331389928665 3.07227417403955 4.587996016237002
496 0.6690565388376873 3.0673698934326215 4.584619857032386
497 0.6684795151086881 3.062465614179775 4.581240778458033
498 0.6679020666782479 3.057561336210771 4.577858774142268
499 0.6673241920501349 3.052657059593343 4.574473840390912
500 0.6667458914060003 3.047752784328415 4.5710859618519235
501 0.6661671634766697 3.042848510384386 4.567695133011388
502 0.6655880070559096 3.0379442377442243 4.564301347889275
503 0.6650084203990999 3.033039966440135 4.560904604215205
504 0.6644284031919196 3.02813569646081 4.5575048897874035
505 0.663847954075668 3.023231427836863 4.554102199571234
506 0.6632670725816352 3.018327160668912 4.550696522474233
507 0.6626857575879833 3.013422894829852 4.547287851481803
508 0.6621040078142051 3.008518630258164 4.54387618070784
509 0.6615218223964388 3.0036143671520446 4.540461501740195
510 0.6609391993837143 2.99871010532863 4.537043812993306
511 0.6603561387096344 2.99380584495394 4.533623100413622
512 0.65977263896965 2.9889015859434895 4.53019935869299
513 0.6591886991298974 2.9839973282957524 4.526772580043482
514 0.6586043179476782 2.9790930720566 4.523342758122138
515 0.6580194949813374 2.9741888171985593 4.519909880911526
516 0.6574342288566221 2.9692845637700387 4.516473942852162
516 0.6568485186909462 2.964380311698833 4.513034934761882
517 0.6568485186909462 2.964380311698833 4.513034934761882
518 0.6562623630344634 2.95947606104514 4.5095928514945545
519 0.6556757609250676 2.954571811776931 4.5061476843500206
520 0.6550887113443766 2.9496675639373753 4.502699425065731
521 0.6545012134968289 2.944763317577772 4.499248063796049
522 0.6539132654220259 2.9398590726052825 4.495793598418501
523 0.6533248665510467 2.934954829114039 4.492336017466925
524 0.6527360159836819 2.9300505870258537 4.488875311423146
525 0.6521467123186273 2.9251463464592087 4.485411474450605
526 0.6515569546537056 2.920242107268956 4.481944496810764
527 0.6509667417268007 2.9153378695313075 4.478474371513781
528 0.6503760726723844 2.9104336332799137 4.4750010887100915
529 0.6497849457097256 2.9055293984783397 4.471524644672684
530 0.6491933603143224 2.900625165119491 4.468045027008724
531 0.6486013150614537 2.8957209332872242 4.464562229592243
532 0.6480088090884047 2.890816702875957 4.4610762420693835
533 0.6474158413157843 2.8859124739906754 4.457587055833314
533 0.6468224097888126 2.8810082466340603 4.454094668078537
534 0.6468224097888126 2.8810082466340603 4.454094668078537
535 0.6462285142488593 2.876104020690231 4.4505990640683155
536 0.6456341536263822 2.8711997961886637 4.447100234802912
537 0.6450393263375721 2.866295573288245 4.443598174955631
538 0.6444440312853549 2.861391351855755 4.440092875324891
539 0.6438482668135392 2.856487131966466 4.436584330813638
540 0.6432520320967475 2.8515829136883735 4.43307253051862
541 0.6426553261146511 2.8466786968795907 4.429557464480948
542 0.6420581482057809 2.8417744816010506 4.426039120510088
543 0.6414604960346013 2.8368702678638895 4.422517497805297
544 0.6408623687097937 2.8319660557336896 4.418992585623496
545 0.6402637654788117 2.8270618450901908 4.4154643718999385
546 0.6396646847630646 2.822157636036655 4.411932850540277
547 0.6390651256936183 2.8172534285304325 4.408398010253943
548 0.6384650867659865 2.812349222577566 4.404859844134849
549 0.6378645669348266 2.8074450181883805 4.401318342041139
550 0.6372635647896988 2.8025408154476663 4.397773496390812
551 0.6366620788916432 2.797636614291811 4.394225299490399
552 0.6360601080380796 2.7927324147700583 4.39067374211568
553 0.6354576159350965 2.78782821660913 4.387119056723791
554 0.6348546366271381 2.7829240201034744 4.3835609910461075
555 0.6342511693448034 2.7780198251558357 4.379999532402276
556 0.6336472123124576 2.7731156318227383 4.376434675223171
557 0.6330427643691576 2.7682114401292726 4.372866409566915
558 0.6324378243199231 2.763307250065773 4.369294725591768
559 0.6318323909385359 2.7584030616162876 4.365719613581226
560 0.631226462582122 2.753498874744481 4.362141066584726
561 0.6306200383384317 2.7485946895677484 4.358559072765578
562 0.6300131164239932 2.743690506017985 4.354973625932425
563 0.6294056957684594 2.7387863241251456 4.351384715038657
564 0.6287977753502297 2.733882143852242 4.347792328510571
565 0.6281893535593084 2.72897796530548 4.344196458986682
566 0.6275804294127317 2.724073788318513 4.340597094252298
566 0.6269710014724866 2.719169613047603 4.3369942256682315
567 0.6269710014724866 2.719169613047603 4.3369942256682315
568 0.6263610679922686 2.7142654394950827 4.333387846398821
569 0.6257506278856679 2.709361267661421 4.3297779449555
570 0.6251396800256036 2.704457097426753 4.326164509851602
571 0.624528222776177 2.699552928911009 4.322547533417868
572 0.6239162549226934 2.694648762097222 4.318927004764611
573 0.6233037749574861 2.6897445970051774 4.315302915001016
574 0.6226907819177004 2.6848404336135565 4.311675251310217
575 0.622077274253537 2.6799362719125703 4.30804400486799
576 0.6214632503385445 2.675032112002947 4.30440916747002
577 0.620848708977644 2.670127953766659 4.300770727482993
578 0.6202336486716805 2.66522379731689 4.297128675660938
579 0.6196180685019889 2.6603196427186653 4.293482998567732
580 0.6190019663688339 2.6554154897974267 4.28983369047198
581 0.6183853415127751 2.6505113386008894 4.286180736621056
582 0.6177681919526902 2.645607189183405 4.282524130646744
583 0.6171505166290188 2.6407030415854784 4.278863859677941
583 0.6165323140258719 2.635798895746312 4.2751999137480805
584 0.6165323140258719 2.635798895746312 4.2751999137480805
585 0.615913582142784 2.6308947517385257 4.27153228637296
586 0.6152943203199106 2.6259906094942695 4.2678609614483936
587 0.6146745268961913 2.621086469061927 4.2641859299052856
588 0.6140542003482108 2.6161823304424545 4.260507181546678
589 0.6134333390164265 2.611278193659959 4.256824707060851
590 0.612811941596798 2.606374058633775 4.2531384944007
591 0.612190006783252 2.6014699255238245 4.249448531826303
592 0.6115675326535446 2.5965657942122142 4.245754811322168
593 0.6109445186970555 2.5916616647679698 4.242057315278211
594 0.6103209621628657 2.586757537135446 4.238356041333483
595 0.6096968622647383 2.5818534113946856 4.234650973607293
596 0.6090722173316769 2.576949287538591 4.2309421021174
597 0.6084470255910936 2.5720451655594094 4.227229417484161
598 0.6078212858713472 2.5671410454361814 4.22351290602802
599 0.6071949968089003 2.562236927206552 4.219792555393787
600 0.6065681565678976 2.557332810850522 4.216068356308877
601 0.6059407633257722 2.5524286964054976 4.212340299398597
602 0.6053128162149802 2.547524583913205 4.208608368550448
603 0.6046843133671004 2.542620473374692 4.204872554434998
604 0.6040552530048737 2.537716364693005 4.201132846820107
605 0.6034256336503161 2.5328122580159276 4.197389233689212
606 0.6027954540622911 2.5279081533387595 4.193641701016433
607 0.6021647122370185 2.5230040504995923 4.18989023970988
608 0.6015334067073177 2.518099949677909 4.186134837400838
609 0.600901536145885 2.5131958507709338 4.182375480166501
610 0.600269098417317 2.5082917538597473 4.178612159901561
611 0.5996360923221773 2.5033876589490323 4.174844861746568
612 0.5990025158910265 2.498483566058256 4.17107357611298
613 0.5983683674349949 2.4935794751631577 4.167298291272146
614 0.5977336455602957 2.4886753862496516 4.1635189933416745
615 0.5970983484341515 2.4837712993966687 4.159735671535827
616 0.5964624743112289 2.478867214599151 4.155948314203083
616 0.5958260220661556 2.4739631318444832 4.152156905241367
617 0.5958260220661556 2.4739631318444832 4.152156905241367
618 0.5951889900609806 2.4690590510794035 4.148361431931787
619 0.5945513757678744 2.464154972423747 4.144561887929775
620 0.593913178159989 2.459250895801822 4.140758255980887
621 0.5932743637703527 2.454346821153427 4.136950744939767
622 0.5926349624268619 2.449442748589235 4.133139122536202
623 0.5919949724530866 2.444538678090471 4.129323375772742
624 0.591354392132714 2.4396346096346826 4.125503491799838
625 0.5907132200304696 2.4347305432652786 4.121679455793613
626 0.5900714538926136 2.4298264790437076 4.117851258545899
627 0.5894290925974883 2.4249224169118047 4.114018882620281
628 0.5887861338051011 2.4200183568765126 4.110182319065249
629 0.5881425757724648 2.4151142989859564 4.106341554705425
630 0.5874984172823741 2.4102102432440637 4.102496572489701
631 0.586853656185076 2.4053061896471033 4.098647361734323
632 0.5862082908021987 2.4004021382682867 4.094793908464598
633 0.5855623190614372 2.39549808902841 4.090936201065688
633 0.5849157392117973 2.3905940419640332 4.087074225743141
634 0.5849157392117973 2.3905940419640332 4.087074225743141
635 0.5842685496392264 2.385689997080214 4.083207967557604
636 0.5836207487510467 2.3807859543720635 4.079337411267446
637 0.5829723339910001 2.3758819138161 4.075462548198348
638 0.5823233041329076 2.3709778755077315 4.071583360446429
639 0.5816736567677074 2.3660738394554808 4.067699838090445
640 0.581023390684813 2.3611698055640242 4.063811962511652
641 0.5803725033919858 2.356265773999874 4.059919724364411
642 0.579720993648457 2.351361744640461 4.056023104911615
643 0.5790688588165657 2.3464577175454537 4.05212209535991
644 0.5784160974681989 2.3415536927264933 4.048216678228308
645 0.57776270735102 2.3366496701963464 4.044306841661059
646 0.5771086867860699 2.3317456499001814 4.040392569527451
647 0.5764540339330662 2.326841631942012 4.036473846954099
648 0.5757987466773128 2.3219376163402936 4.032550660693859
649 0.575142823041516 2.317033602991725 4.028622996177895
650 0.5744862611473905 2.3121295919998324 4.024690838353454
651 0.5738290591714058 2.3072255833828845 4.020754171485247
652 0.5731712148584056 2.3023215770898773 4.016812982589566
653 0.5725127262830951 2.297417573189485 4.012867256427523
654 0.5718535911085206 2.2925135716762606 4.008916980362567
655 0.5711938077902105 2.2876095725086714 4.004962135984623
656 0.5705333739291444 2.2827055757582815 4.001002710915515
657 0.5698722877203604 2.2778015814252943 3.997038688329805
658 0.5692105470896884 2.2728975894738452 3.993070053067223
659 0.5685481501018979 2.267993599923684 3.9890967889301967
660 0.5678850944997614 2.2630896128508824 3.9851188819181678
661 0.5672213782204887 2.2581856282528405 3.981136316366139
662 0.5665569992544788 2.2532816460860348 3.977149075999562
663 0.565891955356443 2.2483776663742874 3.9731571461518365
664 0.5652262448834237 2.243473689150814 3.9691605077777736
665 0.5645598648566402 2.238569714428645 3.9651591510088826
666 0.56389281341347 2.233665742227988 3.961153057984036
666 0.5632250888212631 2.2287617725081184 3.957142209649339
667 0.5632250888212631 2.2287617725081184 3.957142209649339
668 0.5625566886373257 2.2238578053049194 3.953126591902664
669 0.5618876105684718 2.218953840677629 3.9491061894614
670 0.5612178523824783 2.2140498786011458 3.9450809862909306
671 0.5605474121771015 2.2091459190648317 3.941050963886826
672 0.5598762876323835 2.204241962168774 3.9370161067012113
673 0.5592044761704942 2.1993380078368365 3.9329764005077226
674 0.5585319761524071 2.194434056091146 3.9289318244732847
675 0.5578587849851345 2.189530106919411 3.9248823642308626
676 0.5571849004771101 2.184626160407266 3.920828002583342
677 0.5565103204012438 2.1797222165136465 3.9167687221722454
678 0.5558350423617673 2.174818275235469 3.912704506708629
679 0.5551590640291324 2.169914336679556 3.9086353394487463
680 0.5544823831697206 2.1650104007830837 3.9045612024798975
681 0.5538049973675547 2.1601064675643826 3.9004820791292754
682 0.5531269045717063 2.1552025370316237 3.8963979499431987
683 0.5524481020673615 2.150298609222289 3.892308800003981
683 0.5517685877596626 2.1453946841419973 3.8882146097749235
684 0.5517685877596626 2.1453946841419973 3.8882146097749235
685 0.5510883589288832 2.1404907618006352 3.8841153639336103
686 0.5504074136524398 2.135586842224227 3.880011041371554
687 0.5497257492994307 2.1306829253955595 3.8759016256940795
688 0.5490433633418605 2.1257790112961796 3.8717870995784502
689 0.54836025342878 2.1208751000097834 3.8676674444371244
690 0.547676417186179 2.115971191517302 3.863542641453542
691 0.5469918520464963 2.111067285862185 3.8594126730844547
692 0.5463065554503469 2.1061633830776225 3.8552775215033077
693 0.5456204976326163 2.101259483007493 3.8511373603532357
694 0.5449337035259598 2.096355585756289 3.8469919775413963
695 0.5442461708555772 2.0914516913831176 3.8428413526461194
696 0.5435578968352002 2.0865477999098307 3.8386854685738205
697 0.5428688789708882 2.0816439112771734 3.834524305801666
698 0.542179114857607 2.076740025564658 3.8303578442155124
699 0.5414886018224039 2.071836142726942 3.8261860651435424
700 0.5407973374546986 2.066932262904105 3.8220089481806063
700 0.5407973374546986 2.066932262904105 3.8220089481806063
701 0.5401053189366544 2.062028385995831 3.8178264751317394
702 0.5394125436057655 2.057124512027233 3.813638626710729
703 0.5387190089031926 2.0522206410127195 3.80944538265124
704 0.5380247121404502 2.0473167730116453 3.80524672345756
705 0.5373296506118204 2.042412908006092 3.8010426293813064
706 0.5366338218472452 2.0375090460519654 3.796833078910837
707 0.5359372230939918 2.032605187088787 3.7926180520816555
708 0.5352398514330613 2.0277013312058445 3.7883975301480985
709 0.5345417042632817 2.02279747836229 3.7841714916334883
710 0.533842778820356 2.0178936285877973 3.779939916105601
711 0.5331430723825032 2.0129897819537335 3.7757027826660283
712 0.5324425820833286 2.008085938448896 3.7714600710403463
713 0.5317413053023924 2.003182098083092 3.767211759003593
714 0.5310392390013835 1.9982782608208596 3.7629578269557094
715 0.5303363804529448 1.9933744267439042 3.75869825306237
716 0.5296327269110238 1.9884705958289224 3.7544330151693543
716 0.528928275574067 1.9835667681110978 3.750162091369106
717 0.528928275574067 1.9835667681110978 3.750162091369106
718 0.5282230234700414 1.9786629436249235 3.745885460702841
719 0.5275169674811429 1.973759122340532 3.7416031028633934
720 0.5268101048667295 1.9688553042953953 3.7373149947331954
721 0.526102432673893 1.9639514895095675 3.7330211144013696
722 0.5253939479703289 1.9590476780000283 3.728721439537144
723 0.5246846476645903 1.9541438698046005 3.724415948708691
724 0.5239745289717915 1.9492400649228103 3.7201046179627344
725 0.5232635885895011 1.9443362632959704 3.7157874266334576
726 0.5225518240401209 1.9394324650680959 3.711464348307755
727 0.5218392318099501 1.9345286701990436 3.7071353632982205
728 0.5211258088546558 1.9296248787130015 3.702800448425271
729 0.5204115521689955 1.9247210906286514 3.6984595799357436
730 0.5196964586690098 1.9198173059882884 3.694112734393296
731 0.5189805252573634 1.914913524729985 3.689759887965692
732 0.5182637488049059 1.910009746961545 3.6854010170804843
733 0.5175461261082 1.9051059726319126 3.6810360980919103
733 0.5168276540446988 1.900202201782531 3.676665106658919
734 0.5168276540446988 1.900202201782531 3.676665106658919
735 0.5161083292942567 1.8952984344645247 3.6722880195640664
736 0.515388148872989 1.8903946706782575 3.6679048107955654
737 0.5146671092270121 1.885490910436282 3.6635154581145377
738 0.5139452069893734 1.8805871537429626 3.659119937627605
739 0.5132224393325271 1.87568340065773 3.6547182213956884
740 0.5124988029234508 1.8707796511361805 3.6503102845600375
741 0.5117742940366055 1.865875905264093 3.645896104993959
742 0.511048909576941 1.8609721630553797 3.6414756556196126
743 0.5103226462289546 1.8560684244883399 3.6370489105349653
744 0.5095955004249764 1.8511646896111336 3.6326158454447848
745 0.5088674689221221 1.8462609584435563 3.628176433353634
746 0.5081385479939161 1.8413572310059838 3.6237306503816558
747 0.5074087343498617 1.8364535073107549 3.6192784691887234
748 0.5066780248391565 1.8315497873569095 3.6148198610712
749 0.5059464154923713 1.8266460712183916 3.610354802970106
750 0.5052139030383963 1.8217423588453354 3.6058832662546165
751 0.5044804836826275 1.8168386503258998 3.6014052259529756
752 0.5037461542637134 1.8119349456425589 3.596920652011574
753 0.5030109108184053 1.807031244862605 3.5924295199134777
754 0.5022747499142871 1.8021275479527845 3.5879318007929255
755 0.5015376680209438 1.797223854957447 3.583427466274371
756 0.5007996611672099 1.792320165938235 3.578916490799711
757 0.5000607258475576 1.7874164808723536 3.574398844945971
758 0.49932085838918383 1.782512799763384 3.5698745001636736
759 0.49858005490366236 1.7776091226682358 3.5653434291745034
760 0.49783831182589033 1.7727054495993464 3.5608056019186347
761 0.4970956251683769 1.7678017805781694 3.5562609909901686
762 0.4963519909328704 1.7628981156261707 3.5517095686730014
763 0.49560740562300065 1.757994454789028 3.5471513033166855
764 0.49486186521025766 1.7530907980414183 3.542586166538742
765 0.49411536590812283 1.7481871454559748 3.5380141280225588
766 0.4933679036636354 1.743283497041387 3.533435158826038
766 0.49261947447379867 1.7383798528548915 3.528849229340307
767 0.49261947447379867 1.7383798528548915 3.528849229340307
768 0.49187007450374803 1.7334762128320464 3.5242563080930784
769 0.4911196997073436 1.728572577070167 3.519656365037316
770 0.4903683459553384 1.7236689455773584 3.51504937012053
771 0.4896160092511852 1.718765318376926 3.5104352919456043
772 0.48886266214026847 1.7138616954129722 3.5058142667504786
773 0.48810832380971786 1.7089580767580805 3.5011860961918235
774 0.4873529903302612 1.7040544624491112 3.4965507471172717
775 0.48659665746187786 1.6991508525553038 3.4919081882275833
776 0.48583932105905053 1.69424724706542 3.487258386933847
777 0.4850809766062608 1.6893436460277251 3.482601312974105
778 0.48432161998205303 1.6844400494618113 3.4779369327436376
779 0.4835612468830578 1.6795364573819302 3.4732652134717106
780 0.48279985315859275 1.6746328698149247 3.4685861208512674
781 0.4820374342198171 1.6697292867946465 3.463899623267064
782 0.48127398577608316 1.6648257083482254 3.4592056864731515
783 0.4805095032603791 1.6599221345008328 3.4545042777257042
783 0.4797439823337212 1.6550185653518368 3.44979536231174
784 0.4797439823337212 1.6550185653518368 3.44979536231174
785 0.47897741868094096 1.65011500084617 3.445078904534649
786 0.4782098075534331 1.645211441004766 3.4403548714774885
787 0.47744114437097945 1.6403078858700688 3.435623228557619
788 0.47667142480784463 1.6354043355269907 3.430883938944428
789 0.4759006438146092 1.6305007899328097 3.426136970236972
790 0.47512879709095956 1.6255972491390283 3.4213822843236774
791 0.4743558796637634 1.6206937132257184 3.4166198474750877
792 0.4735818870830058 1.6157901821490024 3.4118496214062324
793 0.4728068144298397 1.6108866559719137 3.4070715709004546
794 0.4720306569828539 1.6059831347253004 3.402285658712282
795 0.47125340984767333 1.6010796184417497 3.397491848301487
796 0.4704750681751268 1.5961761071606726 3.3926901022659965
797 0.46969562706094736 1.591272600909796 3.387880383019435
798 0.46891508140296834 1.5863690997090674 3.383062653823668
799 0.46813342645520245 1.5814656035834591 3.37823687481286
800 0.4673506572189756 1.5765621126182798 3.3734030074971884
801 0.46656676848864326 1.57165862677331 3.3685610140310835
802 0.46578175523540116 1.56675514611586 3.3637108549347077
803 0.46499561244165605 1.5618516707309666 3.3588524900908294
804 0.4642083346006099 1.556948200567653 3.353985882022566
805 0.46341991663721027 1.552044735700626 3.349110989797292
806 0.46263035346679376 1.5471412761528358 3.3442277718249307
807 0.46183963964796565 1.5422378219732895 3.3393361885282316
808 0.46104776988386104 1.5373343731927702 3.3344361986178312
809 0.46025473862389926 1.5324309298731251 3.329527762071262
810 0.4594605408489505 1.527527491982023 3.3246108341743406
811 0.4586651707734929 1.522624059609304 3.3196853753720843
812 0.457868623037085 1.5177206327943529 3.3147513422675075
813 0.4570708921092315 1.512817211556269 3.3098086919845544
814 0.45627197224087807 1.5079137959163982 3.304857382562018
815 0.45547185790564215 1.5030103859417328 3.299897369846073
816 0.4546705434308527 1.4981069816457138 3.2949286099365467
816 0.4538680229855346 1.4932035831032782 3.2899510595194954
817 0.4538680229855346 1.4932035831032782 3.2899510595194954
818 0.4530642909453217 1.488300190352622 3.2849646729987785
819 0.4522593412445841 1.4833968033903964 3.279969407172881
820 0.45145316814153036 1.4784934222715287 3.2749652159003606
821 0.45064576587681865 1.473590047053243 3.269952052442095
822 0.4498371282859613 1.46868667778794 3.264929872249888
823 0.4490272494329515 1.4637833144766812 3.2598986282574205
824 0.4482161232113343 1.4588799571559348 3.254858273958323
825 0.44740374344824896 1.4539766059067172 3.249808762663825
826 0.4465901041962173 1.449073260748014 3.244750045136105
827 0.4457751989899031 1.4441699217401427 3.2396820752086155
828 0.44495902168832835 1.4392665889403093 3.2346048035597397
829 0.4441415659118736 1.43436326233213 3.2295181816347625
830 0.4433228253087483 1.4294599420171594 3.22442216013043
831 0.4425027934261366 1.4245566280188628 3.219316689481312
832 0.44168146380730017 1.4196533203680273 3.2142017193354606
833 0.4408588299278525 1.4147500191179971 3.2090771990424325
833 0.4400348851701095 1.409846724336567 3.2039430778119917
834 0.4400348851701095 1.409846724336567 3.2039430778119917
835 0.4392096228528462 1.4049434360520014 3.1987993043647793
836 0.43838303624883285 1.400040154323681 3.1936458269543917
837 0.43755511869374736 1.3951368791796357 3.188482592420812
838 0.4367258633470713 1.3902336106607978 3.1833095480218043
839 0.4358952632960762 1.3853303488375859 3.178126640703178
840 0.43506331163242384 1.3804270937681427 3.1729338164336816
841 0.4342300012437616 1.3755238455040064 3.1677310217260537
842 0.4333953251947785 1.3706206040579918 3.1625182007720114
843 0.4325592763310694 1.3657173695125264 3.1572952985690743
844 0.43172184744877684 1.36081414193835 3.1520622594848144
845 0.430883031304614 1.3559109213442133 3.1468190270543475
846 0.4300428205599324 1.351007707795396 3.1415655446504873
847 0.429201207827499 1.3461045013488255 3.1363017549797783
848 0.428358185647138 1.3412013020689577 3.1310276002844457
849 0.42751374660938996 1.3362981099916234 3.125743021340949
850 0.42666788294362296 1.3313949251662527 3.1204479605561835
851 0.4258205871215009 1.326491747669644 3.1151423575750026
852 0.42497185140265265 1.3215885775429796 3.1098261524403883
853 0.42412166787288275 1.3166854148517484 3.1044992854417988
854 0.42327002884501524 1.3117822596569664 3.0991616940997475
855 0.4224169264524327 1.3068791120098349 3.0938133161124624
856 0.4215623525647123 1.301975971968002 3.0884540899988004
857 0.4207062990414162 1.2970728395973723 3.0830839532300005
858 0.4198487578047916 1.2921697149561318 3.077702841643098
859 0.4189897207687835 1.2872665980962552 3.072310689947986
860 0.4181291794244412 1.2823634890746582 3.0669074347785146
861 0.4172671065125169 1.2774603878594655 3.0614931489241295
862 0.41640351262419156 1.272557294613173 3.0560676267917772
863 0.41553838924265873 1.267654209401423 3.0506308014327908
864 0.41467172764372084 1.2627511323164233 3.0451826062310148
865 0.4138035191503378 1.2578480633826177 3.0397229727899737
866 0.41293375488718453 1.2529450026875926 3.034251833032887
866 0.41206242623490613 1.2480419502865594 3.028769115617164
867 0.41206242623490613 1.2480419502865594 3.028769115617164
868 0.4111895240254034 1.243138906263898 3.023274751978109
869 0.41031503928292495 1.238235870665144 3.017768670700227
870 0.40943896282881026 1.2333328435612956 3.0122508005594035
871 0.4085612853870666 1.2284298250361951 3.0067210696980107
872 0.4076819977079934 1.2235268151553957 3.001179404619578
873 0.40680109039967377 1.2186238139823464 2.99562573144795
874 0.40591855392850446 1.213720821589674 2.9900599759316493
875 0.40503437865071645 1.2088178380827512 2.9844820632501956
876 0.404148554942306 1.2039148635090122 2.9788919168123127
877 0.4032610729967229 1.1990118979364215 2.9732894599181043
878 0.4023719229508975 1.194108941477049 2.9676746148681183
879 0.4014810947848582 1.1892059941576452 2.962047303360337
880 0.4005885784428931 1.1843030561190149 2.9564074460696244
881 0.3996943637446071 1.1794001273882662 2.9507549627141305
882 0.3987984402916094 1.174497208069324 2.9450897731959738
883 0.39790079777791587 1.1695942982461276 2.9394117950447645
883 0.3970014257327455 1.1646913980007505 2.933720945336858
884 0.3970014257327455 1.1646913980007505 2.933720945336858
885 0.39610031345739927 1.1597885073822014 2.928017141059236
886 0.3951974503155028 1.1548856265064487 2.9223002971918333
887 0.3942928254060612 1.1499827554682265 2.9165703288765665
888 0.39338642771564125 1.145079894349963 2.9108271502891863
889 0.39247824622200045 1.1401770432201868 2.90507067384127
890 0.3915682698771328 1.135274202190162 2.8993008104216185
891 0.39065648727020785 1.1303713713308325 2.8935174716527396
892 0.3897428870695721 1.1254685507504916 2.8877205667889116
893 0.38882745755580955 1.1205657405401983 2.8819100060066107
894 0.3879101871527691 1.115662940776552 2.8760856964480155
895 0.3869910641270822 1.1107601515879257 2.8702475445871496
896 0.3860700765325563 1.1058573730314492 2.8643954562953415
897 0.3851472122976478 1.1009546052350243 2.858529336528572
898 0.38422245929464194 1.0960518482950394 2.8526490885180906
899 0.3832958051294674 1.0911491023036957 2.8467546153684977
900 0.38236723742661605 1.0862463673808989 2.840845817992896
901 0.3814367434552761 1.0813436436071864 2.8349225976809316
902 0.3805043106368723 1.0764409311131182 2.8289848525274683
903 0.37956992615683793 1.071538229976054 2.823032480010799
904 0.3786335767862163 1.0666355403071701 2.8170653785134667
905 0.3776952495725145 1.0617328622424897 2.8110834421248008
906 0.3767549311599487 1.0568301958682214 2.8050865654617043
907 0.37581260801986194 1.0519275413351699 2.799074642220558
908 0.3748682666160048 1.0470248987191906 2.793047563537053
909 0.37392189307779317 1.0421222681383595 2.7870052206907006
910 0.3729734735873235 1.0372196497122868 2.7809475020733467
911 0.37202299391387544 1.0323170435832922 2.774874296673923
912 0.37107043985882054 1.0274144498609827 2.76878549057122
913 0.3701157970663315 1.0225118686573946 2.762680968394715
914 0.36915905085480916 1.0176093001178315 2.7565606146226083
915 0.36820018652997855 1.01270674433925 2.750424310979528
916 0.36723918912506404 1.0078042014624102 2.744271938578975
916 0.36627604347011794 1.0029016716357044 2.738103377262031
917 0.36627604347011794 1.0029016716357044 2.738103377262031
918 0.3653107343034645 0.997999154989935 2.7319185046473193
919 0.36434324612031094 0.9930966516449289 2.725717197230535
920 0.3633735632952227 0.9881941617424678 2.7194993295084866
921 0.3624016699022559 0.9832916854259925 2.713264775218056
922 0.36142754992203907 0.9783892228225365 2.7070134056841484
923 0.3604511870598024 0.9734867740893788 2.7007450912566084
924 0.35947256488159324 0.9685843393801393 2.6944597001420165
925 0.35849166673414906 0.9636819188105868 2.6881570988517174
926 0.357508475718937 0.9587795125570865 2.6818371526129963
927 0.35652297488008444 0.9538771207678125 2.675499723653564
928 0.3555351466895929 0.9489747435955022 2.6691446750945937
929 0.354544973824064 0.9440723811905322 2.662771865041329
930 0.3535524384589054 0.9391700337262274 2.656381151887856
931 0.35255752269230556 0.934267701363297 2.649972390969739
932 0.35156020829960144 0.9293653842499487 2.6435454363422686
933 0.35056047685926717 0.9244630825702309 2.6371001399035565
933 0.34955830971151836 0.9195607964905259 2.630636351484295
934 0.34955830971151836 0.9195607964905259 2.630636351484295
935 0.34855368794132746 0.9146585261784034 2.624153918957728
936 0.34754659238797425 0.9097562718250092 2.6176526881593687
937 0.34653700364321294 0.9048540335898075 2.611132502667524
938 0.345524901996518 0.8999518116617305 2.604593204314981
939 0.34451026752207126 0.8950496062334681 2.5980346323818235
940 0.34349307998100376 0.8901474174868895 2.591456624209482
941 0.3424733189827701 0.885245245618281 2.584859013974218
942 0.3414509637026911 0.8803430908216621 2.5782416346851966
943 0.34042599316498984 0.8754409532979129 2.571604315988951
944 0.3393983859359852 0.8705388332413853 2.56494688635785
945 0.3383681204792728 0.8656367308484076 2.558269170341162
946 0.33733517480441716 0.8607346463536478 2.551570991233545
947 0.33629952674110175 0.8558325799494108 2.54485216866888
948 0.3352611536678437 0.8509305318576238 2.5381125207863295
949 0.33422003282831625 0.8460285022933489 2.5313518616280577
950 0.3331761409959404 0.8411264914835199 2.5245700036299077
950 0.3331761409959404 0.8411264914835199 2.5245700036299077
951 0.33212945465476407 0.8362244996597759 2.5177667561252566
952 0.33107994996592516 0.8313225270482919 2.5109419254589467
953 0.3300276027796761 0.8264205738911415 2.5040953148481147
954 0.3289723884456515 0.8215186404240378 2.497226725639797
955 0.3279142821024471 0.8166167269048231 2.490335955082601
956 0.32685325844636504 0.811714833575856 2.4834227978457015
957 0.3257892918656227 0.8068129606949438 2.4764870449693213
958 0.3247223562812266 0.8019111085129568 2.469528484877277
959 0.3236524252867505 0.7970092773029533 2.46254690227276
960 0.3225794721372846 0.7921074673274652 2.455542077985536
961 0.3215034694951086 0.7872056788628045 2.4485137908434953
962 0.32042438979387194 0.7823039121881048 2.441461814724399
963 0.3193422049619326 0.7774021675947249 2.434385920543749
964 0.31825688647141903 0.772500445364719 2.4272858756635047
965 0.31716840539930186 0.7675987458015651 2.42016144336694
966 0.31607673231539274 0.7626970691893963 2.4130123834245087
966 0.31498183733701796 0.7577954158522533 2.405838451699177
967 0.31498183733701796 0.7577954158522533 2.405838451699177
968 0.3138836902010979 0.7528937860994632 2.3986393992535957
969 0.31278226003569376 0.7479921802489107 2.3914149739935766
970 0.3116775155899952 0.7430905986241186 2.3841649187220733
971 0.31056942498467127 0.7381890415636235 2.3768889728924805
972 0.30945795342358867 0.7332875094011937 2.3695868898785855
973 0.30834305972426423 0.7283860024048806 2.3622584632073114
974 0.30722472138445034 0.7234845210080534 2.354903335082563
975 0.306102904410952 0.7185830655768964 2.3475212264310237
976 0.304977574309102 0.7136816364842181 2.3401118528173646
977 0.30384869594361114 0.7087802340996257 2.332674925256755
978 0.30271623358108574 0.7038788588086825 2.3252101497230777
979 0.30158015090139917 0.6989775110197105 2.317717226848392
980 0.30044041100641883 0.6940761911210199 2.3101958514701644
981 0.29929697633339164 0.6891748995239046 2.3026457131869646
982 0.2981498085726303 0.6842736366487915 2.295066496687353
983 0.29699886889858207 0.6793724029351929 2.2874578797375222
983 0.29584411768081154 0.6744711988158854 2.279819535041685
984 0.29584411768081154 0.6744711988158854 2.279819535041685
985 0.2946855146057394 0.6695700247310041 2.2721511290666045
986 0.29352301868169517 0.6646688811550212 2.2644523217983368
987 0.2923565881027386 0.6597677685493288 2.2567227673264414
988 0.29118618042669075 0.6548666873856457 2.248962112233604
989 0.2900117522586635 0.6499656381553399 2.2411699977441986
990 0.2888332596032399 0.6450646213762959 2.233346056691665
991 0.2876506574532222 0.6401636375600139 2.225489916233261
992 0.286463900100832 0.6352626872229221 2.2176011951220276
993 0.2852729409007932 0.6303617709160441 2.209679505268112
994 0.2840777323306168 0.6254608891831923 2.201724450740353
995 0.2828782259852378 0.6205600425900604 2.1937356275079463
996 0.2816743724615786 0.6156592317235823 2.1857126239184588
997 0.28046612148631245 0.61075845716985 2.177655019198662
998 0.279253421729365 0.6058577195432775 2.1695623845584855
999 0.27803622084868096 0.6009570194647039 2.1614342823044272
1000 0.2768144654640122 0.5960563575749922 2.153270265612198
1001 0.27558810112810284 0.5911557345269727 2.145069878224471
1002 0.27435707231549383 0.586255150990051 2.1368326540381415
1003 0.27312132226693214 0.5813546076695087 2.1285581178511146
1004 0.2718807932042098 0.5764541052539414 2.120245782941226
1005 0.27063542602853985 0.5715536444897877 2.1118951531109404
1006 0.2693851604350313 0.5666532261058239 2.1035057209191965
1007 0.268129934873717 0.5617528508799955 2.0950769676073957
1008 0.2668696864143949 0.5568525195939817 2.0866083633391836
1009 0.26560435084507406 0.5519522330602797 2.078099365858021
1010 0.2643338624879485 0.5470519921050123 2.069549421160346
1011 0.2630581543010132 0.5421517975789819 2.0609579620124845
1012 0.2617771576840602 0.5372516503616329 2.0523244087249353
1013 0.2604908025528901 0.5323515513586938 2.0436481677720852
1014 0.2591990172543497 0.527451501492532 2.034928631596425
1015 0.25790172842107384 0.5225515017183313 2.0261651789520627
1016 0.2565988611148365 0.5176515530259908 2.0173571728922233
1016 0.25529033863263856 0.5127516564195927 2.00850396127775
1017 0.25529033863263856 0.5127516564195927 2.00850396127775
1018 0.25397608240997493 0.5078518129407154 1.9996048766549892
1019 0.25265601215185907 0.5029520236577042 1.9906592341661935
1020 0.2513300455336143 0.49805228968253445 1.9816663329093382
1021 0.2499980982785335 0.4931526121450079 1.9726254541167174
1022 0.24866008413100754 0.48825299223166113 1.9635358603611794
1023 0.2473159159031955 0.48335343115211055 1.9543967859363527
1024 0.24596550249376992 0.4784539301521284 1.94520745918118
1025 0.24460875024172066 0.4735544905105171 1.9359670904763377
1026 0.2432455639229738 0.46865511356106393 1.9266748630592432
1027 0.2418758458780637 0.46375580066731203 1.917329938356491
1028 0.24049949594364553 0.4588565532500098 1.907931455114277
1029 0.23911641125391983 0.4539573727792621 1.898478529343604
1030 0.23772648633106075 0.44905826075447985 1.8889702518427667
1031 0.23632961285066087 0.4441592187492091 1.879405688485928
1032 0.23492567957104807 0.4392602483732544 1.8697838787794583
1033 0.23351457221660046 0.4343613513032654 1.8601038349776564
1033 0.23209617335166 0.4294625292763376 1.850364541019978
1034 0.23209617335166 0.4294625292763376 1.850364541019978
1035 0.2306703622870083 0.42456378408001993 1.8405649510870519
1036 0.22923701490586615 0.4196651175669563 1.8307039887920697
1037 0.22779600359927335 0.4147665316677684 1.8207805453751669
1038 0.22634719705718698 0.40986802836804925 1.810793478765701
1039 0.22489046007908925 0.4049696097447951 1.8007416126160969
1040 0.22342565357535657 0.4000712779431482 1.7906237334031694
1041 0.2219526342344642 0.3951730351901993 1.7804385902117754
1042 0.22047125441567605 0.3902748837983465 1.7701848925054104
1043 0.21898136197482126 0.38537682617410063 1.7598613082807097
1044 0.21748280003402934 0.38047886481368876 1.7494664624244105
1045 0.21597540677402297 0.3755810023176463 1.7389989347751067
1046 0.21445901528768338 0.3706832413876003 1.7284572573941546
1047 0.21293345319929513 0.3657855848380053 1.71783991356045
1048 0.2113985425863242 0.36088803560159577 1.707145334051808
1049 0.2098540995791922 0.3559905967323864 1.696371895742008
1050 0.20829993417721035 0.35109327141792807 1.6855179182113271
1051 0.20673584987895047 0.3461960629792927 1.674581661487352
1052 0.20516164345081334 0.3412989748898558 1.6635613224246804
1053 0.2035771045282247 0.3364020107720818 1.6524550319726243
1054 0.2019820153013863 0.3315051744169207 1.6412608514786189
1055 0.20037615008985968 0.3266084697832499 1.6299767693749019
1056 0.19875927500236887 0.32171190102046965 1.6186006968310556
1057 0.1971311474660772 0.31681547247309066 1.6071304638837403
1058 0.19549151576191856 0.31191918869024865 1.595563815005265
1059 0.19384011858819913 0.3070230544528707 1.5838984039476443
1060 0.1921766844555982 0.3021270747689706 1.5721317891649653
1061 0.19050093118830846 0.29723125490252417 1.560261427849472
1062 0.18881256529836793 0.29233560038810363 1.5482846701761885
1063 0.1871112813417473 0.2874401170483412 1.536198752887323
1064 0.18539676123865584 0.2825448110158729 1.524000792290871
1065 0.1836686734746547 0.27764968875079266 1.51168777722515
1066 0.18192667233619267 0.2727547570683169 1.4992565607107784
1066 0.180170397046603 0.2678600231697532 1.486703851246264
1067 0.180170397046603 0.2678600231697532 1.486703851246264
1068 0.1783994708075623 0.26296549466084657 1.4740262034998117
1069 0.17661349974995974 0.25807117959316755 1.4612200084281857
1070 0.17481207190032028 0.25317708649094883 1.448281481586198
1071 0.17299475593234112 0.24828322438955552 1.4352066515048583
1072 0.17116109988766706 0.24338960288675762 1.421991346436159
1073 0.16931062976852912 0.23849623217714302 1.4086311798804372
1074 0.16744284796944864 0.23360312310807238 1.3951215351443094
1075 0.16555723164517808 0.22871028723550652 1.3814575477178668
1076 0.1636532307788795 0.22381773689353973 1.3676340871996084
1077 0.1617302662827129 0.21892548525079228 1.3536457354747637
1078 0.15978772769942495 0.21403354639732178 1.3394867645901947
1079 0.15782497080444996 0.20914193542929704 1.3251511111535728
1080 0.15584131489801809 0.20425066854471327 1.3106323485423237
1081 0.15383603985782587 0.19935976315950218 1.2959236557554978
1082 0.15180838285915646 0.19446923801756 1.281017782779381
1083 0.14975753471528214 0.18957911334874417 1.2659070123528042
1083 0.14768263583076635 0.1846894110080989 1.2505831167567976
1084 0.14768263583076635 0.1846894110080989 1.2505831167567976
1085 0.14558277170931133 0.17980015466422902 1.235037309381912
1086 0.143456967836772 0.17491137000086351 1.2192601909715597
1087 0.1413041840827337 0.1700230849537415 1.2032416878341894
1088 0.13912330825741206 0.1651353299777783 1.1869709831241049
1089 0.136913148946398 0.1602481383541442 1.1704364378974434
1090 0.13467242735625976 0.1553615465492015 1.1536255015156975
1091 0.1323997680579524 0.1504755946323075 1.1365246090645957
1092 0.13009368839779475 0.1455903267635173 1.1191190637806931
1093 0.12775258641168355 0.1407057917626174 1.1013929010344423
1094 0.12537472691601317 0.13582204377986323 1.0833287307644432
1095 0.12295822545048418 0.13093914310034652 1.064907553932423
1096 0.12050102961554708 0.1260571570945186 1.0461085477584555
1097 0.11800089734134288 0.1211761613615021 1.0269088124895702
1098 0.11545537137032659 0.11629624111683969 1.0072830716885053
1099 0.11286174919494 0.11141749287803553 0.9872033144337512
1100 0.11021704735430003 0.10654002653383123 0.9666383657634305
1101 0.10751795877689477 0.10166396790777027 0.9455533667517645
1102 0.10476080147576125 0.09678946196553566 0.9239091396979248
1103 0.1019414562767258 0.09191667686041563 0.9016614066303179
1104 0.09905529070374351 0.08704580910111566 0.8787598166912048
1105 0.09609706633182248 0.08217709027172318 0.8551467116380669
1106 0.09306081976409102 0.07731079573343848 0.8307555846748522
1107 0.08993971252737648 0.07244725621488018 0.8055090924693381
1108 0.08672584694204763 0.06758687368580096 0.7793163868548231
1109 0.08341002134471638 0.06273014306069012 0.752069620045287
1110 0.07998141002681863 0.05787768280779387 0.7236391905117309
1111 0.07642713918935053 0.05303027923191056 0.693867123568847
1112 0.07273170633483766 0.04818895206864496 0.662557700032441
1113 0.06887617782846314 0.04335505521486722 0.6294637214458015
1114 0.0648370689780786 0.03853043799067782 0.5942655736597987
1115 0.06058472142815726 0.033717714493025616 0.5565382442668957
1116 0.05608093164993519 0.028920740699152566 0.515696509460288
1116 0.05127547310020648 0.024145521382021855 0.4708980711857074
1117 0.05127547310020648 0.024145521382021855 0.4708980711857074
1118 0.0461012224600768 0.019402095903543814 0.42085859914768714
1119 0.04046898318228674 0.014708942181224541 0.3634621140583201
1120 0.03427355961269944 0.010104946019275531 0.29483211354362293
1121 0.027502038844049805 0.005688171361783899 0.20682726084559225
1122 0.021448070289900662 0.0017566169853748333 0.08190093381976553
1123 0.019616753917438084 0.00018597564901259948 0.009480449711268418
1124 0.018186261104679812 1.741325703233749e-05 0.0009574951625354477
1125 0.016876836691886013 1.6160057227138845e-06 9.575288024744721e-05
1126 0.015673635291638288 1.5000508235812707e-07 9.570535460790843e-06
1127 0.014555011685339684 1.392531503980079e-08 9.5673678186235e-07
