1 0.4994728156435807 2.4951115307830554 4.995490150085654
2 0.49894568107034326 2.490192879138148 4.990909779589957
3 0.4984216035369109 2.4852889542283396 4.98631868400602
4 0.49789791335655376 2.480385339250718 4.981714670240983
5 0.4973742565356072 2.475481687789109 4.977100554081227
6 0.4968497671144801 2.4705780360527085 4.972485043921653
7 0.49632448708434296 2.4656743865045763 4.967867696774694
8 0.4957982935003007 2.460770738392252 4.963249713949972
9 0.49527079604931595 2.4558670908308406 4.958634973878615
10 0.49474170389869826 2.4509634430734177 4.954026361147976
11 0.49421127006575866 2.446059795682705 4.949421318047316
12 0.4936792901931744 2.4411561479808452 4.94482186406003
13 0.4931457670472346 2.436252500381823 4.940227947142601
14 0.49261094435756314 2.431348853391349 4.935637101124873
15 0.49207512356132765 2.4264452078802137 4.931046280736856
16 0.4915388044941891 2.4215415653843744 4.926450451610279
16 0.4910019889395597 2.4166379258977018 4.921849565450905
17 0.4910019889395597 2.4166379258977018 4.921849565450905
18 0.49046467276287986 2.4117342895718252 4.917243633442694
19 0.48992685443124695 2.406830656334325 4.912632640087467
20 0.4893885326605304 2.40192702610472 4.908016567218673
21 0.48884970558974017 2.3970233990281713 4.903395402757668
22 0.48831037202377126 2.392119775109805 4.8987691275035115
23 0.48777053040386265 2.3872161542745505 4.894137725577622
24 0.48723017908523036 2.382312536562797 4.8895011820400045
25 0.48668931646797875 2.3774089219960146 4.884859481299984
26 0.48614794112546095 2.3725053106276563 4.880212605930548
27 0.4856060516679419 2.3676017023679865 4.87556053767418
28 0.48506364623393244 2.362698097351429 4.870903263304887
29 0.484520723468933 2.357794495523712 4.866240763951331
30 0.4839772816276452 2.3528908968805626 4.861573024600755
31 0.4834333194335898 2.347987301469458 4.856900025468778
32 0.482888835192224 2.343083709315981 4.852221750754017
33 0.48234382731242903 2.338180120420648 4.847538183392438
33 0.48179829382987494 2.3332765348106634 4.842849309953251
34 0.48179829382987494 2.3332765348106634 4.842849309953251
35 0.48125223346428875 2.3283729525294916 4.838155109990296
36 0.4807056444309483 2.3234693735336767 4.833455567770923
37 0.48015852529775427 2.318565797824552 4.828750663932857
38 0.4796108743768706 2.3136622255208517 4.824040381750837
39 0.47906268982817757 2.3087586564637865 4.819324705273655
40 0.4785139702415334 2.3038550907828963 4.814603614644748
41 0.4779647138223228 2.298951528553704 4.809877093580405
42 0.47741491877602826 2.2940479696218516 4.805145125131853
43 0.4768645836202062 2.289144414145356 4.800407689677624
44 0.47631370675421686 2.2842408621098054 4.795664768237499
45 0.475762286249127 2.2793373134793544 4.790916344902984
46 0.4752103204073935 2.2744337683368956 4.786162401496339
47 0.47465780754489506 2.2695302266273534 4.781402919223428
48 0.47410474605320796 2.264626688419543 4.776637878595267
49 0.473551134217572 2.2597231536839657 4.7718672607924555
50 0.4729969700619393 2.2548196224964308 4.767091049655478
51 0.4724422519271994 2.2499160947965313 4.762309225346827
52 0.4718869779056562 2.2450125706926194 4.7575217706928585
53 0.4713311464122733 2.2401090500986083 4.752728664655624
54 0.47077475569550475 2.2352055331398426 4.747929888121623
55 0.4702178038388562 2.2303020197758827 4.743125423086294
56 0.46966028921211095 2.225398510030451 4.73831524858897
57 0.4691022099244833 2.2204950038890168 4.73349934600921
58 0.468543564079014 2.21559150142334 4.728677696765264
59 0.46798434992518795 2.21068800258024 4.72385028032164
60 0.4674245654639987 2.2057845074220235 4.7190170786860675
61 0.4668642089397462 2.200881015958972 4.71417807108666
62 0.4663032784821875 2.1959775282293728 4.70933323775303
63 0.46574177252903615 2.191074044238084 4.704482555516284
64 0.4651796886336209 2.1861705639461797 4.6996260098278375
65 0.4646170252570175 2.1812670874454243 4.694763577031616
66 0.4640537805820173 2.1763636147408696 4.689895235873888
66 0.46348995249929825 2.171460145811214 4.685020967772762
67 0.46348995249929825 2.171460145811214 4.685020967772762
68 0.46292553913470386 2.166556680712064 4.680140751710894
69 0.4623605386150005 2.161653219455274 4.675254566340154
70 0.4617949488638989 2.1567497620615432 4.670362392155972
71 0.4612287483301514 2.1518463084244766 4.66546440614358
72 0.4606619546801631 2.1469428586404056 4.660560388866983
73 0.4600945660259803 2.142039412743828 4.655650318249733
74 0.4595265806438145 2.137135970770951 4.6507341703209875
75 0.45895799632951106 2.132232532680173 4.645811925563067
76 0.4583888107633289 2.127329098573864 4.640883565703412
77 0.4578190222627349 2.122425668490841 4.635949065639338
78 0.4572486286011441 2.1175222423428015 4.631008405254084
79 0.456677628052986 2.1126188202688803 4.6260615596080035
80 0.4561060181720769 2.1077154022216646 4.621108510404436
81 0.45553379731256144 2.102811988248251 4.616149231196167
82 0.45496096297525407 2.0979085782792026 4.611183703673738
83 0.4543875133200821 2.093005172435437 4.606211903012992
83 0.4538134461965688 2.0881017707054905 4.601233806988239
84 0.4538134461965688 2.0881017707054905 4.601233806988239
85 0.45323875948188064 2.083198373038109 4.5962493927472465
86 0.4526634511196412 2.0782949796098746 4.5912586370057324
87 0.4520875187716085 2.073391590349531 4.586261518529102
88 0.45151096030040677 2.0684882052703437 4.581258013967375
89 0.4509337736868719 2.0635848243927137 4.576248098519375
90 0.45035595665460426 2.058681447772759 4.5712317498037285
91 0.44977750714280745 2.0537780754140607 4.566208942862881
92 0.44919842280398725 2.0488747073281433 4.561179655392941
93 0.4486187013951299 2.0439713434945372 4.556143863682287
94 0.4480383409436673 2.0390679839634935 4.551101541151072
95 0.44745733892995293 2.0341646287979183 4.546052666523268
96 0.446875693110904 2.0292612779734216 4.540997215236334
97 0.44629340132424555 2.02435793155862 4.535935161828358
98 0.44571046135306436 2.019454589589802 4.5308664810317625
99 0.4451268706364846 2.0145512520404147 4.525791150643902
100 0.4445426271037021 2.009647918917289 4.520709143261715
101 0.44395772823543933 2.0047445903045 4.515620435919848
102 0.44337217197483764 1.999841266181379 4.510525000416297
103 0.4427859556810922 1.9949379465706567 4.505422814285174
104 0.4421990770929856 1.9900346314779462 4.500313850857454
105 0.44161153377370865 1.9851313210120163 4.495198085177822
106 0.4410233235035946 1.9802280151171407 4.490075489399827
107 0.44043444378138563 1.9753247137888337 4.484946038346872
108 0.4398448921445003 1.9704214171334813 4.4798097063865585
109 0.4392546661858527 1.9655181251159102 4.474666466683091
110 0.4386637633882822 1.960614837808877 4.469516293447388
111 0.43807218127662373 1.955711555182811 4.464359159907174
112 0.43747991762054145 1.950808277280565 4.459195036633989
113 0.43688696959222173 1.945905004128435 4.4540238999224195
114 0.4362933347158071 1.9410017357980984 4.448845722253421
115 0.4356990106539131 1.936098472295731 4.44366047421123
116 0.43510399460415117 1.9311952135991377 4.438468130719186
116 0.4345082841367965 1.926291959725378 4.433268662649761
117 0.4345082841367965 1.926291959725378 4.433268662649761
118 0.43391187667903264 1.92138871076227 4.428062042154088
119 0.4333147696341907 1.9164854667494322 4.422848241169696
120 0.4327169603578806 1.9115822276717054 4.41762723164519
121 0.43211844625055473 1.9066789935506152 4.412398984803041
122 0.431519224600761 1.9017757643917064 4.407163472615196
123 0.430919292834043 1.8968725402655817 4.401920665446073
124 0.43031864833504213 1.8919693211773414 4.3966705335630065
125 0.4297172883280349 1.8870661072035064 4.391413048671595
126 0.42911520998277464 1.882162898309744 4.386148182408395
127 0.42851241078298785 1.8772596945291937 4.380875902984982
128 0.42790888795476756 1.8723564958906715 4.375596180859395
129 0.42730463855730455 1.8674533024480215 4.370308987875831
130 0.42669965986860436 1.8625501142403418 4.365014293224151
131 0.42609394911681764 1.857646931240432 4.359712066061611
132 0.4254875034743219 1.8527437535279958 4.354402275976146
133 0.4248803201915857 1.8478405811041285 4.349084891178076
133 0.4242723962040391 1.8429374140243213 4.343759882832501
134 0.4242723962040391 1.8429374140243213 4.343759882832501
135 0.4236637288012015 1.8380342522900799 4.338427217951794
136 0.4230542977641761 1.8331310957717286 4.333087042159241
137 0.42244411762347395 1.828227944674022 4.327739145615299
138 0.42183318536061415 1.8233247990323362 4.322383497338228
139 0.4212214979739337 1.8184216588522764 4.317020065687163
140 0.42060905262339304 1.8135185241384355 4.311648816941257
141 0.41999584626345754 1.8086153949804202 4.306269719262654
142 0.4193818758555667 1.8037122713912652 4.300882740131708
143 0.4187671382472746 1.7988091533709019 4.295487847732543
144 0.41815163062356964 1.7939060409634777 4.290085006456416
145 0.41753534970826955 1.789002934226577 4.284674185015824
146 0.41691829251441087 1.784099833166521 4.279255348588125
147 0.4163004558893154 1.7791967378285511 4.273828463694016
148 0.41568183679581583 1.7742936482481924 4.268393495190724
149 0.4150624320368326 1.7693905644445016 4.262950409078425
150 0.41444223837031274 1.764487486486922 4.257499171477584
151 0.4138212525158945 1.7595844143916322 4.252039748306663
152 0.413199471464391 1.75468134820112 4.246572102288703
153 0.41257689183291824 1.7497782878779455 4.241096199315388
154 0.41195351037583633 1.7448752335020343 4.23561200367036
155 0.4113293238658669 1.7399721851534524 4.230119478962437
156 0.4107043290328537 1.7350691427828937 4.22461858843494
157 0.41007852237845455 1.7301661064963008 4.21910929755926
158 0.4094519007536564 1.7252630762978687 4.21359156746438
159 0.40882446053300187 1.7203600522488394 4.208065363813928
160 0.4081961985435783 1.7154570343575137 4.202530646973614
161 0.407567111183017 1.710554022696509 4.196987381369909
162 0.40693719511217274 1.705651017271334 4.191435528033187
163 0.40630644688534406 1.7007480180970374 4.185875048586105
164 0.4056748629937384 1.6958450252701174 4.18030590496876
165 0.4050424397174711 1.6909420388108336 4.174728060571418
166 0.4044091736325179 1.6860390587449496 4.169141475205591
166 0.4037750612240486 1.6811360850670163 4.163546108991064
167 0.4037750612240486 1.6811360850670163 4.163546108991064
168 0.4031400988978376 1.6762331178661118 4.157941922544642
169 0.4025042829492397 1.6713301571893362 4.152328876957838
170 0.40186760983309694 1.6664272030718112 4.1467069310808835
171 0.4012300756053797 1.6615242555583594 4.141076047331287
172 0.4005916768692077 1.6566213146630815 4.1354361818255265
173 0.3999524097050169 1.6517183804323938 4.129787295570019
174 0.399312270475428 1.6468154528724939 4.124129345967173
175 0.3986712555042761 1.6419125320807313 4.118462290450033
176 0.3980293606303528 1.6370096181087315 4.112786090745228
177 0.3973865822248141 1.6321067109853165 4.107100702413708
178 0.39674291652968885 1.6272038107436197 4.101406081743752
179 0.396098359470763 1.6223009174128604 4.095702187659796
180 0.39545290719522014 1.6173980310507552 4.08998897624062
181 0.39480655570965845 1.6124951516850736 4.084266404306888
182 0.3941593009722508 1.607592279372175 4.078534428609998
183 0.3935111390547403 1.6026894142177945 4.072793004202223
183 0.3928620658048246 1.597786556185552 4.06704208743671
184 0.3928620658048246 1.597786556185552 4.06704208743671
185 0.392212077375261 1.5928837053433214 4.061281631109184
186 0.391561169444437 1.5879808617431888 4.055511592215033
187 0.39090933797352356 1.5830780254201704 4.049731924099989
188 0.3902565787038087 1.5781751964268915 4.043942581746129
189 0.38960288747216815 1.5732723747938029 4.038143518395232
190 0.38894826011088734 1.5683695605886065 4.032334686730496
191 0.38829269231461105 1.5634667538609512 4.026516040106582
192 0.38763617972377395 1.5585639546715822 4.020687531752585
193 0.3869787179719347 1.55366116304715 4.0148491141567835
194 0.3863203027518951 1.5487583790511699 4.0090007385550805
195 0.3856609296561953 1.5438556026998655 4.003142356359937
196 0.385000594280352 1.538952834086617 3.9972739184032875
197 0.38433929206545814 1.534050073240657 3.991395376196373
198 0.3836770186259261 1.5291473202371748 3.9855066788038425
199 0.3830137694443932 1.524244575093019 3.979607775731186
200 0.3823495399466563 1.5193418378690222 3.9736986164047536
201 0.38168432527144075 1.5144391086580222 3.967779152526123
202 0.38101812096358173 1.5095363874700929 3.9618493305581564
203 0.38035092231271816 1.5046336743810753 3.955909098976736
204 0.3796827245457234 1.4997309694257468 3.9499584059825756
205 0.3790135230034779 1.494828272674579 3.943997197854236
206 0.3783432980754532 1.489925584061848 3.9380255752930275
207 0.37767205977467333 1.485022903726532 3.932043330429384
208 0.37699980323338333 1.4801202317701485 3.9260504092461654
209 0.3763265235094784 1.475217568251145 3.92004675751745
210 0.37565221554391526 1.470314913184078 3.9140323212394104
211 0.3749768744837197 1.4654122666936054 3.9080070436643126
212 0.37430049522647496 1.4605096287674963 3.901970869378085
213 0.3736230727759098 1.4556069995128127 3.895923741267047
214 0.372944601865526 1.450704378971376 3.8898656039388437
215 0.3722650773162969 1.4458017672191794 3.8837964002482748
216 0.3715844940502175 1.4408991643000721 3.8777160709653913
216 0.37090284664341094 1.4359965703056385 3.8716245596416723
217 0.37090284664341094 1.4359965703056385 3.8716245596416723
218 0.3702201300591956 1.431093985251934 3.865521804616924
219 0.3695363387955109 1.4261914092193693 3.8594077482825746
220 0.3688514675203472 1.4212888423010108 3.853282330299004
221 0.36816551079028886 1.416386284546084 3.847145490368524
222 0.36747846311176857 1.4114837360119115 3.840997167724109
223 0.36679031900550574 1.406581196761203 3.8348373004361913
224 0.36610107282396365 1.4016786668671242 3.8286658273222502
225 0.36541071906947514 1.3967761464206743 3.82248268462838
226 0.3647192520179513 1.391873635485508 3.8162878098274904
227 0.36402666589438054 1.3869711341084343 3.8100811397999426
228 0.3633329550745845 1.3820686423721313 3.8038626088525938
229 0.36263811362774323 1.3771661603132195 3.7976321532681303
230 0.36194213573691786 1.3722636880429053 3.7913897072220193
231 0.3612450154893373 1.3673612256592746 3.785135204722664
232 0.36054674680987964 1.3624587731663507 3.778868580070119
233 0.35984732375121925 1.35755633069918 3.7725897654243155
233 0.3591467401686012 1.352653898295594 3.7662986935662883
234 0.3591467401686012 1.352653898295594 3.7662986935662883
235 0.35844499002283664 1.3477514760685705 3.7599952951851963
236 0.3577420671634896 1.3428490640540898 3.753679500712457
237 0.3570379652346124 1.3379466623645446 3.7473512417240267
238 0.35633267809288766 1.3330442710395718 3.74101044612046
239 0.3556261991990832 1.3281418901848496 3.734657044885892
240 0.3549185223325928 1.3232395198968099 3.728290964360567
241 0.35420964089199913 1.3183371602104124 3.721912133420395
242 0.353499548414906 1.3134348112333458 3.7155204783790956
243 0.3527882382756821 1.3085324730435985 3.7091159258576574
244 0.3520757038226051 1.3036301457557433 3.7026984015136217
245 0.3513619383180564 1.2987278294176412 3.696267830359074
246 0.35064693515142953 1.2938255241093242 3.689824134782686
247 0.3499306873140211 1.288923229955447 3.683367240092298
248 0.34921318800737416 1.2840209470178867 3.6768970677899273
249 0.3484944301719448 1.2791186754031532 3.6704135408191303
250 0.3477744068889462 1.2742164151807016 3.663916579081662
251 0.34705311101484027 1.269314166448851 3.6574061034553704
252 0.34633053541973835 1.2644119292790863 3.650882033103639
253 0.3456066728060157 1.25950970381145 3.6443442876416787
254 0.34488151590574795 1.2546074901050812 3.637792784603599
255 0.34415505745329894 1.249705288262403 3.6312274400674327
256 0.3434272898946875 1.2448030983826734 3.624648171566081
257 0.34269820567219417 1.2399009205716747 3.6180548950924307
258 0.3419677972814553 1.2349987549256056 3.6114475244262385
259 0.34123605710400895 1.2300966015331596 3.604825972884294
260 0.3405029773407147 1.225194460524358 3.5981901541448247
261 0.3397685502337545 1.220292331978764 3.591539979610312
262 0.3390327678057015 1.215390216019415 3.584875361416248
263 0.3382956222393282 1.2104881127140024 3.5781962081012066
264 0.33755710540384065 1.2055860221912413 3.5715024299338136
265 0.3368172092326934 1.2006839445621553 3.5647939346610142
266 0.336075925405781 1.195781879956116 3.5580706309513794
266 0.3353332457915402 1.1908798284620776 3.551332423515167
267 0.3353332457915402 1.1908798284620776 3.551332423515167
268 0.33458916190364857 1.1859777901914406 3.5445792190153664
269 0.3338436653593677 1.1810757652605963 3.5378109211364586
270 0.3330967476464447 1.1761737537861083 3.531027433010309
271 0.3323484001092022 1.1712717558638859 3.5242286572736092
272 0.33159861394042445 1.166369771642277 3.5174144963459613
273 0.3308473804096837 1.1614678012303148 3.510584849703466
274 0.33009469063459373 1.156565844741891 3.503739616406552
275 0.32934053563233523 1.1516639022988124 3.4968786945330397
276 0.328584906234516 1.146761974053305 3.4900019821203947
277 0.3278277933337738 1.1418600601091637 3.483109374276247
278 0.32706918763987 1.136958160573871 3.47620076589347
279 0.32630907978605617 1.1320562756207502 3.46927605067864
280 0.3255474602859078 1.1271544053518705 3.4623351211585613
281 0.32478431965514776 1.122252549908694 3.4553778676885902
282 0.3240196480480141 1.1173507094419515 3.4484041821944684
283 0.32325343578645505 1.1124488840690732 3.4414139523762706
283 0.3224856729880477 1.1075470739084252 3.4344070657348995
284 0.3224856729880477 1.1075470739084252 3.4344070657348995
285 0.3217163496495 1.1026452791387789 3.427383408832273
286 0.3209454506357417 1.097743499834432 3.420342920144147
287 0.3201729639666713 1.092841736118022 3.4132855022442885
288 0.3193988862497978 1.0879399882266918 3.406210963978841
289 0.3186232068939143 1.0830382562572927 3.3991191878810336
290 0.31784591545638685 1.078136540403674 3.392010052592953
291 0.3170670012718542 1.0732348408201309 3.384883436355889
292 0.3162864534974197 1.0683331576212594 3.377739216485207
293 0.3155042612839635 1.0634314909905547 3.370577267840556
294 0.3147204135068794 1.0585298410832877 3.363397465351098
295 0.3139348990345819 1.0536282080669466 3.3561996812303523
296 0.31314770664144 1.0487265921050606 3.348983785807738
297 0.312358824864069 1.0438249933582344 3.3417496490213834
298 0.31156824215575585 1.038923411980376 3.3344971387071234
299 0.3107759468744761 1.0340218481707784 3.327226120843982
300 0.30998192709480893 1.0291203020933721 3.3199364612589575
301 0.30918617100360246 1.024218773909758 3.312628021444802
302 0.3083886664219153 1.0193172638106514 3.3053006637283304
303 0.30758940116682787 1.0144157719747153 3.297954247209333
304 0.30678836281154015 1.009514298595579 3.2905886303638017
305 0.30598553888051755 1.0046128438600772 3.283203668825547
306 0.3051809166236977 0.999711407935744 3.275799217709392
307 0.30437448320670724 0.9948099910339232 3.2683751297191574
308 0.30356622565084335 0.9899085933295703 3.260931255468934
309 0.3027561308272844 0.9850072150523733 3.2534674437833195
310 0.3019441854522847 0.9801058563856061 3.245983541353835
311 0.30113037606904663 0.9752045175301555 3.238479393080389
312 0.30031468899789565 0.9703031987012496 3.230954842532024
313 0.2994971104457661 0.9654019001046019 3.2234097306238283
314 0.2986776264412691 0.960500621938143 3.215843896251842
315 0.2978562228383709 0.9555993644469453 3.208257176367583
316 0.2970328852800411 0.9506981278459871 3.2006494060402555
316 0.296207599332238 0.9457969123597971 3.1930204170722654
317 0.296207599332238 0.9457969123597971 3.1930204170722654
318 0.29538035023926723 0.9408957182069511 3.185370040508099
319 0.29455112314508364 0.9359945456201088 3.1776981042407257
320 0.29371990296244177 0.9310933948438155 3.170004434336461
321 0.29288667444311917 0.9261922661056791 3.162288854099276
322 0.29205142213002333 0.9212911596544421 3.154551184634454
323 0.29121413035575977 0.916390075749921 3.1467912447463293
324 0.2903747832600609 0.9114890146237584 3.1390088505289557
325 0.28953336473552366 0.9065879765303484 3.131203816038534
326 0.28868985854753404 0.9016869617531722 3.1233759519290683
327 0.2878442481115638 0.8967859705315168 3.115525067514766
328 0.2869965167444949 0.8918850031468819 3.1076509682551396
329 0.2861466474792261 0.8869840598718315 3.0997534574862544
330 0.28529462313086457 0.882083140983714 3.091832335652196
331 0.2844404263058048 0.877182246759185 3.083887400084675
332 0.28358403935954185 0.8722813774920184 3.075918445417505
333 0.28272544435481967 0.8673805334731489 3.067925263863371
333 0.28186462317239275 0.862479714992031 3.0599076439065045
334 0.28186462317239275 0.862479714992031 3.0599076439065045
335 0.2810015574248824 0.8575789223635777 3.0518653712188994
336 0.2801362284660819 0.8526781558814112 3.043798228277536
337 0.2792686172822873 0.8477774158652411 3.0357059955945562
338 0.2783987048065338 0.8428767026401339 3.027588448106718
339 0.2775264714797703 0.8379760165277446 3.019445359787335
340 0.27665189767976844 0.8330753578576413 3.011276498894459
341 0.2757749632861049 0.8281747269775398 3.0030816326076106
342 0.27489564800212374 0.8232741242183641 2.9948605232630086
343 0.2740139312887806 0.8183735499261944 2.98661292904746
344 0.27312979216284733 0.8134730044591344 2.978338606043093
345 0.27224320944367175 0.8085724881995576 2.970037305436831
346 0.27135416156220915 0.8036720014974155 2.9617087752426823
347 0.2704626267352234 0.7987715447237903 2.9533527584414423
348 0.2695685827161451 0.7938711182741065 2.9449689955526104
349 0.26867200706216 0.7889707225355255 2.936557221433899
350 0.267772876838616 0.7840703579224793 2.928117168472707
350 0.267772876838616 0.7840703579224793 2.928117168472707
351 0.2668711688599983 0.7791700248184438 2.9196485635628915
352 0.26596685956456334 0.7742697236379114 2.911151129526187
353 0.2650599250749555 0.7693694547995495 2.9026245841651916
354 0.2641503409975994 0.7644692187484186 2.894068642354568
355 0.26323808270258486 0.7595690159114329 2.8854830126141713
356 0.26232312506539446 0.7546688467485494 2.8768673999305943
357 0.26140544264888715 0.7497687117022724 2.8682215033653367
358 0.2604850095729884 0.7448686112357171 2.8595450174149213
359 0.2595617995602062 0.7399685458344096 2.850837631300871
360 0.25863578586527664 0.7350685159782633 2.842099029409489
361 0.25770694131344574 0.7301685221562931 2.8333288906960337
362 0.25677523831516835 0.725268564879913 2.82452688833536
363 0.2558406488103491 0.7203686446625378 2.815692690009305
364 0.2549031442683734 0.7154687620272795 2.8068259576821935
365 0.2539626956523179 0.7105689175185097 2.7979263477786462
366 0.253019273539771 0.7056691116708511 2.788993509460575
366 0.25207284788188705 0.7007693450520519 2.780027087171281
367 0.25207284788188705 0.7007693450520519 2.780027087171281
368 0.25112338815332286 0.6958696182405084 2.7710267186091273
369 0.25017086337414257 0.6909699318100936 2.761992034127151
370 0.2492152419329556 0.6860702863594766 2.7529226584947186
371 0.24825649174338052 0.6811706825093177 2.743818208844403
372 0.24729458007525734 0.6762711208701868 2.734678296080659
373 0.2463294736876535 0.6713716020856249 2.725502523246268
374 0.24536113872188517 0.6664721268116812 2.716290486274283
375 0.2443895407029501 0.6615726957225713 2.7070417736358765
376 0.24341464452402475 0.6566733094931215 2.6977559660684616
377 0.24243641446245662 0.6517739688198868 2.6884326360998037
378 0.24145481411974057 0.6468746744166042 2.6790713482971213
379 0.24046980643567042 0.6419754270161018 2.6696716587071427
380 0.23948135365816284 0.6370762273725511 2.6602331147748464
381 0.23848941733853896 0.6321770762467681 2.6507552548941162
382 0.23749395826459543 0.6272779744280995 2.641237608786831
383 0.2364949365245337 0.6223789227138633 2.63167969623442
383 0.23549231138817364 0.6174799219318614 2.622081028004514
384 0.23549231138817364 0.6174799219318614 2.622081028004514
385 0.23448604135573586 0.6125809729350596 2.61244110478082
386 0.23347608413322454 0.6076820765746302 2.6027594167969634
387 0.23246239655311562 0.602783233739746 2.593035444345577
388 0.23144493462561253 0.5978844453476547 2.5832686566020473
389 0.2304236534817112 0.5929857123183967 2.5734585115649256
390 0.22939850548186752 0.5880870355845869 2.5636044766258137
391 0.22836943948641106 0.583188416061578 2.5537060360314987
392 0.2273364141254464 0.5782898548412727 2.5437625426878023
393 0.2262993807917374 0.5733913529543199 2.533773406485854
394 0.22525828980077006 0.5684929114622638 2.523738025202393
395 0.22421309042941168 0.5635945314637517 2.513655783363757
396 0.2231637309108732 0.5586962140656214 2.5035260514117894
397 0.2221101583099747 0.553797960412719 2.493348186442892
398 0.22105231859043986 0.5488997716844926 2.483121530615927
399 0.21999015652541856 0.5440016490892734 2.4728454112737412
400 0.2189236156800581 0.5391035938804037 2.462519140320918
401 0.21785263835062002 0.5342056073390792 2.452142013902577
402 0.2167771655914272 0.5293076907698282 2.4417133111125082
403 0.21569713706085614 0.5244098455254358 2.4312322948332894
404 0.21461249109042 0.5195120730056968 2.420698209904368
405 0.21352316456646525 0.5146143746408745 2.410110283283507
406 0.21242909293972626 0.5097167519126118 2.3994677228944186
407 0.21133021012126554 0.5048192063352 2.388769717521809
408 0.2102264484605782 0.49992173946758406 2.3780154358709518
409 0.2091177386951379 0.4950243529349811 2.3672040259418257
410 0.2080040098728748 0.49012704839244126 2.3563346143759
411 0.20688518936939398 0.48522982755354027 2.345406304977981
412 0.20576120269584117 0.4803326921905059 2.3344181794103323
413 0.2046319735788738 0.47543564412112793 2.3233692946712208
414 0.20349742380640293 0.470538685227306 2.3122586833087015
415 0.20235747345147714 0.465641817452657 2.3010853491621215
416 0.20121204122896902 0.4607450428231087 2.289848261609773
416 0.20006104154388102 0.4558483633864794 2.2785463869860663
417 0.20006104154388102 0.4558483633864794 2.2785463869860663
418 0.19890438776297759 0.45095178127790103 2.267178649750418
419 0.19774199103380471 0.44605529871826377 2.2557439438445273
420 0.19657376007442576 0.44115891798984774 2.2442411328084604
421 0.19539960116952682 0.4362626414557824 2.2326690476572937
422 0.19421941802670095 0.43136647156376334 2.22102648615938
423 0.1930331117152018 0.42647041085599685 2.209312211084309
424 0.19184058051746886 0.42157446195113835 2.19752494917388
425 0.19064171984861555 0.41667862756907387 2.185663389419427
426 0.18943642213441492 0.41178291052747146 2.1737261815222113
427 0.18822457665109887 0.4068873137489976 2.16171193469183
428 0.18700606949839507 0.40199184026617485 2.1496192147369038
429 0.1857807833653033 0.3970964932155324 2.1374465432989167
430 0.184548597402271 0.3922012758693517 2.1251923958785146
431 0.1833093871447679 0.38730619162076113 2.1128551988168915
432 0.18206302426945337 0.3824112439870246 2.1004333280823446
433 0.18080937646126055 0.3775164366406303 2.08792510670217
433 0.17954830722644685 0.37262177339334 2.075328802311616
434 0.17954830722644685 0.37262177339334 2.075328802311616
435 0.17827967575366824 0.3677272582086518 2.062642624034981
436 0.17700333663239848 0.3628328952158048 2.049864720738786
437 0.17571913971443526 0.3579386887312268 2.036993177367703
438 0.17442692985283925 0.35304464322646045 2.0240260120631466
439 0.17312654668487504 0.34815076338953654 2.010961172946172
440 0.17181782438622945 0.34325705410400437 1.9977965343828152
441 0.17050059136936427 0.33836352046885104 1.984529893716536
442 0.169174670035396 0.33347016781483774 1.971158966913112
443 0.167839876478382 0.328577001713455 1.9576813842315723
444 0.1664960201135255 0.32368402799355955 1.944094686304545
445 0.16514290342142354 0.31879125276091935 1.930396318317142
446 0.16378032148635377 0.3138986824083679 1.9165836259182212
447 0.16240806167192123 0.30900632364207564 1.902653848959148
448 0.16102590317566406 0.3041141834980435 1.888604115862549
449 0.15963361661344744 0.2992222693575433 1.8744314368452204
450 0.15823096349968027 0.29433058898043984 1.8601326976122128
451 0.15681769575915008 0.2894391505314277 1.8457046516992923
452 0.15539355516788558 0.28454796260152465 1.8311439125908535
453 0.15395827276630367 0.2796570342432723 1.8164469451262897
454 0.1525115682212895 0.27476637499489787 1.8016100562038708
455 0.1510531491363579 0.26987599492820213 1.78662938489671
456 0.14958271032122902 0.26498590468181116 1.7715008914650208
457 0.14809993295445975 0.2600961155055565 1.7562203460654855
458 0.14660448375849308 0.25520663930870274 1.7407833155301986
459 0.1450960140348849 0.25031748870558784 1.7251851497823016
460 0.14357415865892414 0.2454286770809343 1.7094209666516418
461 0.14203853498348443 0.24054021865011316 1.69348563527554
462 0.1404887415773068 0.2356521285284482 1.6773737587988555
463 0.1389243569979951 0.2307644228053171 1.6610796536466776
464 0.13734493826386462 0.22587711863568047 1.6445973291110985
465 0.13575001935358944 0.22099023432916848 1.6279204627850032
466 0.13413910945483865 0.21610378946116596 1.6110423748856242
466 0.1325116910787766 0.21121780498421067 1.593955999389097
467 0.1325116910787766 0.21121780498421067 1.593955999389097
468 0.13086721797419695 0.20633230336385222 1.5766538523385947
469 0.12920511284243016 0.20144730872171068 1.5591279964855742
470 0.12752476481276087 0.19656284700972992 1.5413700021194683
471 0.12582552662224178 0.1916789461922007 1.523370903645542
472 0.12410671151366559 0.18679563646039832 1.5051211508398556
473 0.12236758975683842 0.18191295046742834 1.4866105545505546
474 0.12060738480792937 0.17703092360926312 1.4678282253710235
475 0.11882526895373448 0.1721495943313334 1.4487625052072144
476 0.11702035849563043 0.1672690044898504 1.4294008892144718
477 0.1151917082659973 0.16238919976408328 1.4097299381054313
478 0.11333830547954753 0.15751023012857804 1.3897351779006575
479 0.11145906276394171 0.15263215040529446 1.369400985620639
480 0.10955281023479845 0.14775502091015463 1.3487104583942622
481 0.10761828642028264 0.14287890819901447 1.3276452631946603
482 0.10565412794851453 0.13800388595474228 1.3061854622660067
483 0.10365885764327534 0.13313003602791754 1.2843093108942252
483 0.10163087074261593 0.12825744968301278 1.2619930218627142
484 0.10163087074261593 0.12825744968301278 1.2619930218627142
485 0.0995684189663552 0.12338622908143654 1.2392104882485835
486 0.09746959192889355 0.11851648907167814 1.2159329563843748
487 0.09533229529723009 0.11364835935523676 1.1921286380538754
488 0.09315422518333485 0.10878198714319688 1.1677622451274257
489 0.09093283890179481 0.10391754045949204 1.1427944152466238
490 0.08866531567106727 0.09905521208876478 1.1171810683699837
491 0.0863485133473507 0.09419522467742525 1.090872570075525
492 0.08397891777318672 0.08933783726757434 1.0638126762821734
493 0.0815525769248241 0.08448335351640927 1.035937265284539
494 0.07906502258141165 0.07963213249367221 1.0071727028431139
495 0.0765111693867912 0.07478460272467616 0.9774337959287142
496 0.07388518821384185 0.0699412809818954 0.9466211384542758
497 0.07118035260099206 0.06510279821073535 0.9146175290206133
498 0.0683888356128102 0.06026993520353271 0.8812832484055817
499 0.06550144624030955 0.05544367324823846 0.8464496042549737
500 0.062507283624867 0.0506252678860065 0.8099099008977966
501 0.05939327703690971 0.045816359462498055 0.7714064915802787
502 0.05614356783117927 0.041019144573663534 0.7306116472149744
503 0.052738675565779984 0.036236652840631885 0.6870982718448166
504 0.04915438429807703 0.03147321570325479 0.6402931529443662
505 0.04536032829389333 0.026735307901436495 0.5893984657301468
506 0.041318508654439826 0.02203316851384316 0.5332517854919145
507 0.03698320380468094 0.01738421219363518 0.4700569557317496
508 0.03230938616138067 0.01282101640719284 0.3968201792245057
509 0.02730698745987953 0.008412337081751181 0.30806536583762334
510 0.022481782372858968 0.004328606363991154 0.19253839807722917
511 0.019029931212792388 0.0008835114608034552 0.046427464761908184
512 0.017602753724249715 8.725153840935305e-05 0.004956698240296036
513 0.016329422201558638 8.122999547725353e-06 0.0004974456197813304
514 0.015157419215517085 7.53816031665931e-07 4.9732478923207974e-05
515 0.01407654739860921 6.997688806045141e-08 4.9711684320663225e-06
516 0.013070940572307425 6.496074013392527e-09 4.96985964969908e-07
