1 2.4986812123897035 4.995110253338981 1.9990986559512842
2 2.4973684606402577 4.990190410208376 1.9981794792623535
3 2.496062188334755 4.985285045010636 1.9972599514183431
4 2.4947545391537322 4.980380104641939 1.9963407327164853
5 2.4934427909939534 4.975475126903576 1.9954238151661052
6 2.4921251919015015 4.970570145445118 1.9945106135107733
7 2.49080148392147 4.965665163713211 1.9936013350591728
8 2.4894738348028094 4.960760181477047 1.9926942441112212
9 2.4881455330172497 4.955855198650905 1.9917867073640132
10 2.486816715191164 4.950950215787028 1.9908786142313037
11 2.4854872989858983 4.9460452336847895 1.9899700294999785
12 2.484157271906319 4.9411402518841445 1.989060961543856
13 2.482826640291501 4.93623526992508 1.9881514036539951
14 2.481495406112954 4.931330288172223 1.98724135294561
15 2.4801635702928087 4.926425306571615 1.986330807201559
16 2.4788311228177666 4.921520324960181 1.9854197729152807
16 2.477498067129894 4.916615343374807 1.9845082458815222
17 2.477498067129894 4.916615343374807 1.9845082458815222
18 2.4761644022377314 4.911710361944372 1.983596225479058
19 2.4748301229684047 4.906805380433427 1.9826837142858191
20 2.4734952386561657 4.901900399126472 1.9817707034639949
21 2.4721597425576443 4.896995418091058 1.9808571969644364
22 2.470823632840829 4.892090436950091 1.9799431946202535
23 2.469486916340663 4.887185455845953 1.9790286895254683
24 2.4681495768965416 4.882280475003431 1.9781136932318442
25 2.466811617382118 4.877375494317118 1.9771982019012821
26 2.4654730551443746 4.872470513474632 1.9762822000053482
27 2.4641338767760175 4.867565532879342 1.9753656969514526
28 2.4627940755838433 4.862660552220878 1.9744486964741903
29 2.4614536591140186 4.857755571628986 1.9735311910675977
30 2.4601126203066883 4.852850591266047 1.972613184944789
31 2.458770965741319 4.847945610973404 1.9716946712487915
32 2.4574286880726355 4.843040630872057 1.9707756543977113
33 2.4560857868958963 4.838135650785865 1.9698561331200495
33 2.4547422672577968 4.833230670788071 1.9689361018691767
34 2.4547422672577968 4.833230670788071 1.9689361018691767
35 2.4533981156293074 4.828325690853067 1.968015569953505
36 2.4520533447946207 4.8234207110234015 1.9670945255994838
37 2.4507079435690944 4.818515731150946 1.9661729761782585
38 2.44936191581696 4.813610751427603 1.9652509171238877
39 2.4480152614791475 4.808705771706726 1.964328346875254
40 2.4466679788938803 4.803800792076431 1.9634052652490233
41 2.4453200689400827 4.79889581288833 1.962481670126888
42 2.44397152307246 4.793990833434934 1.9615575665170302
43 2.4426223569065773 4.789085854339297 1.9606329405763583
44 2.441272543815152 4.784180875021807 1.9597078118714364
45 2.4399221015384356 4.779275895940544 1.9587821647777541
46 2.4385710229258355 4.774370916935919 1.9578560033931491
47 2.4372193116469276 4.76946593789602 1.9569293231445384
48 2.435866960655734 4.764560959020949 1.956002128186152
49 2.4345139733919248 4.759655980354905 1.9550744141852017
50 2.4331603498431638 4.754751001953074 1.9541461795806243
51 2.4318060831835355 4.749846023417816 1.9532174280934764
52 2.430451177865979 4.744941044812141 1.9522881545715167
53 2.42909563548832 4.740036066487686 1.9513583562694101
54 2.427739450072094 4.735131088251673 1.9504280362998005
55 2.426382618014107 4.73022610998173 1.9494971958928817
56 2.4250251375381064 4.72532113189904 1.948565834948912
57 2.4236670064427854 4.720416154065087 1.947633953640042
58 2.4223082418967703 4.715511176209032 1.9467015364306344
59 2.420948829353165 4.710606198397566 1.9457685934056514
60 2.4195887607299738 4.705701220645071 1.9448351294314128
61 2.4182280541639067 4.700796242983144 1.9439011283029826
62 2.4168666948210396 4.695891265400094 1.9429666002939432
63 2.41550468451206 4.690986287918759 1.9420315423094923
64 2.414142013933778 4.686081310664953 1.9410959602285833
65 2.41277868771993 4.681176333414796 1.9401598485762885
66 2.411414702753219 4.676271356353333 1.9392232082744736
66 2.410050076348223 4.671366379263164 1.9382860236420283
67 2.410050076348223 4.671366379263164 1.9382860236420283
68 2.4086847878979154 4.666461402413889 1.9373483096915969
69 2.4073188435129143 4.661556425413923 1.9364100596709826
70 2.4059522351491114 4.656651448672531 1.93547127854096
71 2.40458496993864 4.651746472039235 1.934531958817799
72 2.4032170399945714 4.6468414953248995 1.9335921050790303
73 2.4018484593924336 4.6419365187949095 1.9326517044164908
74 2.4004792162951105 4.637031542398968 1.931710764634631
75 2.399109304245611 4.632126566156966 1.9307692892356638
76 2.39773872592151 4.627221590076677 1.9298272743617308
77 2.3963674814951132 4.622316614148419 1.928884718158718
78 2.3949955683660806 4.61741163816184 1.927941620915792
79 2.3936229864470704 4.612506662385464 1.9269979810947386
80 2.3922497395855626 4.607601686615332 1.9260537937872493
81 2.3908758298500286 4.602696710785565 1.9251090555690953
82 2.389501235309263 4.597791735399671 1.9241637825747342
83 2.3881259680609874 4.592886760017229 1.9232179631405175
83 2.3867500314785786 4.5879817848311175 1.9222715928860334
84 2.3867500314785786 4.5879817848311175 1.9222715928860334
85 2.3853734184178865 4.5830768095915095 1.921324675711052
86 2.3839961347861625 4.578171834505018 1.920377205190254
87 2.3826181768031374 4.573266859529877 1.9194291825919116
88 2.3812395341487895 4.568361884501323 1.9184806143974733
89 2.3798602138605953 4.563456909549162 1.91753149322428
90 2.3784802088827237 4.558551934748903 1.9165818230164102
91 2.3770995274788214 4.553646960055334 1.9156315953185956
92 2.3757181709821324 4.548741985568705 1.9146808073148822
93 2.374336130624884 4.543837011111503 1.9137294642084415
94 2.3729534094756377 4.538932036749863 1.912777561761253
95 2.3715699964599315 4.534027062549623 1.9118251071305572
96 2.370185896604052 4.529122088426695 1.9108720944276638
97 2.368801114546258 4.524217114413154 1.909918518119139
98 2.3674156447808548 4.519312140445419 1.9089643808042671
99 2.3660294799777835 4.514407166695538 1.9080096866493512
100 2.364642628853972 4.509502192925463 1.907054426702525
101 2.3632550810580764 4.504597219216566 1.906098607518816
102 2.3618668386874484 4.49969224573762 1.9051422256464794
103 2.360477904947979 4.494787272369791 1.9041852766119616
104 2.3590882807842934 4.489882298893963 1.9032277577171777
105 2.3576979531994438 4.48497732568839 1.9022696777601154
106 2.356306933804128 4.480072352686161 1.9013110254924772
107 2.354915219853968 4.475167379855777 1.9003518012564755
108 2.3535227954933258 4.470262407062341 1.899392015927053
109 2.3521296682677364 4.465357434255099 1.8984316615264167
110 2.350735848005333 4.460452461626963 1.8974707283303591
111 2.3493413206504297 4.455547488989078 1.8965092257243967
112 2.34794608688267 4.45064251666064 1.8955471514125293
113 2.3465501561739965 4.445737544118849 1.8945844956357276
114 2.3451535143684223 4.440832571818652 1.8936212681218105
115 2.3437561628211077 4.435927599673404 1.89265746584065
116 2.342358105939988 4.431022627755696 1.8916930833586298
116 2.3409593400961377 4.426117655700338 1.8907281215395084
117 2.3409593400961377 4.426117655700338 1.8907281215395084
118 2.339559864046622 4.421212683895417 1.8897625796367792
119 2.3381596723324143 4.416307712079941 1.888796460027251
120 2.3367587624082518 4.411402740459594 1.8878297629290688
121 2.335357143958648 4.4064977688725 1.8868624785171297
122 2.333954805293116 4.401592797405267 1.8858946143357223
123 2.332551745913388 4.396687826083909 1.884926168856434
124 2.331147976116662 4.391782854852379 1.8839571317855255
125 2.329743487128206 4.386877883812002 1.8829875083027081
126 2.3283382727086264 4.381972912905185 1.882017301466897
127 2.3269323391475503 4.377067942142717 1.8810465042340743
128 2.325525690950673 4.372162971418073 1.8800751109443719
129 2.3241183108564476 4.367258000788199 1.8791031336003055
130 2.3227102049088497 4.3623530303148295 1.878130565360831
131 2.3213013709108896 4.357448059846174 1.8771574059495302
132 2.319891805216277 4.352543089818904 1.876183656510278
133 2.318481519675701 4.347638119534668 1.8752093051588337
133 2.317070505250831 4.342733149471736 1.874234357405374
134 2.317070505250831 4.342733149471736 1.874234357405374
135 2.315658755399215 4.3378281794465785 1.8732588164523165
136 2.3142462802297183 4.332923209563509 1.872282672150784
137 2.312833074230133 4.3280182396992375 1.8713059268835879
138 2.3114191217775124 4.323113270167257 1.8703285913991765
139 2.3100044391172796 4.31820830073149 1.869350650417626
140 2.3085890172248935 4.313303331383824 1.868372109198005
141 2.307172857528378 4.3083983621042625 1.8673929645305172
142 2.305755953832017 4.303493392808646 1.8664132193420202
143 2.304338313767125 4.298588423614029 1.8654328654487846
144 2.3029199299237515 4.293683454692119 1.8644519068599494
145 2.3015008055859076 4.288778485779212 1.8634703387328995
146 2.300080936591135 4.283873517142294 1.8624881624779972
147 2.29866031683322 4.278968548485166 1.8615053808298843
148 2.297238952112355 4.274063580004799 1.8605219870900744
149 2.2958168338818203 4.269158611706689 1.8595379860893764
150 2.294393965684174 4.26425364343864 1.8585533727931798
151 2.292970356350162 4.259348675296503 1.8575681379833997
152 2.2915459885150584 4.254443707163551 1.8565822935635115
153 2.2901208625884113 4.249538739131654 1.8555958371247745
154 2.2886949880135283 4.24463377124268 1.854608758909726
155 2.2872679298738574 4.239728803421224 1.853621409213325
156 2.285840113858282 4.234823835759751 1.8526334410204084
157 2.2844115425862617 4.229918868280299 1.8516448500743699
158 2.282982216780505 4.225013900867948 1.8506556335888258
159 2.281552123660666 4.220108933456342 1.849665799738703
160 2.280121270345375 4.215203966221585 1.8486753406686562
161 2.2786896455176118 4.210298999313844 1.8476842634519721
162 2.277257257871009 4.20539403231604 1.84669255868247
163 2.275824105531629 4.200489065336312 1.845700225745295
164 2.2743901797093136 4.19558409851061 1.8447072696413247
165 2.272955491024321 4.190679131868672 1.8437136795758888
166 2.2715200325544167 4.185774165315861 1.8427194589205482
166 2.270083806330955 4.180869198831525 1.8417246038105066
167 2.270083806330955 4.180869198831525 1.8417246038105066
168 2.268646802183465 4.175964232383668 1.8407291202687437
169 2.2672090253139756 4.171059266082101 1.8397330019028437
170 2.2657704714589846 4.166154299978203 1.8387362499677715
171 2.2643311480653496 4.161249333922727 1.8377388561200994
172 2.262891040565045 4.156344367943071 1.8367408299540708
173 2.2614501556327404 4.151439402130982 1.8357421638459388
174 2.260008482832653 4.146534436343246 1.8347428639498098
175 2.2585660339918996 4.141629470632616 1.8337429184270955
176 2.2571228037527526 4.1367245051674875 1.8327423294335865
177 2.2556787971456775 4.131819539823213 1.8317410905540243
178 2.2542339907874482 4.126914574792471 1.8307392185807907
179 2.252788394403174 4.122009609546546 1.829736703095268
180 2.251342019525286 4.117104644410609 1.828733532579263
181 2.2498948468627606 4.112199679480758 1.8277297204421725
182 2.248446886622757 4.107294714627646 1.8267252560263683
183 2.2469981320619716 4.102389749872736 1.8257201425032572
183 2.245548585291377 4.097484785321464 1.8247143758814663
184 2.245548585291377 4.097484785321464 1.8247143758814663
185 2.244098242143964 4.092579820856816 1.8237079571645007
186 2.242647098884317 4.087674856588233 1.8227008870997978
187 2.2411951554738008 4.0827698923215054 1.8216931632883109
188 2.239742411866299 4.077864928238253 1.820684783497184
189 2.2382888687880125 4.072959964166735 1.8196757447005305
190 2.2368345140948485 4.068055000322828 1.8186660545020232
191 2.2353793674769227 4.063150036545495 1.8176556944477755
192 2.2339234085834576 4.058245072881329 1.816644678724542
193 2.232466641338867 4.053340109359419 1.8156330017672864
194 2.2310090698380924 4.048435145921925 1.814620657824455
195 2.2295506839764885 4.043530182682256 1.8136076527627825
196 2.2280914896599415 4.0386252195593775 1.812593979332404
197 2.2266314811985266 4.0337202564464905 1.8115796396964907
198 2.2251706590478304 4.02881529339034 1.8105646310806134
199 2.2237090168716396 4.023910330492818 1.80954895625406
200 2.2222465582171136 4.01900536795111 1.808532609979839
201 2.220783285419987 4.014100405381788 1.807515587736718
202 2.219319191406028 4.009195442852843 1.8064978928573392
203 2.2178542721127514 4.004290480415366 1.8054795262092838
204 2.2163885250570927 3.9993855181307882 1.804460487372252
205 2.214921951587363 3.9944805560274803 1.803440772784235
206 2.2134545522344946 3.989575593933243 1.802420379449736
207 2.2119863264548028 3.984670632033209 1.8013993054014599
208 2.21051727062043 3.9797656702107838 1.8003775510397961
209 2.209047387655952 3.9748607086051613 1.7993551115365325
210 2.207576666094562 3.9699557471378357 1.7983319936793452
211 2.2061051215385197 3.9650507856316093 1.7973081821533579
212 2.2046327346972014 3.9601458243883196 1.796283690277434
213 2.203159507877037 3.9552408632622327 1.7952585135669543
214 2.201685447789003 3.9503359022857936 1.7942326440195333
215 2.200210542187825 3.945430941265577 1.7932060889692656
216 2.1987348000754188 3.9405259804463206 1.7921788386262667
216 2.197258210736245 3.9356210197706663 1.791150899125297
217 2.197258210736245 3.9356210197706663 1.791150899125297
218 2.195780776567896 3.930716059221043 1.790122265923527
219 2.194302499637831 3.925811098848141 1.7890929347690645
220 2.1928233742114633 3.9209061384751887 1.7880629076590093
221 2.1913433964629303 3.9160011781063115 1.7870321851094488
222 2.1898625724955405 3.911096218010656 1.7860007596520628
223 2.1883808922225843 3.9061912580052955 1.78496863680712
224 2.1868983520030976 3.901286298161144 1.7839358169472057
225 2.1854149569118557 3.8963813385216968 1.782902293314381
226 2.183930710211774 3.8914763790052107 1.7818680605612516
227 2.182445600577732 3.886571419549761 1.780833125243038
228 2.180959631375808 3.881666460261681 1.7797974819978768
229 2.179472802366621 3.8767615010984184 1.7787611283282658
230 2.1779851097099217 3.8718565419796414 1.777724064649515
231 2.176496550849328 3.866951583021731 1.7766862904114145
232 2.1750071237884594 3.862046624215145 1.775647804540601
233 2.1735168245323395 3.857141665448355 1.7746086075401186
233 2.1720256624968233 3.8522367069020964 1.773568689088972
234 2.1720256624968233 3.8522367069020964 1.773568689088972
235 2.1705336212181408 3.847331748511541 1.7725280598751345
236 2.1690407082765595 3.8424267902174893 1.7714867109481505
237 2.1675469228201716 3.8375218320579916 1.7704446402779754
238 2.1660522589863236 3.832616874079364 1.7694018499225705
239 2.164556714936193 3.8277119162737687 1.7683583386202022
240 2.163060297577422 3.822806958462915 1.7673140978752981
241 2.161562995619335 3.8179020008775137 1.7662691342398753
242 2.1600648049531492 3.812997043325244 1.7652234481955489
243 2.1585657318960467 3.8080920860530036 1.7641770318979544
244 2.157065771435102 3.803187128904482 1.7631298865654017
245 2.1555649210047148 3.7982821718123967 1.76208201144877
246 2.1540631856805406 3.7933772149358926 1.7610333996481344
247 2.1525605556390572 3.7884722580634778 1.7599840562621234
248 2.1510570235055466 3.78356730132592 1.758933984539329
249 2.1495526019918536 3.778662344693241 1.7578831712198133
250 2.148047284212902 3.773757388176806 1.7568316190765814
251 2.1465410724636547 3.7688524318501355 1.7557793233951502
252 2.145033955770833 3.7639474755834677 1.7547262902096423
253 2.143525936792045 3.7590425194946175 1.7536725145114502
254 2.14201701414076 3.7541375634995586 1.752617994495939
255 2.1405071835045852 3.7492326076718143 1.7515627308165878
256 2.1389964506253722 3.744327652012851 1.750506715856463
257 2.137484808028217 3.739422696519764 1.74944995280191
258 2.1359722529461598 3.734517741141052 1.7483924409551708
259 2.1344587805012 3.729612785872557 1.7473341813594514
260 2.1329443963891084 3.724707830800798 1.7462751664349097
261 2.1314290957196467 3.719802875779625 1.7452153971482156
262 2.1299128810698043 3.7148979209103627 1.744154868458497
263 2.128395744789417 3.7099929661172526 1.743093583606238
264 2.126877684488845 3.7050880115107194 1.742031541602811
265 2.125358703695542 3.700183057146418 1.74096873657731
266 2.1238388005205473 3.695278102789558 1.7399051669476304
266 2.1223179656357547 3.6903731486744595 1.738840837437374
267 2.1223179656357547 3.6903731486744595 1.738840837437374
268 2.1207962038669708 3.685468194712875 1.7377757410131849
269 2.1192735085908843 3.6805632408884663 1.7367098800454932
270 2.117749883823771 3.6756582872447034 1.7356432482045525
271 2.1162253267487245 3.670753333602339 1.7345758446440687
272 2.114699833464389 3.6658483800871964 1.7335076695408123
273 2.113173400363889 3.660943426794255 1.7324387228061076
274 2.11164603234918 3.6560384736789806 1.73136899729908
275 2.1101177193785134 3.6511335206414146 1.730298498093638
276 2.1085884579135996 3.6462285678281954 1.7292272250394731
277 2.107058255506333 3.641323615171723 1.728155168778996
278 2.1055271026218203 3.636418662631873 1.7270823339693768
279 2.103995007558268 3.6315137102468658 1.7260087106676725
280 2.102461959230842 3.626608758024316 1.724934304804765
281 2.1009279597820116 3.6217038058494784 1.723859111392501
282 2.0993930102735434 3.6167988538517304 1.722783126433518
283 2.097857092854167 3.6118939019601974 1.7217063613452146
283 2.0963202238051672 3.60698895016522 1.7206287995533143
284 2.0963202238051672 3.60698895016522 1.7206287995533143
285 2.094782394571675 3.6020839985141095 1.7195504448807613
286 2.0932436001050734 3.597179047111065 1.7184712982906047
287 2.0917038482293417 3.5922740957114296 1.7173913500003086
288 2.0901631257976834 3.587369144496212 1.716310607636014
289 2.0886214353340633 3.58246419344686 1.715229065852168
290 2.0870787740074737 3.5775592425573115 1.714146723694532
291 2.0855351404297013 3.5726542917839104 1.7130635789947921
292 2.0839905331975297 3.5677493411481502 1.7119796296166683
293 2.082444949199699 3.5628443907628187 1.710894874859501
294 2.0808983872419295 3.5579394404898044 1.7098093123160996
295 2.079350849454804 3.553034490332347 1.7087229369030896
296 2.077802329158591 3.548129540267716 1.7076357507523519
297 2.076252824003921 3.5432245904603974 1.7065477525167263
298 2.07470233062725 3.538319640785754 1.7054589415321113
299 2.073150849337023 3.5334146912898703 1.7043693141865812
300 2.071598376453543 3.5285097418898905 1.703278870072536
301 2.0700449165138157 3.523604792546841 1.7021876020356992
302 2.068490459475547 3.5186998434360546 1.7010955150009246
303 2.066935010427637 3.513794894502857 1.7000026013279794
304 2.065378560988566 3.5088899457472573 1.6989088644687846
305 2.063821115734044 3.5039849970463344 1.6978142971466128
306 2.062262665081858 3.4990800485437132 1.6967189038476935
307 2.0607032077960667 3.494175100148311 1.695622682067521
308 2.0591427472777566 3.4892701519551106 1.694525625563367
309 2.0575812790450287 3.4843652039413033 1.6934277345089754
310 2.0560187986039185 3.4794602560697587 1.692329009069561
311 2.054455306347052 3.4745553082687946 1.6912294453592993
312 2.052890804304831 3.4696503607063613 1.6901290382472567
313 2.0513252768293406 3.4647454133251663 1.689027797034948
314 2.049758734695588 3.4598404660875755 1.6879257092671447
315 2.0481911691836254 3.4549355190620954 1.6868227785784151
316 2.046622580300791 3.450030572100346 1.6857190012988603
316 2.0450526167688707 3.445125625236886 1.68461466320612
317 2.0450526167688707 3.445125625236886 1.68461466320612
318 2.0434816240901714 3.440220678542962 1.6835094761738643
319 2.0419096028778254 3.435315731983485 1.6824034360491873
320 2.0403365472297277 3.430410785546627 1.6812965440452834
321 2.0387624615367703 3.425505839275597 1.6801887929079942
322 2.0371873422270697 3.4206008931247114 1.6790801818870928
323 2.035611183351239 3.415695947191867 1.6779707122499625
324 2.0340339848220013 3.4107910013474982 1.6768603803077446
325 2.0324557463945654 3.405886055769451 1.675749182638419
326 2.0308764648449524 3.400981110302406 1.6746371180986899
327 2.0292961389554045 3.3960761649297635 1.6735241839458281
328 2.027714757912781 3.39117121976318 1.6724103854004921
329 2.026132330980949 3.3862662747851844 1.6712957110485123
330 2.024548850739182 3.381361329982803 1.6701801632241353
331 2.0229643163884736 3.3764563851774643 1.669063738704661
332 2.0213787217300143 3.3715514407334313 1.667946438976987
333 2.0197920635474107 3.366646496290899 1.666828262696495
333 2.0182043472772713 3.3617415520845104 1.6657092016572972
334 2.0182043472772713 3.3617415520845104 1.6657092016572972
335 2.0166155691851255 3.3568366079862235 1.6645892550272507
336 2.0150257253373534 3.3519316640857633 1.6634684222329652
337 2.0134348074257833 3.3470267203003794 1.6623467062137562
338 2.011842820183184 3.3421217766605755 1.6612240991849778
339 2.0102497580581606 3.3372168331628296 1.6601006018209787
340 2.008655624157161 3.3323118898860504 1.6589762076733785
341 2.00706040961545 3.3274069467665006 1.6578509200946407
342 2.005464117131374 3.3225020037635016 1.656724732884289
343 2.0038667368339698 3.3175970608789007 1.6555976502312588
344 2.0022682762613933 3.312692118232305 1.654469661986413
345 2.0006687282314437 3.3077871757070416 1.653340770028963
346 1.9990680881454361 3.302882233420911 1.6522109742070075
347 1.997466357692477 3.297977291296192 1.6510802690594988
348 1.9958635302594254 3.293072349282208 1.6499486559855971
349 1.9942596094264946 3.2881674074548615 1.6488161280067575
350 1.9926545862666236 3.283262465786414 1.6476826884170797
350 1.9926545862666236 3.283262465786414 1.6476826884170797
351 1.9910484601892604 3.278357524359268 1.6465483336591626
352 1.9894412310781593 3.2734525829969905 1.64541305963734
353 1.9878328955339852 3.2685476418614066 1.6442768651252182
354 1.9862234495045492 3.2636427008091613 1.6431397492680173
355 1.9846128912171332 3.258737760005821 1.64200170946551
356 1.9830012188632677 3.2538328192450043 1.6408627429438627
357 1.9813884304359533 3.248927878713746 1.639722847275788
358 1.9797745304126442 3.244022938328042 1.6385820145144967
359 1.9781595029051409 3.239117998186718 1.6374402536447255
360 1.9765433543723543 3.2342130581350563 1.63629755501218
361 1.9749260776778426 3.2293081183398518 1.6351539203618886
362 1.9733076707639086 3.2244031786631786 1.6340093470649435
363 1.9716881339000458 3.219498239095746 1.6328638306137706
364 1.9700674648532552 3.2145932998854665 1.6317173686866162
365 1.9684456588681962 3.2096883608617532 1.6305699608224078
366 1.9668227116272146 3.204783421823844 1.629421606166234
366 1.9651986241136121 3.199878483035285 1.6282722996911143
367 1.9651986241136121 3.199878483035285 1.6282722996911143
368 1.9635733888362428 3.194973544418065 1.6271220432008604
369 1.9619470095555984 3.1900686059148535 1.625970829170069
370 1.960319481024935 3.1851636675864325 1.6248186575797834
371 1.958690801205526 3.180258729391406 1.6236655256838064
372 1.9570609675584165 3.1753537914554597 1.6225114312186997
373 1.9554299731363611 3.170448853632826 1.6213563754204232
374 1.9537978221200736 3.16554391608174 1.6202003504368716
375 1.9521645072487965 3.160638978597668 1.6190433576993906
376 1.950530026492801 3.1557340413491026 1.6178853944757512
377 1.9488943801877177 3.1508291043020678 1.6167264559501575
378 1.947257562229698 3.1459241673677423 1.6155665426023649
379 1.9456195694215779 3.14101923065545 1.614405652585648
380 1.9439803995748821 3.136114294126865 1.6132437831228565
381 1.9423400544169844 3.1312093577272497 1.6120809281601918
382 1.940698527693305 3.1263044214873776 1.610917088293601
383 1.9390558173545256 3.121399485514327 1.6097522606506942
383 1.9374119213191872 3.1164945497664074 1.608586442290693
384 1.9374119213191872 3.1164945497664074 1.608586442290693
385 1.935766831517861 3.111589614067414 1.6074196351569752
386 1.9341205538265769 3.1066846786066735 1.6062518297839437
387 1.9324730803609067 3.101779743365219 1.605083028005717
388 1.9308244105294967 3.096874808273796 1.6039132255555695
389 1.9291745369891553 3.0919698734181456 1.6027424238367536
390 1.9275234570722397 3.087064938684258 1.6015706202472229
391 1.9258711763287562 3.0821600041656256 1.6003978054446384
392 1.9242176830380586 3.0772550698225607 1.5992239843488105
393 1.922562979949428 3.0723501356601446 1.5980491498598195
394 1.920907060275667 3.0674452016590767 1.5968733027712811
395 1.9192499239853331 3.062540267942821 1.5956964383166103
396 1.9175915617573274 3.057635334313865 1.5945185592659648
397 1.9159319788065954 3.052730400899377 1.5933396564531879
398 1.914271173591023 3.0478254676476424 1.5921597262158842
399 1.912609138124215 3.0429205346391037 1.5909787703008875
400 1.9109458697693522 3.0380156017867908 1.5897967858992645
401 1.9092813689101882 3.03311066911108 1.5886137677247487
402 1.9076156309845305 3.0282057365602943 1.5874297145475902
403 1.9059486503681804 3.023300804251996 1.5862446260910397
404 1.9042804231540142 3.0183958721333606 1.5850585005406208
405 1.902610952485033 3.01349094024455 1.5838713302415177
406 1.9009402325615956 3.0085860085406417 1.5826831149164788
407 1.8992682598296557 3.0036810769043343 1.5814938523606628
408 1.8975950298195878 2.9987761455632986 1.580303541292688
409 1.895920541915274 2.993871214419168 1.5791121770297059
410 1.8942447930912085 2.9889662835583284 1.5779197569711407
411 1.8925677798290554 2.984061352859801 1.576726278796384
412 1.890889498988322 2.979156422270159 1.5755317398843718
413 1.8892099468842118 2.974251491923941 1.5743361381455983
414 1.887529120045332 2.9693465617290644 1.5731394711715765
415 1.8858470203768087 2.9644416317646725 1.5719417321413225
416 1.8841636406147184 2.9595367019944625 1.5707429217925561
416 1.8824789775136337 2.954631772398206 1.5695430375008304
417 1.8824789775136337 2.954631772398206 1.5695430375008304
418 1.8807930282688312 2.9497268430539796 1.5683420763044005
419 1.8791057856789795 2.9448219139118392 1.5671400388178696
420 1.8774172542764966 2.939916984926975 1.5659369158508856
421 1.875727424893319 2.9350120561228197 1.564732709652495
422 1.874036298837088 2.9301071275140558 1.5635274137071413
423 1.8723438714547065 2.9252021991756925 1.5623210264805545
424 1.8706501375111013 2.920297270999601 1.5611135468041366
425 1.8689550934226151 2.915392343075502 1.5599049722144729
426 1.8672587392836395 2.9104874153576215 1.5586952970825079
427 1.8655610704151158 2.905582487769284 1.5574845197229312
428 1.8638620851687342 2.900677560408286 1.5562726359904948
429 1.8621617757266513 2.895772633286737 1.5550596468219045
430 1.860460142136759 2.8908677064179664 1.5538455465634287
431 1.8587571801346894 2.885962779631006 1.5526303330389197
432 1.8570528921859712 2.881057853109488 1.5514139986169924
433 1.8553472647632239 2.8761529268761423 1.550196548915705
433 1.853640300740122 2.871248000746899 1.548977975716468
434 1.853640300740122 2.871248000746899 1.548977975716468
435 1.8519319975197952 2.866343074812555 1.5477582754935453
436 1.8502223485317595 2.8614381491543837 1.5465374480127065
437 1.8485113513114015 2.8565332236538645 1.5453154894760779
438 1.8467990052940828 2.8516282983675425 1.5440923945664848
439 1.8450853021814944 2.8467233733427277 1.542868164402464
440 1.843370240234 2.8418184485402804 1.5416427945476303
441 1.8416538188226474 2.8369135239299896 1.5404162796152443
442 1.8399360313858695 2.8320085995392024 1.5391886191859006
443 1.838216875748176 2.827103675339457 1.5379598091159903
444 1.8364963477556502 2.82219875132879 1.5367298469053583
445 1.834774443586348 2.8172938275862776 1.5354987297945162
446 1.8330511617221743 2.812388903984265 1.5342664529570418
447 1.83132649736819 2.807483980669499 1.5330330144319708
448 1.8296004452384094 2.8025790575674723 1.531798412522947
449 1.8278730036567328 2.7976741346879854 1.530562642531033
450 1.82614417315008 2.792769212020273 1.529325697873446
451 1.8244139414851452 2.787864289572154 1.5280875826363847
452 1.822682308783539 2.782959367360948 1.526848290538519
453 1.8209492728145815 2.7780544453267417 1.5256078171978915
454 1.8192148304252886 2.7731495235704484 1.5243661590655309
455 1.8174789762080712 2.7682446020601104 1.5231233143811576
456 1.8157417062467294 2.7633396807776816 1.52187928011507
457 1.8140030164805843 2.7584347597052465 1.520634053330843
458 1.8122629091156706 2.753529838841462 1.5193876258192036
459 1.8105213736203707 2.7486249181609357 1.5181400000071283
460 1.8087784080042242 2.7437199977223026 1.5168911711798225
461 1.8070340077878322 2.7388150775211586 1.5156411366457962
462 1.805288169986765 2.7339101575749254 1.5143898924430268
463 1.8035408932870642 2.7290052378586207 1.5131374331550869
464 1.801792172260819 2.7241003184097887 1.5118837568217944
465 1.8000420024014043 2.719195399067193 1.510628860570788
466 1.798290382588288 2.714290479960338 1.5093727388196596
466 1.7965373005852925 2.709385561156081 1.5081153952514053
467 1.7965373005852925 2.709385561156081 1.5081153952514053
468 1.7947827620116092 2.7044806425335066 1.506856818427596
469 1.793026759199098 2.69957572418212 1.5055970081494798
470 1.7912692877849397 2.694670806100436 1.5043359613632583
471 1.789510342155834 2.689765888273407 1.5030736760275045
472 1.7877499236390555 2.684860970635821 1.501810144212257
473 1.7859880257609213 2.6799560532703564 1.5005453645908737
474 1.7842246424052066 2.675051136076042 1.4992793354036211
475 1.7824597712595756 2.67014621914458 1.4980120517714242
476 1.7806934065579727 2.665241302513261 1.496743511655436
477 1.7789255456228383 2.660336386133822 1.4954737103414766
478 1.7771561888608347 2.6554314699152575 1.4942026404653839
479 1.7753853266205766 2.6505265539465457 1.4929303031876406
480 1.773612958957617 2.6456216382091005 1.491656691414782
481 1.7718390820753482 2.6407167227669603 1.4903818013055108
482 1.7700636852415916 2.635811807543682 1.4891056347410045
483 1.7682867680601857 2.630906892612706 1.487828184960529
483 1.7665083291518413 2.626001977845788 1.486549445881536
484 1.7665083291518413 2.626001977845788 1.486549445881536
485 1.7647283581761122 2.6210970633672748 1.4852694190715219
486 1.7629468553353858 2.616192149172744 1.4839880971199415
487 1.7611638147587525 2.6112872352009053 1.482705477660864
488 1.7593792342993975 2.6063823214777146 1.4814215552087053
489 1.7575931099005215 2.601477407974405 1.480136325819829
490 1.7558054347619896 2.596572494727257 1.478849787863448
491 1.7540162030759125 2.591667581802915 1.4775619388567014
492 1.7522254151036523 2.586762669103518 1.4762727710752324
493 1.750433064178811 2.581857756649264 1.4749822826618642
494 1.7486391434612 2.5769528444175203 1.4736904718470287
495 1.7468436540906214 2.57204793244927 1.4723973301367013
496 1.7450465907589707 2.5671430207823875 1.4711028544320204
497 1.7432479469375861 2.5622381093379945 1.4698070425604985
498 1.741447716075611 2.557333198208074 1.468509892430809
499 1.7396456265625504 2.5524282872500748 1.4672116253317296
500 1.7378419445857667 2.547523376533543 1.4659120091273736
501 1.7360366690001634 2.542618466126482 1.4646110370415468
502 1.7342297910126763 2.5377135559533035 1.4633087086293481
503 1.7324213056692506 2.5328086460430996 1.462005020230718
504 1.7306112085593417 2.5279037364228136 1.4606999676878223
505 1.728799499945702 2.5229988270572425 1.4593935428234939
506 1.7269861674454063 2.5180939179177586 1.4580857480998677
507 1.7251712108585897 2.5131890090116915 1.4567765756773312
508 1.723354626395772 2.50828410037769 1.4554660207246615
509 1.72153640912663 2.503379192043959 1.4541540793284609
510 1.7197165498350961 2.498474283955601 1.4528407511081871
511 1.7178950504373796 2.493569376113522 1.4515260262718925
512 1.716071901899038 2.4886644685511405 1.4502099042570051
513 1.7142470997214043 2.483759561233031 1.4488923805889398
514 1.7124206380107796 2.478854654192925 1.4475734519717465
515 1.7105925167748428 2.473949747427399 1.446253110057907
516 1.7087627263579637 2.4690448409622645 1.4449313546443965
516 1.706931265392968 2.4641399347963615 1.4436081784635129
517 1.706931265392968 2.4641399347963615 1.4436081784635129
518 1.7050981274501809 2.4592350288434126 1.4422835784360253
519 1.7032633056665578 2.454330123202041 1.4409575519162374
520 1.701426801176457 2.4494252178414033 1.4396300893742477
521 1.6995885996593916 2.4445203127595443 1.438301194329876
522 1.6977487024283717 2.4396154079515235 1.4369708570308575
523 1.695907103450773 2.434710503337761 1.4356390738523925
524 1.6940637979544924 2.4298055990853933 1.434305840204647
525 1.6922187824279873 2.4249006951180005 1.432971150242621
526 1.6903720516950338 2.419995791404645 1.4316349995126667
527 1.6885235960439706 2.415090887993583 1.4302973874051161
528 1.6866734119946256 2.410185984828208 1.4289583079263526
529 1.6848214989088877 2.4052810819910975 1.42761775271077
530 1.6829678481545016 2.400376179447167 1.426275720049766
531 1.6811124545804534 2.395471277155922 1.4249322052365303
532 1.6792553134356312 2.390566375177812 1.4235872032388521
533 1.6773964186421473 2.385661473464093 1.4222407100375751
533 1.6755357690798396 2.3807565720700397 1.4208927174246413
534 1.6755357690798396 2.3807565720700397 1.4208927174246413
535 1.6736733551845282 2.3758516709634727 1.4195432242520984
536 1.6718091706449218 2.3709467701623304 1.4181922265970746
537 1.6699432108925203 2.366041869646789 1.4168397189879474
538 1.668075473516809 2.361136969428838 1.4154856940920337
539 1.6662059502638402 2.356232069525159 1.4141301494884557
540 1.6643346386725921 2.351327169922682 1.412773077773595
541 1.6624615296087222 2.34642227057677 1.4114144771392245
542 1.6605866197173602 2.34151737159713 1.4100543409145785
543 1.6587098988995155 2.3366124728886537 1.4086926679818443
544 1.6568313674743094 2.3317075744584885 1.407329448387356
545 1.6549510215037295 2.3268026763059857 1.4059646757351134
546 1.6530688504523234 2.32189777852324 1.4045983492386946
547 1.6511848503636803 2.3169928810567213 1.4032304623836598
548 1.6492990147754225 2.3120879838806636 1.4018610107491576
549 1.6474113372086197 2.3071830869797525 1.400489989882583
550 1.6455218136318606 2.3022781903943965 1.3991173932316323
551 1.6436304377413162 2.2973732941201033 1.3977432160949532
552 1.6417372057105675 2.2924683981949205 1.3963674516365165
553 1.6398421092360318 2.2875635025329393 1.394990096698192
554 1.6379451425136606 2.2826586072258293 1.3936111460502052
555 1.6360463009371717 2.2777537122324047 1.3922305933075645
556 1.6341455787509411 2.272848817568587 1.3908484330422008
557 1.6322429688922235 2.267943923242915 1.3894646608783563
558 1.6303384678302881 2.26303902923781 1.3880792693614976
559 1.6284320675293256 2.258134135513929 1.3866922548018807
560 1.6265237606042786 2.2532292421316233 1.3853036129607563
561 1.6246135421221928 2.2483243490969724 1.3839133374205668
562 1.6227014057435447 2.243419456405663 1.3825214228970835
563 1.6207873471855343 2.2385145639927035 1.381127862257711
564 1.6188713600665017 2.2336096718956044 1.3797326501618077
565 1.6169534347493564 2.228704780150524 1.3783357839837826
566 1.6150335700612555 2.2237998887624584 1.376937253804646
566 1.6131117562573183 2.2188949976907257 1.3755370569233982
567 1.6131117562573183 2.2188949976907257 1.3755370569233982
568 1.6111879872794934 2.2139901069297205 1.374135187457588
569 1.6092622562918173 2.2090852165096866 1.3727316401492111
570 1.6073345575092581 2.204180326445284 1.3713264087726107
571 1.6054048848454459 2.199275436687185 1.3699194872568934
572 1.6034732312532907 2.1943705472818347 1.3685108703477966
573 1.6015395935364576 2.1894656582258274 1.3671005494101673
574 1.5996039610898136 2.1845607695251146 1.3656885220744068
575 1.5976663308942758 2.1796558811615094 1.3642747794162198
576 1.5957266948445907 2.1747509931142486 1.3628593167867318
577 1.5937850429097036 2.1698461054482867 1.3614421311715246
578 1.5918413715075803 2.1649412181027636 1.3600232139037947
579 1.5898956753184716 2.1600363310958888 1.3586025577830523
580 1.587947944661421 2.1551314444862864 1.3571801592940749
581 1.5859981754325208 2.1502265582134124 1.3557560100137063
582 1.5840463600581516 2.1453216723167623 1.3543301044787641
583 1.582092489947049 2.1404167867278323 1.3529024379601662
583 1.5801365598333466 2.1355119015789135 1.3514730029435817
584 1.5801365598333466 2.1355119015789135 1.3514730029435817
585 1.578178562209182 2.1306070167242996 1.3500417935862794
586 1.5762184897607812 2.1257021322999012 1.3486088039879
587 1.5742563352695649 2.1207972482262663 1.3471740279597575
588 1.572292094415778 2.115892364490002 1.3457374568026503
589 1.5703257572411564 2.1109874811043587 1.3442990865876578
590 1.5683573188609405 2.1060825981129145 1.3428589089905294
591 1.566386769980594 2.1011777155243996 1.341416919366876
592 1.5644141045312996 2.096272833276564 1.339973110191697
593 1.5624393151227487 2.0913679514064523 1.3385274750604632
594 1.5604623942749456 2.0864630698911846 1.3370800075324085
595 1.5584833341606739 2.081558188754572 1.3356307014188264
596 1.556502126802859 2.076653307978282 1.3341795505566332
597 1.5545187671350749 2.0717484276161757 1.3327265462573588
598 1.5525332470077489 2.0668435476199427 1.3312716823317259
599 1.5505455581018368 2.0619386679952383 1.3298149526928085
600 1.54855569524271 2.057033788737648 1.3283563484716918
601 1.546563646667704 2.052128909910282 1.3268958664144808
602 1.5445694081045518 2.0472240314796313 1.3254334966998484
603 1.5425729703828222 2.0423191534213196 1.3239692336333853
604 1.5405743264612894 2.037414275748781 1.322503069636852
605 1.5385734679114038 2.0325093985115523 1.3210349982641134
606 1.5365703876446377 2.0276045215740126 1.3195650117155169
607 1.5345650763877632 2.0226996451297987 1.318093104198007
608 1.5325575262616693 2.017794769065711 1.3166192684379485
609 1.5305477315092728 2.0128898933858705 1.315143495329584
610 1.5285356808327293 2.0079850181182755 1.3136657804575078
611 1.5265213698538345 2.003080143270487 1.3121861133606556
612 1.5245047892731773 1.998175268800635 1.3107044876869718
613 1.5224859289665589 1.9932703947597892 1.3092208977673718
614 1.5204647810206315 1.9883655211488938 1.3077353359110218
615 1.5184413396974552 1.9834606479306682 1.306247792440811
616 1.516415593930585 1.9785557751244287 1.3047582622096132
616 1.514387538490009 1.9736509027431042 1.3032667349541356
617 1.514387538490009 1.9736509027431042 1.3032667349541356
618 1.512357164183312 1.96874603078078 1.3017732037153555
619 1.5103244602280586 1.9638411592119989 1.3002776627980053
620 1.508289422443677 1.9589362880913423 1.298780100783007
621 1.5062520367206222 1.9540314173999203 1.2972805146568918
622 1.5042122996443723 1.9491265470933188 1.2957788920846702
623 1.5021701975127806 1.9442216772767555 1.29427522959509
624 1.5001257259836496 1.9393168078591103 1.2927695154267673
625 1.4980788742455984 1.9344119388818315 1.2912617433818105
626 1.4960296338031915 1.9295070703327557 1.2897519051327762
627 1.4939779953822017 1.9246022022449032 1.2882399929542039
628 1.49192395242196 1.9196973345729877 1.2867259966277695
629 1.489867490250436 1.9147924673761674 1.2852099128992367
630 1.4878086046492172 1.9098876006201548 1.2836917293339971
631 1.485747284533999 1.9049827343071468 1.2821714393404664
632 1.4836835218169966 1.9000778684230526 1.2806490336268732
633 1.4816173077544907 1.8951730030006209 1.2791245033934617
633 1.4795486309136188 1.8902681380027992 1.277597842009128
634 1.4795486309136188 1.8902681380027992 1.277597842009128
635 1.4774774848872176 1.8853632734822166 1.2760690384572153
636 1.475403859713029 1.880458409463037 1.274538084662997
637 1.4733277443790815 1.875553545878159 1.2730049732882693
638 1.4712491278071902 1.870648682772908 1.2714696970192936
639 1.4691680040212722 1.8657438201413368 1.269932243987477
640 1.4670843607014294 1.8608389579729876 1.2683926076911485
641 1.4649981905792313 1.8559340963112907 1.266850777185937
642 1.4629094840550652 1.851029235051556 1.2653067433267673
643 1.4608182288256775 1.8461243742853641 1.2637604993260705
644 1.4587244155552328 1.8412195140038055 1.2622120356455293
645 1.4566280337970385 1.8363146542021973 1.2606613435932696
646 1.4545290751867208 1.8314097948821626 1.259108412560994
647 1.4524275297638125 1.8265049360548955 1.2575532332080719
648 1.4503233855684678 1.8216000776796462 1.2559957977686838
649 1.4482166341083302 1.8166952198524342 1.254436095447127
650 1.4461072634359162 1.8117903624793439 1.252874118185793
651 1.4439952659300923 1.8068855055944082 1.2513098541431675
652 1.441880628518615 1.8019806492420942 1.2497432960823152
653 1.4397633429003764 1.7970757933665338 1.2481744324357904
654 1.4376433960151394 1.7921709379777466 1.2466032556789026
655 1.435520778262526 1.7872660831335676 1.2450297551922407
656 1.4333954791834884 1.782361228788082 1.2434539208979343
657 1.431267486082397 1.777456374939842 1.2418757445577262
658 1.4291367923057277 1.7725515216108794 1.2402952125745055
659 1.4270033843020304 1.7676466688240655 1.238712317202141
660 1.4248672502125164 1.7627418165467452 1.237127049052349
661 1.422728380789796 1.7578369647608505 1.2355393963428398
662 1.4205867634931493 1.752932113531547 1.2339493500707959
663 1.4184423864825766 1.7480272628251212 1.2323569004165493
664 1.4162952408793825 1.743122412639715 1.2307620348688062
665 1.4141453140899638 1.7382175630179904 1.2291647440323874
666 1.4119925950805086 1.7333127138945412 1.2275650169367296
666 1.4098370719996345 1.7284078653556962 1.225962843283883
667 1.4098370719996345 1.7284078653556962 1.225962843283883
668 1.4076787331048797 1.7235030173362307 1.2243582124273098
669 1.405517566106257 1.718598169906123 1.2227511141445222
670 1.4033535602133536 1.7136933230017977 1.221141536663977
671 1.401186703391432 1.7087884766457866 1.2195294692062344
672 1.3990169829575576 1.7038836308404963 1.2179149013891475
673 1.3968443881250143 1.6989787856075058 1.216297821039355
674 1.3946689051725465 1.694073940933031 1.2146782183570963
675 1.3924905238131118 1.6891690968109707 1.2130560804000678
676 1.3903092303655251 1.6842642532462482 1.2114313970306012
677 1.3881250121516342 1.6793594102810299 1.2098041571039584
678 1.3859378564600835 1.674454567883968 1.2081743492892274
679 1.3837477525607673 1.669549726064047 1.206541960392979
680 1.3815546865054138 1.6646448848277697 1.2049069798593504
681 1.3793586456077491 1.6597400441825512 1.2032693958656888
682 1.377159616564386 1.6548352041201222 1.201629196947015
683 1.3749575877945128 1.6499303646415673 1.1999863699709616
683 1.3727525458985226 1.6450255257731183 1.1983409032371395
684 1.3727525458985226 1.6450255257731183 1.1983409032371395
685 1.37054447666778 1.6401206874979282 1.196692785545765
686 1.368333368944503 1.6352158498440432 1.1950420028895492
687 1.3661192072723902 1.6303110127927247 1.1933885448019013
688 1.3639019790756337 1.625406176320439 1.191732398117082
689 1.3616816691807627 1.6205013404936957 1.1900735518226138
690 1.3594582663806343 1.6155965052902332 1.1884119911908226
691 1.3572317567225245 1.6106916706976586 1.18674770371362
692 1.35500212488928 1.6057868367456205 1.1850806779191085
693 1.3527693591548697 1.6008820033913278 1.183410898951366
694 1.350533443393242 1.5959771706721695 1.1817383556694792
695 1.3482943645198746 1.5910723386119594 1.1800630340678888
696 1.3460521073784855 1.5861675071858137 1.1783849217211708
697 1.3438066591464632 1.5812626764058293 1.176704003989822
698 1.34155800338596 1.5763578462716406 1.1750202691893075
699 1.3393061277004719 1.5714530167741911 1.173333701886592
700 1.3370510155786004 1.566548187945961 1.1716442900782265
700 1.3370510155786004 1.566548187945961 1.1716442900782265
701 1.3347926521617597 1.5616433597923143 1.1699520200857858
702 1.3325310247365685 1.556738532282914 1.168256876113387
703 1.330266115965705 1.551833705445538 1.166558846249336
704 1.3279979119366208 1.5469288792993612 1.1648579153588225
705 1.3257263969622792 1.542024053809381 1.163154069604949
706 1.3234515553127406 1.5371192290011464 1.1614472950148256
707 1.321173373460108 1.5322144048853126 1.1597375754496893
708 1.3188918326710872 1.5273095814879127 1.1580248991266608
709 1.3166069190460248 1.5224047587708756 1.1563092497447651
710 1.3143186160053262 1.517499936777461 1.1545906131875951
711 1.3120269093579222 1.512595115473339 1.1528689729493204
712 1.3097317805394606 1.5076902948558029 1.1511443161551793
713 1.307433214454455 1.5027854749518073 1.149416626667899
714 1.3051311935584513 1.4978806557675366 1.147685890246445
715 1.3028257035637414 1.492975837297762 1.1459520895342217
716 1.3005167256700543 1.488071019550836 1.144215210907149
716 1.298204244614381 1.4831662025505252 1.1424752373930847
717 1.298204244614381 1.4831662025505252 1.1424752373930847
718 1.2958882419783881 1.4782613862751186 1.1407321545091786
719 1.2935687017501656 1.4733565707497573 1.1389859454363291
720 1.2912454538822764 1.4684517559663652 1.1372367287344927
721 1.2889186143130245 1.4635469418882574 1.135484370879621
722 1.2865881874182432 1.4586421285856714 1.1337288363518117
723 1.2842541517812496 1.4537373160391036 1.1319701120084231
724 1.2819164926602447 1.4488325042384755 1.1302081785622753
725 1.2795751898406942 1.4439276932105882 1.1284430213048722
726 1.2772302269340148 1.4390228829616372 1.126674621862031
727 1.2748815854646713 1.434118073509628 1.1249029634284957
728 1.272529246649839 1.4292132648147913 1.1231280291415313
729 1.2701731920239592 1.4243084569233861 1.1213498016391135
730 1.2678134031815955 1.419403649833957 1.1195682631781172
731 1.2654498610519442 1.4144988435456576 1.117783396309208
732 1.2630825471776106 1.409594038055737 1.1159951827420227
733 1.260711441028877 1.4046892333779615 1.114203605728828
733 1.2583365245013194 1.3997844295116544 1.112408646062619
734 1.2583365245013194 1.3997844295116544 1.112408646062619
735 1.255957778022992 1.394879626485957 1.1106102855476898
736 1.2535751815875391 1.3899748243024925 1.1088085060380788
737 1.2511887153667056 1.3850700229541355 1.1070032889068946
738 1.2487983590827345 1.380165222434829 1.1051946156051855
739 1.2464040921814812 1.3752604227879157 1.1033824675438184
740 1.2440058946815677 1.3703556239980634 1.1015668252511277
741 1.2416037469350112 1.3654508260387939 1.0997476686177117
742 1.2391976272148901 1.3605460289600284 1.0979249790994758
743 1.236787515263214 1.3556412327591818 1.0960987364678187
744 1.234373389215961 1.3507364374317168 1.0942689215697257
745 1.2319552280799773 1.3458316430018993 1.0924355141537085
746 1.2295330106763855 1.3409268494483666 1.090598493740889
747 1.2271067159596198 1.3360220568122076 1.0887578394250854
748 1.2246763202786424 1.331117265078197 1.0869135322019918
749 1.2222418019497767 1.3262124742628525 1.0850655509795337
750 1.2198031388782782 1.321307684347233 1.0832138746275874
751 1.2173603106674273 1.3164028954003522 1.0813584802010048
752 1.2149132919403498 1.3114981073629077 1.0794993486887459
753 1.2124620607484446 1.3065933202707953 1.0776364577249073
754 1.2100065941680733 1.3016885341304028 1.0757697853914294
755 1.2075468687668531 1.296783748929694 1.0738993098081315
756 1.205082862068839 1.2918789647111506 1.072025007884772
757 1.2026145489704883 1.2869741814608195 1.0701468584115736
758 1.2001419058303475 1.2820693991718903 1.0682648384691302
759 1.1976649087834812 1.2771646178814495 1.0663789249521551
760 1.1951835335129062 1.2722598375769434 1.0644890946894934
761 1.1926977543443251 1.2673550582741484 1.0625953253101121
762 1.1902075473180151 1.2624502799938742 1.0606975924817894
763 1.1877128873235887 1.2575455027195894 1.0587958724211224
764 1.1852137480824227 1.252640726461424 1.0568901419580161
765 1.182710104654123 1.2477359512464454 1.0549803762870014
766 1.1802019315079322 1.2428311770815479 1.053066550648324
766 1.1776892017622638 1.2379264039465396 1.0511486409947026
767 1.1776892017622638 1.2379264039465396 1.0511486409947026
768 1.1751718892754166 1.2330216318732201 1.0492266221867104
769 1.172649967184003 1.2281168608608626 1.047300469218498
770 1.1701234090434387 1.2232120909452728 1.045370156251496
771 1.1675921874589363 1.2183073221047453 1.043435657749802
772 1.1650562766929826 1.2134025543601263 1.041496946228533
773 1.1625156466924946 1.2084977877075465 1.0395539975275834
774 1.1599702704063437 1.2035930221794227 1.0376067843168064
775 1.157420119791672 1.1986882577578968 1.0356552795830547
776 1.1548651654549136 1.193783494471573 1.0336994570282403
777 1.1523053797627443 1.1888787323271492 1.0317392882188359
778 1.1497407323188917 1.1839739713245352 1.0297747466392697
779 1.1471711946419856 1.1790692114859518 1.0278058035216977
780 1.1445967364251117 1.1741644528095776 1.0258324311467233
781 1.142017328598728 1.1692596953192256 1.0238546001345918
782 1.1394329399699734 1.1643549390142232 1.0218722824047077
783 1.1368435395002798 1.1594501839054958 1.0198854491578966
783 1.134249096398985 1.154545430010708 1.0178940707787731
784 1.134249096398985 1.154545430010708 1.0178940707787731
785 1.1316495811839453 1.1496406773573282 1.015898115876613
786 1.1290449608149387 1.1447359259132797 1.0138975555827425
787 1.126435202679094 1.1398311757085962 1.0118923600733014
788 1.1238202755328046 1.1349264267427808 1.0098824976304246
789 1.121200145996675 1.1300216790503612 1.0078679378389168
790 1.1185747819372105 1.1251169326452444 1.005848648488842
791 1.1159441498790796 1.1202121875022988 1.0038245978740796
792 1.1133082149742735 1.1153074436617374 1.001795754904683
793 1.1106669443249146 1.1104027011357573 0.9997620860236208
794 1.1080203035023597 1.1054979599231725 0.9977235583398478
795 1.1053682573586603 1.1005932200490545 0.9956801389240035
796 1.1027107709192774 1.0956884815219416 0.9936317939549266
797 1.10004780805352 1.090783744345398 0.991578489916257
798 1.0973793336896291 1.085879008525424 0.989520191595427
799 1.0947053102042552 1.0809742741023836 0.9874568653555635
800 1.0920257014214876 1.0760695410677814 0.9853884754425322
801 1.0893404711221746 1.0711648094657424 0.983314985407906
802 1.0866495813901365 1.066260079271416 0.9812363594778767
803 1.0839529926615308 1.0613553505105344 0.9791525626074336
804 1.0812506677064029 1.0564506231922588 0.9770635568098645
805 1.0785425673589604 1.05154589733988 0.974969305026887
806 1.0758286525361764 1.046641172960093 0.9728697692636495
807 1.073108883540605 1.0417364500816182 0.9707649112404353
808 1.0703832195455822 1.0368317286919184 0.9686546927857225
809 1.0676516212923486 1.0319270088195935 0.9665390734577709
810 1.0649140460417705 1.0270222904878583 0.9644180150550611
811 1.0621704521103414 1.0221175736974513 0.9622914774805567
812 1.0594207978424477 1.0172128584621714 0.9601594196883482
813 1.0566650407207323 1.0123081448157394 0.9580218004801807
814 1.053903136991367 1.007403432766056 0.9558785787866082
815 1.0511350435059432 1.002498722330792 0.9537297120140431
816 1.0483607152190684 0.997594013532264 0.9515751582925386
816 1.0455801086962864 0.992689306362228 0.9494148732419873
817 1.0455801086962864 0.992689306362228 0.9494148732419873
818 1.0427931778946402 0.9877846008633516 0.9472488138612981
819 1.0399998775141517 0.9828798970455327 0.9450769353885412
820 1.0372001603821317 0.9779751949235181 0.9428991936939215
821 1.034393979452349 0.9730704945085902 0.9407155434371091
822 1.0315812877236676 0.9681657958275126 0.9385259381390192
823 1.0287620362850916 0.9632610988881062 0.9363303319069662
824 1.025936177497965 0.9583564037090325 0.9341286765481408
825 1.0231036613267075 0.9534517103195627 0.9319209248876855
826 1.0202644376215868 0.9485470187427023 0.9297070286541886
827 1.0174184554565444 0.9436423289792939 0.9274869390450117
828 1.01456566469891 0.9387376410536852 0.9252606053175195
829 1.0117060124848452 0.9338329549905207 0.9230279779566981
830 1.008839446822072 0.9289282708010617 0.9207890053538874
831 1.0059659128882266 0.9240235885232333 0.9185436371996653
832 1.0030853586199966 0.9191189081645205 0.9162918193014065
833 1.0001977281651786 0.9142142297560922 0.9140334995893066
833 0.9973029662639253 0.9093095533164995 0.9117686240550704
834 0.9973029662639253 0.9093095533164995 0.9117686240550704
835 0.994401016907785 0.9044048788596897 0.9094971379575318
836 0.9914918228029392 0.8995002064199573 0.907218986312038
837 0.9885753269823232 0.8945955360014263 0.9049341123374229
838 0.9856514701573973 0.8896908676480607 0.9026424599214439
839 0.9827201939910511 0.8847862013616368 0.9003439705134357
840 0.9797814380976734 0.8798815371788903 0.8980385859189709
841 0.9768351409602154 0.8749768751236588 0.8957262473825099
842 0.9738812417169846 0.8700722152228881 0.8934068939339279
843 0.9709196770339102 0.8651675575092077 0.8910804652267759
844 0.9679503838863224 0.8602629019905562 0.8887468989232684
845 0.9649732980143788 0.855358248720159 0.8864061321491753
846 0.9619883541407301 0.850453597700982 0.8840581011613455
847 0.958995485871073 0.8455489489626042 0.8817027414832687
848 0.9559946264207653 0.8406443025275359 0.8793399871659322
849 0.9529857074999123 0.8357396584364086 0.8769697718016254
850 0.949968660050714 0.830835016714732 0.8745920277731878
851 0.9469434142691922 0.8259303773843377 0.8722066862060107
852 0.9439098983923884 0.8210257404770801 0.8698136780591057
853 0.9408680407706939 0.8161211060234429 0.8674129321630832
854 0.9378177681525242 0.8112164740621943 0.8650043767674279
855 0.9347590064013749 0.8063118446121972 0.862587938806097
856 0.9316916798743738 0.8014072177177245 0.8601635444740513
857 0.9286157122472103 0.7965025934084533 0.8577311183772145
858 0.9255310260125118 0.791597971724717 0.8552905839744542
859 0.9224375416841852 0.7866933526828381 0.8528418642269204
860 0.9193351797285861 0.7817887363285259 0.8503848798207985
861 0.9162238583820397 0.7768841226962254 0.8479195510888852
862 0.9131034954609198 0.7719795118252691 0.8454457963010933
863 0.909974006788048 0.7670749037486884 0.8429635330532647
864 0.9068353074663638 0.7621702984903432 0.8404726770286385
865 0.9036873107882295 0.7572656960953154 0.837973142983274
866 0.9005299286120422 0.7523610966032142 0.8354648443087329
866 0.8973630722487991 0.7474565000598509 0.8329476921606757
867 0.8973630722487991 0.7474565000598509 0.8329476921606757
868 0.8941866502307465 0.742551906495436 0.8304215974414504
869 0.8910005706115973 0.7376473159441437 0.8278864686223607
870 0.8878047397266873 0.7327427284748276 0.8253422128613597
871 0.8845990621089924 0.7278381441098828 0.8227887359213648
872 0.881383441314583 0.7229335628869414 0.8202259414003584
873 0.8781577781031245 0.7180289848639466 0.8176537323565407
874 0.8749219729575328 0.7131244100773609 0.8150720088406955
875 0.8716759237950422 0.7082198385718425 0.8124806699816188
876 0.8684195271340922 0.703315270398632 0.8098796128176347
877 0.8651526774115416 0.6984107056036918 0.8072687328360045
878 0.8618752673525005 0.6935061442476227 0.8046479235654687
879 0.8585871886296295 0.6886015863636527 0.8020170758227981
880 0.8552883295623085 0.6836970320092556 0.7993760798292848
881 0.8519785778716769 0.6787924812397869 0.7967248225131138
882 0.8486578184100221 0.6738879341126881 0.7940631895376055
883 0.8453259340087286 0.6689833906664686 0.7913910643838841
883 0.8419828057199054 0.6640788509682047 0.7887083280761409
884 0.8419828057199054 0.6640788509682047 0.7887083280761409
885 0.8386283125105862 0.6591743150752989 0.7860148593146596
886 0.8352623305545664 0.6542697830518538 0.7833105350476611
887 0.8318847343137261 0.6493652549465029 0.780595229316481
888 0.8284953959741892 0.6444607308254269 0.7778688137037086
889 0.8250941848482176 0.6395562107502326 0.775131157745202
890 0.8216809678870894 0.6346516947855718 0.7723821283308364
891 0.818255609734675 0.6297471830009969 0.7696215895240812
892 0.8148179728116929 0.6248426754526243 0.7668494023229253
893 0.8113679157150878 0.6199381722213511 0.7640654260712012
894 0.8079052954347652 0.6150336733749934 0.7612695161801358
895 0.8044299654882029 0.6101291789772068 0.758461525742547
896 0.8009417768098044 0.6052246891209153 0.7556413045796648
897 0.7974405776175176 0.6003202038643359 0.7528086991232492
898 0.7939262121997844 0.5954157232977517 0.7499635534743129
899 0.790398522515845 0.5905112474985134 0.7471057076611318
900 0.7868573471965069 0.5856067765398626 0.7442349984102204
901 0.7833025210327618 0.5807023105219317 0.7413512594805548
902 0.7797338760361828 0.5757978495167098 0.7384543203942961
903 0.7761512404217088 0.5708933936152125 0.7355440072543428
904 0.772554438353179 0.5659889429158257 0.7326201427595445
905 0.7689432906983744 0.5610844975052031 0.7296825452441511
906 0.7653176146807601 0.5561800574848839 0.726731028811986
907 0.7616772231144185 0.5512756229448891 0.7237654037897847
908 0.7580219250373114 0.5463711939986279 0.7207854759237134
909 0.7543515252800318 0.5414667707383553 0.7177910464718036
910 0.7506658239604364 0.536562353283215 0.7147819124791998
911 0.746964616699162 0.5316579417363396 0.7117578662370073
912 0.7432476949836337 0.526753536204561 0.7087186946690229
913 0.7395148454302902 0.5218491368142403 0.7056641797509824
914 0.7357658492773071 0.5169447436827481 0.7025940986395439
915 0.7320004830765134 0.5120403569334435 0.6995082227014346
916 0.728218517772819 0.5071359766962681 0.6964063180476253
916 0.7244197193784935 0.5022316030977203 0.693288144514624
917 0.7244197193784935 0.5022316030977203 0.693288144514624
918 0.7206038477493181 0.49732723627616515 0.6901534564788698
919 0.7167706570873659 0.49242287637282023 0.6870020019706243
920 0.7129198957305207 0.4875185235261724 0.6838335224557281
921 0.7090513058848478 0.4826141778897639 0.6806477526862379
922 0.7051646228442878 0.4777098396062662 0.6774444209628941
923 0.7012595756562596 0.47280550884330425 0.6742232480759193
924 0.69733588632658 0.4679011857595752 0.6709839475268956
925 0.6933932696618411 0.46299687052304894 0.6677262251894174
926 0.689431433099844 0.458092563301326 0.6644497789165709
927 0.6854500760523264 0.4531882642874835 0.6611542986434619
928 0.6814488902062104 0.4482839736528041 0.6578394654324711
929 0.6774275593756957 0.4433796915958976 0.6545049510600187
930 0.6733857581680747 0.4384754183125709 0.6511504186031939
931 0.6693231522809202 0.4335711540132691 0.647775521488753
932 0.6652393984118359 0.4286668989015194 0.6443799028213008
933 0.6611341436318007 0.42376265320033074 0.6409631952639447
933 0.6570070246011499 0.41885841713881977 0.6375250209738574
934 0.6570070246011499 0.41885841713881977 0.6375250209738574
935 0.6528576678113206 0.4139541909499582 0.6340649905173408
936 0.6486856887345589 0.4090499748826444 0.6305827028196193
937 0.6444906917147363 0.4041457691870909 0.6270777443066213
938 0.6402722690443742 0.39924157412444683 0.6235496888227363
939 0.636030000777011 0.3943373899751594 0.6199980967775326
940 0.6317634541773098 0.38943321701659045 0.6164225145370512
941 0.6274721830757916 0.3845290555463839 0.6128224739166439
942 0.6231557274263703 0.37962490587176906 0.6091974913551992
943 0.6188136125559458 0.3747207683084779 0.6055470673321688
944 0.6144453481611375 0.3698166431903203 0.6018706859724429
945 0.6100504285452754 0.3649125308668688 0.5981678133347734
946 0.6056283308277307 0.36000843169219776 0.5944378975801269
947 0.6011785149495946 0.35510434604387126 0.5906803673342264
948 0.596700422225736 0.35020027431448786 0.5868946313264122
949 0.5921934749722074 0.34529621690974277 0.5830800768717488
950 0.5876570751863015 0.34039217425633117 0.579236069179323
950 0.5876570751863015 0.34039217425633117 0.579236069179323
951 0.5830906039784727 0.3354881468027558 0.5753619497788063
952 0.5784934197983277 0.33058413501436756 0.5714570359842893
953 0.5738648581041064 0.3256801393798107 0.5675206188017322
954 0.5692042294428453 0.3207761604093912 0.5635519622251873
955 0.5645108186470262 0.3158721986345077 0.5595503012529761
956 0.5597838831339844 0.3109682546192312 0.5555148406171617
957 0.5550226517719697 0.3060643289515759 0.5514447527041149
958 0.5502263228887349 0.30116042224799605 0.5473391761173444
959 0.5453940627205506 0.2962565351585257 0.543197213553683
960 0.5405250036818594 0.29135266836366236 0.5390179295667622
961 0.5356182421253841 0.2864488225833291 0.5348003485592143
962 0.5306728366673866 0.2815449985725238 0.5305434518574947
963 0.5256878055015287 0.27664119713046864 0.5262461754587232
964 0.520662123949781 0.2717374191009375 0.5219074071290564
965 0.515594722088839 0.26683366536973374 0.5175259829827297
966 0.5104844815635154 0.26192993688103955 0.5131006844298159
966 0.5053302332882771 0.2570262346321604 0.5086302336585786
967 0.5053302332882771 0.2570262346321604 0.5086302336585786
968 0.5001307546160504 0.2521225596746354 0.5041132890701543
969 0.49488476435645223 0.24721891312922548 0.49954844225343803
970 0.48959091866608073 0.24231529618798092 0.4949342133391347
971 0.4842478048050657 0.2374117101135259 0.4902690477019223
972 0.4788539368418058 0.23250815625417995 0.4855513098370774
973 0.4734077519971855 0.2276046360364487 0.4807792755320193
974 0.4679076049682195 0.22270115099365084 0.4759511250277217
975 0.46235176239804143 0.21779770276288205 0.47106493470090566
976 0.456738395925236 0.21289429309522348 0.4661186687927861
977 0.45106557374077305 0.2079909238696696 0.46111017106617364
978 0.44533125231675164 0.2030875971029819 0.4560371544697505
979 0.4395332670608117 0.1981843149687079 0.45089718986228194
980 0.43366932164008987 0.19328107980419085 0.4456876937322266
981 0.4277369768794663 0.1883778941370846 0.4404059137262018
982 0.4217336375764591 0.18347476069920318 0.4350489132276999
983 0.41565653845845624 0.17857168245097121 0.42961355332756057
983 0.40950272777455077 0.1736686626110939 0.4240964731905428
984 0.40950272777455077 0.1736686626110939 0.4240964731905428
985 0.4032690491986966 0.16876570468411284 0.418494067470473
986 0.3969521214604336 0.16386281249434617 0.4128024606380124
987 0.39054831494197 0.1589599902289052 0.40701747811285377
988 0.38405372523931547 0.15405724248034164 0.40113461309181137
989 0.37746414321628174 0.14915457430157705 0.3951489882738704
990 0.3707750202545645 0.1442519912737904 0.38905531223422424
991 0.36398142843420894 0.13934949957448506 0.38284782873111073
992 0.3570780147063484 0.1344471060733773 0.37652025757996627
993 0.35005894730956433 0.12954481843107907 0.37006572586336417
994 0.34291785326229046 0.12464264522790962 0.36347668703201974
995 0.3356477450561514 0.11974059611871236 0.35674482514006056
996 0.3282409340846448 0.11483868201257308 0.34986094081416175
997 0.3206889273017181 0.10993691530435208 0.3428148150588269
998 0.31298230381356945 0.10503531014904197 0.3355950444137798
999 0.3051105657433819 0.10013388281436043 0.32818884056142333
1000 0.2970619567038082 0.09523265211517228 0.3205817842576388
1001 0.28882323889393285 0.09033163997483885 0.3127575202077564
1002 0.2803794166681626 0.08543087213813491 0.30469737455529733
1003 0.27171338949199153 0.08053037910939019 0.2963798702005583
1004 0.2628055119837927 0.07563019739333901 0.2877801033260031
1005 0.2536330273014791 0.07073037116098904 0.27886893088618103
1006 0.24416932712595887 0.06583095453817665 0.26961189316058787
1007 0.2343829683466551 0.060932014812051995 0.25996775807503575
1008 0.22423634078553736 0.05603363703046807 0.24988651185696698
1009 0.21368382146125203 0.05113593078527027 0.23930651574641046
1010 0.20266915079747252 0.046239040556869955 0.2281503641522467
1011 0.191121588237619 0.041343162102255186 0.21631864031421594
1012 0.1789500733466537 0.0364485696598212 0.20368010461339536
1013 0.1660339640059741 0.03155566377251967 0.1900554742605812
1014 0.15220753740635048 0.026665061656244674 0.1751888382837218
1015 0.13723224184263078 0.021777784843096434 0.15869291757304246
1016 0.12074246916502704 0.016895702249069708 0.13993172713717814
1016 0.10212641225825732 0.012022791658734213 0.11772460613157516
1017 0.10212641225825732 0.012022791658734213 0.11772460613157516
1018 0.08021955005242738 0.007169998828693286 0.08937969390263774
1019 0.052409956704775586 0.0023890456697558573 0.0455838130760785
1020 0.045998227928528646 0.0002527394443604022 0.0054945474150244426
1021 0.04242382087249081 2.3653211952595725e-05 0.0005575455361196227
1022 0.03934938516913769 2.1950110496813714e-06 5.578260092874212e-05
1023 0.0365904066091019 2.0375077503151589e-07 5.568420630254288e-06
1024 0.03399154188105211 1.8914893109830375e-08 5.564588148434094e-07
