1 0.9991209313663526 2.995110532696242 2.997745756962838
2 0.9982428106770859 2.990190888008775 2.9954544686183064
3 0.9973700007117511 2.985285917834162 2.993157921036104
4 0.9964979280447079 2.9803812772813503 2.9908554683393533
5 0.9956249669085177 2.9754765971934383 2.988551609380079
6 0.9947508702073745 2.9705719153281427 2.9862471140225
7 0.9938750757424302 2.965667233382551 2.9839436623030124
8 0.9929966118855843 2.9607625513105282 2.9816441626003
9 0.9921156773383134 2.955857869163192 2.9793480101970395
10 0.9912319135075307 2.9509531864128165 2.977056273310148
11 0.9903453247881069 2.9460485034149784 2.9747689312768872
12 0.9894563233979872 2.941143820275863 2.972484738058369
13 0.9885661440180201 2.9362391374819627 2.9701999762480633
14 0.9876752877752103 2.9313344550503198 2.9679131302893103
15 0.9867837529087308 2.9264297734433766 2.965624195592169
16 0.9858915322337458 2.9215250926732783 2.9633331833715473
16 0.9849986212137903 2.916620412517314 2.9610400966076806
17 0.9849986212137903 2.916620412517314 2.9610400966076806
18 0.9841050204321832 2.911715732992853 2.958744923091779
19 0.9832107283511128 2.906811054162687 2.9564476569916356
20 0.9823157429197003 2.9019063759046912 2.9541482937853196
21 0.9814200607635393 2.8970016983448965 2.9518468331399763
22 0.9805236816011018 2.8920970213924413 2.949543265155944
23 0.9796266040613224 2.8871923451638524 2.947237583375309
24 0.9787288258394871 2.882287669681414 2.94492978400752
25 0.9778303454389817 2.8773829947567355 2.9426198605699634
26 0.9769311612652183 2.872478320505098 2.940307807138598
27 0.9760312709480545 2.867573646933165 2.9379936199664862
28 0.9751306727210486 2.862668974097298 2.9356772934946016
29 0.9742293645868261 2.857764301846498 2.933358822599733
30 0.9733273455376904 2.852859630341475 2.931038199451269
31 0.9724246140379182 2.847954959510833 2.9287154175221044
32 0.9715211668278053 2.843050289343809 2.9263904754920467
33 0.9706170038058909 2.838145619880237 2.9240633625328742
33 0.9697121221474319 2.8332409510661325 2.921734075873887
34 0.9697121221474319 2.8332409510661325 2.921734075873887
35 0.9688065197352981 2.828336282977647 2.919402610699212
36 0.9679001953872609 2.8234316156425523 2.9170689592772376
37 0.9669931472033995 2.818526948962634 2.9147331158591747
38 0.9660853735519965 2.813622282975612 2.9123950739786015
39 0.9651768727330774 2.808717617635346 2.9100548272379765
40 0.9642676419647606 2.80381295298638 2.9077123725456775
41 0.9633576801288913 2.7989082891366266 2.905367701809519
42 0.9624469854986138 2.794003625916324 2.9030208084332436
43 0.9615355547961686 2.7890989634629726 2.9006716907667762
44 0.960623386948248 2.784194301691573 2.898320340228784
45 0.959710479768872 2.7792896406246803 2.895966751654123
46 0.9587968328419285 2.7743849802646134 2.8936109144636806
47 0.9578824436031667 2.7694803207037912 2.8912528246014464
48 0.956967309647239 2.7645756618529407 2.888892477290608
49 0.9560514282119625 2.759671003738019 2.886529868899671
50 0.9551347993576732 2.754766346350442 2.8841649871861215
51 0.9542174204934633 2.749861689653659 2.8817978278279575
52 0.9532992885655526 2.7449570336984817 2.8794283879398153
53 0.9523804025853562 2.7400523785000837 2.8770566583078225
54 0.9514607596637403 2.7351477240637347 2.874682635393576
55 0.9505403584794574 2.730243070320354 2.8723063107891793
56 0.9496191977064333 2.7253384173120856 2.8699276761616193
57 0.9486972739311254 2.7204337650511814 2.8675467293992485
58 0.9477745858381579 2.7155291135495894 2.8651634619935815
59 0.9468511311901481 2.7106244627823837 2.862777868127225
60 0.9459269088261829 2.705719812799158 2.8603899387498477
61 0.9450019154127972 2.7008151635954754 2.8579996712659583
62 0.9440761485143626 2.6959105151649814 2.8556070603069235
63 0.943149607125786 2.691005867496377 2.8532120961139125
64 0.9422222898776582 2.686101220610237 2.85081477000402
65 0.9412941949695725 2.681196574415859 2.8484150744205206
66 0.9403653175780455 2.6762919290176463 2.8460130111035573
66 0.9394356578189466 2.671387284405184 2.8436085666657003
67 0.9394356578189466 2.671387284405184 2.8436085666657003
68 0.9385052135758026 2.6664826405762425 2.841201734422621
69 0.9375739823892735 2.6615779974586284 2.8387925085932704
70 0.9366419619662812 2.65667335521695 2.8363808830856003
71 0.9357091495274018 2.651768713743279 2.833966852929253
72 0.9347755437560846 2.6468640730645094 2.8315504088061254
73 0.9338411414057548 2.6419594332086085 2.8291315471832212
74 0.932905942255106 2.6370547940711044 2.826710255158814
75 0.9319699431456084 2.6321501557729845 2.824286528907665
76 0.9310331421247635 2.6272455182535177 2.82186036069321
77 0.9300955364707354 2.62234088158246 2.8194317451871456
78 0.9291571239265269 2.6174362457117244 2.817000675462397
79 0.9282179027423393 2.612531610629277 2.8145671430283548
80 0.9272778714254812 2.6076269764544318 2.812131138690705
81 0.9263370256414453 2.602722342984693 2.809692661461339
82 0.925395365052219 2.5978177103582434 2.8072516985339036
83 0.9244528866529108 2.592913078595896 2.804808244997578
83 0.9235095884922594 2.588008447614291 2.802362292566476
84 0.9235095884922594 2.588008447614291 2.802362292566476
85 0.922565468144827 2.5831038174736785 2.799913834481582
86 0.9216205221741417 2.578199188233703 2.797462866985234
87 0.9206747500692704 2.573294559776204 2.795009377179718
88 0.9197281484501424 2.568389932182922 2.792553361024105
89 0.9187807157663134 2.563485305387222 2.790094808693427
90 0.9178324487433256 2.558580679458687 2.787633715676358
91 0.9168833452196802 2.5536760543887405 2.785170073927882
92 0.9159334037356045 2.5487714302157176 2.7827038732517413
93 0.9149826210577686 2.5438668068680417 2.7802351086485078
94 0.9140309953354226 2.538962184372357 2.7777637709546514
95 0.9130785246069005 2.5340575627965167 2.7752898513164372
96 0.9121252062143509 2.529152941986375 2.7728133426805224
97 0.9111710363554376 2.52424832212176 2.770334241766964
98 0.9102160140001332 2.5193437031496897 2.767852536540102
99 0.9092601356987144 2.514439085022922 2.765368222253271
100 0.9083034003134458 2.5095344677691998 2.7628812871373003
101 0.9073458048486183 2.5046298513400056 2.7603917249144923
102 0.9063873464118343 2.499725235883897 2.7578995291358575
103 0.9054280229929619 2.4948206213828903 2.75540469040937
104 0.9044678316784445 2.4899160076876568 2.752907201870358
105 0.9035067709161098 2.4850113948769623 2.7504070526857123
106 0.9025448365752338 2.480106783009224 2.747904239771792
107 0.9015820273571513 2.475202172039917 2.74539875123242
108 0.9006183407338392 2.470297561945624 2.7428905788580584
109 0.8996537737534778 2.4653929528252916 2.740379715787038
110 0.8986882513983642 2.4604883445176005 2.7378663743395624
111 0.8977218442831877 2.4555837371502505 2.735350323474621
112 0.8967545495013987 2.4506791306752556 2.73283155578954
113 0.8957863641236823 2.445774525150532 2.7303100639884725
114 0.8948172858488579 2.4408699205325393 2.727785838666535
115 0.8938473116972283 2.4359653168588964 2.7252588724952473
116 0.8928764395375017 2.4310607140513567 2.7227291553471993
116 0.8919046669226876 2.4261561122532864 2.720196678221431
117 0.8919046669226876 2.4261561122532864 2.720196678221431
118 0.8909319908917961 2.421251511395147 2.7176614333620988
119 0.8899584080273399 2.4163469114353777 2.7151234143530294
120 0.8889839165311254 2.4114423124629267 2.712582609899778
121 0.8880085131438994 2.40653771442431 2.7100390129191667
122 0.8870321952742588 2.401633117330053 2.707492614275967
123 0.8860549604372221 2.3967285212057736 2.7049434044397342
124 0.8850768059936951 2.3918239260939953 2.7023913742815147
125 0.8840977291629415 2.3869193319108666 2.699836514873517
126 0.8831177263940607 2.382014738736799 2.6972788197367783
127 0.8821367955101629 2.3771101465223614 2.694718277960071
128 0.8811549336172521 2.3722055553237746 2.692154880851171
129 0.8801721380236023 2.3673009650751395 2.6895886188704363
130 0.8791884062544713 2.3623963758068527 2.6870194818322974
131 0.878203734809329 2.357491787549048 2.6844474625935115
132 0.8772181209785493 2.3525872002895545 2.6818725514530066
133 0.876231562447554 2.3476826140168936 2.6792947374084255
133 0.8752440559360832 2.3427780287418867 2.676714012340546
134 0.8752440559360832 2.3427780287418867 2.676714012340546
135 0.8742555987672643 2.3378734445015374 2.6741303662201688
136 0.8732661878218922 2.332968861292444 2.6715437902289043
137 0.872275819301802 2.328064279118794 2.668954277538328
138 0.8712844913884203 2.3231596979175113 2.666361815089214
139 0.8702922013618124 2.3182551177866686 2.663766392665726
140 0.8692989452607445 2.313350538700902 2.6611680036112513
141 0.868304720381911 2.308445960596009 2.6585666372753023
142 0.8673095240595469 2.303541383573484 2.6559622829822978
143 0.8663133529536027 2.298636807582844 2.6533549318452585
144 0.8653162042353246 2.2937322326305662 2.650744573375377
145 0.8643180747312601 2.2888276587363423 2.648131198052292
146 0.8633189611383969 2.2839230859183357 2.6455147966479156
147 0.8623188608411966 2.279018514137969 2.6428953576578094
148 0.8613177702350938 2.2741139434561104 2.6402728726186604
149 0.8603156867064584 2.2692093738295394 2.637647329803715
150 0.8593126070088567 2.264304805317148 2.635018719437699
151 0.8583085279276906 2.2594002378809557 2.632387031428053
152 0.8573034464611372 2.2544956715347966 2.629752254981744
153 0.8562973587308818 2.249591106329803 2.627114381929102
154 0.855290262576203 2.2446865421503377 2.6244733985269066
155 0.8542821532507449 2.2397819790895275 2.6218292990982306
156 0.8532730287802867 2.2348774171399906 2.6191820692312775
157 0.8522628855117933 2.2299728562896064 2.6165316995477084
158 0.851251720153985 2.225068296621455 2.6138781795576955
159 0.8502395292035952 2.220163738026366 2.6112214990826823
160 0.8492263101659753 2.2152591806037174 2.6085616449763087
161 0.8482120584106961 2.210354624268941 2.605898610319813
162 0.8471967719384216 2.2054500691156718 2.603232380205498
163 0.846180446622462 2.200545515048557 2.600562945920173
164 0.8451630796195367 2.195640962183491 2.5978902949379816
165 0.8441446668373521 2.1907364104675433 2.5952144182528483
166 0.8431252053790443 2.185831859890761 2.5925353031144116
166 0.8421046915649059 2.1809273104586966 2.5898529390755685
167 0.8421046915649059 2.1809273104586966 2.5898529390755685
168 0.8410831219233952 2.1760227622202692 2.5871673149784815
169 0.8400604928250247 2.171118215174211 2.5844784199683
170 0.8390368004557998 2.1662136693262695 2.581786243642105
171 0.8380120423132198 2.1613091246106477 2.579090771350545
172 0.8369862143256042 2.1564045811080033 2.5763919933203576
173 0.8359593130013305 2.1515000387891674 2.573689897735182
174 0.8349313341244303 2.146595497714732 2.5709844749877644
175 0.8339022749757655 2.141690957859188 2.568275710629796
176 0.8328721315482731 2.1367864191642454 2.565563594008185
177 0.8318409002596932 2.131881881734247 2.562848113225369
178 0.8308085777426852 2.12697734547367 2.560129255348672
179 0.8297751597849797 2.1220728104867783 2.557407010155224
180 0.8287406429307459 2.117168276738336 2.5546813647888853
181 0.8277050236434333 2.1122637442350274 2.5519523065562164
182 0.8266682980968103 2.107359212963844 2.549219823495703
183 0.8256304623239245 2.102454682960214 2.546483904000317
183 0.8245915129634881 2.097550154210848 2.5437445343967844
184 0.8245915129634881 2.097550154210848 2.5437445343967844
185 0.8235514459055352 2.092645626751825 2.541001703240116
186 0.8225102567348548 2.087741100549979 2.5382553998022486
187 0.8214679427086218 2.082836575646644 2.535505608142076
188 0.8204244994262028 2.0779320520442455 2.532752317242515
189 0.8193799226708264 2.0730275297450476 2.529995515374442
190 0.8183342085167896 2.0681230087377647 2.527235189747458
191 0.817287353794023 2.0632184890147447 2.5244713250937294
192 0.8162393542019626 2.0583139706097873 2.521703909537909
193 0.8151902059004231 2.053409453516321 2.5189329295832446
194 0.81413990419899 2.048504937792277 2.516158374287949
195 0.8130884456290446 2.043600423337254 2.513380228587833
196 0.8120358258105352 2.0386959102287108 2.5105984802995387
197 0.8109820410488002 2.0337913985247638 2.5078131149421865
198 0.8099270868112729 2.0288868880899336 2.5050241202300962
199 0.8088709598946514 2.0239823790299583 2.5022314799057255
200 0.8078136552204591 2.01907787138806 2.4994351832750796
201 0.806755168038799 2.0141733650982716 2.496635218333556
202 0.8056954951908532 2.0092688601764124 2.4938315680919336
203 0.80463463238552 2.004364356655722 2.4910242189219893
204 0.8035725748507574 1.9994598544989415 2.4882131584322535
205 0.8025093182402759 1.9945553537886909 2.4853983728965368
206 0.801444859154412 1.9896508544195302 2.4825798452544445
207 0.8003791925960761 1.984746356493243 2.479757563481384
208 0.7993123140671362 1.97984186000324 2.47693151370235
209 0.7982442192478415 1.974937364890748 2.4741016812519665
210 0.7971749039579447 1.9700328712128745 2.471268051003277
211 0.7961043639267489 1.9651283789948624 2.4684306078941147
212 0.7950325948027728 1.9602238882299514 2.465589336895342
213 0.7939595912718652 1.9553193989284612 2.4627442258064827
214 0.792885349340331 1.9504149110628444 2.4598952581045435
215 0.7918098646435354 1.9455104246999841 2.457042418353594
216 0.790733132100662 1.9406059398156343 2.4541856930418735
216 0.7896551476640865 1.9357014564007116 2.451325065285517
217 0.7896551476640865 1.9357014564007116 2.451325065285517
218 0.788575906705366 1.930796974480549 2.448460519859566
219 0.7874954040798307 1.925892494052437 2.445592042918391
220 0.786413635359905 1.9209880151549361 2.4427196182525357
221 0.7853305961736383 1.916083537754356 2.43984322919555
222 0.7842462222121458 1.9111790618419073 2.436963045165828
223 0.7831605676076175 1.9062745874576932 2.434078867480446
224 0.7820736285437672 1.9013701146218653 2.431190677228492
225 0.7809853995600363 1.8964656432846656 2.4282984603208058
226 0.779895875908904 1.8915611735306437 2.425402200423468
227 0.7788050526215579 1.886656705346286 2.4225018815627313
228 0.7777129247328414 1.881752238725019 2.419597487558067
229 0.7766194871393656 1.8768477736751326 2.416689002471978
230 0.77552473487941 1.871943310226033 2.4137764097454744
231 0.7744286628184082 1.8670388483557259 2.41085969308127
232 0.7733312663476605 1.8621343880686227 2.4079388343668464
233 0.7722325404695903 1.857229929419579 2.405013816550916
233 0.7711324790165177 1.8523254723786073 2.4020846259011357
234 0.7711324790165177 1.8523254723786073 2.4020846259011357
235 0.7700310783056967 1.8474210169531167 2.3991512407759004
236 0.7689283318455402 1.8425165632016873 2.396213648129441
237 0.7678242352684083 1.8376121110789896 2.393271827941997
238 0.76671878275055 1.8327076606343347 2.390325764629926
239 0.7656119691603694 1.8278032118685732 2.387375440163359
240 0.7645037890992025 1.822898764780283 2.3844208371133955
241 0.7633942373688828 1.8179943193940322 2.3814619372291017
242 0.7622833085585545 1.8130898756785383 2.37849872261668
243 0.7611709971060742 1.808185433668748 2.375531175706062
244 0.7600572976947728 1.8032809933477831 2.3725592778558555
245 0.7589422044677386 1.798376554772864 2.369583011968746
246 0.7578257123135874 1.7934721179424469 2.366602358300968
247 0.7567078151572101 1.7885676828422077 2.363617299856515
248 0.7555885075624049 1.7836632494554734 2.360627817394587
249 0.7544677841982917 1.7787588178410505 2.3576338911954804
250 0.7533456386832632 1.773854388025062 2.35463550452817
251 0.7522220660781647 1.7689499599754763 2.3516326358228126
252 0.7510970604906789 1.7640455337572671 2.3486252663601777
253 0.7499706155514021 1.759141109283424 2.3456133784522315
254 0.7488427257469503 1.7542366866320886 2.3425969516927405
255 0.7477133847607236 1.7493322657990018 2.3395759678139334
256 0.7465825874377034 1.7444278468391563 2.336550404726276
257 0.7454503271503303 1.7395234296698705 2.333520244493865
258 0.7443165978391764 1.7346190143857345 2.3304854673689968
259 0.7431813940371862 1.729714600977527 2.32744605133505
260 0.7420447086271275 1.724810189424689 2.3244019792497363
261 0.7409065365700346 1.7199057797696027 2.3213532272663757
262 0.7397668707835472 1.7150013720046622 2.3182997775882623
263 0.7386257057646285 1.710096966149098 2.3152416072208024
264 0.7374830343753397 1.7051925622207464 2.312178698002284
265 0.7363388513328638 1.7002881602309885 2.309111025655183
266 0.7351931496600922 1.6953837601889605 2.306038570915413
266 0.7340459230192207 1.6904793620957936 2.302961312205979
267 0.7340459230192207 1.6904793620957936 2.302961312205979
268 0.7328971649226003 1.685574966005317 2.2998792281906657
269 0.731746868780513 1.6806705718758062 2.2967922974193447
270 0.7305950281569613 1.6757661797127033 2.293700497716337
271 0.7294416361852701 1.6708617895762101 2.2906038080225923
272 0.7282866870339553 1.6659574014423895 2.2875022035995514
273 0.7271301731128772 1.6610530153366045 2.284395664981913
274 0.7259720877642815 1.6561486312683076 2.281284169434967
275 0.7248124242840894 1.6512442492448005 2.278167694042724
276 0.7236511761968454 1.6463398692949904 2.275046214872949
277 0.7224883365384065 1.6414354914104299 2.271919709146991
278 0.7213238982205408 1.6365311156279008 2.2687881542052284
279 0.7201578545611874 1.6316267419640098 2.2656515257452914
280 0.7189901976603595 1.626722370407193 2.2625098029161625
281 0.717820921153143 1.6218180009673484 2.2593629597225724
282 0.7166500174307406 1.6169136336761318 2.2562109737650227
283 0.7154774798725542 1.6120092685382819 2.2530538191438594
283 0.7143033007972315 1.6071049055563884 2.249891472939722
284 0.7143033007972315 1.6071049055563884 2.249891472939722
285 0.7131274727115192 1.6022005447802214 2.2467239113481163
286 0.7119499882591728 1.597296186209098 2.2435511096990575
287 0.7107708405155144 1.5923918298309634 2.240373041578378
288 0.7095900219413863 1.5874874756762598 2.2371896821956576
289 0.7084075248431954 1.5825831237496955 2.2340010068357152
290 0.7072233413408973 1.577678774102033 2.2308069910570967
291 0.7060374642989733 1.5727744266913986 2.2276076075552322
292 0.7048498852388421 1.567870081556877 2.224402832988468
293 0.7036605972928541 1.5629657387209512 2.221192638516415
294 0.7024695923380225 1.5580613982299905 2.217976998896579
295 0.7012768620994989 1.5531570600584363 2.2147558888632926
296 0.7000823990558056 1.5482527242264505 2.2115292804312237
297 0.6988861946455925 1.543348390777724 2.2082971485226732
298 0.6976882414916111 1.5384440596880595 2.2050594638071703
299 0.696488531184081 1.5335397309835188 2.2018161998682015
300 0.6952870552235154 1.528635404668098 2.198567330117608
301 0.6940838057355777 1.5237310807787914 2.19531282560896
302 0.6928787740732579 1.5188267593243776 2.192052659364324
303 0.691671952144548 1.5139224403214957 2.1887868022225527
304 0.6904633310216572 1.5090181238148226 2.1855152272633727
305 0.6892529028083307 1.5041138097708868 2.182237903739601
306 0.6880406584663968 1.4992094982192044 2.1789548041548246
307 0.6868265892390691 1.494305189207296 2.1756658996892178
308 0.685610686638459 1.4894008827258198 2.1723711601234434
309 0.6843929418600564 1.4844965787902575 2.169070555806236
310 0.683173345891444 1.4795922774352084 2.165764057297275
311 0.6819518899129798 1.474687978653237 2.1624516340022373
312 0.6807285649060205 1.4697836825001263 2.159133255562796
313 0.6795033612902959 1.4648793889593648 2.1558088928033166
314 0.6782762703986656 1.4599750980745276 2.152478513241232
315 0.6770472827010271 1.4550708098225387 2.149142086528503
316 0.6758163891581462 1.4501665242712607 2.1457995803826395
316 0.6745835799183637 1.4452622414094443 2.142450964466621
317 0.6745835799183637 1.4452622414094443 2.142450964466621
318 0.6733488458185662 1.4403579612507786 2.1390962057710023
319 0.6721121770382874 1.4354536838322756 2.1357352728791636
320 0.6708735644424219 1.4305494091561226 2.1323681316092467
321 0.6696329975134105 1.4256451372386247 2.1289947516513683
322 0.6683904669676236 1.4207408681530163 2.1256150983102455
323 0.6671459629574963 1.4158366018614725 2.122229137961036
324 0.665899475231947 1.4109323384142154 2.1188368378316524
325 0.6646509940068324 1.4060280778176386 2.1154381630296415
326 0.6634005085302153 1.4011238201082155 2.1120330812113024
327 0.6621480093393122 1.396219565276784 2.1086215552772325
328 0.6608934856043727 1.3913153133713623 2.105203551974846
329 0.6596369271705327 1.3864110643889143 2.101779035227499
330 0.6583783234677807 1.3815068183817882 2.0983479697587515
331 0.6571176640716122 1.3766025753469613 2.094910319131126
332 0.6558549379916212 1.3716983353273773 2.0914660481597247
333 0.6545901342863589 1.366794098313421 2.0880151207954185
333 0.6533232423956794 1.3618898643592852 2.0845574992332336
334 0.6533232423956794 1.3618898643592852 2.0845574992332336
335 0.6520542512009757 1.35698563346732 2.081093146725104
336 0.6507831498511991 1.352081405657967 2.0776220250433943
337 0.6495099266752752 1.3471771809710187 2.074144097946242
338 0.6482345708222648 1.3422729594107057 2.0706593258487827
339 0.6469570707061941 1.3373687410377844 2.067167670921291
340 0.6456774150255086 1.3324645258490422 2.0636690936392763
341 0.6443955921006614 1.3275603138632568 2.060163555023011
342 0.6431115902321364 1.3226561051423251 2.056651015518009
343 0.6418253977565236 1.3177518996506035 2.0531314345875926
344 0.6405370028288356 1.3128476974365113 2.0496047716814427
345 0.6392463929468243 1.3079434985600007 2.046070987636847
346 0.6379535567520562 1.3030393030147436 2.0425300387833345
347 0.6366584814564078 1.2981351108386303 2.0389818853414803
348 0.6353611545574633 1.2932309220341272 2.035426485799054
349 0.6340615640492757 1.2883267366082887 2.0318637962861397
350 0.6327596972023144 1.2834225546564362 2.0282937746050584
350 0.6327596972023144 1.2834225546564362 2.0282937746050584
351 0.6314555412049844 1.2785183761732795 2.0247163778680726
352 0.6301490709035644 1.2736142011736924 2.021131601999301
353 0.6288402554122048 1.2687100296588845 2.0175394605220447
354 0.6275291123307176 1.263805861674278 2.013939810665282
355 0.6262156282736361 1.2589016972654417 2.0103326081720563
356 0.6248997901467268 1.253997536460523 2.0067178069720324
357 0.6235815844085365 1.2490933793064574 2.003095361597657
358 0.6222609974572414 1.244189225798582 1.9994652258180081
359 0.6209380157379759 1.2392850760085796 1.9958273524865555
360 0.6196126253075888 1.2343809299392783 1.9921816946943351
361 0.6182848121589839 1.2294767876445902 1.988528204908333
362 0.6169545622397309 1.2245726491372293 1.9848668347498102
363 0.6156218611684446 1.2196685144403112 1.9811975359766976
364 0.6142866949377216 1.2147643835920234 1.9775202582162068
365 0.6129490485260388 1.209860256650561 1.9738349534270703
366 0.6116089077627648 1.2049561336036603 1.9701415697350295
366 0.6102662578377939 1.2000520144989661 1.9664400564285085
367 0.6102662578377939 1.2000520144989661 1.9664400564285085
368 0.6089210834075401 1.1951478993896265 1.9627303635169668
369 0.6075733691785241 1.1902437882857673 1.9590124397569446
370 0.6062231001815465 1.1853396812390378 1.9552862318906399
371 0.6048702612102361 1.180435578285177 1.9515516863456615
372 0.6035148365397147 1.1755314794508869 1.9478087501392025
373 0.6021568103408661 1.170627384777394 1.944057369565796
374 0.600796166538549 1.1657232942930547 1.940297490593689
375 0.5994328891557089 1.1608192080297484 1.9365290577644858
376 0.5980669621955952 1.1559151260353167 1.9327520145767219
377 0.596698368773968 1.1510110483333518 1.928966306206478
378 0.59532709294048 1.1461069749811081 1.925171873700857
379 0.593953117273146 1.1412029059974587 1.9213686616155
380 0.5925764254196483 1.1362988414450517 1.917556609918041
381 0.5911969999371055 1.1313947813550858 1.9137356608295528
382 0.58981482372049 1.1264907257652226 1.9099057542491682
383 0.5884298790407726 1.1215866747116723 1.9060668308346675
383 0.5870421484309467 1.1166826282406885 1.9022188291341111
384 0.5870421484309467 1.1166826282406885 1.9022188291341111
385 0.585651614033336 1.1117785863944125 1.8983616876553655
386 0.584258257974632 1.1068745492107837 1.894495343630801
387 0.5828620616053546 1.10197051673679 1.890619735485399
388 0.5814630067932116 1.0970664890028663 1.8867347985785468
389 0.5800610745799821 1.0921624660777451 1.8828404696325671
390 0.5786562463843784 1.0872584479686753 1.8789366826370568
391 0.5772485029330935 1.0823544347529628 1.8750233725221355
392 0.5758378250830607 1.0774504264672093 1.8711004722758435
393 0.5744241933802304 1.072546423156483 1.8671679144379787
394 0.5730075878352291 1.0676424248796552 1.8632256318159972
395 0.5715879888765262 1.0627384316761694 1.8592735543044117
396 0.5701653762493644 1.0578344435754468 1.8553116124553977
397 0.5687397295262355 1.052930460661766 1.8513397359084882
398 0.5673110279278323 1.0480264829658994 1.8473578537578137
399 0.5658792508595117 1.0431225105467143 1.8433658929220673
400 0.5644443770248384 1.0382185434555742 1.8393637809414962
401 0.5630063852832882 1.033314581743938 1.8353514431705862
402 0.5615652538772518 1.0284106254383663 1.8313288052240473
403 0.5601209609942243 1.0235066746192996 1.827295791256513
404 0.5586734845684069 1.0186027293408393 1.8232523244373096
405 0.5572228022432884 1.013698789653973 1.819198327083864
406 0.5557688914298857 1.0087948556192925 1.8151337204640199
407 0.5543117291398547 1.0038909272897123 1.8110584252790134
408 0.5528512922564965 0.9989870047313596 1.8069723607842767
409 0.5513875573537202 0.9940830879976359 1.802875445301212
410 0.5499205005135922 0.9891791771364684 1.7987675967937828
411 0.5484500979961555 0.9842752722086051 1.794648730677234
412 0.546976325265908 0.9793713733057415 1.7905187630006258
413 0.5454991575698793 0.974467480469332 1.7863776083733018
414 0.5440185700817946 0.9695635937576444 1.7822251795777269
415 0.542534537623541 0.9646597132300416 1.7780613884150704
416 0.5410470348686736 0.9597558389728847 1.7738861450480785
416 0.539556035553828 0.9548519710204737 1.7696993604016764
417 0.539556035553828 0.9548519710204737 1.7696993604016764
418 0.5380615139090578 0.9499481094756992 1.7655009416567524
419 0.5365634430230551 0.9450442543967351 1.761290797360804
420 0.535061796134207 0.940140405844853 1.7570688332400435
421 0.5335565460081877 0.9352365638949288 1.7528349542179118
422 0.5320476651929297 0.9303327286127355 1.74858906349186
423 0.5305351255748294 0.9254289000804097 1.7443310639945224
424 0.5290188991187993 0.9205250783761558 1.7400608558777366
425 0.5274989569271306 0.915621263573063 1.7357783395570734
426 0.5259752701104302 0.9107174557384108 1.7314834127984813
427 0.5244478091900215 0.9058136549697929 1.7271759727031146
428 0.522916544229714 0.9009098613271332 1.7228559150948743
429 0.5213814452744578 0.8960060749026564 1.7185231331563675
430 0.5198424815675443 0.8911022957640915 1.7141775198460931
431 0.5182996222008006 0.8861985240049575 1.7098189657981746
432 0.5167528357579309 0.8812947597019832 1.705447360360146
433 0.5152020903472732 0.8763910029604269 1.7010625915156778
433 0.5136473535104593 0.8714872538532494 1.696664546010366
434 0.5136473535104593 0.8714872538532494 1.696664546010366
435 0.5120885925054238 0.8665835124781778 1.6922531084677488
436 0.5105257743937297 0.861679778924165 1.687828160972764
437 0.5089588651846277 0.8567760532762275 1.6833895858468388
438 0.507387830737345 0.8518723356314083 1.6789372626329102
439 0.5058126364940613 0.8469686260954351 1.6744710689041462
440 0.5042332471911736 0.8420649247671392 1.6699908811206992
441 0.5026496273422193 0.837161231733099 1.6654965729500757
442 0.5010617406713266 0.83225754710767 1.6609880171505502
443 0.49946955077703553 0.8273538709843108 1.6564650832011252
444 0.49787302006272377 0.8224502034657079 1.6519276408311756
445 0.4962721110198747 0.8175465446687374 1.647375555697903
446 0.4946667854174072 0.8126428946869472 1.6428086919181908
447 0.49305700416488807 0.8077392536459138 1.6382269125534819
448 0.4914427279994235 0.802835621659771 1.6336300771566463
449 0.48982391671936737 0.7979319988465677 1.629018044261247
450 0.4882005297943809 0.7930283853176386 1.6243906692433219
451 0.4865725259290252 0.788124781192745 1.6197478057108925
452 0.4849398632065096 0.783221186588405 1.615089304908047
453 0.4833024991312287 0.7783176016399808 1.6104150155214656
454 0.4816603903478749 0.773414026474181 1.6057247844598341
455 0.48001349312614566 0.7685104612174217 1.60101845515301
456 0.4783617628836194 0.7636069059954087 1.5962958690349724
457 0.4767051542501299 0.7587033609442737 1.5915568652445864
458 0.47504362124625993 0.7537998262121736 1.5868012799216349
459 0.4733771173170074 0.7488963019230525 1.5820289459017884
460 0.471705595010942 0.7439927882192419 1.577239693758527
461 0.4700290068413627 0.7390892852572428 1.5724333487926405
462 0.46834730305924194 0.7341857931746867 1.5676097382839385
463 0.4666604337128166 0.7292823121324364 1.5627686845661264
464 0.4649683482865979 0.7243788422811412 1.5579100060261468
465 0.46327099506057207 0.7194753837760516 1.5530335191435438
466 0.461568321963625 0.7145719367828317 1.548139035501542
466 0.4598602755338847 0.7096685014603954 1.5432263650877225
467 0.4598602755338847 0.7096685014603954 1.5432263650877225
468 0.458146801780839 0.7047650779810133 1.5382953132959938
469 0.4564278455847827 0.6998616665165153 1.533345682754831
470 0.45470335088251934 0.6949582672429886 1.5283772725539984
471 0.4529732607753106 0.690054880336016 1.5233898777047363
472 0.4512375172943844 0.6851515059723435 1.518383289759471
473 0.44949606142427073 0.6802481443519024 1.5133572966056075
474 0.44774883309796076 0.6753447956609886 1.5083116822176803
475 0.44599577121551803 0.6704414600912897 1.5032462264475441
476 0.44423681344424903 0.665538137853723 1.4981607055337993
477 0.4424718966888384 0.6606348291411761 1.4930548902312715
478 0.4407009563178562 0.6557315341704343 1.4879285483045037
479 0.4389239266656091 0.6508282531487668 1.4827814425450436
480 0.43714074098451144 0.6459249863093671 1.4776133307882489
481 0.43535133096412854 0.641021733853471 1.4724239671758097
482 0.4335556272477806 0.6361184960233462 1.4672131003383317
483 0.43175355906808227 0.6312152730618984 1.4619804742880265
483 0.42994505435611624 0.626312065199655 1.4567258277633106
484 0.42994505435611624 0.626312065199655 1.4567258277633106
485 0.42813003975053243 0.6214088726839412 1.451448893999661
486 0.42630844030321235 0.6165056957709687 1.4461494014345067
487 0.42448017962309437 0.6116025347145475 1.440827072909749
488 0.4226451799518775 0.6066993897895983 1.4354816251747557
489 0.42080336173759847 0.6017962612635103 1.4301127699611251
490 0.4189546441592189 0.5968931494075477 1.4247202119108275
491 0.41709894448352014 0.5919900545210017 1.4193036504900378
492 0.4152361785205739 0.5870869768796392 1.413862777976969
493 0.4133662602294056 0.5821839167949348 1.4083972805904394
494 0.41148910171798525 0.5772808745801465 1.4029068380425467
495 0.4096046135286608 0.5723778505410676 1.3973911221608282
496 0.4077127039836406 0.5674748450061108 1.391849798795773
497 0.4058132796537334 0.5625718583204443 1.3862825257972524
498 0.40390624512333356 0.557668890819369 1.3806889533215405
499 0.4019915028563757 0.5527659428509433 1.375068723898964
500 0.4000689531697653 0.5478630147807871 1.3694214720738573
501 0.39813849438812365 0.5429601069703857 1.3637468233380199
502 0.39620002213924194 0.5380572198207645 1.358044396150154
503 0.3942534302009651 0.5331543537128813 1.352313798363437
504 0.3922986097625019 0.5282515090558233 1.3465546293310278
505 0.39033544956472416 0.5233486862636187 1.3407664787997657
506 0.38836383571750815 0.5184458857587202 1.334948926953725
507 0.38638365164292954 0.5135431079889243 1.3291015440361003
508 0.3843947781545913 0.5086403534144621 1.3232238893992032
509 0.3823970932816311 0.503737622489442 1.317315511387648
510 0.3803904719836956 0.49883491570167227 1.3113759477210394
511 0.3783747862537774 0.4939322335439365 1.3054047243323827
512 0.37634990510702254 0.4890295765303139 1.2994013546814864
513 0.37431569417381433 0.4841269451881725 1.2933653403358691
514 0.37227201577470115 0.4792243400655677 1.2872961698942045
515 0.37021872884205315 0.4743217617155094 1.2811933183366038
516 0.3681556886713056 0.4694192107170147 1.2750562470219455
516 0.3660827468557666 0.4645166876719987 1.2688844029435078
517 0.3660827468557666 0.4645166876719987 1.2688844029435078
518 0.363999751163432 0.4596141931941817 1.262677218116613
519 0.36190654546085227 0.4547117279243364 1.2564341088258182
520 0.35980296927218713 0.4498092925225195 1.2501544760244698
521 0.3576888580861058 0.44490688766828085 1.2438377031055836
522 0.35556404268590713 0.440004514069872 1.2374831570315918
523 0.35342834942795387 0.4351021724524317 1.231090186049512
524 0.35128159976014783 0.4301998635700336 1.2246581200489024
525 0.34912361025755956 0.42529758820669783 1.2181862690207126
526 0.3469541921659924 0.42039534716902965 1.2116739231324838
527 0.34477315146140186 0.415493141298445 1.2051203509823194
528 0.3425802883781331 0.41059097146225076 1.1985247995618735
529 0.3403753973950294 0.40568883856705734 1.1918864925957828
530 0.33815826686100253 0.40078674354433924 1.1852046299642283
531 0.3359286788184054 0.3958846873623844 1.1784783864088892
532 0.33368640867398824 0.3909826710301926 1.1717069106407112
533 0.33143122492372984 0.38608069559714303 1.164889324130487
533 0.3291628888102662 0.3811787621557519 1.1580247200208174
534 0.3291628888102662 0.3811787621557519 1.1580247200208174
535 0.32688115409695834 0.37627687183683906 1.151112161471472
536 0.32458576675406153 0.37137502581555154 1.1441506802020134
537 0.3222764644382392 0.36647322531890564 1.137139275614513
538 0.31995297616020424 0.36157147162561765 1.1300769130666706
539 0.3176150220172912 0.35666976606590295 1.1229625217364108
540 0.31526231268141297 0.35176811003043135 1.1157949931868614
541 0.31289454889557855 0.3468665049696378 1.1085731796669829
542 0.31051142101137397 0.3419649523948088 1.1012958920512064
543 0.3081126086615758 0.33706345388499054 1.0939618970777458
544 0.30569777988613644 0.33216201109153604 1.0865699162593092
545 0.30326659080736873 0.3272606257399154 1.0791186225580232
546 0.3008186849003604 0.32235929964334087 1.071606638231649
547 0.29835369238461407 0.3174580346889786 1.0640325318304984
548 0.2958712294728873 0.3125568328651126 1.0563948154808824
549 0.2933708976708937 0.30765569625313505 1.0486919414831193
550 0.2908522828946775 0.30275462703538136 1.0409222991899771
551 0.28831495467932416 0.2978536275102828 1.0330842111244904
552 0.2857584651815663 0.2929527000867039 1.025175929260981
553 0.2831823482476489 0.28805184730720573 1.0171956306234822
554 0.2805861182839495 0.2831510718412096 1.0091414128858092
555 0.27796926912299097 0.27825037651021906 1.0010112894425884
556 0.2753312727565249 0.27334976428361313 0.9928031841313427
557 0.2726715780636634 0.2684492382971399 0.9845149252573085
558 0.26998960926610066 0.26354880187055846 0.9761442397244474
559 0.26728476436962995 0.2586484585171623 0.9676887462222707
560 0.2645564135018815 0.25374821194903435 0.9591459477024915
561 0.26180389703133694 0.2488480661104696 0.9505132235700962
562 0.25902652356163247 0.24394802518547376 0.9417878209195402
563 0.25622356766268256 0.23904809361974985 0.9329668453233616
564 0.25339426763976464 0.23414827614508185 0.9240472498689527
565 0.25053782273903397 0.22924857780552316 0.9150258244413412
566 0.24765339044956067 0.22434900397626986 0.9058991825995728
566 0.24474008320690907 0.21944956040332994 0.8966637484461508
567 0.24474008320690907 0.21944956040332994 0.8966637484461508
568 0.24179696508429172 0.21455025323442345 0.8873157409549375
569 0.23882304788242073 0.209651089056474 0.877851157647444
570 0.23581728701310797 0.20475207493975098 0.8682657558025836
571 0.232778576805374 0.1998532184820112 0.8585550321029256
572 0.2297057454744633 0.19495452786617154 0.8487141993923043
573 0.22659754926929482 0.19005601192214505 0.8387381617101128
574 0.22345266622641957 0.1851576801900418 0.828621485332494
575 0.2202696890378442 0.1802595430069298 0.8183583669379026
576 0.2170471170942869 0.17536161158566446 0.8079425975950009
577 0.21378334756282055 0.17046389813039056 0.7973675221841098
578 0.21047666531972867 0.1655664159458841 0.786625993405859
579 0.20712523160447374 0.16066917957284432 0.7757103194441232
580 0.20372707101535445 0.15577220495042918 0.7646122048193045
581 0.20028005695544276 0.15087550959269252 0.7533226816799763
582 0.19678189472034407 0.1459791128122753 0.7418320319546319
583 0.19323010228526513 0.14108303595994134 0.7301296966228419
583 0.18962198810089106 0.13618730273072482 0.7182041708067338
584 0.18962198810089106 0.13618730273072482 0.7182041708067338
585 0.18595462529150486 0.13129193951023624 0.7060428817213947
586 0.18222482179155736 0.12639697579959291 0.6936320450579198
587 0.17842908525932524 0.12150244471626129 0.6809564961882312
588 0.17456358183299572 0.11660838361116514 0.6679994898519206
589 0.17062408733509415 0.11171483481005497 0.654742460779612
590 0.1666059290610971 0.10682184653622487 0.6411647360824209
591 0.1625039159484802 0.1019294740427356 0.6272431864045113
592 0.15831225403355453 0.09703778104126862 0.612951799806358
593 0.1540244433697909 0.09214684150474858 0.5982611557538114
594 0.149633151094043 0.0872567419722704 0.5831377695002251
595 0.14513005370502577 0.08236758453986572 0.5675432650722803
596 0.140505640169549 0.07747949080481185 0.5514333140742029
597 0.1357489564866239 0.07259260708677766 0.5347562807521884
598 0.1308472763318497 0.06770711152548872 0.5174514397515819
599 0.1257856766928799 0.0628232239709051 0.4994465635725376
600 0.12054646887817792 0.05794121996934479 0.4806546430480609
601 0.115108421324973 0.05306145105719312 0.46096932306447447
602 0.10944568040911695 0.048184375154460085 0.4402583544123709
603 0.10352623160594246 0.04331060370491983 0.4183539092756253
604 0.0973096382602876 0.03844097787357544 0.39503772247875407
605 0.0907436016936235 0.03357669810801788 0.370017251699822
606 0.08375851081560141 0.028719558640812506 0.3428852585982583
607 0.07625838444516017 0.023872407002920728 0.3130463250252585
608 0.06810498120840486 0.019040143468237257 0.2795704973469328
609 0.059088414715262674 0.014232229711679327 0.2408632856417302
610 0.048872710822483977 0.009470443336639107 0.193777737663003
611 0.036945861260300264 0.004821959612380762 0.1305142023461811
612 0.027798462804647164 0.0008105003888348057 0.029156302437676935
613 0.025541285029065216 7.859657967891846e-05 0.0030772367008738174
614 0.023674955110670998 7.307106693844111e-06 0.0003086428954009118
615 0.021981410870052065 6.781307161540401e-07 3.0850190652590894e-05
616 0.020419173411699094 6.292638518588508e-08 3.08173028932854e-06
616 0.018960126345363253 5.841451634451357e-09 3.0809138758085856e-07
617 0.018960126345363253 5.841451634451357e-09 3.0809138758085856e-07
