1 0.9994725588693509 4.995110532400857 4.997746549491619
2 0.9989474184898394 4.990190974078366 4.99544909142695
3 0.9984249470745007 4.98528589406038 4.9931503701583555
4 0.9979017861129845 4.980381238805132 4.990853116121432
5 0.9973770295271982 4.975476545464355 4.988561394704424
6 0.9968500350220173 4.9705718474076725 4.9862784498953125
7 0.9963206392718953 4.965667147959235 4.984005100595038
8 0.9957897199463649 4.960762447843605 4.981736955580141
9 0.99525855172101 4.955857747515241 4.9794676357671355
10 0.9947271570305037 4.950953047138068 4.977197025481677
11 0.9941955227214793 4.946048347742701 4.974925187958546
12 0.9936636454556821 4.941143648840014 4.97265213579799
13 0.9931315269083775 4.9362389504161905 4.9703778569820685
14 0.9925991666064606 4.931334252473613 4.968102350249864
15 0.9920665646590583 4.926429554634137 4.965825611033664
16 0.9915337168072986 4.921524857238018 4.9635476573455755
16 0.9910006286516383 4.916620160483004 4.961268457692694
17 0.9910006286516383 4.916620160483004 4.961268457692694
18 0.9904672963088736 4.9117154640514125 4.958988027525658
19 0.9899337197745024 4.906810767874338 4.956706363121021
20 0.9893998990561998 4.901906071940582 4.954423460742787
21 0.9888658332960011 4.89700137652096 4.952139321265356
22 0.988331524200077 4.892096681464662 4.949853932286703
23 0.9877969697441047 4.887191986848895 4.947567300307627
24 0.9872621682550643 4.882287292659979 4.945279429970636
25 0.9867271228440585 4.877382598973074 4.942990302034994
26 0.9861918316834247 4.872477905499858 4.9406999216192675
27 0.9856562929020144 4.867573212495619 4.9384082946036765
28 0.9851205068185387 4.862668520076777 4.9361154157483105
29 0.9845844735102041 4.857763827939436 4.9338212805862325
30 0.9840481925041712 4.852859136306221 4.931525887931196
31 0.9835116640675025 4.847954444824897 4.929229232295268
32 0.9829748839008116 4.843049753942883 4.926931331880884
33 0.9824378578513516 4.838145063300676 4.924632153205067
33 0.9819005811328226 4.833240373037863 4.922331716579426
34 0.9819005811328226 4.833240373037863 4.922331716579426
35 0.9813630554653014 4.828335683306854 4.920030009706812
36 0.9808252802895847 4.823430993994602 4.917727031434695
37 0.9802872533351524 4.818526305274535 4.915422789474055
38 0.9797489761542509 4.813621616740822 4.913117271768365
39 0.9792104490128544 4.808716928611637 4.910810473335249
40 0.9786716693320832 4.803812240970163 4.908502403312271
41 0.9781326369286446 4.7989075537398165 4.906193058651513
42 0.9775933517090843 4.79400286676792 4.903882435766131
43 0.9770538148738408 4.789098180334609 4.901570525010423
44 0.9765140246307548 4.784193494364762 4.899257331377078
45 0.975973980956903 4.779288808792166 4.896942850982837
46 0.9754336830372817 4.774384123611633 4.894627083970764
47 0.9748931313439696 4.769479438855559 4.892310024054065
48 0.9743523248470518 4.764574754619269 4.889991672537123
49 0.9738112629115547 4.7596700707372435 4.887672028465269
50 0.9732699454419352 4.754765387581849 4.885351088718599
51 0.9727283722838651 4.749860704703467 4.883028849617379
52 0.9721865443919218 4.744956022152806 4.880705302417713
53 0.9716444585736657 4.740051340002126 4.8783804592065785
54 0.9711021158142548 4.735146658422276 4.876054311190462
55 0.9705595168564589 4.7302419771931055 4.873726850377879
56 0.9700166594501174 4.725337296507369 4.8713980842206
57 0.9694735439975222 4.720432616163948 4.869068006435473
58 0.9689301706146909 4.715527936244634 4.866736612456907
59 0.9683865373697003 4.710623256912633 4.864403908079385
60 0.967842646338702 4.705718577970241 4.862069878581738
61 0.9672984953863181 4.700813899474384 4.859734530649694
62 0.9667540842562433 4.695909221265343 4.85739786129589
63 0.9662094123982412 4.6910045435112115 4.855059869337856
64 0.9656644591283535 4.686099866164873 4.852720654537426
65 0.9651191890857947 4.681195189409162 4.850380390678383
66 0.9645736567252648 4.6762905129140675 4.848038799639325
66 0.9640278623221419 4.671385836689707 4.845695875881962
67 0.9640278623221419 4.671385836689707 4.845695875881962
68 0.9634818057571058 4.666481161108833 4.843351616216461
69 0.9629354857506138 4.661576485894388 4.841006022600426
70 0.9623889037346189 4.65667181121622 4.838659083812866
71 0.961842057302538 4.6517671369303875 4.836310807593662
72 0.9612949465460734 4.646862463049829 4.8339611892749215
73 0.9607475714542627 4.641957789550291 4.831610224654391
74 0.9601999318049979 4.6370531164136075 4.8292579105861915
75 0.95965202515145 4.632148443836194 4.826904255326466
76 0.9591038548269069 4.627243771491257 4.824549237502912
77 0.9585554184133739 4.622339099741157 4.822192865376708
78 0.9580067151658753 4.617434428522027 4.819835138339855
79 0.9574577437256855 4.612529757875266 4.817476058971402
80 0.9569085057834293 4.607625087484107 4.815115614122171
81 0.9563589994060733 4.602720417448492 4.812753809298512
82 0.9558092238925263 4.597815747822467 4.810390643749905
83 0.9552591810474849 4.59291107848976 4.808026103924409
83 0.9547088690199977 4.5880064099751365 4.8056601953270786
84 0.9547088690199977 4.5880064099751365 4.8056601953270786
85 0.9541582865697747 4.583101741829472 4.803292919360213
86 0.9536074337523951 4.578197074169897 4.800924271484475
87 0.9530563118375206 4.573292406898495 4.798554240809814
88 0.9525049184136771 4.568387739963021 4.796182835014979
89 0.9519532536960696 4.563483073561627 4.793810048805833
90 0.9514013175199295 4.558578407657592 4.791435878542496
91 0.9508491094845132 4.553673742291035 4.7890603218419505
92 0.9502966288562834 4.548769077190663 4.78668337765785
93 0.9497438755395738 4.543864412687809 4.784305042352943
94 0.9491908482244391 4.538959748681158 4.7819253179397565
95 0.9486375467331071 4.534055085186555 4.779544200839208
96 0.9480839705510588 4.529150421882217 4.777161688800328
97 0.9475301198325424 4.5242457592736365 4.7747777770623365
98 0.9469759939966292 4.519341097080028 4.7723924637271375
99 0.9464215918348519 4.514436435193792 4.770005750229703
100 0.9458669140245597 4.509531774044624 4.767617629056357
101 0.9453119599057271 4.50462711333319 4.765228098650547
102 0.944756727793016 4.499722453163844 4.762837163039155
103 0.9442012188898701 4.4948177933983375 4.760444811417475
104 0.9436454313292397 4.489913134112479 4.758051048673958
105 0.9430893666949641 4.485008475120576 4.755655862008274
106 0.9425330229268462 4.480103816688757 4.753259257459965
107 0.9419764002811729 4.475199158893649 4.750861229174994
108 0.941419497945756 4.47029450160756 4.748461776457848
109 0.940862315007341 4.465389844770717 4.7460608991825515
110 0.9403048516174022 4.460485188332677 4.743658591849519
111 0.939747108009225 4.455580532448132 4.741254848750643
112 0.9391890820857598 4.450675876941079 4.738849675570096
113 0.9386307749335415 4.445771221973728 4.7364430622770755
114 0.9380721854915207 4.440866567571246 4.734035009517279
115 0.9375133126782607 4.435961913604492 4.731625517862745
116 0.9369541580604213 4.431057260249973 4.729214574833263
116 0.9363947177788758 4.426152607327451 4.726802194940041
117 0.9363947177788758 4.426152607327451 4.726802194940041
118 0.9358349950547924 4.421247954825938 4.724388357123872
119 0.9352749867614475 4.416343303028787 4.721973072669403
120 0.934714693403742 4.411438651477576 4.719556333722993
121 0.9341541138775697 4.4065340004200895 4.717138141295613
122 0.9335932491928346 4.401629350010436 4.7147184856102955
123 0.9330320982328997 4.396724699918867 4.712297367095911
124 0.9324705886815814 4.3918200502190725 4.709875146227035
125 0.9319087918810598 4.386915401091266 4.70745145802978
126 0.93134670782211 4.382010752578358 4.705026297698939
127 0.9307843349503118 4.377106104424309 4.702599667900484
128 0.9302216727021254 4.372201456824295 4.700171566766277
129 0.9296587211677703 4.367296809756632 4.697741988878186
130 0.9290954799734403 4.362392162918826 4.695310930845914
131 0.9285319500470302 4.357487516803859 4.692878383542055
132 0.9279681282153823 4.35258287114901 4.690444357738514
133 0.9274040137587766 4.347678225883641 4.688008852002336
133 0.9268396084545723 4.342773581144457 4.685571852486613
134 0.9268396084545723 4.342773581144457 4.685571852486613
135 0.9262749120817785 4.337868936896184 4.683133355244328
136 0.9257099211023618 4.332964293255821 4.680693373250233
137 0.9251446375784858 4.328059649972544 4.678251890754074
138 0.9245790606129549 4.323155007213054 4.675808907403758
139 0.9240131877241592 4.318250365076087 4.673364430773894
140 0.9234470217583106 4.313345723380735 4.670918441176852
141 0.9228805593696061 4.308441082286536 4.668470950595721
142 0.922313802387662 4.303536441635238 4.666021944477416
143 0.9217467487261964 4.2986318015006715 4.663571428313846
144 0.9211793988833621 4.29372716193169 4.66111939448111
145 0.9206117509443202 4.288822522904955 4.658665847471187
146 0.9200438062123224 4.283917884378138 4.656210775456837
147 0.9194755629876956 4.279013246347398 4.653754181833172
148 0.9189070205940354 4.274108608728328 4.651296064715333
149 0.9183381784292238 4.269203971617862 4.648836422024992
150 0.9177690380787797 4.2642993349215335 4.646375240385363
151 0.917199597489093 4.259394699019855 4.643912525343761
152 0.9166298554451061 4.254490063458042 4.641448277278842
153 0.9160598133588214 4.249585428509935 4.638982484045907
154 0.915489469112354 4.244680794085591 4.636515150962004
155 0.9149188228454558 4.239776160171497 4.6340462719802
156 0.9143478733575892 4.2348715267484875 4.631575847819888
157 0.913776620117275 4.229966893805838 4.6291038758060585
158 0.9132050629878601 4.225062261440037 4.626630351365238
159 0.9126332006607375 4.22015762961101 4.624155275696366
160 0.9120610332217907 4.215252998461814 4.621678643118578
161 0.9114885619402611 4.210348367850324 4.6192004416247086
162 0.9109157843369831 4.205443737827248 4.616720678397523
163 0.9103426993073416 4.200539108172982 4.614239353343607
164 0.9097693079251635 4.195634479008846 4.611756455685987
165 0.9091956083114814 4.190729850471173 4.6092719896151
166 0.9086216013694315 4.185825222436279 4.606785944916565
166 0.9080472859384638 4.18092059496626 4.604298322025479
167 0.9080472859384638 4.18092059496626 4.604298322025479
168 0.9074726610346971 4.176015968054821 4.601809120390847
169 0.9068977255912818 4.171111341662542 4.59931833983049
170 0.9063224812884746 4.166206715931997 4.596825966414409
171 0.9057469257684733 4.161302090673138 4.594332006307962
172 0.90517105931488 4.15639746585911 4.591836452443662
173 0.9045948811199102 4.151492841565751 4.5893393033863985
174 0.9040183913897542 4.146588217947144 4.586840552626992
175 0.9034415883314829 4.141683594930271 4.584340203531388
176 0.9028644708592898 4.136778972485164 4.581838255910145
177 0.9022870397778309 4.131874350605547 4.579334699989633
178 0.9017092957353637 4.12696972921703 4.57682952669507
179 0.9011312359531568 4.122065108395735 4.574322744495355
180 0.9005528599340749 4.117160488264025 4.57181435031523
181 0.8999741683565564 4.1122558686873925 4.569304334808616
182 0.899395161023955 4.10735124954189 4.566792693064636
183 0.8988158365867676 4.102446631126596 4.564279426479113
183 0.8982361927434374 4.09754201315052 4.5617645406110885
184 0.8982361927434374 4.09754201315052 4.5617645406110885
185 0.897656232048087 4.092637395758674 4.559248016828154
186 0.8970758853159406 4.087732778881373 4.556730200635943
187 0.8964952181236685 4.08282816253664 4.554210753161461
188 0.8959142323014571 4.077923546722058 4.551689659228361
189 0.895332924430803 4.073018931445404 4.549166930317877
190 0.8947512968278537 4.068114316708664 4.546642548752128
191 0.8941693481011133 4.0632097027582565 4.544116515945239
192 0.8935870764625292 4.058305089205333 4.541588834600284
193 0.8930044826097486 4.053400476270135 4.539059495451054
194 0.8924215651193731 4.048495863922057 4.536528499712485
195 0.8918383235959554 4.043591252089594 4.533995843311091
196 0.8912547572165151 4.038686640874563 4.531461524522817
197 0.8906708650926762 4.03378203018068 4.528925541716194
198 0.8900866486636869 4.028877420163488 4.526387881687877
199 0.8895021048186756 4.023972810699481 4.523848554039977
200 0.888917235050649 4.019068201873197 4.521307545177923
201 0.8883320364863396 4.0141635934698705 4.51876486335816
202 0.8877465109172543 4.009258985754472 4.5162204936316215
203 0.887160654994404 4.004354378562941 4.513674446696692
204 0.8865744713105828 3.999449771850409 4.511126703138885
205 0.8859879582694542 3.9945451658005835 4.508577265093854
206 0.8854011141794331 3.9896405603453724 4.506026134881102
207 0.8848139385653989 3.9847359553574715 4.503473308544573
208 0.8842264312857905 3.9798313511441368 4.500918780901967
209 0.8836385917456059 3.9749267475485452 4.498362548534891
210 0.8830504190980286 3.9700221445439885 4.495804609434505
211 0.8824619127276218 3.965117542151299 4.493244960448691
212 0.881873072919697 3.9602129403202677 4.490683593738533
213 0.8812838988865175 3.9553083391242856 4.488120507048556
214 0.8806943889543895 3.9504037385593715 4.4855557025286785
215 0.8801045442125673 3.9454991386368423 4.4829891682548855
216 0.8795143615105376 3.9405945392612347 4.480420913756758
216 0.8789238418943168 3.9356899404779204 4.477850927328871
217 0.8789238418943168 3.9356899404779204 4.477850927328871
218 0.8783329842202183 3.930785342404951 4.475279208482295
219 0.8777417878484749 3.9258807448542115 4.472705753792753
220 0.8771502533196808 3.920976147896991 4.470130554095589
221 0.87655837937998 3.9160715514402265 4.467553609162003
222 0.875966164858943 3.911166955866259 4.46497491886125
223 0.875373608851958 3.906262360857934 4.4623944808902225
224 0.8747807117896963 3.9013577664077457 4.459812286471242
225 0.8741874711805755 3.896453172488605 4.457228341681116
226 0.8735938893121341 3.891548579238144 4.454642628398352
227 0.8729999636646733 3.8866439867067215 4.452055152890722
228 0.8724056932605616 3.8817393948551397 4.449465913441466
229 0.8718110776516538 3.876834803570106 4.446874905527592
230 0.8712161176208068 3.871930212937675 4.444282118553409
231 0.8706208122526942 3.86702562283831 4.441687550326929
232 0.8700251599089196 3.8621210333432305 4.43909120254355
233 0.8694291609735292 3.8572164446527006 4.436493066707867
233 0.8688328136413409 3.8523118564595675 4.433893144889695
234 0.8688328136413409 3.8523118564595675 4.433893144889695
235 0.868236117000841 3.847407269118269 4.431291435339521
236 0.8676390722347801 3.8425026822326447 4.4286879247329205
237 0.8670416772556294 3.837598096041223 4.426082617144811
238 0.8664439321384191 3.832693510532333 4.423475505302563
239 0.8658458354976357 3.8277889256418334 4.420866589306689
240 0.8652473872815786 3.8228843415530402 4.41825586271196
241 0.8646485863922863 3.8179797579838732 4.415643323855129
242 0.864049432824729 3.8130751751344527 4.41302896602668
243 0.8634499249315833 3.8081705929588185 4.41041279059763
244 0.8628500623825938 3.803266011323735 4.4077947920890805
245 0.8622498447604738 3.7983614303678466 4.405174965758331
246 0.8616492718203703 3.793456850103675 4.402553305812465
247 0.8610483424323133 3.7885522705570804 4.3999298109732985
248 0.8604470559333386 3.78364769157143 4.397304477342021
249 0.8598454107372014 3.7787431133728133 4.394677306160244
250 0.859243345701978 3.7738385356597832 4.392048602455759
251 0.8586409221805065 3.768933958713092 4.3894180458368295
252 0.8580381387639051 3.7640293823378563 4.3867856360794635
253 0.8574349957058013 3.7591248066244747 4.384151364769215
254 0.8568314900973262 3.75422023156582 4.381515239524383
255 0.8562276232062838 3.7493156571574433 4.37887724658721
256 0.8556233933250729 3.7444110834973587 4.376237387510001
257 0.8550187999488388 3.7395065104045813 4.373595657345008
258 0.8544138430917183 3.7346019380444293 4.370952048869757
259 0.8538085205194172 3.7296973662920725 4.368306566000418
260 0.8532028336777217 3.724792795291847 4.365659194117028
261 0.8525967805445159 3.719888224929951 4.363009936014798
262 0.8519903608448485 3.7149836553251907 4.360358785798173
263 0.8513835721800747 3.7100790862832116 4.3577057480485415
264 0.8507764155451467 3.70517451802 4.355050810436322
265 0.850168890482605 3.700269950344239 4.352393967560671
266 0.8495609951500952 3.695365383281153 4.349735221340144
266 0.848952729149646 3.690460816931919 4.3470745663642205
267 0.848952729149646 3.690460816931919 4.3470745663642205
268 0.8483440934231241 3.6855562513762448 4.344411990310186
269 0.8477350847240858 3.680651686494272 4.3417475020421294
270 0.8471257031885526 3.6757471223645957 4.339081093312607
271 0.8465159488514448 3.670842558913975 4.336412756185616
272 0.8459058198557634 3.6659379961430862 4.333742492477674
273 0.8452953163450048 3.6610334341150006 4.3310702938057695
274 0.8446844370178256 3.6561288727829675 4.32839615903307
275 0.8440731814368809 3.6512243121961574 4.325720082683604
276 0.843461548699558 3.6463197522791138 4.323042061491694
277 0.8428495378818299 3.641415193056097 4.320362092393571
278 0.8422371488298439 3.6365106346636398 4.317680168484612
279 0.8416243800575544 3.6316060769288683 4.314996289295376
280 0.8410112312174637 3.6267015197471104 4.31231044857395
281 0.8403977023290778 3.6217969633545426 4.309622638563975
282 0.839783791547784 3.6168924077844595 4.306932860800108
283 0.8391694979706761 3.6119878528454548 4.304241111694544
283 0.8385548215961518 3.607083298671475 4.301547383396535
284 0.8385548215961518 3.607083298671475 4.301547383396535
285 0.8379397614224599 3.6021787451255833 4.298851672834619
286 0.8373243166375106 3.59727419239736 4.2961539763267975
287 0.8367084860800768 3.5923696402911522 4.293454291495433
288 0.8360922696850819 3.587465088969635 4.29075261073861
289 0.8354756658857369 3.5825605383961956 4.288048933894577
290 0.8348586749582488 3.5776559885657067 4.285343251352841
291 0.8342412942752582 3.5727514395424764 4.282635568461378
292 0.8336235258042092 3.567846891189048 4.279925866711946
293 0.8330053661676833 3.562942343612123 4.277214155298617
294 0.832386816136048 3.5580377967649346 4.27450042190889
295 0.8317678749400202 3.5531332506820053 4.271784662203053
296 0.8311485414750431 3.548228705408936 4.2690668735481125
297 0.8305288152207614 3.543324160814175 4.266347050068733
298 0.8299086943777959 3.5384196169812068 4.263625192689482
299 0.8292881787949933 3.5335150740344323 4.260901293888992
300 0.8286672676761684 3.5286105317323946 4.258175348988596
301 0.8280459601482333 3.5237059901691885 4.255447354079705
302 0.8274242554762492 3.5188014494371007 4.25271730451236
303 0.8268021521613114 3.5138969094469594 4.249985199314513
304 0.8261796508710629 3.508992370090772 4.247251026324782
305 0.8255567494117324 3.5040878316336874 4.244514788511629
306 0.8249334473168919 3.4991832939532883 4.241776479465626
307 0.8243097437893349 3.4942787571700635 4.239036094741445
308 0.8236856382811337 3.4893742210415057 4.236293628140862
309 0.8230611302140772 3.484469685742308 4.233549074096114
310 0.8224362165491197 3.479565151256003 4.230802439435359
311 0.8218109001099184 3.4746606174340067 4.228053700637538
312 0.8211851778386653 3.469756084552832 4.2253028649215585
313 0.8205590492268726 3.464851552292235 4.222549925635216
314 0.8199325130826357 3.459947020861123 4.219794880255489
315 0.8193055698845704 3.4550424902617367 4.217037717378765
316 0.8186782169169742 3.4501379605757836 4.214278442106977
316 0.8180503969584665 3.445233431437995 4.211517339576469
317 0.8180503969584665 3.445233431437995 4.211517339576469
318 0.8174221678362508 3.4403289031045805 4.208754103416682
319 0.8167935270084137 3.4354243755933735 4.205988737662934
320 0.8161644735327414 3.4305198489115427 4.2032212380706175
321 0.8155350066598436 3.4256153229066117 4.200451599173869
322 0.8149051268706539 3.4207107977075424 4.197679809481056
323 0.8142748320369118 3.415806273410356 4.1949058708663545
324 0.8136441219623562 3.4109017499588488 4.192129775032845
325 0.8130129941351314 3.405997227244083 4.189351525515679
326 0.8123814499928281 3.4010927053454036 4.186571105698474
327 0.8117494876306185 3.3961881843157498 4.183788516120584
328 0.8111171052607157 3.3912836641461106 4.181003756610529
329 0.8104843035092218 3.3863791446763947 4.178216814334473
330 0.8098510808007956 3.3814746260005286 4.175427688084166
331 0.8092174361664839 3.3765701082049047 4.172636373482971
332 0.8085833677303834 3.3716655912744584 4.169842870671954
333 0.8079488765782517 3.366761075052311 4.167047164309328
333 0.8073139605319662 3.361856559716047 4.164249256263086
334 0.8073139605319662 3.361856559716047 4.164249256263086
335 0.8066786182752673 3.35695204516846 4.161449143583162
336 0.8060428503015474 3.3520475314389655 4.158646814105399
337 0.8054066539741391 3.3471430186766704 4.155842271926579
338 0.8047700297298187 3.3422385067323024 4.153035504881283
339 0.8041329768783859 3.337333995521676 4.150226506661972
340 0.803495493384189 3.3324294852634635 4.147415278246087
341 0.802857579418052 3.3275249757946326 4.144601808712543
342 0.802219233205026 3.3226204672044437 4.141786097461054
343 0.801580453503802 3.3177159594896963 4.138968140986437
344 0.8009412407768721 3.3128114525248913 4.136147926796269
345 0.8003015926554153 3.3079069465146085 4.133325457392772
346 0.7996615089138573 3.3030024413416315 4.130500723772418
347 0.7990209882841691 3.2980979370323964 4.127673722457262
348 0.7983800300854439 3.2931934335827613 4.124844446861125
349 0.7977386331255564 3.2882889310832515 4.122012893119727
350 0.7970967966776045 3.283384429401505 4.119179054648127
350 0.7970967966776045 3.283384429401505 4.119179054648127
351 0.7964545191334885 3.278479928627005 4.116342929655121
352 0.7958118008473238 3.2735754287291936 4.113504506019794
353 0.7951686394890487 3.2686709297297067 4.110663785521089
354 0.7945250353801968 3.2637664315635626 4.107820756084523
355 0.793880986079915 3.2588619343434484 4.104975420100815
356 0.7932364915454693 3.2539574379973524 4.10212776729124
357 0.7925915509747479 3.249052942640672 4.099277791499177
358 0.7919461631753182 3.2441484480207867 4.096425488082842
359 0.7913003272110238 3.2392439543321894 4.093570851599495
360 0.790654041266518 3.2343394615871253 4.0907138808854535
361 0.7900073053616685 3.229434969724239 4.087854565149611
362 0.7893601176615143 3.2245304787957187 4.084992903300481
363 0.7887124784204432 3.2196259887600167 4.0821288832756535
364 0.7880643853119322 3.2147214996600924 4.079262506435485
365 0.7874158373885659 3.2098170114823072 4.076393766891381
366 0.7867668350367948 3.204912524201661 4.073522651792734
366 0.7861173758857815 3.200008037894983 4.07064916265116
367 0.7861173758857815 3.200008037894983 4.07064916265116
368 0.7854674596014692 3.1951035524218865 4.067773290115697
369 0.784817084466254 3.1901990678345857 4.0648950322025765
370 0.7841662503617446 3.185294584198487 4.0620143786207015
371 0.783514955345971 3.180390101568665 4.059131328468801
372 0.7828631983863937 3.1754856199182333 4.056245875988828
373 0.7822109793497316 3.170581139202467 4.053358010697111
374 0.7815582964460991 3.165676659394347 4.050467730672565
375 0.7809051482039082 3.160772180573509 4.047575032439376
376 0.7802515352411111 3.155867702548157 4.044679901299957
377 0.7795974551819963 3.150963225570024 4.04178233859734
378 0.7789429070732102 3.1460587495613646 4.038882337836959
379 0.7782878894761078 3.141154274513465 4.035979895084688
380 0.7776324020736934 3.136249800446977 4.033075000583329
381 0.7769764437531848 3.1313453272961675 4.030167648545693
382 0.7763200128949959 3.1264408551267775 4.027257835937892
383 0.7756631085493508 3.121536383940124 4.0243455561242785
383 0.7750057291538087 3.116631913757452 4.0214308056281745
384 0.7750057291538087 3.116631913757452 4.0214308056281745
385 0.7743478755067215 3.1117274445264878 4.018513568582106
386 0.7736895443558215 3.1068229763617654 4.015593850306617
387 0.7730306852255417 3.1019185090438604 4.012671900778215
388 0.772371347402542 3.0970140426774306 4.00974745255968
389 0.7717115293472512 3.092109577352822 4.0068205019151
390 0.7710512306795312 3.087205112967693 4.003891038792486
391 0.7703904492726388 3.0823006495740706 4.000959062361447
392 0.7697291850970119 3.0773961871708475 3.9980245607849616
393 0.7690674365973932 3.0724917257826045 3.99508753013431
394 0.768405202444128 3.0675872653084686 3.9921479650985545
395 0.7677424826314991 3.062682805917744 3.9892058537911725
396 0.767079274431681 3.0577783474421367 3.986261197980619
397 0.7664155775580245 3.0528738899985624 3.9833139870743723
398 0.7657513910832273 3.0479694335728413 3.9803642135879143
399 0.7650867134465319 3.0430649781849826 3.977411873324405
400 0.7644215427872839 3.038160523829832 3.9744569635647524
401 0.7637558790853901 3.0332560704889207 3.971499471953386
402 0.7630897201603762 3.028351618157382 3.9685393973344607
403 0.7624230657933482 3.0234471667962795 3.965576728256767
404 0.7617559143358766 3.018542716574392 3.9626114609245335
405 0.7610882644905914 3.0136382673030813 3.95964358919679
406 0.7604201155717255 3.0087338190212662 3.956673103997433
407 0.7597514657451866 3.0038293718333846 3.953700002259476
408 0.7590823144234241 2.998924925685129 3.950724274169161
409 0.758412660558916 2.994020480701239 3.94774591248883
410 0.7577425026690807 2.989116036710577 3.944764911802731
411 0.7570718387109104 2.984211593802582 3.9417812699041757
412 0.7564006678921937 2.97930715197344 3.9387949778992883
413 0.7557289896607708 2.9744027111602747 3.935806025511096
414 0.755056801883845 2.9694982714561107 3.9328144108460417
415 0.7543841040158045 2.9645938327437187 3.9298201234123695
416 0.7537108949155485 2.959689395139048 3.926823156073224
416 0.7530371725890699 2.954784958605375 3.9238235058786297
417 0.7530371725890699 2.954784958605375 3.9238235058786297
418 0.7523629369591834 2.949880523210214 3.9208211599746154
419 0.7516881853279516 2.9449760888097325 3.917816118827089
420 0.7510129176309562 2.940071655525313 3.914808369474742
421 0.7503371310790349 2.9351672233406507 3.911797912919069
422 0.7496608268084849 2.930262792267684 3.908784729679193
423 0.7489840015069346 2.925358362247008 3.9057688233143435
424 0.7483066541948673 2.9204539334162747 3.902750185428334
425 0.7476287842154227 2.9155495056352554 3.8997288055126105
426 0.746950390342725 2.9106450789480043 3.8967046762135116
427 0.746271470907918 2.905740653449318 3.893677792498456
428 0.7455920249549075 2.9008362289997778 3.8906481452443336
429 0.7449120510971463 2.895931805835831 3.8876157280185595
430 0.7442315471227917 2.8910273837281135 3.8845805380124787
431 0.7435505129468023 2.886122962706377 3.8815425616051806
432 0.742868947064424 2.881218542816925 3.878501792547073
433 0.7421868479421371 2.876314124083001 3.875458224648096
433 0.7415042134565422 2.8714097064440907 3.8724118546257964
434 0.7415042134565422 2.8714097064440907 3.8724118546257964
435 0.7408210434564158 2.86650528999611 3.8693626690489027
436 0.7401373355945173 2.8616008747398336 3.866310665764814
437 0.7394530896084923 2.8566964605932452 3.8632558315575363
438 0.7387683034021969 2.85179204759911 3.86019816289621
439 0.738082975188827 2.8468876358440567 3.857137654632563
440 0.7373971046181091 2.841983225193715 3.8540742937491608
441 0.7367106895108101 2.837078815749217 3.8510080770418726
442 0.7360237296855459 2.8321744074957005 3.8479389906432786
443 0.7353362221339642 2.827270000397813 3.844867035371934
444 0.7346481666950226 2.8223655945330335 3.8417921972501063
445 0.7339595608984593 2.817461189873997 3.8387144741667627
446 0.7332704044776782 2.8125567863388263 3.8356338523470908
447 0.7325806953149577 2.807652384002998 3.832550327846008
448 0.7318904320401614 2.8027479829352333 3.8294638927339286
449 0.7311996136671151 2.7978435830589286 3.8263745368069504
450 0.7305082392153761 2.79293918443243 3.823282249947336
451 0.729816305890286 2.7880347869650333 3.8201870312612076
452 0.7291238130022892 2.783130390777961 3.8170888690604636
453 0.7284307593541177 2.778225995749844 3.8139877539125764
454 0.7277371429213243 2.7733216019988363 3.8108836809758113
455 0.7270429621569259 2.7684172094457336 3.807776642569569
456 0.726348216081218 2.763512818201014 3.8046666282333192
457 0.725652903478562 2.758608428146973 3.8015536283573494
458 0.7249570224767795 2.7537040392624785 3.7984376368334027
459 0.7242605715644952 2.7487996516448034 3.7953186457562444
460 0.7235635034597341 2.7438952652474393 3.7921968868350135
461 0.7228658623165836 2.7389908801021323 3.7890721126661457
462 0.7221676464211638 2.7340864962320417 3.785944316089645
463 0.7214688549069377 2.7291821137002037 3.7828134854861353
464 0.7207694859479106 2.7242777323791296 3.7796796139286215
465 0.7200695386234354 2.719373352350911 3.776542689959592
466 0.7193690110436728 2.7144689735248444 3.7734027068898155
466 0.718667901344408 2.709564595994164 3.770259658077669
467 0.718667901344408 2.709564595994164 3.770259658077669
468 0.7179662079224147 2.704660219791525 3.7671135353542957
469 0.7172639295878959 2.699755844868445 3.763964328193097
470 0.7165610653047965 2.6948514712440805 3.760812025277704
471 0.7158576123151307 2.68994709895834 3.7576566242815717
472 0.7151535699377001 2.6850427279439364 3.754498111752195
473 0.7144489366911845 2.6801383582572966 3.75133647853096
474 0.7137437100376083 2.675233989906912 3.7481717208631506
475 0.713037889570652 2.6703296228703026 3.7450038236792897
476 0.7123314724621524 2.665425257124629 3.7418327845485564
477 0.7116244583331429 2.66052089272747 3.7386585882099665
478 0.7109168446473704 2.655616529649606 3.735481230532451
479 0.7102086302117532 2.6507121679782686 3.7323007004124156
480 0.7094998134809138 2.6458078076658755 3.729116988326101
481 0.7087903929121109 2.6409034487073493 3.7259300847138004
482 0.7080803659684098 2.6359990910035807 3.7227399850276073
483 0.7073697316635738 2.6310947346828684 3.7195466768066656
483 0.7066584887703815 2.626190379762214 3.716350148615503
484 0.7066584887703815 2.626190379762214 3.716350148615503
485 0.7059466346101799 2.6212860261615125 3.713150396430423
486 0.7052341682416181 2.6163816740240864 3.709947407323713
487 0.704521088196518 2.6114773232685895 3.7067411707343356
488 0.7038073923056721 2.60657297387057 3.7035316797844935
489 0.7030930789136439 2.6016686259062576 3.7003189249510484
490 0.7023781471154379 2.5967642793111154 3.6971028924741445
491 0.7016625941625811 2.591859934105195 3.6938835783294426
492 0.7009464184987357 2.5869555903378245 3.69066097217314
493 0.7002296184194755 2.5820512479791784 3.6874350642397276
494 0.6995121926702282 2.5771469070501327 3.684205842377761
495 0.6987941390503607 2.5722425674971046 3.6809732992218587
496 0.6980754557600723 2.5673382294086085 3.677737425409495
497 0.6973561413064833 2.5624338927401826 3.674498209680225
498 0.696636193936571 2.557529557552442 3.671255642202975
499 0.6959156113296241 2.5526252238435476 3.668009715957476
500 0.6951943924661116 2.5477208915218603 3.6647604168442043
501 0.6944725353587693 2.54281656068699 3.6615077360451025
502 0.6937500372656122 2.5379122314053393 3.658251668581407
503 0.6930268977313881 2.5330079035155553 3.654992196994538
504 0.692303114432239 2.5281035771120624 3.6517293139514067
505 0.6915786860402193 2.5231992522339666 3.6484630066913715
506 0.6908536098326967 2.5182949288096466 3.645193269554601
507 0.6901278840072362 2.5133906069292316 3.641920092164944
508 0.6894015070409526 2.5084862864728223 3.6386434622688033
509 0.68867447668448 2.503581967586533 3.635363371733556
510 0.6879467918594998 2.498677650194637 3.632079805824496
511 0.6872184498073983 2.4937733343385595 3.6287927587471946
512 0.6864894490710027 2.4888690200298087 3.625502217693062
513 0.6857597878846663 2.483964707286256 3.622208171389628
514 0.6850294638978657 2.479060396105468 3.6189106115223724
515 0.684298475295319 2.4741560864079983 3.6156095267350117
516 0.683566820467019 2.469251778258866 3.612304904693664
516 0.682834497437142 2.464347471728078 3.6089967349005128
517 0.682834497437142 2.464347471728078 3.6089967349005128
518 0.682101504154763 2.459443166720981 3.6056850069091095
519 0.6813678387287772 2.4545388633212086 3.602369709583921
520 0.6806334994322144 2.44963456140133 3.599050830505432
521 0.6798984834705779 2.444730261177775 3.595728363297002
522 0.6791627894894546 2.439825962517924 3.59240229334709
523 0.6784264155083709 2.434921665458272 3.589072609493974
524 0.677689359110404 2.430017370017582 3.5857393027499227
525 0.6769516189838364 2.4251130761333513 3.5824023580498388
526 0.676213192573412 2.4202087839148185 3.5790617670507405
527 0.675474077850489 2.4153044933563224 3.575717518342623
528 0.6747342729353166 2.4104002043745045 3.572369599499472
529 0.673993775595719 2.405495917083462 3.5690180001400313
530 0.6732525843396557 2.4005916314168947 3.565662705582422
531 0.672510696362617 2.3956873473868634 3.5623037080961337
532 0.6717681100799949 2.3907830650425104 3.5589409934297316
533 0.6710248229471197 2.3858787843649383 3.5555745521994764
533 0.6702808330676012 2.3809745053577633 3.5522043715035334
534 0.6702808330676012 2.3809745053577633 3.5522043715035334
535 0.6695361384712817 2.37607022798494 3.5488304386527996
536 0.6687907372101868 2.3711659523674964 3.545452740955485
537 0.6680446262549167 2.3662616784161634 3.542071271018997
538 0.6672978042141257 2.3613574061878126 3.5386860128646385
539 0.6665502285028416 2.356453135616932 3.5352971686917454
540 0.6658019372722956 2.3515488667267874 3.5319045125653714
541 0.6650529287662572 2.3466445995820755 3.5285080300831795
542 0.6643032000109236 2.3417403341575054 3.525107713042777
543 0.6635527494797155 2.3368360704608966 3.521703545487807
544 0.6628015745323841 2.3319318084633545 3.5182955171893875
545 0.6620496732901051 2.32702754824572 3.5148836139158313
546 0.6612970432486783 2.322123289806301 3.5114678245023927
547 0.660543682613418 2.3172190330919387 3.5080481338099285
548 0.6597895884615981 2.312314778174838 3.504624532748932
549 0.6590347584519042 2.3074105250010564 3.501197008821272
550 0.6582791909255459 2.3025062736527455 3.497765545976629
551 0.6575228832975077 2.2976020241373076 3.4943301328384604
552 0.6567658330371311 2.292697776356246 3.490890757446917
553 0.6560080382968836 2.2877935303862844 3.4874474043425034
554 0.6552494969091303 2.2828892862853443 3.4840000596016245
555 0.6544902055081777 2.277985043995675 3.4805487153576844
556 0.6537301630288793 2.2730808035771677 3.477093351552683
557 0.6529693660835286 2.268176564961358 3.473633960143867
558 0.6522078128187794 2.2632723282135023 3.470170524992421
559 0.651445500464844 2.258368093303297 3.466703034546744
560 0.6506824267213658 2.2534638602530404 3.4632314746960504
561 0.649918589303134 2.248559629111511 3.459755831145709
562 0.6491539862260514 2.243655399864565 3.456276087755963
563 0.6483886141851223 2.238751172501876 3.452792235279269
564 0.6476224708568681 2.2338469470382414 3.449304259135176
565 0.6468555542547074 2.2289427235278385 3.445812142860823
566 0.6460878613775715 2.224038501892114 3.442315875042255
566 0.6453193900032606 2.2191342821680737 3.4388154401448583
567 0.6453193900032606 2.2191342821680737 3.4388154401448583
568 0.6445501380562626 2.2142300643998576 3.435310821710782
569 0.6437801024415319 2.2093258485997156 3.431802008513251
570 0.6430092804363985 2.204421634768415 3.4282889871703173
571 0.6422376700187583 2.1995174228772116 3.4247717403636084
572 0.6414652681170189 2.194613212954147 3.4212502563019456
573 0.6406920726158571 2.189709004995912 3.4177245178883404
574 0.639918080677068 2.1848047990434676 3.414194511790987
575 0.6391432897697917 2.1799005951212274 3.410660222852984
576 0.6383676967743986 2.1749963932151424 3.407121638837865
577 0.6375912998955636 2.170092193270133 3.4035787402142885
578 0.6368140958367423 2.1651879953940636 3.4000315155541796
579 0.6360360821949461 2.1602837995505424 3.3964799482687393
580 0.635257256313841 2.155379605746354 3.392924023022124
581 0.6344776152797144 2.150475414027263 3.389363725746588
582 0.6336971566090512 2.1455712243471674 3.385799039762524
583 0.632915877164706 2.140667036765048 3.382229951877119
583 0.6321337747847858 2.1357628512919224 3.3786564434388233
584 0.6321337747847858 2.1357628512919224 3.3786564434388233
585 0.6313508463983332 2.130858667881129 3.3750785003885513
586 0.6305670891580699 2.1259544865845226 3.371496107453192
587 0.6297825006874794 2.121050307397264 3.3679092465762315
588 0.628997077647119 2.1161461303798523 3.364317904775793
589 0.6282108173819572 2.111241955449509 3.3607220650036296
590 0.6274237171255544 2.1063377826886893 3.3571217108887
591 0.6266357736907799 2.1014336120939636 3.353516827992234
592 0.625846984770834 2.096529443675911 3.349907397003112
593 0.6250573470673775 2.091625277423816 3.3462934036968472
594 0.6242668579567879 2.086721113314312 3.3426748300303903
595 0.6234755142028585 2.0818169514668177 3.3390516612805787
596 0.6226833130716605 2.076912791815098 3.3354238795477085
597 0.6218902518988376 2.0720086344043387 3.331791466545436
598 0.6210963268680424 2.067104479246383 3.328154409912584
599 0.6203015355333314 2.062200326312448 3.3245126896862844
600 0.6195058747734407 2.0572961756776493 3.3208662894924483
601 0.6187093415241295 2.0523920273014857 3.317215192267213
602 0.617911933114646 2.0474878811959094 3.313559378721406
603 0.6171136459716622 2.0425837373547067 3.3098988341743816
604 0.6163144776000461 2.03767959581731 3.306233538034216
605 0.6155144241487991 2.0327754566026077 3.3025634767434617
606 0.6147134825887036 2.027871319708872 3.298888632097391
607 0.6139116504415397 2.022967185151464 3.2952089827526456
608 0.6131089243061126 2.0180630529352603 3.2915245120909105
609 0.6123053006448571 2.013158923095422 3.28783520406444
610 0.6115007762183148 2.0082547956278978 3.2841410407481173
611 0.6106953482513874 2.0033506705593753 3.2804420015570734
612 0.6098890136179694 1.9984465478557856 3.276738067473371
613 0.6090817686263541 1.9935424275664524 3.2730292224350035
614 0.6082736099403435 1.98863830969728 3.269315448178519
615 0.6074645346290092 1.9837341942787723 3.265596724079174
616 0.6066545392249959 1.9788300812764137 3.2618730320626605
616 0.6058436205174977 1.9739259707379395 3.258144352583687
617 0.6058436205174977 1.9739259707379395 3.258144352583687
618 0.6050317750427826 1.9690218626485674 3.254410667124607
619 0.6042189993229516 1.9641177570466173 3.2506719571007854
620 0.6034052903734288 1.9592136539758347 3.2469282010493115
621 0.6025906444559807 1.9543095534095278 3.2431793812097434
622 0.6017750581212341 1.9494054553676115 3.239425478107606
623 0.600958527976826 1.9445013598243057 3.235666471645925
624 0.6001410164969012 1.9395972667262849 3.231902525256412
625 0.5993225542747131 1.9346931761993194 3.2281334356599376
626 0.5985031377208847 1.9297890881961908 3.2243591830527025
627 0.5976827636067346 1.9248850028159148 3.2205797456833767
628 0.5968614282893153 1.9199809199992208 3.21679510351698
629 0.5960391280457703 1.915076839806486 3.2130052368968394
630 0.5952158592431679 1.9101727622518714 3.2092101253496583
631 0.594391618609244 1.905268687306498 3.205409746127377
632 0.5935664021171697 1.9003646150507374 3.2016040804742287
633 0.5927402061573367 1.8954605454507027 3.1977931069308507
633 0.5919130270310318 1.890556478515478 3.1939768043259558
634 0.5919130270310318 1.890556478515478 3.1939768043259558
635 0.5910848609904227 1.8856524142535331 3.190155151485239
636 0.5902557043634794 1.880748352694701 3.1863281265919565
637 0.5894255533683095 1.8758442939025939 3.182495708207701
638 0.5885944043944585 1.8709402378171636 3.178657873484157
639 0.5877622532499517 1.8660361844912041 3.1748146026275252
640 0.5869290962651793 1.8611321339399833 3.170965872680316
641 0.58609492964177 1.8562280861649294 3.1671116610742285
642 0.5852597494034076 1.8513240412154914 3.16325194599947
643 0.5844235514295245 1.846419999023654 3.1593867059382417
644 0.5835863320316198 1.841515959688013 3.1555159170318547
645 0.5827480872396763 1.8366119231716116 3.1516395564182065
646 0.5819088130472029 1.8317078894995882 3.147757601242937
647 0.5810685051374608 1.826803858714723 3.143870030062229
648 0.5802271599456066 1.8218998308484298 3.1399768170439035
649 0.579384773062405 1.816995805883213 3.136077940535565
650 0.5785413404334927 1.8120917838109678 3.1321733766738147
651 0.577696858240463 1.8071877647310584 3.128263100192985
652 0.5768513215330962 1.8022837485962004 3.1243470913896423
653 0.5760047268544588 1.7973797353846581 3.1204253222019283
654 0.5751570699371058 1.792475725179148 3.1164977688184514
655 0.5743083460215122 1.7875717179638428 3.112564409601815
656 0.5734585512546225 1.7826677138074856 3.1086252178249576
657 0.5726076812006198 1.7777637126564347 3.104680169376866
658 0.5717557317191072 1.7728597146081377 3.100729238476809
659 0.5709026981669316 1.7679557196300006 3.0967724015083413
660 0.5700485762338783 1.7630517277053785 3.0928096327391534
661 0.5691933613436063 1.7581477389283413 3.088840907733279
662 0.5683370494723265 1.753243753260232 3.084866198478586
663 0.5674796358855814 1.748339770752432 3.0808854806288464
664 0.5666211163822195 1.743435791404983 3.076898726500924
665 0.5657614859975435 1.7385318152295388 3.072905912222324
666 0.5649007403617726 1.7336278422455813 3.068907010345454
666 0.5640388746321755 1.728723872483516 3.0649019956485484
667 0.5640388746321755 1.728723872483516 3.0649019956485484
668 0.5631758844294639 1.7238199059901618 3.060890840055253
669 0.5623117649759904 1.7189159427471423 3.0568735171680723
670 0.5614465114449474 1.7140119827889062 3.0528500005774344
671 0.560580119387281 1.709108026085333 3.0488202613275033
672 0.5597125838099338 1.7042040727270622 3.044784273254383
673 0.5588438999405851 1.6993001227208708 3.040742008459851
674 0.5579740632229881 1.6943961760600001 3.0366934374561665
675 0.5571030685090983 1.6894922327721609 3.0326385336442803
676 0.5562309106251495 1.6845882928849594 3.028577270169408
677 0.5553575851519259 1.6796843564079442 3.0245096156352
678 0.5544830866568476 1.674780423350644 3.0204355437573764
679 0.5536074106143549 1.6698764937741182 3.0163550229954574
680 0.5527305516582529 1.6649725676803075 3.0122680258675865
681 0.5518525047707178 1.6600686451058504 3.008174522639109
682 0.5509732650425794 1.6551647260372495 3.004074482469377
683 0.5500928268738108 1.6502608105118506 2.9999678779494685
683 0.5492111854244933 1.6453568985559113 2.995854677075069
684 0.5492111854244933 1.6453568985559113 2.995854677075069
685 0.548328335170012 1.6404529902223635 2.9917348511886273
686 0.5474442710464554 1.635549085487238 2.9876083685392105
687 0.5465589878345527 1.6306451843858651 2.983475197885636
688 0.5456724801035029 1.6257412869271413 2.9793353086429635
689 0.5447847423763589 1.6208373931381463 2.9751886700571504
690 0.5438957692795502 1.6159335030498423 2.9710352503574797
691 0.5430055553040998 1.6110296167007567 2.966875018062257
692 0.5421140949470871 1.6061257340944046 2.9627079411229293
693 0.5412213824986342 1.6012218552585382 2.958533988192122
694 0.5403274125013406 1.5963179802294591 2.9543531260789
695 0.5394321795246945 1.5914141090015956 2.9501653208820904
696 0.5385356776328929 1.5865102416191683 2.94597054106535
697 0.5376379012332875 1.581606378116338 2.9417687527019423
698 0.5367388442598313 1.5767025185174761 2.9375599239361296
699 0.5358385011170493 1.571798662822605 2.933344019785654
700 0.5349368662130561 1.5668948110746361 2.9291210048151157
700 0.5349368662130561 1.5668948110746361 2.9291210048151157
701 0.5340339333226114 1.5619909632819855 2.924890846474324
702 0.5331296964469574 1.5570871195017768 2.920653510541587
703 0.5322241495744032 1.552183279761245 2.916408962281135
704 0.5313172870305203 1.5472794440442867 2.9121571644918207
705 0.5304091021891475 1.5423756124076458 2.9078980847836657
706 0.5294995892521701 1.5374717848673334 2.9036316856048106
707 0.5285887422242218 1.5325679614438648 2.8993579299382155
708 0.5276765546789464 1.5276641421988861 2.895076782648342
709 0.5267630201146573 1.5227603271450243 2.8907882083552
710 0.5258481324196691 1.5178565162790454 2.8864921689360945
711 0.524931885090206 1.5129527096660427 2.8821886279703732
712 0.5240142718917798 1.5080489073037477 2.8778775468451214
713 0.5230952863591153 1.5031451092325594 2.8735588877025755
714 0.5221749213726076 1.4982413155166905 2.8692326157264696
715 0.5212531712555174 1.493337526134492 2.8648986874028255
716 0.5203300288266128 1.488433741152891 2.8605570670396094
716 0.5194054873040029 1.4835299605903367 2.8562077160383197
717 0.5194054873040029 1.4835299605903367 2.8562077160383197
718 0.5184795403240101 1.4786261844633608 2.85185059286878
719 0.5175521808025482 1.4737224128080835 2.847485659364509
720 0.516623374334888 1.4688186455893815 2.8431130269325697
721 0.5156931416905556 1.4639148828824844 2.838732502983168
722 0.5147614759687745 1.4590111247457456 2.8343440464341376
723 0.5138283702877978 1.4541073712201942 2.829947615398779
724 0.5128938173175464 1.4492036223097169 2.8255431697131885
725 0.5119578097234221 1.444299878036586 2.8211306685932747
726 0.5110203407733436 1.4393961384655076 2.8167100673276977
727 0.5100814030469054 1.4344924036130082 2.8122813242048292
728 0.5091409889611938 1.4295886735359682 2.807844397782183
729 0.5081990915128731 1.4246849482479913 2.803399242621241
730 0.5072557030620102 1.4197812277862987 2.7989458161158134
731 0.5063108159782133 1.4148775121762156 2.79448407485156
732 0.5053644229623291 1.409973801460894 2.7900139728791244
733 0.5044165162097801 1.405070095708878 2.7855354663377594
733 0.5034670879856991 1.4001663948957517 2.781048510037906
734 0.5034670879856991 1.4001663948957517 2.781048510037906
735 0.5025161305039533 1.3952626991067474 2.7765530585207174
736 0.5015636358177605 1.3903590083354866 2.772049066253805
737 0.5006095962253048 1.3854553226656454 2.767536485741089
738 0.4996540037544243 1.3805516421101267 2.7630152700400576
739 0.49869685018156545 1.3756479666934076 2.7584853728122845
740 0.4977381275738756 1.370744296466954 2.753946745346537
741 0.49677782755642125 1.365840631488404 2.7493993405598993
742 0.4958159420420038 1.3609369717700324 2.744843108846102
743 0.4948524627318854 1.3560333173809036 2.7402780010324252
744 0.4938873809611599 1.3511296683045118 2.7357039689393616
745 0.49292068853004917 1.3462260246348772 2.7311209611621106
746 0.4919523768076021 1.341322386407028 2.726528927680344
747 0.4909824369867782 1.3364187536264815 2.7219278184943922
748 0.49001086042613323 1.331515126342434 2.717317581868481
749 0.489037638395384 1.3266115046360516 2.712698165705385
750 0.4880627620435115 1.3217078885234501 2.708069517513442
751 0.4870862222917301 1.3168042780450435 2.7034315851709128
752 0.48610801024898764 1.311900673261374 2.6987843145999797
753 0.48512811660643423 1.3069970742039483 2.6941276530139042
754 0.4841465322576525 1.302093480900295 2.6894615455127306
755 0.48316324786188364 1.297189893440062 2.684785937631736
756 0.48217825432136197 1.2922863118411179 2.6801007723999004
757 0.48119154185620167 1.2873827361511807 2.6754059956770804
758 0.4802031009995744 1.2824791664212412 2.6707015505557465
759 0.4792129220300983 1.2775756026951992 2.665987380480023
760 0.4782209954635854 1.272672045011647 2.6612634264999686
761 0.47722731127609685 1.267768493435541 2.656529631645666
762 0.47623185947449553 1.2628649480129148 2.6517859376448274
763 0.475234630153194 1.2579614087549993 2.6470322845569774
764 0.47423561328762076 1.2530578757726751 2.6422686121902528
765 0.47323479859325174 1.2481543490727873 2.63749486044365
766 0.4722321758266751 1.2432508287265105 2.632710967968487
766 0.47122773451601035 1.23834731478753 2.627916873482446
767 0.47122773451601035 1.23834731478753 2.627916873482446
768 0.4702214642607789 1.23344380729531 2.6231125140881653
769 0.4692133542687364 1.2285403063117442 2.618297827917558
770 0.46820339387143567 1.2236368119158574 2.613472751228832
771 0.4671915723552197 1.2187333241234668 2.6086372191594833
772 0.46617787870246213 1.2138298430117893 2.6037911674194127
773 0.46516230215847393 1.2089263686098695 2.598934528873335
774 0.4641448311754522 1.2040229009941048 2.5940672396262667
775 0.46312545470123184 1.1991194402277572 2.589189231676597
776 0.462104161211891 1.1942159863592208 2.5843004382980026
777 0.4610809394276149 1.1893125394527229 2.5794007900849976
778 0.46005577758500443 1.1844090995580367 2.5744902189369716
779 0.4590286641831666 1.1795056667672639 2.5695686539884677
780 0.45799958731917434 1.1746022410840988 2.564636025022295
781 0.4569685348480912 1.1696988226100353 2.559692261960389
782 0.45593549487148893 1.1647954113951986 2.5547372917818354
783 0.45490045520504935 1.1598920075147605 2.5497710416489507
783 0.4538634034329262 1.1549886110326049 2.544793438502679
784 0.4538634034329262 1.1549886110326049 2.544793438502679
785 0.45282432718360366 1.1500852220101583 2.5398044075132935
786 0.45178321379279945 1.1451818404995509 2.534803873932252
787 0.45074005063290207 1.1402784665958758 2.529791761337306
788 0.44969482469684435 1.1353751003389991 2.524767993726405
789 0.44864752312764555 1.1304717418257462 2.5197324927705296
790 0.44759813272828514 1.125568391083486 2.5146851802591486
791 0.4465466403334821 1.1206650482390252 2.5096259763641036
792 0.4454930323243082 1.1157617133300084 2.5045548019205848
793 0.44443729528680975 1.1108583864235588 2.4994715749646663
794 0.4433794154999669 1.105955067601866 2.4943762135523597
795 0.4423193790606373 1.1010517569548726 2.4892686350148137
796 0.4412571721086174 1.0961484545450755 2.4841487545844436
797 0.44019278036286436 1.091245160430927 2.479016488029132
798 0.43912618954519833 1.086341874718841 2.473871749357427
799 0.43805738518227 1.0814385974679017 2.4687144516874864
800 0.4369863526522977 1.0765353287809216 2.4635445071610778
801 0.43591307709370175 1.0716320687119099 2.4583618272171197
802 0.43483754364304905 1.0667288173465843 2.4531663214026533
803 0.4337597370791387 1.0618255747878145 2.4479578993153215
804 0.43267964210956567 1.0569223411143747 2.4427364688601054
805 0.43159724318236115 1.0520191163997323 2.4375019373217515
806 0.4305125248190689 1.0471159007311663 2.4322542094942228
807 0.4294254709110876 1.042212694211309 2.426993191624394
808 0.4283360657379678 1.0373094969131817 2.421718785519569
809 0.4272442928761844 1.0324063089496096 2.416430894838896
810 0.4261501360428496 1.0275031303925515 2.4111294201000453
811 0.4250535786304962 1.0225999613444205 2.405814261437799
812 0.42395460376840155 1.0176968018919461 2.4004853181117825
813 0.4228531946146208 1.0127936521357717 2.3951424868832074
814 0.4217493337990332 1.0078905121904207 2.3897856651284917
815 0.420643004175521 1.002987382117665 2.384414746379926
816 0.419534188000825 0.9980842620389021 2.3790296252017
816 0.4184228674651627 0.9931811520642705 2.373630193973472
817 0.4184228674651627 0.9931811520642705 2.373630193973472
818 0.417309024585689 0.9882780522920307 2.3682163434476613
819 0.41619264110314375 0.9833749628281173 2.3627879633374165
820 0.4150736987128284 0.9784718837561498 2.3573449408875033
821 0.41395217844589993 0.9735688152237328 2.3518871645483324
822 0.41282806144886564 0.9686657573116264 2.3464145191874484
823 0.4117013286035619 0.963762710146923 2.340926888470053
824 0.4105719605633597 0.958859673836021 2.3354241544413727
825 0.4094399376422197 0.9539566485011515 2.3299061981949256
826 0.40830523991880885 0.949053634260494 2.324372899180066
827 0.407167847329804 0.9441506312292963 2.3188241346192027
828 0.4060277394645861 0.9392476395271406 2.31325978063886
829 0.40488489561831953 0.9343446592795944 2.3076797119159287
830 0.40373929485252325 0.9294416906205913 2.302083801280961
831 0.4025909159912799 0.9245387336659454 2.296471919614726
832 0.4014397375355354 0.919635788545015 2.2908439363544795
833 0.4002857376931434 0.9147328553912566 2.285199719237774
833 0.39912889448896927 0.9098299343348488 2.279539133591827
834 0.39912889448896927 0.9098299343348488 2.279539133591827
835 0.3979691856156335 0.9049270255246995 2.2738620431751113
836 0.39680658028361815 0.900024129047577 2.2681683564931894
837 0.3956410521199329 0.8951212450346099 2.2624579533351024
838 0.394472589545952 0.8902183736815504 2.2567306253299235
839 0.3933011689875139 0.8853155151228246 2.2509862287008118
840 0.3921267666350902 0.8804126695209846 2.245224617222545
841 0.3909493582541906 0.8755098370177894 2.2394456431069094
842 0.3897689192806531 0.8706070177657294 2.233649156460443
843 0.38858542491394593 0.8657042119169468 2.2278350046419293
844 0.3873988498380879 0.8608014196330137 2.2220030338055543
845 0.3862091685211377 0.8558986410765045 2.216153087079444
846 0.3850163551039486 0.8509958764200306 2.2102850051403
847 0.3838203831933401 0.8460931258276378 2.2043986272647724
848 0.38262122624263023 0.8411903894587717 2.1984937890647775
849 0.3814188570969912 0.8362876674865013 2.19257032505302
850 0.3802132483309123 0.8313849600895891 2.186628066589639
851 0.37900437215301097 0.8264822674529606 2.1806668423320845
852 0.37779220026113974 0.8215795897547368 2.1746864789342917
853 0.37657670401035764 0.8166769271844657 2.168686800025748
854 0.375357854283281 0.8117742799199335 2.162667626790329
855 0.3741356216133446 0.8068716481696179 2.156628777260589
856 0.37290997604277837 0.8019690321332804 2.150570066919536
857 0.371680887162866 0.7970664319975589 2.144491308341863
858 0.37044832416607115 0.7921638479722787 2.1383923108723617
859 0.36921225564663585 0.7872612802622814 2.132272881579939
860 0.3679726499138409 0.7823587290926391 2.1261328233927843
861 0.36672947457995325 0.7774561946648075 2.1199719372305563
862 0.36548269688382407 0.7725536772106419 2.1137900201502933
863 0.36423228350287973 0.7676511769444809 2.1075868661664408
864 0.3629782005991089 0.7627486941045212 2.1013622659586066
865 0.3617204138298538 0.7578462289136902 2.095116006557944
866 0.36045888826598954 0.7529437816184373 2.088847871779557
866 0.35919358846932925 0.7480413524486574 2.082557641511274
867 0.35919358846932925 0.7480413524486574 2.082557641511274
868 0.35792447838119795 0.7431389416656352 2.076245092335302
869 0.35665152143170237 0.738236549521047 2.069909996619535
870 0.35537468038502706 0.7333341762680048 2.0635521232786798
871 0.35409391738965157 0.7284318221774237 2.057171237358036
872 0.3528091940657827 0.7235294875067886 2.0507670992606943
873 0.3515204712240122 0.7186271725370793 2.0443394663041468
874 0.35022770919506613 0.7137248775530152 2.0378880905607963
875 0.34893086755184793 0.7088226028295677 2.0314127202410464
876 0.347629905253709 0.7039203486686552 2.0249130987592006
877 0.34632478039838205 0.6990181153668027 2.0183889658796947
878 0.34501545055409955 0.6941159032243013 2.0118400555961817
879 0.34370187240187267 0.6892137125583772 2.0052660980342742
880 0.342384001971279 0.6843115436753194 1.9986668177700755
881 0.3410617944897713 0.6794093969168074 1.9920419346095457
882 0.3397352043473663 0.6745072726077896 1.98539116340187
883 0.3384041852058759 0.6696051710943056 1.9787142132622741
883 0.3370686898025879 0.6647030927209038 1.972010788395097
884 0.3370686898025879 0.6647030927209038 1.972010788395097
885 0.33572867011078916 0.6598010378490438 1.9652805869433552
886 0.3343840771296924 0.6548990068279856 1.9585233018556085
887 0.3330348610793692 0.6499970000394963 1.9517386195933057
888 0.3316809711168709 0.6450950178739503 1.9449262214281355
889 0.3303223555919022 0.6401930607145602 1.9380857815917514
890 0.3289589618164776 0.6352911289466354 1.931216968337397
891 0.3275907360522004 0.6303892229949072 1.9243194438027604
892 0.32621762360544543 0.6254873432732598 1.917392862961248
893 0.3248395687724722 0.6205854902252206 1.9104368737168778
894 0.32345651470797127 0.6156836642683764 1.90345111714395
895 0.3220684034087522 0.6107818658691467 1.8964352274382366
896 0.3206751758856976 0.6058800954833224 1.8893888303324238
897 0.31927677183252123 0.6009783535808259 1.8823115447185526
898 0.3178731297614996 0.5960766406538636 1.8752029814570996
899 0.31646418706927776 0.5911749571943733 1.868062742483269
900 0.3150498796330198 0.586273303714193 1.8608904228025827
901 0.31363014228657077 0.5813716807439208 1.8536856072102554
902 0.31220490837368675 0.5764700888221527 1.846447872408718
903 0.31077410987968673 0.5715685284840342 1.8391767856894885
904 0.30933767735033746 0.5666670003058908 1.8318719050318513
905 0.3078955398668047 0.5617655048686193 1.8245327785899026
906 0.30644762495094197 0.5568640427662314 1.8171589447148682
907 0.3049938596604871 0.5519626146226555 1.8097499249233706
908 0.30353416848185766 0.5470612210616895 1.8023052356769105
909 0.3020684730573201 0.5421598627316486 1.7948243894647329
910 0.30059669436201775 0.5372585402947043 1.787306881185019
911 0.299118751694713 0.5323572544300647 1.7797521934479046
912 0.2976345624866338 0.5274560058468688 1.7721597970348484
913 0.2961440422704316 0.5225547952735663 1.7645291502990352
914 0.2946471046726027 0.5176536234445982 1.7568596983832214
915 0.29314366124418695 0.5127524911404194 1.74915087354831
916 0.29163362157446976 0.5078513991425636 1.74140209349244
916 0.29011689305324073 0.5029503482705691 1.7336127620057968
917 0.29011689305324073 0.5029503482705691 1.7336127620057968
918 0.28859338084567543 0.4980493393579402 1.7257822681119317
919 0.28706298793091456 0.4931483732690969 1.717909984925606
920 0.2855256147939267 0.4882474508947225 1.7099952704667385
921 0.28398115953433034 0.4833465731534975 1.702037465957547
922 0.28242951774818176 0.4784457409954111 1.6940358954335653
923 0.28087058236079204 0.4735449553926171 1.685989865554255
924 0.2793042436054198 0.4686442173543399 1.677898664570258
925 0.27773038889527346 0.4637435279230654 1.6697615618071011
926 0.27614890278814375 0.45884288817209573 1.6615778065361764
927 0.27455966674011867 0.4539422992112911 1.6533466280790798
928 0.27296255911961576 0.44904176219399083 1.6450672342840063
929 0.27135745507752257 0.4441412783027756 1.6367388107169984
930 0.2697442263092602 0.43924084876394665 1.6283605205338465
931 0.2681227410847224 0.4343404748506948 1.6199315026152532
932 0.26649286401154243 0.42944015787924544 1.6114508711972317
933 0.26485445586569634 0.42453989920430396 1.6029177150018639
933 0.26320737357950225 0.41963970023510705 1.5943310953952214
934 0.26320737357950225 0.41963970023510705 1.5943310953952214
935 0.26155146996045575 0.4147395624417603 1.585690046033636
936 0.25988659352821664 0.4098394873310282 1.5769935715692498
937 0.25821258842359845 0.40493947647555856 1.5682406460031075
938 0.25652929411578357 0.4000395315045051 1.5594302119895465
939 0.25483654533213307 0.39513965411575064 1.5505611787381517
940 0.25313417175161673 0.39023984605768053 1.5416324210885137
941 0.2514219978088965 0.385340109154586 1.5326427779301928
942 0.2496998425205235 0.38044044531426396 1.5235910502546455
943 0.24796751919586862 0.37554085650311736 1.5144759996025086
944 0.24622483513962962 0.37064134477301114 1.5052963465802593
945 0.244471591484998 0.3657419122626563 1.4960507682754625
946 0.24270758284337995 0.36084256120289676 1.486737896589534
947 0.24093259700304212 0.3559432939088805 1.4773563159840353
948 0.23914641458318942 0.351044112804542 1.4679045613808601
949 0.2373488088017942 0.3461450204125502 1.4583811149505694
950 0.23553954494006674 0.34124601937049487 1.448784404577691
950 0.23553954494006674 0.34124601937049487 1.448784404577691
951 0.23371838012832796 0.33634711242783916 1.4391127999567717
952 0.23188506278901497 0.3314483024676372 1.4293646105579976
953 0.2300393323403981 0.32654959250262344 1.4195380815112755
954 0.22818091856575773 0.32165098567661304 1.4096313911713827
955 0.2263095412652874 0.3167524852950495 1.399642646633895
956 0.22442490959029268 0.3118540948143302 1.3895698805611514
957 0.22252672163846285 0.30695581786872744 1.3794110460470261
958 0.22061466368766794 0.3020576582605749 1.3691640129969271
959 0.2186884095856785 0.2971596199950864 1.3588265631364618
960 0.2167476201221328 0.2922617072739163 1.3483963842797115
961 0.2147919421550551 0.2873639245281296 1.3378710655760349
962 0.21282100792208322 0.2824662764180317 1.3272480906652155
963 0.21083443403963645 0.2775687678535026 1.3165248319983642
964 0.20883182071217535 0.27267140401979506 1.3056985429227632
965 0.2068127505590903 0.2677741903887118 1.294766351034066
966 0.20477678763429083 0.26287713274659286 1.2837252492507254
966 0.20272347620092698 0.25798023721375474 1.272572087102831
967 0.20272347620092698 0.25798023721375474 1.272572087102831
968 0.2006523394531081 0.2530835102744048 1.2613035609961065
969 0.1985628780809431 0.248186958802795 1.2499162038818903
970 0.19645456881117748 0.2432905900977038 1.2384063733918187
971 0.1943268627350117 0.2383944119188946 1.2267702393980102
972 0.1921791834643866 0.23349843251627195 1.2150037704762253
973 0.1900109252342545 0.2286026606865864 1.2031027184608158
974 0.18782145071509404 0.22370710581547804 1.1910626020816912
975 0.18561008864174827 0.21881177792559822 1.1788786887976415
976 0.18337613123560775 0.2139166877440212 1.1665459746730829
977 0.18111883137044266 0.2090218467651163 1.154059162062522
978 0.17883739938774998 0.2041272673262725 1.1414126353050449
979 0.17653099963719338 0.1992329626878571 1.1286004333364723
980 0.17419874664256596 0.19433894713313493 1.115616219282531
981 0.17183970077231828 0.18944523607052716 1.102453246945161
982 0.16945286353195588 0.1845518461549963 1.0891043226318393
983 0.16703717222098433 0.1796587954266664 1.0755617629169638
983 0.1645914939712369 0.17476610346931012 1.0618173470121808
984 0.1645914939712369 0.17476610346931012 1.0618173470121808
985 0.16211461908451646 0.1698737915829628 1.047862262775951
986 0.1596052534955547 0.16498188299599484 1.0336870459003398
987 0.15706201029644506 0.1600904030974008 1.0192815105017428
988 0.15448340005124556 0.15519937971987385 1.0046346705755491
989 0.15186781989818304 0.15030884345218334 0.9897346492032025
990 0.14921354100159614 0.1454188280152584 0.9745685749371958
991 0.14651869418352073 0.140529370700241 0.9591224620403874
992 0.14378125346631945 0.13564051289064097 0.9433810710407707
993 0.1409990168893393 0.13075230067611535 0.9273277471057411
994 0.13816958434494186 0.1258647855839985 0.9109442297356537
995 0.13529033159038123 0.12097802546778234 0.8942104291241425
996 0.13235837977373155 0.11609208557262887 0.8771041604701559
997 0.12937055937188344 0.11120703984001523 0.8596008271120165
998 0.12632336729862495 0.10632297251103272 0.8416730394756511
999 0.12321291555372112 0.1014399801136798 0.823290153128888
1000 0.12003486920716278 0.09655817395019056 0.8044177045217182
1001 0.11678437098309848 0.0916776832397124 0.7850167147193041
1002 0.11345594864912188 0.08679865914659629 0.7650428221708593
1003 0.11004340051586513 0.08192127999636614 0.7444451881015384
1004 0.10653965314740162 0.07704575814807682 0.7231650927329482
1005 0.10293657513944494 0.07217234905162197 0.7011341591057635
1006 0.09922474339930146 0.06730136364420856 0.6782719847747408
1007 0.09539314210550494 0.06243318555478258 0.6544829552393966
1008 0.09142875821798196 0.057568295328761655 0.6296519437736307
1009 0.08731603811237798 0.052707305593441695 0.6036383089851837
1010 0.08303614148291256 0.04785101360468972 0.5762673066225825
1011 0.07856589306602556 0.043000482475097454 0.547317427410397
1012 0.0738762727491501 0.03815717196591813 0.5165010435147745
1013 0.06893018301928876 0.03332315973752124 0.4834335015213351
1014 0.063679031621538 0.028501538254478844 0.44758121360687964
1015 0.058057397763270756 0.023697184159574485 0.408168210642162
1016 0.05197459023313105 0.018918401486729464 0.3639932782898591
1016 0.04530209391250493 0.01418091864796922 0.31303009250207753
1017 0.04530209391250493 0.01418091864796922 0.31303009250207753
1018 0.03786402923477513 0.009519512354972828 0.25141308379906663
1019 0.029526949436937427 0.005030686312311111 0.17037609398341222
1020 0.022670199107854592 0.00112366943878163 0.049565927208478286
1021 0.02083629297021087 0.00011216840265338257 0.0053833185592920465
1022 0.019318374755236335 1.0451307728935674e-05 0.0005410034674942207
1023 0.017931053575934847 9.698725012694233e-07 5.408898574543791e-05
1024 0.01665372121808034 9.003246594741057e-08 5.4061470567710475e-06
1025 0.015464486422741976 8.357921853141917e-09 5.40459063732683e-07
