1 1.4986812764931283 2.9951103479984744 1.9984972088307846
2 1.497364050753885 2.990190515512733 1.9969696173801206
3 1.4960547935024777 2.985285356850325 1.9954385158991044
4 1.4947466169992074 2.980380527190678 1.9939035106658873
5 1.4934371019814632 2.9754756577258044 1.9923675752919232
6 1.4921260222877857 2.970570786245788 1.990831030271286
7 1.490812342284546 2.9656659147033 1.9892952523847929
8 1.4894946161041613 2.9607610431046636 1.9877621651622106
9 1.4881732326866066 2.9558561715034597 1.9862312441725871
10 1.4868474967430907 2.950951299520893 1.9847034117385218
11 1.4855175145501964 2.9460464275213676 1.9831785210647
12 1.4841839038280091 2.941141555348287 1.981655742096711
13 1.4828484672480524 2.936236683306753 1.980132662345448
14 1.4815120256154384 2.931331811360988 1.9786081791292085
15 1.4801745679900409 2.9264269398966407 1.9770823004144
16 1.4788360776431055 2.921522068813866 1.9755550415500012
16 1.477496554533605 2.916617198029071 1.9740263955808324
17 1.477496554533605 2.916617198029071 1.9740263955808324
18 1.4761559975262681 2.9117123276102874 1.972496357085372
19 1.474814401624186 2.9068074575020675 1.9709649256888555
20 1.4734717649072937 2.9019025876881703 1.9694320969026162
21 1.4721280856634338 2.896997718217686 1.9678978659741528
22 1.4707833603139855 2.8920928489381286 1.9663622304788104
23 1.4694375874495382 2.887187980098567 1.9648251853348726
24 1.4680907635789853 2.882283111495393 1.963286727905582
25 1.4667428856719251 2.877378243180635 1.9617468550818897
26 1.465393949767072 2.872473375204647 1.9602055649685424
27 1.4640439566416048 2.8675685075601782 1.9586628492618092
28 1.462692900707307 2.862663640220187 1.957118708127935
29 1.4613407790576554 2.857758773188072 1.9555731381361272
30 1.4599875912139564 2.852853906542602 1.9540261326265789
31 1.4586333331479706 2.8479490401913736 1.952477689540408
32 1.4572780037628612 2.843044174096808 1.950927802900845
33 1.4559216001014905 2.838139308414448 1.9493764693212912
33 1.4545641190649803 2.833234442975373 1.9478236853502384
34 1.4545641190649803 2.833234442975373 1.9478236853502384
35 1.4532055562313986 2.8283295779180655 1.9462694494870907
36 1.4518459097025211 2.8234247131435075 1.9447137566561858
37 1.4504851781139063 2.818519848739406 1.9431566011618135
38 1.449123356850766 2.813614984699914 1.941597981564841
39 1.4477604445398764 2.808710120910861 1.9400378919756425
40 1.4463964366672006 2.803805257454682 1.9384763308151083
41 1.4450313343786962 2.7989003942936423 1.9369132888021794
42 1.44366512932776 2.793995531545109 1.9353487694519074
43 1.4422978201696335 2.789090669087386 1.9337827666960985
44 1.4409294063891882 2.7841858069813954 1.932215273445117
45 1.4395598833256025 2.779280945200783 1.9306462880725885
46 1.4381892497099464 2.7743760837407607 1.9290758043840863
47 1.4368175012110012 2.7694712225993245 1.9275038202590902
48 1.4354446350807915 2.764566361794849 1.925930331432985
49 1.4340706510705648 2.7596615012938606 1.924355330215923
50 1.432695544729039 2.754756641238106 1.9227788146427887
51 1.431319308419019 2.7498517815132364 1.9212007868115872
52 1.4299419449835673 2.7449469220064624 1.9196212347194326
53 1.4285634488942933 2.740042062935765 1.9180401577938695
54 1.4271838183285526 2.7351372041894813 1.916457550221344
55 1.4258030494823828 2.7302323457840347 1.9148734089011847
56 1.4244211403572633 2.7253274878115654 1.9132877283245164
57 1.423038088862744 2.7204226301829193 1.9117005029408678
58 1.421653889182723 2.715517772905734 1.9101117322352095
59 1.420268537404094 2.710612916003518 1.9085214131109745
60 1.4188820348956481 2.7057080593679874 1.90692953524285
61 1.417494376545977 2.7008032031030895 1.9053360971238307
62 1.416105560180541 2.6958983471684794 1.903741093160298
63 1.4147155804428226 2.69099349159637 1.9021445220487763
64 1.4133244361862138 2.686088636349568 1.9005463767384123
65 1.4119321227991064 2.6811837814833295 1.8989466548632492
66 1.4105386406015632 2.6762789270110665 1.8973453473558821
66 1.4091439822213292 2.671374072893301 1.8957424554176734
67 1.4091439822213292 2.671374072893301 1.8957424554176734
68 1.407748146723862 2.6664692191429853 1.8941379715884852
69 1.40635112860827 2.661564365686327 1.892531894449589
70 1.4049529264542864 2.6566595126420127 1.8909242171883214
71 1.4035535374921981 2.6517546600075423 1.8893149346804183
72 1.4021529570189657 2.6468498076911566 1.887704044299466
73 1.4007511849746237 2.6419449557923316 1.8860915372634102
74 1.3993482139741231 2.6370401042216804 1.8844774144760832
75 1.3979440435251707 2.6321352530962683 1.8828616676665109
76 1.3965386712034296 2.6272304023107 1.8812442909631388
77 1.3951320904100857 2.622325551861748 1.8796252841485
78 1.3937242978811586 2.6174207018214886 1.8780046425255572
79 1.3923152921133688 2.6125158520992415 1.8763823588648183
80 1.3909050717063292 2.607611002843432 1.874758425925126
81 1.389493630175457 2.6027061539324188 1.8731328430802268
82 1.3880809668244587 2.597801305342094 1.8715056019283494
83 1.386667074276275 2.5928964571533006 1.8698767031059544
83 1.3852519539664012 2.587991609310168 1.8682461352246817
84 1.3852519539664012 2.587991609310168 1.8682461352246817
85 1.383835598811284 2.583086761920717 1.8666138984570064
86 1.3824180077974906 2.578181914908603 1.8649799846113397
87 1.3809991742433336 2.5732770682622483 1.8633443931435936
88 1.379579097006835 2.5683722220387306 1.8617071160407745
89 1.3781577738851034 2.5634673762099625 1.8600681466124198
90 1.376735197374474 2.558562530724297 1.858427485259073
91 1.3753113678945568 2.553657685653134 1.8567851217302813
92 1.3738862809004244 2.5487528410004994 1.8551410523803216
93 1.372459931918809 2.543847996736544 1.8534952733957342
94 1.3710323177331345 2.53894315289204 1.8518477792630956
95 1.3696034344820107 2.534038309413062 1.8501985652302668
96 1.3681732795325376 2.5291334663366705 1.8485476249037673
97 1.366741848287098 2.52422862365588 1.8468949544637343
98 1.3653091367031864 2.5193237813611913 1.8452405492902548
99 1.363875142805379 2.5144189395119017 1.8435844019709522
100 1.362439860920982 2.5095140980649595 1.8419265099661561
101 1.3610032869660356 2.504609257091085 1.840266868623359
102 1.3595654212300792 2.499704416384757 1.8386054671228151
103 1.3581262569711339 2.4947995762175026 1.8369423044521318
104 1.3566857901928406 2.4898947364678934 1.8352773755476404
105 1.3552440183245587 2.48498989706791 1.8336106734047917
106 1.353800935578718 2.480085058126376 1.8319421954500261
107 1.3523565436179101 2.4751802195838057 1.8302719288524656
108 1.3509108329370978 2.470275381429165 1.8285998758766249
109 1.3494638026514096 2.465370543735571 1.8269260271313996
110 1.3480154462533076 2.4604657064396322 1.8252503806824203
111 1.3465657612513442 2.455560869548256 1.8235729291574578
112 1.345114744600323 2.450656033061286 1.821893665874174
113 1.3436623914089965 2.445751197105208 1.8202125866904224
114 1.3422086979102856 2.440846361514954 1.8185296856704636
115 1.3407536613970632 2.4359415264128215 1.816844955600997
116 1.339297276748552 2.431036691686767 1.8151583923090324
116 1.337839539344804 2.4261318574290955 1.8134699910403858
117 1.337839539344804 2.4261318574290955 1.8134699910403858
118 1.3363804446930392 2.421227023590505 1.8117797467072714
119 1.3349199904742453 2.416322190190477 1.810087651269685
120 1.3334581721364447 2.4114173572568482 1.8083936996638712
121 1.3319949859430391 2.4065125247699966 1.8066978856277074
122 1.330530427779872 2.401607692723459 1.8050002033630983
123 1.329064494441631 2.396702861070517 1.8033006457503962
124 1.3275971788399246 2.391798029864798 1.8015992109555314
125 1.3261284791753098 2.38689319915304 1.7998958899045712
126 1.324658389415141 2.3819883688999637 1.798190679146834
127 1.3231869083061147 2.3770835390863945 1.7964835686966036
128 1.3217140282782505 2.3721787097658646 1.7947745571377622
129 1.320239748004272 2.367273880854972 1.7930636344144608
130 1.3187640622794496 2.3623690523496674 1.7913507957339794
131 1.3172869680473647 2.3574642243475217 1.7896360334013082
132 1.3158084589709709 2.3525593968238874 1.787919344023452
133 1.3143285308566284 2.3476545697437734 1.7862007212258135
133 1.3128471791458465 2.3427497431515856 1.784480159126979
134 1.3128471791458465 2.3427497431515856 1.784480159126979
135 1.31136440131678 2.337844916980727 1.7827576489290295
136 1.3098801939933804 2.332940091304936 1.781033183036834
137 1.308394548964382 2.328035266108976 1.779306760297693
138 1.3069074643258682 2.323130441386014 1.7775783709249346
139 1.3054189338190934 2.3182256171770694 1.7758480110250432
140 1.3039289529911882 2.313320793371422 1.7741156740669868
141 1.3024375186746102 2.308415970098606 1.772381351888344
142 1.3009446270266511 2.303511147276253 1.7706450370151405
143 1.299450271751777 2.298606325001229 1.768906725382033
144 1.2979544502616156 2.293701503180542 1.7671664076641702
145 1.296457157433158 2.2887966818135133 1.7654240779888768
146 1.2949583858856302 2.2838918610166257 1.7636797335805179
147 1.2934581344883305 2.2789870406665607 1.7619333628978167
148 1.291956397849951 2.27408222079294 1.7601849602489863
149 1.2904531694249148 2.2691774014290917 1.7584345214482608
150 1.2889484456001528 2.26427258257919 1.7566820382214063
151 1.2874422214914487 2.2593677642329624 1.7549275039431114
152 1.285934493096124 2.2544629463565875 1.7531709106958886
153 1.2844252555862905 2.2495581290354796 1.7514122517068096
154 1.2829145021419324 2.2446533121621313 1.74965152269656
155 1.2814022302167682 2.2397484958092275 1.7478887136245587
156 1.279888432969442 2.234843679991282 1.746123820188193
157 1.278373107621559 2.2299388646193172 1.744356832386882
158 1.276856246482263 2.2250340498835737 1.7425877470651367
159 1.2753378472016634 2.220129235620476 1.7408165534268953
160 1.273817904329211 2.2152244218802695 1.7390432449972513
161 1.2722964135065022 2.2103196086520676 1.7372678136852826
162 1.270773368283905 2.205414795934791 1.7354902541851795
163 1.2692487651744246 2.2005099837473656 1.7337105570829243
164 1.2677224565657577 2.1956051720381486 1.7319289097284056
165 1.2661945718064977 2.190700360858654 1.730145121166608
166 1.2646651123627373 2.185795550195088 1.7283591749529874
166 1.2631340738223584 2.180890740098463 1.726571062641743
167 1.2631340738223584 2.180890740098463 1.726571062641743
168 1.261601450560321 2.1759859305594422 1.724780777315222
169 1.2600672394413908 2.1710811215764187 1.7229883085754185
170 1.2585314339936815 2.166176313105258 1.721193650468752
171 1.2569940289591892 2.16127150515876 1.7193967953438303
172 1.255455018499406 2.156366697798152 1.7175977362976882
173 1.253914396459028 2.1514618909231276 1.715796466647735
174 1.2523721588765764 2.146557084641166 1.7139929767895081
175 1.2508283004947556 2.14165227887973 1.7121872586610136
176 1.2492828146998731 2.136747473681117 1.7103793060616528
177 1.2477356964456028 2.1318426690203265 1.7085691105041394
178 1.2461869410548285 2.1269378649699124 1.70675666298475
179 1.2446365418749266 2.12203306146909 1.7049419570089506
180 1.243084493709523 2.117128258524737 1.7031249840523355
181 1.2415307917227658 2.1122234561545232 1.7013057350140885
182 1.2399754297184402 2.1073186543640907 1.6994842025560113
183 1.2384184022418223 2.1024138531620977 1.697660378234242
183 1.2368597027464703 2.0975090525175575 1.695834254976534
184 1.2368597027464703 2.0975090525175575 1.695834254976534
185 1.23529932672329 2.0926042524141115 1.6940058228355692
186 1.2337372680252254 2.0876994529284802 1.6921750740902433
187 1.2321735199881167 2.0827946539910887 1.6903420015154809
188 1.2306080785570415 2.077889855663544 1.6885065943171678
189 1.2290409353875091 2.0729850578999427 1.6866688474020137
190 1.2274720871700504 2.0680802607191024 1.6848287487229816
191 1.2259015276454017 2.0631754641511386 1.682986290190775
192 1.2243292483068582 2.0582706681914305 1.6811414666747864
193 1.22275524602041 2.053365872836167 1.6792942655687386
194 1.2211795143104107 2.0484610780570605 1.677444678732437
195 1.2196020468706315 2.043556283910586 1.6755926977608253
196 1.2180228371301738 2.0386514903752295 1.6737383144461953
197 1.216441879573447 2.0337466974493736 1.6718815190434908
198 1.214859167235113 2.0288419051469186 1.6700223037081257
199 1.2132746939140784 2.0239371134247928 1.6681606593932006
200 1.2116884549148164 2.019032322316011 1.6662965749376164
201 1.2101004410295535 2.014127531840769 1.664430045267275
202 1.208510648993949 2.0092227420293356 1.662561057034919
203 1.2069190712534432 2.0043179528615864 1.660689602642542
204 1.205325700424624 1.9994131642994664 1.6588156741328035
205 1.203730532036814 1.9945083763992053 1.6569392595071326
206 1.202133556634765 1.989603589121858 1.655060353436539
207 1.2005347698721616 1.9846988024988288 1.6531789435054585
208 1.1989341666483209 1.9797940165161154 1.6512950181832973
209 1.1973317373655485 1.9748892311904511 1.6494085720434823
210 1.1957274769594322 1.9699844465289567 1.647519593292572
211 1.1941213788705454 1.9650796624786364 1.6456280720284053
212 1.1925134356724942 1.9601748790904345 1.6437339995125781
213 1.1909036407688132 1.9552700963529632 1.64183736569207
214 1.1892919876855783 1.950365314281671 1.6399381602470722
215 1.1876784695021503 1.9454605328988908 1.6380363733581755
216 1.1860630796721632 1.9405557522030796 1.6361319945474266
216 1.184445811490661 1.9356509721276374 1.6342250133769831
217 1.184445811490661 1.9356509721276374 1.6342250133769831
218 1.182826657487733 1.930746192724195 1.6323154204395487
219 1.1812056101414714 1.92584141405225 1.6304032062814149
220 1.1795826640613267 1.9209366360344324 1.628488358264447
221 1.177957810396045 1.9160318587288707 1.626570868514107
222 1.1763310433237535 1.911127082115024 1.624650724778193
223 1.1747023531560805 1.9062223062208403 1.622727920055136
224 1.1730717341888708 1.9013175310120791 1.620802441656954
225 1.1714391808542455 1.896412756503078 1.6188742766143112
226 1.1698046834615383 1.8915079826928998 1.6169434175077742
227 1.1681682366996047 1.886603209586594 1.6150098507358537
228 1.166529831590891 1.8816984371710814 1.6130735676128036
229 1.1648894608267237 1.8767936655251372 1.6111345570876519
230 1.16324711683217 1.871888894593131 1.60919280822357
231 1.1616027922227494 1.8669841244199519 1.607248309766406
232 1.1599564805043217 1.8620793549135826 1.6053010489703843
233 1.158308172623181 1.857174586169271 1.603351016649905
233 1.156657862080679 1.852269818159588 1.6013981998337803
234 1.156657862080679 1.852269818159588 1.6013981998337803
235 1.1550055407681634 1.8473650508605421 1.5994425876363405
236 1.1533512000554893 1.8424602843430447 1.5974841698299715
237 1.1516948308405044 1.8375555185595156 1.595522936591173
238 1.150036428214094 1.832650753526666 1.5935588721938247
239 1.1483759824711044 1.8277459892807153 1.591591967421441
240 1.1467134866477804 1.822841225796536 1.5896222090535437
241 1.145048932627662 1.8179364630693917 1.5876495853304584
242 1.1433823111300285 1.8130317011165054 1.5856740859709895
243 1.1417136145483007 1.8081269399426279 1.5836956982053527
244 1.140042834749519 1.8032221795365804 1.5817144098210745
245 1.1383699631122368 1.7983174199097258 1.5797302091432834
246 1.1366949908933832 1.7934126610747267 1.5777430845060711
247 1.1350179107623832 1.7885079030231057 1.5757530221014555
248 1.133338714274268 1.7836031457701016 1.5737600095239221
249 1.131657392883491 1.7786983893442876 1.571764034353295
250 1.1299739374139224 1.7737936336735838 1.5697650847886973
251 1.128288340166066 1.7688888788325319 1.5677631469382904
252 1.126600591145521 1.763984124812431 1.5657582098539662
253 1.1249106824582185 1.7590793716089104 1.5637502595004882
254 1.1232186050401625 1.7541746192192065 1.5617392832951544
255 1.1215243505467982 1.7492698676525396 1.5597252674894528
256 1.1198279088064036 1.7443651169024166 1.5577082006838814
257 1.1181292717382219 1.7394603670230735 1.5556880684457375
258 1.1164284308280745 1.734555617969673 1.553664856674353
259 1.1147253758957965 1.7296508697789064 1.5516385534768633
260 1.1130200979541525 1.7247461224274419 1.5496091450618958
261 1.1113125884747193 1.7198413759244768 1.5475766168409606
262 1.1096028375962799 1.7149366303066664 1.5455409559169064
263 1.1078908364912534 1.7100318855595975 1.5435021477164261
264 1.1061765744226413 1.705127141629215 1.5414601800975496
265 1.1044600439626355 1.7002223985937073 1.5394150362321544
266 1.1027412333186328 1.695317656467053 1.5373667051200193
266 1.101020134281304 1.690412915199965 1.535315170510837
267 1.101020134281304 1.690412915199965 1.535315170510837
268 1.099296736582806 1.6855081748267349 1.5332604188985255
269 1.0975710305463369 1.6806034353754977 1.5312024357448148
270 1.0958430062692832 1.6756986967978673 1.5291412065517123
271 1.0941126540570105 1.670793959127385 1.527076716398461
272 1.0923799639890062 1.6658892223823323 1.5250089504562698
273 1.0906449263456786 1.660984486555764 1.5229378933811837
274 1.0889075298834672 1.6560797516368089 1.5208635317399626
275 1.0871677649376987 1.651175017698484 1.5187858497562299
276 1.0854256216169937 1.646270284628141 1.5167048315808491
277 1.08368108953888 1.6413655525213047 1.5146204620214665
278 1.081934157614718 1.6364608213747098 1.512532726559375
279 1.0801848157836018 1.6315560911782563 1.510441609008058
280 1.0784330531772 1.6266513619436764 1.5083470941022774
281 1.0766788596952976 1.6217466336680633 1.5062491652590084
282 1.0749222239038663 1.6168419063504302 1.504147807530147
283 1.0731631358953624 1.6119371800113576 1.5020430036170453
283 1.071401584717645 1.6070324546861912 1.499934737458602
284 1.071401584717645 1.6070324546861912 1.499934737458602
285 1.0696375579647122 1.6021277303091639 1.4978229946951984
286 1.0678710463655017 1.5972230069290743 1.495707756442336
287 1.0661020371059795 1.5923182845858659 1.4935890085233707
288 1.0643305195625088 1.587413563235549 1.4914667333678007
289 1.0625564825761977 1.582508842881802 1.4893409139483722
290 1.0607799154255468 1.5776041235655036 1.487211532405971
291 1.0590008054964035 1.572699405269246 1.4850785732236036
292 1.0572191414547232 1.5677946880224543 1.482942018875277
293 1.0554349127745608 1.5628899717636635 1.48080185035294
294 1.053648107032132 1.5579852565707362 1.4786580511772551
295 1.0518587116292255 1.5530805424245475 1.4765106047550616
296 1.0500667153310306 1.548175829327071 1.4743594923290309
297 1.0482721051808561 1.5432711173241158 1.4722046973269964
298 1.046474870149565 1.538366406379368 1.4700462001151549
299 1.044674997495632 1.533461696500934 1.4678839832264157
300 1.0428724756803112 1.5285569876984992 1.4657180272222208
301 1.0410672915147783 1.523652280015543 1.4635483147286203
302 1.039259432171625 1.5187475734289748 1.461374827510987
303 1.037448885440131 1.5138428679658573 1.4591975462228381
304 1.0356356381690242 1.508938163586763 1.4570164524798748
305 1.0338196779338231 1.5040334603278782 1.4548315266486487
306 1.0320009921814421 1.4991287582067223 1.4526427489549851
307 1.0301795675920347 1.4942240572362049 1.450450100392535
308 1.0283553906327454 1.4893193573828234 1.448253561899887
309 1.0265284494053204 1.48441465868692 1.4460531118712379
310 1.0246987293463867 1.479509961159552 1.4438487321080906
311 1.0228662169806824 1.4746052647743222 1.4416404025221328
312 1.0210308988194476 1.4697005695979264 1.4394281028098628
313 1.01919276144407 1.4647958755818875 1.437211812127132
314 1.017351790530199 1.4598911827633623 1.434991510657814
315 1.0155079725288931 1.4549864911520787 1.4327671771288646
316 1.013661294159222 1.4500818007107705 1.430538789501217
316 1.01181174048246 1.445177111500258 1.4283063278265158
317 1.01181174048246 1.445177111500258 1.4283063278265158
318 1.0099592973691907 1.440272423541699 1.426069770626813
319 1.0081039504280322 1.4353677368018052 1.4238290963866975
320 1.0062456850429289 1.4304630512997687 1.4215842836024104
321 1.0043844869871321 1.425558367058309 1.4193353098618426
322 1.0025203410947456 1.4206536840631565 1.4170821536766147
323 1.000653232748418 1.4157490023574735 1.4148247924697583
324 0.9987831467240871 1.4108443218959785 1.412563204058271
325 0.9969100683599524 1.4059396427343034 1.4102973651848638
326 0.9950339816695654 1.4010349648722056 1.4080272540254475
327 0.9931548717490517 1.3961302883447901 1.405752846870756
328 0.991272723134715 1.3912256130988723 1.4034741203201686
329 0.9893875202378047 1.3863209391692322 1.4011910508392327
330 0.987499247047088 1.3814162665520244 1.3989036150486835
331 0.9856078877777482 1.3765115953210039 1.396611788918032
332 0.9837134262663503 1.3716069254089693 1.3943155483958933
333 0.9818158459675506 1.366702256871898 1.3920148696775752
333 0.9799151316177414 1.3617975896899972 1.3897097266390879
334 0.9799151316177414 1.3617975896899972 1.3897097266390879
335 0.9780112659085287 1.356892923888085 1.3874000956702601
336 0.9761042319548735 1.3519882594985169 1.3850859521332564
337 0.9741940135813949 1.3470835964901209 1.3827672698766493
338 0.9722805940914383 1.3421789349249995 1.3804440231363644
339 0.9703639560599039 1.3372742747555135 1.378116186616642
340 0.9684440818977921 1.3323696160308856 1.3757837348956008
341 0.9665209544657366 1.327464958757726 1.3734466414041777
342 0.9645945557668407 1.322560302913087 1.3711048802900074
343 0.9626648683975467 1.3176556485563153 1.3687584244657092
344 0.9607318742704828 1.3127509956751036 1.3664072472581605
345 0.9587955560399954 1.3078463442761603 1.3640513204689952
346 0.956855895396845 1.3029416943637175 1.361690616770812
347 0.9549128730598889 1.2980370459765151 1.359325109752821
348 0.9529664711418634 1.2931323991172057 1.356954770473455
349 0.9510166713700142 1.2882277537637228 1.3545795699963172
350 0.9490634537390095 1.28332310997613 1.3521994814153293
350 0.9490634537390095 1.28332310997613 1.3521994814153293
351 0.9471068000797374 1.2784184677612536 1.3498144746227383
352 0.9451466566173591 1.2735138270889652 1.347424569692516
353 0.9431829754697351 1.2686091879542818 1.345029777835498
354 0.9412158005434674 1.2637045504254634 1.342629978901531
355 0.9392451118083351 1.2587999145055995 1.3402251432344676
356 0.9372708891792915 1.2538952802183598 1.337815240710523
357 0.9352931120533664 1.248990647548069 1.3354002413275587
358 0.9333117606648319 1.2440860165495076 1.3329801133795849
359 0.9313268139660621 1.2391813871842203 1.330554826299006
360 0.9293382518138763 1.234276759488645 1.3281243477061142
361 0.9273460530228178 1.2293721334922547 1.3256886460938067
362 0.9253501958881493 1.2244675091987192 1.3232476900526051
363 0.9233506593480911 1.219562886617231 1.3208014466337992
364 0.9213474215198985 1.214658265762858 1.3183498834338734
365 0.919340461423591 1.2097536466460814 1.3158929661083207
366 0.917329755996872 1.2048490292959673 1.3134306626591927
366 0.9153152836913798 1.1999444137092286 1.3109629382238286
367 0.9153152836913798 1.1999444137092286 1.3109629382238286
368 0.9132970219194404 1.195039799902685 1.3084897587765225
369 0.9112749477283154 1.190135187908182 1.306011090149057
370 0.9092490380485382 1.1852305777291345 1.30352689761753
371 0.9072192697665 1.1803259693832746 1.3010371458347294
372 0.9051856198296737 1.1754213628881955 1.2985417986527132
373 0.9031480648037346 1.1705167582651992 1.2960408197514848
374 0.9011065799910004 1.1656121555061256 1.2935341738573998
375 0.8990611415467827 1.1607075546318666 1.2910218237604356
376 0.8970117249489111 1.155802955682794 1.2885037324886943
377 0.8949583056778642 1.150898358665941 1.2859798622620986
378 0.8929008590415622 1.145993763594425 1.2834501747758784
379 0.8908393596901099 1.1410891704891566 1.2809146318884017
380 0.8887737821380748 1.136184579354848 1.2783731948320871
381 0.8867041007177828 1.1312799902323343 1.2758258243269298
382 0.8846302896442358 1.126375403130811 1.273272480398332
383 0.882552321892822 1.1214708180594093 1.2707131240153282
383 0.8804701719212457 1.1165662350455523 1.2681477131804806
384 0.8804701719212457 1.1165662350455523 1.2681477131804806
385 0.8783838120976222 1.1116616540917235 1.2655762080098252
386 0.8762932157100429 1.1067570752501346 1.2629985664710999
387 0.8741983550070719 1.1018524985000504 1.2604147470526148
388 0.8720992027976119 1.0969479238848143 1.257824706599787
389 0.8699957304737201 1.0920433514119166 1.2552284030374374
390 0.8678879101773684 1.087138781122529 1.2526257923103834
391 0.8657757132636511 1.082234213002971 1.2500168304829806
392 0.8636591104547472 1.0773296470946132 1.2474014736292898
393 0.8615380724374607 1.0724250834139795 1.244779676863122
394 0.8594125701375612 1.0675205219780006 1.2421513939540456
395 0.8572825733964806 1.0626159628222964 1.2395165792444636
396 0.8551480515574176 1.0577114059610877 1.2368751867407715
397 0.8530089741837988 1.0528068514184425 1.2342271690937603
398 0.8508653099675866 1.0479022992098708 1.2315724791386669
399 0.8487170281685616 1.0429977493505846 1.2289110678046127
400 0.8465640967127068 1.0380932018767006 1.2262428868738002
401 0.8444064835932036 1.0331886568190138 1.2235678869049955
402 0.8422441565058673 1.0282841141869872 1.2208860177230851
403 0.8400770823490791 1.023379574006839 1.2181972291699679
404 0.8379052282917281 1.0184750363062143 1.215501469518959
405 0.8357285602744106 1.013570501109731 1.2127986876228403
406 0.8335470447578477 1.0086659684423485 1.2100888303615476
407 0.8313606471301648 1.003761438329515 1.2073718449321282
408 0.8291693325389697 0.9988569107877993 1.2046476776091504
409 0.8269730658186878 0.9939523858530205 1.2019162738619864
410 0.8247718113033006 0.989047863553874 1.1991775785728966
411 0.8225655326328576 0.9841433439226785 1.1964315363089002
412 0.8203541937510138 0.9792388269699244 1.193678089816816
413 0.818137757491608 0.9743343127408285 1.1909171821236018
414 0.8159161858561093 0.9694298012485927 1.1881487560286692
415 0.8136894412248574 0.9645252925245968 1.185372752376735
416 0.8114574853529979 0.9596207866056667 1.182589111477868
416 0.8092202793205626 0.9547162835197003 1.1797977731369993
417 0.8092202793205626 0.9547162835197003 1.1797977731369993
418 0.8069777838587896 0.9498117833032209 1.176998676173501
419 0.8047299588289055 0.944907285968827 1.1741917591137236
420 0.802476764120599 0.9400027915477958 1.1713769589053533
421 0.8002181579753758 0.9350983000934211 1.1685542133401525
422 0.7979541001662741 0.9301938116266675 1.1657234563151413
423 0.7956845481525426 0.9252893261744625 1.1628846234639623
424 0.79340945949699 0.9203848437664353 1.160037648593131
425 0.7911287910329747 0.9154803644488587 1.1571824648847864
426 0.7888424989804219 0.9105758882469078 1.154319004647729
427 0.7865505392128564 0.9056714151884042 1.15144719892349
428 0.7842528670272056 0.9007669453271447 1.148566977818772
429 0.7819494369890362 0.8958624786887583 1.1456782706287942
430 0.7796402034621107 0.8909580153138836 1.1427810050808684
431 0.7773251192132088 0.8860535552325774 1.139875109310016
432 0.7750041373486226 0.8811490984933705 1.1369605090211286
433 0.772677209514117 0.8762446451252422 1.1340371300406953
433 0.7703442872084354 0.8713401951774793 1.131104896402921
434 0.7703442872084354 0.8713401951774793 1.131104896402921
435 0.7680053214928592 0.866435748675506 1.128163730677434
436 0.7656602622099088 0.8615313056690246 1.1252135551378952
437 0.7633090589558087 0.8566268662111685 1.1222542902648327
438 0.7609516603230205 0.8517224303322666 1.1192858557805292
439 0.7585880142847503 0.8468179980675413 1.116308170075664
440 0.7562180675209956 0.8419135694868517 1.1133211511948924
441 0.753841766882058 0.837009144609685 1.1103247145241277
442 0.7514590581562606 0.832104723486295 1.1073187746620585
443 0.7490698855478236 0.8272003061647983 1.104303246098106
444 0.7466741940722972 0.8222958926814782 1.1012780396182527
445 0.7442719264275633 0.8173914831000705 1.098243066917053
446 0.7418630248112004 0.8124870774701125 1.09519823781066
447 0.7394474312323981 0.8075826758296799 1.0921434597233293
448 0.7370250858587343 0.8026782782490033 1.0890786401303751
449 0.7345959290793251 0.7977738847602334 1.0860036833584004
450 0.7321598994492536 0.792869495423849 1.0829184936518135
451 0.7297169349863795 0.7879651102907056 1.0798229731442555
452 0.7272669724677703 0.7830607294330794 1.0767170228781173
453 0.7248099480267327 0.7781563528704484 1.0736005417543582
454 0.7223457967192609 0.7732519806889383 1.070473427271097
455 0.7198744527190734 0.7683476129247995 1.0673355750056635
456 0.7173958488617638 0.7634432496535214 1.0641868793425797
457 0.714909917261773 0.7585388909340641 1.061027232409081
458 0.712416588291796 0.7536345368209946 1.0578565255309809
459 0.7099157920604027 0.748730187368905 1.0546746469688335
460 0.7074074570125289 0.7438258426518695 1.051481483942988
461 0.7048915106609913 0.7389215027318494 1.0482769214214929
462 0.7023678791848668 0.7340171676832005 1.0450608426670427
463 0.6998364877208002 0.729112837557807 1.041833128667459
464 0.6972972602388386 0.7242085124370934 1.038593658304404
465 0.6947501190162635 0.719304192381328 1.0353423089726592
466 0.6921949854435738 0.714399877466752 1.0320789553379224
466 0.6896317795760316 0.7094955677674409 1.0288034698801454
467 0.6896317795760316 0.7094955677674409 1.0288034698801454
468 0.6870604197323599 0.7045912633648169 1.0255157234050625
469 0.6844808229652225 0.6996869643213742 1.0222155842004128
470 0.6818929052912024 0.6947826707218768 1.0189029176438928
471 0.6792965809649768 0.6898783826503474 1.0155775871421855
472 0.676691762686218 0.6849741001846205 1.0122394536997534
473 0.6740783617731246 0.680069823409056 1.0088883755594396
474 0.6714562877441428 0.6751655523905005 1.0055242086701124
475 0.6688254485903692 0.6702612872402444 1.0021468062450396
476 0.6661857510017607 0.6653570280424603 0.9987560181855373
477 0.6635370995717779 0.6604527748903236 0.99535169219107
478 0.660879397301325 0.6555485278671327 0.9919336728365861
479 0.65821254518128 0.6506442870775814 0.988501802101608
480 0.6555364425260638 0.6457400526138787 0.9850559186695473
481 0.6528509871111078 0.6408358245736191 0.9815958575927775
482 0.6501560740549298 0.6359316030569991 0.9781214518089254
483 0.647451597269834 0.6310273881792008 0.9746325298139805
483 0.6447374481918646 0.6261231800386521 0.9711289173516827
484 0.6447374481918646 0.6261231800386521 0.9711289173516827
485 0.6420135162803411 0.6212189787503977 0.9676104365365678
486 0.6392796886944213 0.6163147844309302 0.9640769061341656
487 0.6365358507796123 0.6114105971923798 0.9605281406279634
488 0.6337818852333206 0.6065064171458322 0.9569639512851537
489 0.6310176724453816 0.6016022444176403 0.9533841454649792
490 0.628243090482608 0.5966980791266261 0.9497885263939005
491 0.6254580152544411 0.5917939214095141 0.946176892734787
492 0.6226623195400021 0.5868897713920894 0.9425490397839716
493 0.6198558740275955 0.5819856292058644 0.938904757688809
494 0.6170385465752273 0.577081494983934 0.9352438323131215
495 0.6142102022022654 0.5721773688816751 0.9315660450284275
496 0.6113707031991643 0.567273251030061 0.9278711722064023
497 0.6085199085703739 0.5623691415825298 0.92415898586413
498 0.6056576746495069 0.5574650406984335 0.9204292524172795
499 0.6027838547722207 0.5525609485247875 0.9166817328469897
500 0.5998982988469159 0.5476568652311445 0.9129161830993915
501 0.5970008534931136 0.5427527909761576 0.9091323534974113
502 0.5940913619589429 0.5378487259391471 0.905329988582324
503 0.5911696640688943 0.5329446702867982 0.9015088267869736
504 0.5882355957385549 0.5280406242047411 0.8976686008635086
505 0.5852889894907423 0.5231365878698064 0.8938090366691942
506 0.5823296736778673 0.5182325614830101 0.8899298540120174
507 0.5793574730301196 0.5133285452315268 0.8860307653351697
508 0.5763722079104469 0.5084245393228011 0.8821114764815254
509 0.5733736944225032 0.5035205439586904 0.8781716860342393
510 0.5703617443005009 0.49861655936229576 0.8742110850611232
511 0.5673361646675539 0.4937125857518718 0.8702293569477916
512 0.5642967581608249 0.4888086233495412 0.8662261767065308
513 0.5612433221967509 0.48390467240319696 0.8622012116048984
514 0.5581756495719286 0.4790007331426433 0.8581541196037387
515 0.5550935275804109 0.4740968058184717 0.8540845501928394
516 0.5519967379864666 0.46919289069833275 0.849992143811973
516 0.5488850573600066 0.4642889880374329 0.8458765306356515
517 0.5488850573600066 0.4642889880374329 0.8458765306356515
518 0.5457582561872134 0.45938509812047823 0.8417373313412482
519 0.5426160988542862 0.4544812212293009 0.8375741563674965
520 0.5394583439023716 0.4495773576474322 0.8333866047844362
521 0.5362847431053158 0.44467350768851965 0.8291742649877968
522 0.5330950414334973 0.43976967166794734 0.8249367138838936
523 0.5298889771035309 0.4348658499036648 0.8206735159518136
524 0.5266662806911407 0.4299620427355491 0.8163842237466061
525 0.5234266758200169 0.4250582505110939 0.8120683758526142
526 0.5201698777129448 0.42015447359429836 0.8077254981422823
527 0.5168955937721965 0.4152507123572166 0.8033551018046088
528 0.5136035227953182 0.4103469671858875 0.7989566834599368
529 0.5102933547849744 0.40544323848839314 0.7945297242979724
530 0.5069647704081259 0.40053952667450754 0.7900736896413098
531 0.503617440922676 0.3956358321798825 0.7855880277995124
532 0.5002510272724768 0.390732155452477 0.7810721700720326
533 0.49686518032524524 0.38582849696316424 0.7765255289384597
533 0.4934595397475333 0.38092485719209207 0.7719474982426788
534 0.4934595397475333 0.38092485719209207 0.7719474982426788
535 0.49003373389203586 0.3760212366519862 0.7673374517821077
536 0.48658737947011726 0.37111763585625285 0.7626947420222687
537 0.48312008033555753 0.36621405536162105 0.7580187002520412
538 0.4796314275682042 0.3613104957372798 0.7533086344428525
539 0.4761209984589945 0.3564069575741714 0.7485638287908165
540 0.47258835617579126 0.3515034414969566 0.7437835420689163
541 0.46903304882802377 0.3465999481448234 0.7389670067191965
542 0.46545460889046647 0.3416964781970259 0.7341134273254902
543 0.4618525531349733 0.33679303235733976 0.7292219780344361
544 0.45822638254557946 0.3318896113681692 0.7242917998837755
545 0.45457557946815647 0.3269862160044955 0.7193220022665148
546 0.45089960396179 0.3220828470613174 0.7143116654602589
547 0.4471978951677997 0.3171795053914264 0.709259835117097
548 0.4434698713089109 0.31227619187337063 0.7041655185090268
549 0.43971492993590905 0.3073729074364662 0.6990276802319803
550 0.4359324449592221 0.30246965305796175 0.693845242664274
551 0.43212176558788773 0.29756642976301984 0.6886170830996914
552 0.42828221449795606 0.2926632386288687 0.6833420317767257
553 0.4244130864839176 0.2877600807858911 0.6780188687626513
554 0.4205136469975355 0.28285695743471734 0.6726463206469374
555 0.4165831302014174 0.27795386982845954 0.6672230574821145
556 0.4126207370461956 0.2730508192975636 0.6617476892999533
557 0.4086256332216739 0.2681478072428451 0.6562187622169521
558 0.4045969470652644 0.2632448351451998 0.6506347540549695
559 0.400533767021752 0.2583419045771908 0.6449940700334534
560 0.3964351390693368 0.253439017198142 0.6392950377534906
561 0.39230006387701566 0.2485361747695699 0.633535901863847
562 0.388127493763121 0.24363337916408365 0.6277148181436899
563 0.3839163293438446 0.2387306323675838 0.6218298470804844
564 0.3796654157441017 0.23382793649716677 0.6158789470958007
565 0.37537353870197593 0.22892529380917742 0.609859966690221
566 0.3710394201952491 0.22402270670992172 0.6037706359934372
566 0.3666617135840271 0.21912017777040985 0.5976085575681316
567 0.3666617135840271 0.21912017777040985 0.5976085575681316
568 0.3622389982626507 0.21421770974080317 0.591371196277103
569 0.35776977393364867 0.20931530557143815 0.5850558678281675
570 0.35325245408062156 0.20441296842817833 0.578659726399313
571 0.34868535884944424 0.19951070171416171 0.5721797507428658
572 0.3440667072000427 0.19460850909768507 0.5656127286518843
573 0.33939460808833816 0.1897063945308257 0.5589552397410174
574 0.33466705063506486 0.1848043622943262 0.5522036362517346
575 0.32988189319363653 0.17990241702034127 0.5453540213398157
576 0.3250368511050169 0.17500056374069087 0.5384022246885155
577 0.32012948280944425 0.1700988079301154 0.5313437751416542
578 0.3151571743723219 0.1651971555602136 0.5241738694009619
579 0.3101171217434228 0.1602956131602327 0.5168873368199715
580 0.3050063108678076 0.15539418788850806 0.509478598807935
581 0.29982149480559306 0.15049288761836752 0.5019416226843524
582 0.2945591675652232 0.14559172103124166 0.49426986854518384
583 0.2892155342034953 0.14069069773206566 0.48645622760039614
583 0.2837864760702244 0.13578982838414105 0.47849295098382055
584 0.2837864760702244 0.13578982838414105 0.47849295098382055
585 0.27826751069329336 0.13088912487107218 0.4703715663570163
586 0.272653744914109 0.1259886004853573 0.46208278021285215
587 0.26693981981931614 0.1210882701617484 0.45361636283305184
588 0.2611198461840536 0.11618815075333778 0.4449610110119363
589 0.2551873273835194 0.11128826137867313 0.4361041847952689
590 0.24913506764788565 0.10638862383504791 0.42703191019825426
591 0.24295506141535111 0.10148926312522635 0.4177285401423366
592 0.2366383592108043 0.09659020810935456 0.4081764614641754
593 0.23017490336320515 0.09169149233889785 0.3983557329628287
594 0.2235533250446159 0.08679315511718402 0.3882436331459717
595 0.21676069063151382 0.08189524288645096 0.37781408911300357
596 0.20978218139039095 0.07699781104654253 0.3670369453507332
597 0.20260068319745228 0.07210092640020123 0.35587701513292774
598 0.19519625383653283 0.06720467047930752 0.3442928291830236
599 0.1875454196093417 0.06230914417591647 0.3322349557014339
600 0.17962022965473035 0.057414474332390275 0.3196436973872795
601 0.171386957144663 0.052520823377639886 0.3064458594320483
602 0.16280427191111194 0.047628403856960454 0.292550086664585
603 0.15382059569886603 0.04273750115931964 0.2778399145130518
604 0.1443701446812378 0.03784851065019308 0.2621630028407933
605 0.13436676688584415 0.03296200167567134 0.24531364741160538
606 0.12369386905623103 0.028078835486415817 0.2270026453263518
607 0.11218693197811817 0.023200401980589043 0.20680128756096328
608 0.09960077117793192 0.01832915287894763 0.18402621447783263
609 0.08554197996992077 0.013470014442006364 0.157466713381463
610 0.0693118681200911 0.008635193160508167 0.12458462590485458
611 0.04952113392475524 0.0038695491778312635 0.0781393492263493
612 0.0407767227533645 0.000470614828874205 0.011541261707584738
613 0.03751436562791907 4.4539091233136295e-05 0.0011872542821299704
614 0.034770489525441574 4.134779524538662e-06 0.00011891634489394355
615 0.03231392859701707 3.837758862487269e-07 1.1876484937339175e-05
616 0.03002186932326855 3.562460957313505e-08 1.1866219651260715e-06
616 0.027872755263239627 3.306855716741893e-09 1.1864114923375322e-07
617 0.027872755263239627 3.306855716741893e-09 1.1864114923375322e-07
