1 1.082893788484124 6.49511048316407 5.997920158223618
2 1.0824566666711593 6.490190938903715 5.995797465835533
3 1.0820210893048838 6.485285725146136 5.99367774736483
4 1.0815843193176764 6.480381008847487 5.991563388174555
5 1.0811451699604107 6.475476254740187 5.989460467161228
6 1.0807036648452446 6.470571495062218 5.987368883392096
7 1.080261678765494 6.465666734999534 5.985278254421092
8 1.0798195533683974 6.460761972641885 5.983186683819658
9 1.079377281230891 6.455857211860232 5.981094214340103
10 1.0789348556624656 6.450952451768363 5.979000880277875
11 1.078492278425552 6.446047692260783 5.9769066698104805
12 1.0780495475603036 6.441142932976467 5.974811591501702
13 1.077606663986549 6.436238173864358 5.972715638240242
14 1.0771636267871272 6.431333414953223 5.97061881316589
15 1.0767204372812025 6.42642865638729 5.9685211071264614
16 1.0762770937782866 6.4215238979081715 5.966422527274382
16 1.075833595664234 6.41661913965921 5.964323075166196
17 1.075833595664234 6.41661913965921 5.964323075166196
18 1.075389943588503 6.411714381566536 5.9622227451477565
19 1.0749461375540428 6.406809623947355 5.960121535508335
20 1.0745021791323648 6.401904866540639 5.95801943529796
21 1.0740580625976326 6.397000109824351 5.95591647471373
22 1.0736137932788907 6.3920953528897515 5.953812621359726
23 1.073169370278844 6.387190596482382 5.951707878899659
24 1.0727247891420237 6.382285840179314 5.949602269640782
25 1.0722800549552387 6.377381084258874 5.947495763618481
26 1.071835162658385 6.3724763287441935 5.945388386903693
27 1.0713901155181136 6.367571573342222 5.943280119084287
28 1.0709449115330354 6.362666818120643 5.941170969300949
29 1.0704995522024512 6.357762063188147 5.939060927309736
30 1.0700540373283345 6.352857308388478 5.936949992030329
31 1.0696083665182736 6.347952554206082 5.934838164055845
32 1.0691625393544721 6.3430478003379145 5.932725443380811
33 1.068716554873792 6.3381430464299555 5.930611832974222
33 1.0682704143931092 6.333238293049472 5.928497324010815
34 1.0682704143931092 6.333238293049472 5.928497324010815
35 1.0678241166389837 6.328333540136594 5.926381921449068
36 1.0673776603769647 6.323428787301855 5.924265629719677
37 1.066931046804512 6.3185240347362015 5.922148440295516
38 1.066484276716919 6.313619282197273 5.9200303464700035
39 1.0660373465395225 6.308714530323401 5.917911366616002
40 1.065590258568368 6.303809778284724 5.915791485137974
41 1.0651430134068802 6.298905026872721 5.913670697351291
42 1.06469561150631 6.294000275616905 5.911548998227089
43 1.0642480514817354 6.289095524811488 5.909426393645054
44 1.0638003294807155 6.284190774311759 5.907302902772488
45 1.0633524498732583 6.279286023909233 5.905178499055196
46 1.0629044114228074 6.274381273947581 5.903053187585018
47 1.0624562111636946 6.269476524470329 5.900926982772733
48 1.0620078512447717 6.26457177530661 5.898799870418991
49 1.0615593311993792 6.2596670264863565 5.896671851034469
50 1.0611106516052462 6.254762277773395 5.89454291907371
51 1.060661810875177 6.249857529507154 5.89241308155542
52 1.0602128109075946 6.244952781202643 5.89028232535377
53 1.0597635610727258 6.24004803312571 5.888151152139387
54 1.0593141503343972 6.235143285383444 5.88601906565222
55 1.058864578184858 6.2302385379277405 5.883886066533484
56 1.058414845009142 6.225333790814261 5.881752150557271
57 1.0579649508012299 6.22042904403582 5.879617315606622
58 1.057514893935696 6.2155242972565965 5.877481568249706
59 1.0570646765630527 6.210619550891128 5.875344894774441
60 1.0566142956757587 6.205714805069949 5.873207309864266
61 1.0561637562925745 6.2008100595251765 5.871068783208133
62 1.0557130533783528 6.195905314038889 5.868929340422168
63 1.0552621881717048 6.191000568677977 5.866788972515162
64 1.0548111592902027 6.186095823677497 5.864647685221882
65 1.0543599670361645 6.181191078794864 5.8625054744542
66 1.0539086142614777 6.176286334175544 5.860362322309656
66 1.0534570968092187 6.171381589920946 5.858218249811253
67 1.0534570968092187 6.171381589920946 5.858218249811253
68 1.0530054161672808 6.166476845952009 5.856073246419466
69 1.0525535731419946 6.161572102280674 5.8539273054650005
70 1.0521015659331792 6.156667358897047 5.85178043474946
71 1.0516493935705866 6.151762616123374 5.8496326377717525
72 1.0511970576908791 6.146857873154118 5.847483902453709
73 1.0507445587230528 6.141953130401902 5.845334224586502
74 1.0502918943505548 6.137048388399743 5.8431836153458745
75 1.049839066435825 6.132143646514364 5.841032061545228
76 1.0493860746658215 6.1272389048028115 5.838879562752003
77 1.0489329157573692 6.122334163480332 5.836726135207393
78 1.0484795907715092 6.117429422577151 5.834571770801685
79 1.0480261017024315 6.112524682015263 5.832416456122584
80 1.0475724458039684 6.107619941600073 5.830260204021239
81 1.047118624882213 6.102715201594971 5.828103002447737
82 1.0466646370106316 6.09781046180756 5.8259448596863415
83 1.046210483535283 6.092905722417072 5.823785766157056
83 1.045756162277071 6.088000983024605 5.821625731344819
84 1.045756162277071 6.088000983024605 5.821625731344819
85 1.0453016754045945 6.083096244166987 5.819464741422579
86 1.0448470209578928 6.078191505716887 5.817302804906822
87 1.0443922007424487 6.073286767414828 5.815139909219338
88 1.0439372125031705 6.068382029800587 5.812976065150236
89 1.0434820571018197 6.063477292399603 5.810811265160018
90 1.0430267330601253 6.058572555174966 5.80864551515356
91 1.0425712428444507 6.05366781823097 5.806478799199111
92 1.0421155835980398 6.048763081569961 5.804311130907205
93 1.0416597551725217 6.043858345322893 5.802142508924996
94 1.0412037575087523 6.038953609415497 5.799972931200965
95 1.0407475913141977 6.0340488738952756 5.7978023915249395
96 1.0402912577004013 6.029144138613488 5.795630881241003
97 1.0398347529050702 6.024239403580416 5.793458418993992
98 1.03937807697594 6.019334668993218 5.791285002379896
99 1.038921233300159 6.014429934438224 5.789110609794006
100 1.0384642202111691 6.009525200291224 5.786935248543471
101 1.0380070358739208 6.004620466736744 5.7847589266881245
102 1.037549595884367 5.9997157333527005 5.782582111883312
103 1.0370919853823273 5.994811000040186 5.780404327230607
104 1.03663420466078 5.989906267060613 5.778225568990079
105 1.0361762531196785 5.985001534447459 5.776045838174783
106 1.0357181305462566 5.980096802021011 5.773865133428725
107 1.0352598369092108 5.975192069927337 5.771683452693765
108 1.0348013709936053 5.970287338213039 5.769500800410065
109 1.034342732178219 5.965382606796594 5.767317177580118
110 1.033883924670988 5.96047787564119 5.765132558316918
111 1.0334249442287862 5.955573144538454 5.762946963683868
112 1.032965791290357 5.950668413915727 5.760760389249958
113 1.0325064664288932 5.945763683373423 5.758572829028279
114 1.0320469671982198 5.940858953465579 5.756384294790093
115 1.031587297170536 5.935954223733999 5.754194763754155
116 1.03112745306934 5.931049494369003 5.75200425196143
116 1.03066743623616 5.926144765140098 5.749812749281642
117 1.03066743623616 5.926144765140098 5.749812749281642
118 1.030207245180323 5.921240036523056 5.747620262063511
119 1.0297468796113292 5.916335308113561 5.745426789102425
120 1.0292863398497876 5.911430579857566 5.743232326118571
121 1.0288256281207284 5.906525852104441 5.7410368585912925
122 1.0283647401004141 5.901621124539409 5.738840407891804
123 1.0279036778614934 5.896716397444851 5.736642960274936
124 1.0274424417536212 5.89181167031848 5.734444510840371
125 1.0269810310070926 5.886906943819163 5.732245062059483
126 1.0265194439538277 5.882002217503586 5.730044620341507
127 1.0260576832382524 5.877097491574612 5.727843168647604
128 1.0255957447768564 5.872192765780196 5.725640727046733
129 1.0251336300408413 5.8672880405798225 5.7234372852894015
130 1.0246713419827511 5.862383315359123 5.721232823800207
131 1.0242088755577643 5.857478590582706 5.719027368702343
132 1.023746231611106 5.8525738662146845 5.716820912741511
133 1.0232834131504116 5.847669142204464 5.714613436566005
133 1.0228204166828887 5.842764418400546 5.7124049570199515
134 1.0228204166828887 5.842764418400546 5.7124049570199515
135 1.0223572428134091 5.837859694801422 5.710195468206696
136 1.0218938926253651 5.832954971852794 5.707984961987833
137 1.0214303645641643 5.828050249114719 5.7057734440873995
138 1.020966655038615 5.82314552670697 5.703560932150842
139 1.0205027684719403 5.818240804692347 5.7013473989927
140 1.0200387052578856 5.81333608289746 5.6991328396972305
141 1.01957446291972 5.808431361582293 5.696917265806059
142 1.0191100428227715 5.803526640260276 5.694700666657584
143 1.0186454428078044 5.798621919830409 5.6924830526380505
144 1.0181806629370258 5.7937171998207075 5.690264420371385
145 1.0177157031346695 5.788812479835348 5.6880447673207835
146 1.0172505630756397 5.783907760437485 5.685824093279377
147 1.0167852452758275 5.779003041197302 5.683602381178936
148 1.016319744740837 5.774098322423134 5.681379656650808
149 1.0158540639472629 5.7691936038102485 5.679155902958272
150 1.0153882034351551 5.764288885573948 5.676931114693679
151 1.0149221612882227 5.759384167323219 5.674705299579759
152 1.0144558543143587 5.754479449731988 5.672478920850897
153 1.0139893688780004 5.749574732314825 5.670251492554448
154 1.0135227021154543 5.744670015217028 5.668023028222835
155 1.0130558516234427 5.7397652985766054 5.665793538804908
156 1.0125888203028985 5.734860582093235 5.663563005147291
157 1.0121216083134466 5.72995586615421 5.661331424098679
158 1.0116542116931373 5.725051150462699 5.659098814881685
159 1.011186633110634 5.7201464348738496 5.6568651597751165
160 1.0107188695289107 5.715241719601377 5.6546304733236195
161 1.010250923572682 5.710337004710476 5.652394738246085
162 1.0097827943706743 5.705432290386338 5.650157956931844
163 1.0093144838194599 5.700527576160213 5.64792011562958
164 1.0088459886493426 5.695622862146669 5.645681230067684
165 1.0083773079334852 5.6907181486172655 5.64344130301734
166 1.0079084448699724 5.68581343560555 5.641200313922424
166 1.0074393969759496 5.680908722661513 5.638958273533879
167 1.0074393969759496 5.680908722661513 5.638958273533879
168 1.0069701639479676 5.676004009912528 5.636715180973147
169 1.0065007438843507 5.6710992977614625 5.634471044576879
170 1.0060311398697457 5.66619458574111 5.632225843898561
171 1.0055613502009018 5.6612898740340825 5.629979585932783
172 1.0050913769158696 5.656385163073608 5.627732256971767
173 1.0046212158478984 5.651480452303891 5.6254838770591284
174 1.0041508670082275 5.64657574165842 5.623234443328081
175 1.0036803315944087 5.64167103145558 5.620983946645078
176 1.0032096118326352 5.636766321628555 5.618732371723859
177 1.0027387051061398 5.631861611989304 5.616479730273474
178 1.0022676112170779 5.626956903148831 5.614226021247839
179 1.001796329639991 5.622052194217421 5.611971243933167
180 1.001324860021001 5.617147485959467 5.609715398299066
181 1.000853201861361 5.612242777746488 5.607458483730665
182 1.0003813559270816 5.607338070009082 5.6052004935783755
183 0.9999093217630048 5.602433362692694 5.602941427543331
183 0.9994370983870778 5.597528655718276 5.600681288248894
184 0.9994370983870778 5.597528655718276 5.600681288248894
185 0.9989646863969112 5.592623948761739 5.598420069215203
186 0.9984920838997167 5.587719242363478 5.5961577787778225
187 0.9980192914625944 5.582814536423425 5.5938944108403215
188 0.9975463112905383 5.577909830688088 5.591629949963802
189 0.997073138406962 5.573005125398186 5.58936442145283
190 0.9965997775550994 5.568100420674339 5.58709779600216
191 0.9961262265178794 5.563195716171025 5.584830082848112
192 0.9956524836397657 5.558291011895642 5.5825612884290985
193 0.9951785504760507 5.553386308273296 5.580291401595015
194 0.9947044270341817 5.54848160479574 5.578020418929003
195 0.9942301120653877 5.543576901722782 5.575748344824016
196 0.99375560639752 5.53867219886694 5.573475171571884
197 0.9932809072494546 5.5337674963787356 5.5712009120386465
198 0.9928060174069847 5.528862794456804 5.568925547910268
199 0.9923309339462195 5.523958092882194 5.566649092470568
200 0.9918556574955962 5.519053391736641 5.564371539375068
201 0.9913801887746264 5.514148690829723 5.5620928814861275
202 0.9909045249391248 5.509243990294771 5.55981313197982
203 0.9904285892922361 5.504339290180296 5.557532718349454
204 0.9899524603036767 5.499434590489689 5.555251197418802
205 0.9894761377934579 5.494529890981353 5.552968567017909
206 0.988999620909934 5.4896251916781305 5.550684829006682
207 0.9885229104076524 5.484720492822295 5.548399976446147
208 0.9880460049873074 5.479815794271472 5.546114013529023
209 0.9875689039435989 5.474911095912106 5.543826941137451
210 0.9870916077426758 5.47000639797569 5.5415387539204595
211 0.9866141163729318 5.46510170032903 5.539249448832402
212 0.9861364309329698 5.460197003232496 5.5369590169857945
213 0.9856585482787849 5.455292306500049 5.534667472854979
214 0.9851804685973694 5.450387610097424 5.53237481236032
215 0.9847021925021947 5.445482914129155 5.530081029160518
216 0.9842237201613654 5.44057821842846 5.527786119132006
216 0.9837450510545817 5.435673523066836 5.5254900822522615
217 0.9837450510545817 5.435673523066836 5.5254900822522615
218 0.983266183942386 5.43076882810868 5.523192922524927
219 0.9827871184905435 5.42586413332487 5.520894638564678
220 0.9823078559270184 5.420959439156738 5.518595220885105
221 0.9818283951544715 5.416054745365807 5.5162946723634905
222 0.9813487356202523 5.4111500518375015 5.513992992936843
223 0.9808688790388079 5.406245358783143 5.511690170128484
224 0.9803888227127825 5.401340666091349 5.509386215915419
225 0.979908567037805 5.396435973683349 5.507081124922091
226 0.9794281138873155 5.391531281530854 5.504774883510396
227 0.9789474575935228 5.38662658997507 5.502467520796911
228 0.97846660313142 5.381721898752323 5.500159005457125
229 0.9779855476760158 5.376817208027156 5.497849350436795
230 0.9775042916314157 5.371912517496195 5.4955385500463505
231 0.9770228358209149 5.367007827430799 5.493226596818822
232 0.976541178013246 5.362103137591969 5.490913499931527
233 0.976059320342615 5.357198448069735 5.488599244346398
233 0.975577259301157 5.352293759282789 5.486283847080282
234 0.975577259301157 5.352293759282789 5.486283847080282
235 0.9750949980082564 5.347389070668423 5.483967286870592
236 0.9746125325294538 5.342484382576574 5.48164958305122
237 0.9741298656307966 5.337579694807578 5.479330716701962
238 0.9736469959072578 5.332675007541625 5.477010692743487
239 0.9731639235930837 5.327770320409167 5.474689506304498
240 0.9726806496989165 5.322865633581962 5.472367148693254
241 0.9721971708468911 5.3179609473811595 5.470043636054432
242 0.9717134865446061 5.313056261616218 5.467718967768309
243 0.9712295980555445 5.308151576168603 5.465393133401017
244 0.9707455061367283 5.30324689113827 5.4630661255838096
245 0.9702612102023035 5.298342206504181 5.46073794437217
246 0.9697767085777813 5.293437522342292 5.4584085960420134
247 0.9692920015205054 5.288532838468516 5.456078075721784
248 0.9688070888447664 5.283628155123272 5.4537463814634375
249 0.9683219717371366 5.278723472019843 5.4514135030417545
250 0.9678366475069425 5.273818789405316 5.449079452602032
251 0.9673511172346668 5.268914107041081 5.446744220550594
252 0.9668653795277279 5.264009425237765 5.444407811777278
253 0.9663794360093981 5.259104743727513 5.442070213584685
254 0.9658932861513065 5.254200062815873 5.43973142597536
255 0.9654068529151192 5.249295382067021 5.437391879098823
256 0.9649202107576993 5.244390701772524 5.435051150658757
257 0.9644333602888424 5.239486021744981 5.4327092337160385
258 0.9639463014217359 5.234581341969796 5.430366125425503
259 0.9634590340840529 5.2296766627716895 5.4280218232044195
260 0.9629715575113745 5.224771983771144 5.425676327630715
261 0.9624838732388677 5.219867305258246 5.423329627012657
262 0.9619959785929584 5.214962627100593 5.42098173292589
263 0.9615078732658107 5.210057949473527 5.418632643929684
264 0.9610195586858817 5.2051532720823745 5.416282348301017
265 0.9605310355221311 5.200248595160316 5.413930839135806
266 0.9600422999601739 5.195343918526851 5.41157813436176
266 0.9595533533937042 5.190439242330534 5.409224222887896
267 0.9595533533937042 5.190439242330534 5.409224222887896
268 0.9590641956770102 5.185534566576695 5.406869102142
269 0.958574827230791 5.180629891207869 5.404512766284604
270 0.9580852469659067 5.175725216173407 5.402155217987178
271 0.9575954547058849 5.170820541835252 5.399796455198729
272 0.9571054480889305 5.165915867387243 5.397436486964022
273 0.9566152286218976 5.161011193536387 5.395075302084991
274 0.95612479628968 5.156106520017595 5.392712896921286
275 0.9556341512627999 5.151201846728783 5.3903492669468225
276 0.9551432928430232 5.146297174324289 5.38798441331889
277 0.9546522208173484 5.141392502403409 5.3856183333460255
278 0.9541609350840736 5.136487830520268 5.383251023652188
279 0.953669434742549 5.131583159311308 5.380882486494518
280 0.9531777181673494 5.126678488311775 5.378512727058611
281 0.952685787791207 5.1217738177984335 5.376141728400523
282 0.9521936415931471 5.116869147678913 5.373769498310982
283 0.9517012795329317 5.111964478044655 5.3713960335888835
283 0.9512087013654046 5.107059808769 5.369021331951772
284 0.9512087013654046 5.107059808769 5.369021331951772
285 0.9507159056779997 5.102155140078344 5.366645398069532
286 0.9502228930341232 5.097250471603548 5.36426822482428
287 0.9497296641396181 5.092345803590692 5.361889804930927
288 0.9492362179780318 5.087441136163375 5.359510140689884
289 0.9487425542053106 5.082536468930709 5.3571292300554205
290 0.9482486733234231 5.077631802195778 5.354747066926746
291 0.9477545718345117 5.072727136114613 5.352363667627199
292 0.9472602522910137 5.067822470270331 5.349979013701309
293 0.9467657149440533 5.062917804849177 5.347593100314535
294 0.9462709587944381 5.058013139795486 5.345205929430047
295 0.9457759819526182 5.0531084753259625 5.342817508321029
296 0.9452807861710225 5.04820381104046 5.3404278230268885
297 0.9447853699157716 5.0432991472897015 5.338036878936129
298 0.944289732179507 5.038394483981718 5.335644677987384
299 0.943793873767959 5.033489821133864 5.333251211981693
300 0.9432977949967329 5.028585158821494 5.330856475540591
301 0.9428014932959922 5.02368049685999 5.328460479307713
302 0.9423049704556655 5.018775835356065 5.326063209588252
303 0.9418082265046357 5.013871174435531 5.323664662649718
304 0.9413112601165369 5.008966513698676 5.321264841853217
305 0.9408140700611168 5.004061853718796 5.318863751042461
306 0.9403166582393692 4.999157193913381 5.316461375121979
307 0.9398190218092708 4.994252534615126 5.314057726774413
308 0.9393211608334671 4.989347875795503 5.311652801868549
309 0.9388230062743178 4.984443217254297 5.309246986857367
310 0.9383246283173545 4.979538559123484 5.306839881260513
311 0.9378260240598586 4.974633901448976 5.304431497767287
312 0.9373271965669806 4.969729244128659 5.302021815146944
313 0.9368281433847521 4.964824587211901 5.299610843536395
314 0.9363288632187716 4.9599199306815445 5.2971985864358295
315 0.9358293579773426 4.9550152746675495 5.294785029374464
316 0.9353296259189078 4.950110619213218 5.292370178427758
316 0.9348296685199325 4.945205963825078 5.289954020880153
317 0.9348296685199325 4.945205963825078 5.289954020880153
318 0.9343294829185386 4.940301309114611 5.287536569736333
319 0.9338290711094347 4.935396654962284 5.28511780972806
320 0.9333284313560917 4.9304920011712134 5.282697746609295
321 0.9328275632515856 4.9255873475924945 5.280276378651617
322 0.9323264667408164 4.920682694533806 5.277853702614815
323 0.9318251415604449 4.915778042040117 5.275429716146206
324 0.931323588448426 4.910873389882492 5.273004410920106
325 0.930821804807733 4.905968738053504 5.270577797720223
326 0.9303197918484926 4.901064086751748 5.268149865987063
327 0.9298175486517617 4.8961594360016045 5.265720617018952
328 0.9293150754951403 4.891254785607252 5.2632900450917415
329 0.9288123715434363 4.886350135931681 5.260858151374407
330 0.9283094367292986 4.881445486485427 5.258424931760001
331 0.9278062713214948 4.876540837498804 5.255990381001672
332 0.9273028736572296 4.871636189118559 5.253554504695002
333 0.9267992446859837 4.866731541062093 5.251117293164205
333 0.926295382430066 4.861826893556552 5.248678753857021
334 0.926295382430066 4.861826893556552 5.248678753857021
335 0.9257912877202026 4.856922246429187 5.246238877867979
336 0.9252869601574484 4.852017599569901 5.243797663315469
337 0.9247823986114753 4.847112953330396 5.241355112952136
338 0.9242776043013612 4.842208307710351 5.2389112158250954
339 0.9237725744511371 4.837303662397989 5.236465983277422
340 0.9232673113022809 4.832399017723924 5.2340193988973365
341 0.922761813541221 4.827494373262467 5.231571465594481
342 0.9222560805907596 4.8225897292751645 5.22912218283886
343 0.9217501106669207 4.817685085915885 5.226671556817183
344 0.9212439062473448 4.812780443058159 5.224219569237483
345 0.9207374651748519 4.807875800491861 5.221766227986417
346 0.9202307876835318 4.802971158494435 5.219311527910084
347 0.919723873199949 4.798066517116981 5.216855468177975
348 0.9192167204537581 4.793161876047428 5.214398051507758
349 0.9187093304815651 4.788257235765284 5.211939268381433
350 0.918201703280913 4.783352595625594 5.209479113939504
350 0.918201703280913 4.783352595625594 5.209479113939504
351 0.9176938371803677 4.778447955938178 5.207017593819801
352 0.9171857325277537 4.773543316821308 5.20455470198547
353 0.9166773873963813 4.768638678217523 5.202090445103902
354 0.9161688047964034 4.763734040004959 5.199624801745553
355 0.9156599819136908 4.758829402253531 5.1971577837307885
356 0.9151509172919865 4.753924765167521 5.194689395312863
357 0.9146416131184593 4.749020128521071 5.192219619583397
358 0.9141320685059093 4.744115492256626 5.189748457255833
359 0.9136222825465293 4.739210856491328 5.1872759093416345
360 0.913112255902366 4.7343062212832585 5.184801967863929
361 0.9126019858343601 4.7294015864753165 5.182326643910806
362 0.9120914738142473 4.724496952319419 5.179849925098182
363 0.911580651334155 4.719592318311845 5.1773721956520555
364 0.9110695865876688 4.714687685113162 5.1748930647236415
365 0.9105582776523096 4.709783052162475 5.172412538278932
366 0.9100467246206606 4.704878419646269 5.16993061164791
366 0.9095349278782895 4.699973787661057 5.167447278385322
367 0.9095349278782895 4.699973787661057 5.167447278385322
368 0.9090228861781355 4.695069156107619 5.164962541094434
369 0.9085105997092316 4.690164524959256 5.162476394287904
370 0.9079980671638722 4.685259894218359 5.1599888410035355
371 0.9074852881007334 4.6803552641215465 5.157499879603574
372 0.9069722643184154 4.675450634441462 5.155009495196677
373 0.9064589937327172 4.670546005203319 5.15251769522461
374 0.905945475956323 4.665641376435402 5.150024477477869
375 0.9054317115727455 4.660736747918207 5.147529833942366
376 0.9049176996810238 4.655832120233817 5.145033765915906
377 0.9044034398683366 4.650927493070586 5.142536270923151
378 0.9038889302516808 4.646022866282751 5.140037355020048
379 0.9033741726682813 4.64111823999877 5.137537003399572
380 0.9028591657236577 4.63621361425516 5.13503521951749
381 0.9023439100488948 4.631308988877356 5.132531995064278
382 0.9018284037252136 4.626404364056992 5.13002733662695
383 0.9013126465187248 4.621499739714512 5.1275212408977335
383 0.9007966390825958 4.616595115887043 5.125013699638969
384 0.9007966390825958 4.616595115887043 5.125013699638969
385 0.900280380189692 4.61169049264358 5.122504715333108
386 0.8997638698907807 4.6067858698511746 5.1199942829560126
387 0.8992471081137547 4.601881247618438 5.117482398438028
388 0.8987300933013093 4.5969766259688445 5.114969066054915
389 0.8982128258088911 4.592072004776217 5.112454279018782
390 0.8976953053352934 4.587167383927398 5.109938034279983
391 0.8971775313091013 4.5822627636834685 5.107420330731353
392 0.8966595029755772 4.577358143794292 5.104901167727844
393 0.8961412205072524 4.572453524692853 5.102380540094627
394 0.8956226838189065 4.567548905873372 5.0998584430638685
395 0.895103892136727 4.562644287566725 5.097334876597522
396 0.8945848438421082 4.557739670144644 5.094809845614904
397 0.8940655389569954 4.552835053163407 5.092283344769872
398 0.8935459781413372 4.547930436432122 5.089755365350377
399 0.893026160244648 4.543025820385134 5.087225909642506
400 0.8925060854295972 4.5381212047851145 5.084694971688338
401 0.8919857540776607 4.5332165897691725 5.082162544688453
402 0.8914651642607073 4.528311975340294 5.079628634839171
403 0.8909443150323533 4.523407361416677 5.077093242637074
404 0.8904232078842238 4.518502747919507 5.074556354675584
405 0.8899018407646655 4.51359813499261 5.072017977976327
406 0.8893802129989299 4.5086935227540215 5.069478111673985
407 0.8888583272726337 4.503788910934656 5.066936735299593
408 0.8883361798601848 4.498884299697152 5.064393865400406
409 0.8878137717493947 4.493979688953333 5.061849491361415
410 0.8872911019143932 4.489075078575409 5.059303613988591
411 0.886768170901855 4.484170468988838 5.056756225731892
412 0.8862449782126124 4.479265859899932 5.054207324180003
413 0.8857215222385264 4.474361251312101 5.05165691356786
414 0.8851978043044658 4.469456643261254 5.049104981426247
415 0.8846738221118884 4.464552035812034 5.046551535970941
416 0.8841495747505684 4.459647429034807 5.043996577494186
416 0.8836250641003958 4.4547428227404495 5.041440090063256
417 0.8836250641003958 4.4547428227404495 5.041440090063256
418 0.8831002890936922 4.449838216802516 5.038882074616117
419 0.8825751853913734 4.444933611494638 5.036322893582778
420 0.8820498161294632 4.440029006586228 5.03376218144865
421 0.8815241814392663 4.4351244023044964 5.031199932670321
422 0.880998279442007 4.430219798379887 5.028636152599334
423 0.8804721107632256 4.425315195064015 5.026070832871684
424 0.8799456756202457 4.420410592319763 5.023503967110193
425 0.8794189721955967 4.415505989952911 5.020935560360907
426 0.8788920000334667 4.410601388225773 5.018365610402444
427 0.8783647603888501 4.405696787114059 5.015794104904285
428 0.8778372513497111 4.400792186520208 5.013221049521205
429 0.877309472384276 4.395887586467744 5.010646442151114
430 0.8767814238722362 4.3909829870207595 5.008070275517846
431 0.8762531049164589 4.3860783881066085 5.005492549466941
432 0.8757245146236154 4.38117378970268 5.002913263865519
433 0.8751956529917075 4.376269191797779 5.000332413487484
433 0.8746665195611 4.371364594609535 4.99774999596766
434 0.8746665195611 4.371364594609535 4.99774999596766
435 0.874137114883783 4.366459997847989 4.995166002565298
436 0.8736074378042502 4.361555401544732 4.992580434648301
437 0.8730774864310357 4.356650805986772 4.989993298070117
438 0.8725472622177577 4.351746210791062 4.987404578784887
439 0.8720167640629334 4.346841616153291 4.984814277996586
440 0.8714859922303237 4.341937022205647 4.982222389018185
441 0.8709549438380986 4.337032428723307 4.979628922721307
442 0.8704236199996593 4.3321278357859 4.977033867472019
443 0.8698920207051111 4.327223243517257 4.97443721809257
444 0.8693601456803506 4.322318651631338 4.971838970428929
445 0.8688279940529419 4.317414060355896 4.969239124324089
446 0.8682955646837788 4.3125094698354225 4.966637681036617
447 0.8677628579826623 4.307604879854175 4.964034632535793
448 0.867229872933069 4.302700290341639 4.961429979100493
449 0.8666966086683903 4.297795701526652 4.958823720482615
450 0.8661630660716461 4.2928911132498815 4.956215845960336
451 0.8656292441198448 4.287986525574383 4.953606355957077
452 0.8650951422300193 4.283081938347176 4.950995248113822
453 0.864560758888327 4.278177351969347 4.948382526024349
454 0.8640260955221437 4.273272766006988 4.945768175467648
455 0.8634911502324182 4.268368180830351 4.943152202175405
456 0.8629559232746351 4.263463596096236 4.940534598705561
457 0.8624204133856029 4.258559011980908 4.937915366895233
458 0.8618846208434221 4.253654428418928 4.935294499461414
459 0.8613485444110299 4.24874984549983 4.932671997959927
460 0.8608121844432621 4.243845263271935 4.930047854767158
461 0.8602755402088191 4.2389406816529265 4.927422068310795
462 0.8597386119317384 4.234036100551882 4.92479463152
463 0.8592013979114531 4.229131519992017 4.9221655484641795
464 0.8586638974141553 4.2242269401038 4.9195348177848786
465 0.8581261110484714 4.219322360796062 4.916902430157767
466 0.8575880373578568 4.214417782117945 4.91426838823702
466 0.8570496766960026 4.2095132041497205 4.91163268432437
467 0.8570496766960026 4.2095132041497205 4.91163268432437
468 0.8565110295908996 4.204608626623746 4.908995309298023
469 0.8559720942586595 4.199704049895223 4.906356267995516
470 0.8554328702971142 4.194799473602761 4.90371555648288
471 0.8548933571452781 4.189894897909978 4.901073172332487
472 0.8543535539028415 4.184990322973619 4.898429115037711
473 0.8538134604432605 4.180085748531459 4.895783379148593
474 0.8532730765493798 4.175181174747208 4.893135960215178
475 0.8527324010255742 4.170276601553243 4.890486859110415
476 0.85219143265549 4.165372029122624 4.887836077092472
477 0.8516501132798452 4.160467457128901 4.8851839414501494
478 0.8511085009163563 4.15556288566311 4.8825301135977055
479 0.8505665964995687 4.150658314844338 4.879874582338413
480 0.8500243984107076 4.145753744728456 4.877217351031076
481 0.8494819062289208 4.140849175082599 4.874558415805399
482 0.8489391193838384 4.135944606176532 4.871897774222501
483 0.8483960375944939 4.131040037870583 4.869235421682966
483 0.8478526591423118 4.126135470232282 4.866571362064587
484 0.8478526591423118 4.126135470232282 4.866571362064587
485 0.8473089838331302 4.121230903032167 4.863905590128625
486 0.8467650118526495 4.11632633661692 4.861238099116483
487 0.8462207429695309 4.111421770662507 4.858568883852737
488 0.8456761757999435 4.106517205463238 4.855897946490917
489 0.8451313110743542 4.10161264071229 4.853225276316182
490 0.844586147090716 4.096708076621433 4.850550877175837
491 0.8440406843926908 4.091803513128963 4.847874739679311
492 0.843494921152791 4.08689895030911 4.845196868196445
493 0.8429488573062249 4.081994388242559 4.842517256962909
494 0.8424024922861774 4.07708982681329 4.839835902845642
495 0.8418558260989859 4.072185265993838 4.837152799504446
496 0.8413088578452975 4.067280705866023 4.834467945913303
497 0.8407615874837618 4.062376146215355 4.8317813357449735
498 0.8402140134876854 4.057471587205762 4.829092971638743
499 0.8396661354994513 4.052567028916713 4.826402849396993
500 0.8391179530547028 4.047662471352834 4.823710965327139
501 0.8385694667847342 4.042757914270795 4.8210173091224595
502 0.8380206741757847 4.0378533579432165 4.8183218891521395
503 0.8374715754687998 4.032948802297581 4.815624697518858
504 0.8369221704658435 4.028044247362017 4.8129257289479455
505 0.8363724590553286 4.023139692957761 4.810224977400431
506 0.8358224403861998 4.018235139314857 4.807522441558512
507 0.8352721129388022 4.013330586439707 4.804818123664272
508 0.8347214769130378 4.008426034017219 4.802112015664384
509 0.8341705318326026 4.003521482283729 4.799404114034487
510 0.8336192767979461 3.9986169312110715 4.7966944173488235
511 0.8330677115368813 3.9937123809921298 4.793982920817261
512 0.8325158349992722 3.988807831223168 4.791269623389993
513 0.8319636481834355 3.9839032823223257 4.788554513194229
514 0.8314111480747373 3.9789987340700574 4.785837600667314
515 0.8308583360104171 3.974094186481741 4.783118871460555
516 0.8303052100962908 3.9691896395664754 4.780398329797506
516 0.8297517712309206 3.96428509342073 4.777675963908809
517 0.8297517712309206 3.96428509342073 4.777675963908809
518 0.8291980189216913 3.9593805478122666 4.774951769616067
519 0.8286439504358697 3.954476002957191 4.772225756161163
520 0.8280895673034842 3.949571458670112 4.769497907733747
521 0.8275348679907376 3.9446669151651266 4.766768226628099
522 0.8269798523862859 3.9397623722395427 4.764036706421794
523 0.8264245200206887 3.93485782993984 4.76130334303408
524 0.825868870095046 3.9299532885013693 4.758568134489785
525 0.8253129012873363 3.9250487476045737 4.755831081135676
526 0.8247566134369868 3.9201442074949617 4.7530921772893056
527 0.8242000063053857 3.915239668153098 4.750351417374787
528 0.8236430796435429 3.9103351294125623 4.747608795675041
529 0.8230858325338128 3.905430591506995 4.744864310790525
530 0.8225282643767866 3.9005260541624684 4.742117958849499
531 0.821970374227196 3.8956215176105506 4.739369738566496
532 0.8214121615046129 3.890716981666452 4.736619646024808
533 0.8208536253060003 3.88581244648329 4.7338676795570285
533 0.8202947657298411 3.8809079120599552 4.731113831510304
534 0.8202947657298411 3.8809079120599552 4.731113831510304
535 0.8197355831349649 3.8760033783470886 4.728358092647207
536 0.8191760712549448 3.8710988453946555 4.725600492045975
537 0.8186161814568115 3.8661943129541827 4.722841302836078
538 0.8180559655378183 3.861289781229434 4.720080219317132
539 0.8174954232392523 3.856385250222703 4.717317235786009
540 0.816934553962349 3.851480719887639 4.714552348418777
541 0.8163733578886913 3.8465761903621742 4.711785549090196
542 0.8158118326674956 3.8416716614710915 4.709016843883975
543 0.8152499780605791 3.8367671333015596 4.706246226990342
544 0.8146877942380747 3.8318626058615886 4.703473690121115
545 0.8141252802300424 3.8269580790547133 4.70069923141725
546 0.8135624352105929 3.8220535530255755 4.697922848461196
547 0.8129992587850362 3.8171490278213054 4.695144536202574
548 0.8124357493108676 3.81224450333207 4.692364296580659
549 0.8118719079723877 3.807339979477171 4.689582115220399
550 0.8113077326954022 3.802435456274395 4.686797996663472
551 0.8107432231012458 3.7975309338400876 4.684011935756694
552 0.8101783795867874 3.7926264121238145 4.681223922635599
553 0.8096132003528261 3.787721891146028 4.67843396018661
554 0.8090476854271832 3.7828173709945725 4.675642040799136
555 0.8084818331063477 3.7779128516748455 4.672848166741551
556 0.8079156441281717 3.7730083330184017 4.67005232593297
557 0.8073491176242764 3.7681038151437454 4.667254515904906
558 0.8067822515652088 3.7631992979000124 4.664454740543891
559 0.8062150465801681 3.7582947816067684 4.661652988925025
560 0.8056475017661736 3.7533902659073206 4.6588492581172085
561 0.8050796165702023 3.748485751075906 4.656043543923262
562 0.8045113905598964 3.7435812369816017 4.65323584091988
563 0.8039428225748642 3.738676723504411 4.650426147882253
564 0.8033739122125578 3.73377221086484 4.647614459600417
565 0.8028046583008457 3.7288676989758356 4.644800774908393
566 0.8022350606114669 3.723963187883545 4.641985087319825
566 0.8016651183656148 3.7190586776298638 4.639167393502227
567 0.8016651183656148 3.7190586776298638 4.639167393502227
568 0.8010948311503019 3.714154168044843 4.636347687715877
569 0.8005241978812996 3.7092496592257675 4.633525968412724
570 0.7999532191666353 3.7043451512305667 4.6307022241745965
571 0.7993818925197594 3.699440643961475 4.627876461274773
572 0.7988102187565296 3.694536137513545 4.625048667084725
573 0.7982381963604106 3.6896316317802413 4.622218842199258
574 0.7976658248315184 3.6847271269427617 4.619386981661203
575 0.7970931027165045 3.679822622716899 4.616553085425043
576 0.7965200304658716 3.6749181193527094 4.613717143062064
577 0.795946607831522 3.6700136168066044 4.6108791477925815
578 0.7953728323148025 3.6651091150298596 4.608039105840665
579 0.7947987044972119 3.660204614040352 4.605197005644078
580 0.7942242234734717 3.6553001138369083 4.602352844201561
581 0.793649388428008 3.6503956143871417 4.599506617925491
582 0.793074199016243 3.6454911157453735 4.596658320580052
583 0.7924986540728013 3.640586618120624 4.5938079508538685
583 0.7919227525663964 3.6356821212259516 4.590955506005781
584 0.7919227525663964 3.6356821212259516 4.590955506005781
585 0.7913464945793341 3.6307776251753547 4.588100977316405
586 0.7907698785673273 3.6258731299574976 4.585244365309731
587 0.790192905837848 3.620968635443355 4.582385653796793
588 0.7896155730552384 3.616064141778985 4.57952485383165
589 0.7890378812119383 3.611159648954622 4.5766619511448425
590 0.7884598289307766 3.606255156909815 4.573796945115423
591 0.7878814154379052 3.6013506657139494 4.570929831759409
592 0.7873026409062128 3.596446175310194 4.5680606014106075
593 0.7867235035711067 3.591541685740339 4.565189255739229
594 0.7861440030065602 3.5866371969892996 4.562315788548183
595 0.7855641382868392 3.5817327091715527 4.5594401966752285
596 0.7849839093800592 3.5768282220819625 4.556562471333662
597 0.78440331463735 3.571923735861494 4.553682613532666
598 0.7838223026283688 3.567019250394594 4.550800912953626
599 0.7832409235011631 3.562114765686745 4.547917069710486
600 0.7826591763143139 3.5572102819126745 4.545031080660464
601 0.7820770607478714 3.552305798976434 4.542142938676011
602 0.7814945767232554 3.547401316889706 4.539252635333283
603 0.780911722951711 3.5424968355995685 4.536360169123271
604 0.7803284982263051 3.53759235517587 4.533465538189179
605 0.7797449020401697 3.5326878756230915 4.530568736493131
606 0.7791609340546573 3.527783396856648 4.527669756873588
607 0.7785765933397232 3.5228789189825402 4.524768595817998
608 0.7779918788467206 3.5179744418718393 4.521865250170494
609 0.7774067902942468 3.5130699656595126 4.518959712623327
610 0.7768213263365146 3.508165490310087 4.5160519818045906
611 0.7762354864242106 3.5032610157879067 4.513142051680672
612 0.7756492703051138 3.4983565422243146 4.5102299146728795
613 0.7750626764504557 3.493452069534073 4.507315570313603
614 0.7744757041162291 3.4885475975822735 4.504399013476001
615 0.7738883528385793 3.4836431265984085 4.501480237841285
616 0.7733006213827198 3.4787386564984923 4.498559241137354
616 0.7727125093203184 3.4738341871554206 4.495636016312226
617 0.7727125093203184 3.4738341871554206 4.495636016312226
618 0.7721240161888611 3.4689297187936554 4.492710556933586
619 0.771535141127984 3.46402525127134 4.489782858376271
620 0.7709458832988 3.4591207847209127 4.486852916212072
621 0.7703562412824754 3.454216319033101 4.483920729041649
622 0.7697662146241899 3.4493118541668695 4.480986289909943
623 0.7691758022706744 3.444407390192493 4.478049595455682
624 0.7685850039501114 3.4395029272559445 4.475110637832847
625 0.7679938184366393 3.434598465059888 4.472169414138648
626 0.7674022458267148 3.429694003707513 4.4692259142566595
627 0.7668102838785039 3.4247895433234183 4.466280141681112
628 0.7662179326285806 3.4198850838442807 4.463332086358319
629 0.7656251908517331 3.41498062532073 4.460381745696841
630 0.7650320586984589 3.410076167742238 4.457429108975858
631 0.7644385349434492 3.4051717109357744 4.45447417324099
632 0.7638446179227134 3.400267255121612 4.451516938574089
633 0.7632503074280963 3.3953628003135483 4.44855739626861
633 0.7626556024607549 3.3904583462819042 4.4455955418702535
634 0.7626556024607549 3.3904583462819042 4.4455955418702535
635 0.7620605029449117 3.3855538932984 4.442631366164816
636 0.7614650073459567 3.380649441295812 4.439664867961398
637 0.7608691141138887 3.3757449902217704 4.436696046143465
638 0.760272823276506 3.3708405399841284 4.433724890305827
639 0.7596761343092755 3.365936090798683 4.430751393630539
640 0.75907904587378 3.3610316424524305 4.4277755534452
641 0.7584815560780529 3.356127195091776 4.424797370743723
642 0.7578836656231932 3.3512227485891404 4.42181683099542
643 0.7572853735576324 3.346318302986693 4.41883392949491
644 0.756686678217188 3.341413858429227 4.415848665793687
645 0.7560875791724532 3.336509414852268 4.412861031924526
646 0.7554880758543369 3.331604972277612 4.409871020810086
647 0.7548881669743432 3.326700530632884 4.406878629408891
648 0.7542878509999256 3.321796089984463 4.403883856250511
649 0.7536871288332228 3.3168916502618666 4.400886685429697
650 0.7530859975037137 3.3119872115857345 4.39788712386649
651 0.7524844582484824 3.307082773759161 4.394885153451381
652 0.7518825093342205 3.302178336942876 4.39188077385508
653 0.7512801486127864 3.297273901161075 4.38887398695331
654 0.7506773770505308 3.2923694663845167 4.385864776317743
655 0.7500741925092628 3.2874650325341954 4.382853143548994
656 0.7494705946148286 3.282560599632507 4.379839080036883
657 0.7488665822438106 3.2776561677299054 4.376822581546027
658 0.7482621540803234 3.272751736892059 4.373803644946528
659 0.7476573102314078 3.2678473069699523 4.370782258463465
660 0.7470520491844719 3.2629428781595817 4.367758420208621
661 0.7464463706815969 3.258038450317312 4.3647321204634215
662 0.7458402725143953 3.253134023461279 4.361703361088605
663 0.7452337075899189 3.2482295975139777 4.358672406296183
664 0.7446267211678588 3.2433251725731562 4.355638980409386
665 0.7440193140705172 3.238420748587591 4.35260306734545
666 0.7434114840293379 3.2335163255734876 4.349564669148803
666 0.7428032304446659 3.228611903638178 4.346523778182045
667 0.7428032304446659 3.228611903638178 4.346523778182045
668 0.7421945521263101 3.2237074826935763 4.34348038995704
669 0.741585449010486 3.218803062809501 4.340434493562976
670 0.7409759188598318 3.213898643876922 4.337386090525413
671 0.7403659611756986 3.208994226066441 4.334335172528149
672 0.73975557590615 3.2040898093486403 4.331281728324723
673 0.7391447609895329 3.1991853935005277 4.328225758128362
674 0.7385335162567057 3.1942809788415265 4.325167251761166
675 0.737921839578298 3.1893765651941117 4.322106209807738
676 0.7373097311359276 3.18447215254861 4.319042619500614
677 0.736697189667871 3.1795677410256267 4.315976476656695
678 0.7360842138735175 3.174663330490554 4.312907776930074
679 0.7354708033670739 3.169758921077958 4.309836510934792
680 0.734856956278175 3.164854512642977 4.306762677558356
681 0.7342426723216823 3.1599501052633316 4.3036862666556
682 0.7336279503195439 3.1550456989462212 4.300607273171624
683 0.7330127892367355 3.1501412936800794 4.29752569114139
683 0.7323971879008457 3.1452368896050626 4.2944415155658335
684 0.7323971879008457 3.1452368896050626 4.2944415155658335
685 0.7317811450109619 3.1403324865299225 4.29135474170065
686 0.7311646603451138 3.1354280845753317 4.288265358852809
687 0.7305477329614776 3.130523683576315 4.285173360111419
688 0.7299303608833495 3.1256192837450203 4.282078745104462
689 0.7293125435624607 3.1207148850181494 4.278981504657038
690 0.7286942802785095 3.1158104872889365 4.275881630494016
691 0.7280755693276633 3.1109060907148365 4.272779120425072
692 0.7274564102560412 3.1060016952416056 4.269673964586267
693 0.7268368019702398 3.1010973008502227 4.2665661568650135
694 0.7262167434787278 3.0961929076155053 4.2634556906304635
695 0.7255962335391745 3.091288515426392 4.260342560418618
696 0.7249752709580154 3.086384124433303 4.257226760789805
697 0.7243538548511864 3.0814797345517273 4.254108284113151
698 0.7237319840670198 3.0765753458378873 4.2509871244725685
699 0.723109658155681 3.0716709582070196 4.24786327158378
700 0.7224868756422355 3.0667665717259034 4.244736721341523
700 0.7224868756422355 3.0667665717259034 4.244736721341523
701 0.7218636349174077 3.061862186318074 4.2416074701815365
702 0.7212399355801282 3.056957802176241 4.238475507762034
703 0.7206157761931743 3.0520534190003468 4.2353408290941825
704 0.7199911558412501 3.047149037019283 4.232203426803127
705 0.7193660734379218 3.0422446562096885 4.229063294117416
706 0.7187405283815279 3.0373402765543123 4.225920421370764
707 0.7181145188637372 3.03243589810672 4.222774806036371
708 0.7174880437865219 3.0275315207785622 4.219626441161102
709 0.7168611026068198 3.0226271446763877 4.216475316745178
710 0.7162336937866699 3.0177227696598035 4.213321428241313
711 0.7156058161167277 3.0128183959030026 4.210164769554583
712 0.714977468607983 3.0079140232714385 4.207005332808126
713 0.7143486508206872 3.0030096518003804 4.203843107074312
714 0.7137193605247022 2.9981052814828946 4.200678091846618
715 0.7130895970661256 2.9932009123410626 4.197510277328446
716 0.7124593592216257 2.9882965444332905 4.19433965706908
716 0.7118286463144148 2.9833921776863086 4.191166221158995
717 0.7118286463144148 2.9833921776863086 4.191166221158995
718 0.7111974566103468 2.9784878121472946 4.18798996602593
719 0.7105657896601264 2.973583447802306 4.184810880389573
720 0.7099336430116641 2.9686790847570186 4.181628964875304
721 0.7093010164344147 2.9637747228847555 4.178444206640722
722 0.7086679089773437 2.958870362223978 4.175256597259823
723 0.7080343190058672 2.9539660028401022 4.1720661323136
724 0.7074002451201827 2.949061644605728 4.168872805669867
725 0.7067656871058932 2.944157287670691 4.1656766045428775
726 0.7061306425204086 2.93925293202667 4.162477528995946
727 0.7054951106754178 2.934348577510701 4.159275568474815
728 0.7048590914648672 2.9294442242748384 4.15607070937646
729 0.7042225824600254 2.92453987229737 4.152862951485057
730 0.7035855397664726 2.9196355214727077 4.149652538967422
731 0.7029480052996799 2.9147311719302045 4.146439210233764
732 0.7023099773914309 2.9098268235923292 4.143222960323322
733 0.7016714554923984 2.9049224765105666 4.140003777796598
733 0.701032437966279 2.9000181306214237 4.136781657400167
734 0.701032437966279 2.9000181306214237 4.136781657400167
735 0.7003929237707315 2.8951137860090372 4.133556590524224
736 0.6997529114623455 2.8902094426964684 4.1303285707757915
737 0.6991124004338432 2.885305100667255 4.127097586706719
738 0.6984713890116835 2.880400759930155 4.1238636331344045
739 0.697829875785168 2.8754964204518103 4.120626703201014
740 0.697187859843071 2.870592082147123 4.117386786960491
741 0.6965453390554474 2.865687745305612 4.114143882136427
742 0.6959023134720812 2.8607834097653297 4.110897972866275
743 0.6952587810686534 2.855879075476944 4.107649055632625
744 0.6946147405986535 2.850974742460163 4.104397122357426
745 0.6939701907450077 2.846070410746529 4.101142165330108
746 0.6933251302710197 2.8411660803579775 4.097884176284466
747 0.6926795585735472 2.8362617512996495 4.094623143117484
748 0.6920334733297356 2.831357423596269 4.091359063851528
749 0.6913868737205803 2.8264530971978488 4.088091927444
750 0.6907397582245166 2.8215487721449657 4.084821727067657
751 0.6900921259531001 2.8166444483802606 4.081548451940582
752 0.6894439751345854 2.811740126026973 4.078272096696613
753 0.6887953049331746 2.8068358050323767 4.074992650109149
754 0.6881461134000233 2.8019314853721626 4.071710107506462
755 0.6874963995397565 2.7970271671199534 4.068424458647957
756 0.6868461615373973 2.7921228501812516 4.065135697827186
757 0.6861953991680776 2.787218534655082 4.061843810136619
758 0.6855441102508621 2.7823142204332414 4.058548791871474
759 0.6848922936613185 2.7774099076187255 4.055250633309306
760 0.6842399480947133 2.7725055962641534 4.051949325648522
761 0.6835870720494355 2.76760128622042 4.048644860885071
762 0.6829336640520189 2.762696977562304 4.045337231101658
763 0.6822797225751133 2.7577926703860345 4.042026428657969
764 0.6816252463950401 2.7528883645329216 4.038712443666543
765 0.6809702342813854 2.7479840601050243 4.035395266585945
766 0.68031468520466 2.743079757096056 4.032074886448838
766 0.6796585971534994 2.7381754555053748 4.0287512980387765
767 0.6796585971534994 2.7381754555053748 4.0287512980387765
768 0.6790019686757464 2.7332711553636875 4.025424492795463
769 0.6783447987365293 2.728366856564208 4.022094459404725
770 0.6776870855577709 2.723462559248324 4.018761191246217
771 0.677028828074292 2.718558263407691 4.0154246771739786
772 0.6763700245183267 2.713653969035317 4.012084910131597
773 0.6757106738772374 2.708749676092593 4.008741878457757
774 0.6750507743644836 2.703845384600362 4.005395575089676
775 0.6743903245049101 2.698941094516645 4.002045990944514
776 0.6737293225805773 2.6940368059907818 3.998693118583358
777 0.6730677675423541 2.6891325189334934 3.9953369461631136
778 0.6724056578194937 2.6842282332686653 3.9919774648732096
779 0.6717429918344557 2.6793239491475878 3.9886146661994206
780 0.6710797682607109 2.674419666520045 3.985248539754885
781 0.6704159852708435 2.669515385361081 3.9818790780810738
782 0.6697516413983126 2.664611105749617 3.978506271647833
783 0.6690867355855146 2.6597068276444724 3.9751301082317463
783 0.6684212664018722 2.654802551031711 3.9717505777794555
784 0.6684212664018722 2.654802551031711 3.9717505777794555
785 0.6677552316403335 2.6498982759448775 3.9683676748371273
786 0.6670886297110065 2.6449940023716825 3.9649813901303284
787 0.666421459861957 2.6400897303713946 3.9615917094240403
788 0.6657537201330528 2.6351854598495255 3.9581986253458354
789 0.665085408546884 2.63028119090267 3.954802130826259
790 0.6644165248953168 2.6253769235382696 3.951402208053021
791 0.663747066519519 2.6204726576832305 3.9479988535756028
792 0.6630770320028831 2.6155683934037284 3.944592056677293
793 0.6624064193780383 2.6106641307381313 3.9411818097858946
794 0.6617352277522622 2.6057598696034865 3.9377680986616905
795 0.6610634553715066 2.6008556100605236 3.9343509143140976
796 0.6603911000553476 2.5959513521571473 3.9309302501799004
797 0.659718160779899 2.5910470958517915 3.9275060925846477
798 0.659044635846198 2.5861428411244565 3.924078431810478
799 0.6583705235362228 2.5812385879877873 3.9206472582088048
800 0.6576958220049188 2.5763343364740043 3.9172125628232077
801 0.6570205300695163 2.571430086551231 3.9137743325602927
802 0.6563446074331544 2.5665258381295795 3.9103327871722753
803 0.6556680913496931 2.5616215913115017 3.906887684649107
804 0.6549909795030004 2.5567173461468746 3.903439018483708
805 0.6543132709095048 2.551813102604939 3.8999867740079344
806 0.6536349632077025 2.5469088607635593 3.8965309448329495
807 0.6529560548006577 2.5420046205678286 3.8930715197118166
808 0.6522765446132301 2.5371003820226687 3.889608484277251
809 0.6515964304598295 2.5321961451341095 3.8861418306836746
810 0.65091571050935 2.5272919098015763 3.8826715487078
811 0.6502343829695616 2.522387676140846 3.879197628125
812 0.6495524468614513 2.5174834442706673 3.87572005376133
813 0.6488698999025813 2.5125792140498593 3.8722388177153664
814 0.6481867405603082 2.507674985572153 3.8687539078699116
815 0.6475029663912221 2.5027707587891967 3.8652653172202145
816 0.6468185763767825 2.4978665336884953 3.8617730302066136
816 0.6461335682874094 2.4929623103157814 3.8582770384820435
817 0.6461335682874094 2.4929623103157814 3.8582770384820435
818 0.6454479409144815 2.488058088635509 3.854777327371106
819 0.6447616921932704 2.4831538686941466 3.851273887329226
820 0.6440748201024743 2.4782496504614024 3.8477667083260685
821 0.6433873229435014 2.4733454340649366 3.84425577854
822 0.6426991991633559 2.468441219392204 3.8407410847960244
823 0.6420104468957788 2.4635370064569173 3.837222615875653
824 0.6413210640897744 2.458632795288967 3.8337003615786407
825 0.6406310486576198 2.4537285858915667 3.830174311771365
826 0.6399403996982117 2.4488243783036356 3.8266444491681915
827 0.6392491145460331 2.4439201724592956 3.823110766754619
828 0.638557191575225 2.4390159684458155 3.8195732514250262
829 0.6378646290599342 2.4341117662346274 3.816031890374527
830 0.6371714250170215 2.429207565796093 3.8124866722188595
831 0.6364775775294038 2.4243033672327674 3.8089375852690903
832 0.6357830846228545 2.41939917046237 3.80538461777031
833 0.6350879441898617 2.414494975516875 3.801827758826191
833 0.6343921547204961 2.4095907824703846 3.798266993910123
834 0.6343921547204961 2.4095907824703846 3.798266993910123
835 0.6336957139890209 2.4046865912312465 3.7947023123986425
836 0.632998620119335 2.3997824019041465 3.7911337017634117
837 0.6323008712411071 2.3948782143832643 3.787561148986708
838 0.6316024653045587 2.3899740287315465 3.783984642268775
839 0.6309034003834858 2.38506984495596 3.7804041688572743
840 0.6302036743093936 2.3801656630785364 3.7768197173506364
841 0.629503285366604 2.3752614831773737 3.7732312735970743
842 0.628802231519907 2.370357305105138 3.7696388248744563
843 0.6281005109357962 2.3654531289417537 3.7660423574843227
844 0.6273981211649989 2.360548954713424 3.7624418612063795
845 0.6266950604689618 2.3556447824538305 3.758837321441594
846 0.625991326719411 2.3507406120879946 3.7552287256236543
847 0.6252869176985285 2.3458364436801014 3.7516160618142127
848 0.6245818316674879 2.3409322772278434 3.7479993149626205
849 0.6238760663182072 2.336028112719263 3.7443784732844274
850 0.6231696196058295 2.331123950185523 3.740753523350541
851 0.6224624894220147 2.326219789659177 3.7371244519797178
852 0.6217546735159546 2.321315631131626 3.7334912466436965
853 0.6210461697480357 2.3164114745845032 3.7298538939935706
854 0.6203369758447573 2.3115073200529905 3.7262123814322776
855 0.6196270901986463 2.3066031675210845 3.7225666921399623
856 0.6189165104090358 2.301699017034323 3.718916814019314
857 0.6182052342773529 2.29679486859275 3.7152627335444253
858 0.617493259579276 2.2918907222334157 3.7116044372613506
859 0.6167805846007386 2.2869865778379594 3.7079419082531553
860 0.6160672064286231 2.28208243555358 3.704275137095744
861 0.6153531236342668 2.277178295316016 3.7006041049520206
862 0.6146383335427995 2.27227415713634 3.6969288004522305
863 0.6139228339240228 2.267370021027484 3.6932492094081106
864 0.6132066223153525 2.2624658870583354 3.689565318971428
865 0.6124896966895543 2.257561755167119 3.6858771133114807
866 0.6117720546492662 2.2526576254399657 3.6821845789138443
866 0.6110536944846625 2.2477534978122224 3.678487697726605
867 0.6110536944846625 2.2477534978122224 3.678487697726605
868 0.6103346131772789 2.2428493723621594 3.674786459654218
869 0.6096148087811605 2.2379452490010934 3.671080847716859
870 0.6088942788431722 2.2330411278463513 3.6673708481690257
871 0.6081730210500734 2.22813700888517 3.6636564460522467
872 0.6074510335069707 2.223232892023748 3.6599376235948666
873 0.606728313510464 2.218328777329107 3.6562143679995716
874 0.6060048583250279 2.2134246648856464 3.6524866665317828
875 0.6052806659657362 2.208520554644346 3.6487545015511307
876 0.6045557340571788 2.2036164465931756 3.6450178576666312
877 0.6038300604921291 2.1987123407498608 3.641276717753804
878 0.6031036085524721 2.1938082370771887 3.6375312731797718
879 0.6023764100672095 2.188904135649834 3.6337813019696594
880 0.6016484622875455 2.1840000364648375 3.63002679033033
881 0.6009197627611577 2.1790959395081075 3.6262677224916193
882 0.6001903090047042 2.174191844821472 3.622504082791565
883 0.599460098579964 2.169287752447879 3.61873585512466
883 0.5987291291970402 2.164383662354607 3.61496302218881
884 0.5987291291970402 2.164383662354607 3.61496302218881
885 0.5979973983327018 2.159479574532016 3.6111855679522
886 0.597264903277787 2.1545754890547126 3.6074034774693984
887 0.5965316414047447 2.1496714058853423 3.603616734936609
888 0.5957976105771885 2.1447673250621007 3.5998253215287703
889 0.5950628078281402 2.1398632466091856 3.5960292232331854
890 0.5943272308505044 2.134959170537552 3.592228421844891
891 0.5935908766623351 2.130055096806942 3.5884229029662573
892 0.5928537427444528 2.1251510254096173 3.5846126492713313
893 0.5921158268984067 2.120246956411457 3.580797641430453
894 0.5913771258847383 2.1153428898451945 3.5769778661636686
895 0.5906376373138178 2.1104388256905566 3.5731533047719366
896 0.5898973586707561 2.1055347639296014 3.5693239391240934
897 0.5891562871773656 2.100630704623447 3.565489752621535
898 0.5884144201078799 2.0957266477398053 3.5616507279946923
899 0.5876717545577839 2.0908225933061653 3.5578068489602415
900 0.5869282880109938 2.0859185414175205 3.553958096799807
901 0.5861840178149871 2.0810144919947464 3.55010445312339
902 0.5854389407826921 2.0761104450486574 3.546245902729051
903 0.5846930544604021 2.071206400652191 3.5423824258758354
904 0.5839463557799102 2.0663023587434513 3.5385140061088802
905 0.583198842513744 2.0613983193986374 3.534640621907711
906 0.582450511088287 2.056494282550535 3.5307622594545447
907 0.5817013590444218 2.051590248297029 3.5268788982498473
908 0.5809513833763718 2.0466862166008353 3.522990520662692
909 0.5802005813406866 2.0417821874762545 3.519097107345615
910 0.5794489499180475 2.036878160987981 3.5151986404946634
911 0.5786964862321663 2.0319741370831204 3.5112951010176277
912 0.5779431874138842 2.0270701158072795 3.5073864697286026
913 0.5771890504831684 2.02216609715567 3.5034727278053923
914 0.5764340726003232 2.0172620811791537 3.4995538554464396
915 0.5756782506882613 2.012358067867567 3.4956298339596126
916 0.5749215815913301 2.0074540572110173 3.491700644902856
916 0.5741640623057191 2.0025500492291903 3.4877662687340285
917 0.5741640623057191 2.0025500492291903 3.4877662687340285
918 0.5734056900442163 1.9976460439619794 3.4838266843985064
919 0.5726464612018256 1.9927420414257684 3.479881875535487
920 0.571886373453264 1.9878380416235018 3.475931817749375
921 0.5711254230544002 1.982934044585023 3.4719764950756655
922 0.5703636070015518 1.9780300502566581 3.4680158866645163
923 0.5696009226677158 1.973126058718923 3.4640499693677147
924 0.5688373663213631 1.9682220699617248 3.460078726350377
925 0.5680729351031999 1.9633180840060744 3.4561021352819865
926 0.5673076254882774 1.9584141008914837 3.4521201776653214
927 0.5665414345770502 1.9535101206122072 3.4481328308680443
928 0.5657743590611253 1.9486061431709545 3.444140074507036
929 0.5650063958192251 1.9437021685730085 3.4401418868095432
930 0.5642375415058404 1.9387981968732366 3.4361382471980875
931 0.563467792422377 1.9338942280729843 3.432129136891877
932 0.5626971458965383 1.928990262149048 3.428114530553753
933 0.5619255981017066 1.9240862991428187 3.42409440972747
933 0.5611531459326343 1.919182339102655 3.4200687513084893
934 0.5611531459326343 1.919182339102655 3.4200687513084893
935 0.5603797860576605 1.9142783819990958 3.416037533163492
936 0.5596055149872755 1.9093744278655944 3.412000733961692
937 0.5588303295637612 1.9044704767104763 3.40795833003044
938 0.5580542259066696 1.8995665285602426 3.40391030186004
939 0.5572772003962153 1.8946625834246387 3.3998566280435725
940 0.5564992502176485 1.8897586413168794 3.3957972819869737
941 0.5557203711749209 1.8848547022870004 3.391732245305284
942 0.5549405600599527 1.8799507663133213 3.387661493170046
943 0.5541598136184724 1.8750468334012307 3.3835850007921393
944 0.5533781281262937 1.8701429035979078 3.3795027460338978
945 0.5525954999101227 1.8652389769070765 3.3754147060742437
946 0.5518119252213409 1.8603350533432577 3.371320858274396
947 0.5510274005116383 1.8554311329376476 3.3672211785019184
948 0.5502419221735506 1.8505272156728299 3.363115642593948
949 0.5494554865648734 1.8456233016246326 3.359004226462888
950 0.5486680898530579 1.8407193907478447 3.35488690665575
950 0.5486680898530579 1.8407193907478447 3.35488690665575
951 0.5478797284237217 1.8358154830845348 3.350763658232567
952 0.547090398161292 1.8309115786655104 3.3466344589833668
953 0.5463000956650453 1.8260076775045277 3.3424992819772696
954 0.5455088169584085 1.821103779608842 3.3383581034725776
955 0.5447165582928575 1.816199885014861 3.334210898061983
956 0.5439233156822906 1.8112959937185678 3.3300576413910496
957 0.543129085268188 1.8063921058027161 3.3258983081540365
958 0.5423338631860019 1.8014882211895487 3.321732872453329
959 0.5415376457425823 1.7965843399380674 3.3175613072559433
960 0.5407404283852835 1.7916804621008433 3.313383590442865
961 0.5399421811409196 1.786776587550155 3.3091998550189645
962 0.5391429244288228 1.7818727164188648 3.3050099253488505
963 0.5383426561491923 1.7769688487024649 3.3008137631397516
964 0.5375413722939532 1.772064984428505 3.2966113414977403
965 0.5367390687788007 1.767161123640312 3.2924026336688916
966 0.535935741130708 1.7622572663390434 3.2881876148455103
966 0.535131385545292 1.7573534125686427 3.2839662558343914
967 0.535131385545292 1.7573534125686427 3.2839662558343914
968 0.5343259976071123 1.7524495623170908 3.27973853071933
969 0.5335195731590224 1.7475457156690195 3.275504411809351
970 0.5327121082264022 1.742641872567099 3.271263869651856
971 0.5319035983899489 1.7377380330717869 3.2670168773662196
972 0.5310940391054725 1.732834197217847 3.2627634084097017
973 0.5302834262552729 1.7279303649905864 3.2585034331410134
974 0.5294717554371183 1.7230265364046087 3.254236923331485
975 0.5286590222176782 1.7181227114983657 3.249963850595024
976 0.5278452224006842 1.713218890297245 3.2456841846656905
977 0.527030351211332 1.708315072795894 3.241397898374325
978 0.5262144043908347 1.703411259055456 3.2371049610992464
979 0.5253973772703809 1.6985074491140826 3.2328053442870415
980 0.5245792652560713 1.6936036429606245 3.2284990184160223
981 0.5237600637905014 1.6886998406256 3.2241859534007205
982 0.5229397683005084 1.6837960421177143 3.2198661187881155
983 0.52211837422081 1.6788922474615735 3.2155394836795197
983 0.5212958768496335 1.6739884567024315 3.2112060176245922
984 0.5212958768496335 1.6739884567024315 3.2112060176245922
985 0.5204722710276266 1.6690846698524873 3.2068656924931402
986 0.5196475527630118 1.6641808869281522 3.2025184725292286
987 0.5188217166704029 1.6592771079659014 3.19816433015661
988 0.5179947581983423 1.6543733329817714 3.1938032321715215
989 0.5171666723004107 1.649469562002809 3.189435147987782
990 0.5163374543023578 1.6445657950574073 3.1850600442678316
991 0.5155070992181423 1.6396620321663224 3.1806778891176473
992 0.5146756020170253 1.634758273341384 3.1762886504328733
993 0.5138429576999515 1.6298545186476172 3.1718922955432207
994 0.5130091612975651 1.624950768054459 3.167488790930041
995 0.512174207672447 1.6200470216475216 3.163078103854064
996 0.5113380918257993 1.61514327942019 3.1586602000510284
997 0.510500808474676 1.6102395414149318 3.1542350466126825
998 0.5096623524190848 1.605335807612503 3.149802609497962
999 0.5088227185436497 1.600432078113314 3.1453628538719025
1000 0.5079819014730923 1.5955283528806659 3.1409157457259935
1001 0.5071398960269848 1.590624631977779 3.136461249526979
1002 0.5062966967071142 1.5857209154211314 3.1319993310927123
1003 0.5054522980641939 1.5808172032378751 3.127529955432326
1004 0.5046066948498822 1.5759134954617962 3.123053085791147
1005 0.5037598817132651 1.5710097921161768 3.1185686854880976
1006 0.5029118528959611 1.5661060932547828 3.114076719879513
1007 0.5020626031137253 1.5612023988250394 3.109577150623588
1008 0.5012121265639301 1.5562987089266884 3.1050699423334502
1009 0.500360417565634 1.5513950235863332 3.100555058160314
1010 0.49950747064519246 1.5464913428193363 3.096032459378034
1011 0.49865327986961255 1.541587666641771 3.091502109531625
1012 0.49779783947991774 1.5366839951052327 3.0869639705763046
1013 0.49694114391119953 1.5317803282639042 3.0824180026792556
1014 0.49608318690127967 1.5268766661036344 3.077864169598399
1015 0.49522396282267744 1.5219730086661942 3.0733024306644063
1016 0.4943634655038532 1.5170693559894397 3.0687327479656066
1016 0.49350168904915764 1.5121657081188575 3.064155081277201
1017 0.49350168904915764 1.5121657081188575 3.064155081277201
1018 0.4926386274744826 1.507262065079394 3.059569390257499
1019 0.4917742747422444 1.5023584268991028 3.054975634271516
1020 0.49090862460112933 1.4974547936106333 3.050373773382649
1021 0.49004167069972177 1.4925511652339682 3.0457637676052753
1022 0.48917340698941536 1.4876475418366595 3.0411455745157645
1023 0.48830382704252295 1.482743923411221 3.0365191532322338
1024 0.4874329245511281 1.477840310009235 3.0318844615803555
1025 0.4865606931504929 1.4729367016701413 3.0272414570376385
1026 0.4856871263345491 1.4680330984143177 3.0225900972370288
1027 0.4848122176636853 1.463129500315025 3.0179303388141907
1028 0.48393596049316284 1.4582259073748833 3.0132621388351764
1029 0.48305834817911253 1.4533223196310419 3.0085854537228007
1030 0.482179374195409 1.4484187371239787 3.0039002384556364
1031 0.48129903161282045 1.443515159896705 2.9992064498021604
1032 0.48041731382199143 1.4386115879840191 2.994504041786193
1033 0.4795342139932478 1.4337080214220326 2.989792969062725
1033 0.4786497252396869 1.4288044602478487 2.9850731858925976
1034 0.4786497252396869 1.4288044602478487 2.9850731858925976
1035 0.4777638404900836 1.4239009045080897 2.98034464694413
1036 0.4768765527059587 1.418997354212639 2.9756073058336976
1037 0.47598785484622375 1.4140938094327637 2.9708611155417226
1038 0.4750977398255697 1.4091902701993921 2.9661060284495795
1039 0.4742062004093933 1.4042867365532503 2.961341997090921
1040 0.4733132292839344 1.3993832085561302 2.956568973728513
1041 0.47241881933365915 1.3944796862168203 2.9517869084549098
1042 0.4715229631044761 1.389576169583897 2.9469957527307242
1043 0.470625653062229 1.3846726586625626 2.942195457584784
1044 0.469726881784048 1.3797691535631704 2.9373859727225593
1045 0.4688266414795185 1.3748656542957505 2.932567249073054
1046 0.467924924776882 1.369962160890341 2.92773923411661
1047 0.46702172385858837 1.3650586734097085 2.9229018773076194
1048 0.4661170308945782 1.3601551919027541 2.9180551272548994
1049 0.4652108382004099 1.3552517163735693 2.913198930652891
1050 0.46430313769024534 1.3503482469245904 2.90833323600208
1051 0.46339392158327725 1.3454447835478995 2.9034579887257057
1052 0.46248318148989603 1.3405413263409245 2.8985731373459935
1053 0.4615709094941371 1.3356378753367382 2.8936786263253524
1054 0.4606570972834192 1.330734430574412 2.8887744016579817
1055 0.4597417368243759 1.3258309920660831 2.883860406549424
1056 0.4588247969043821 1.3209275598200312 2.8789367286426524
1057 0.45790629199962807 1.316024133966106 2.874003168244683
1058 0.45698621350875407 1.311120714523514 2.8690596691236903
1059 0.4560645527729065 1.3062173015472804 2.8641061744557472
1060 0.45514130120460244 1.3013138951025949 2.859142625945975
1061 0.45421645002956423 1.2964104952701192 2.8541689654475038
1062 0.45328999051596786 1.2915071020455473 2.84918513328622
1063 0.45236191369555434 1.2866037155189802 2.8441910703934323
1064 0.4514322106634777 1.2817003357211603 2.8391867160684505
1065 0.45050087218698837 1.2767969627352125 2.834172010670948
1066 0.4495678892206691 1.271893596578976 2.829146892105256
1066 0.4486332524283629 1.2669902373317339 2.8241112990928934
1067 0.4486332524283629 1.2669902373317339 2.8241112990928934
1068 0.4476969524821928 1.262086885039211 2.819065169065252
1069 0.4467589800636337 1.2571835397570055 2.814008438236518
1070 0.4458193255361322 1.252280201543106 2.808941043632737
1071 0.444877979392373 1.247376870465488 2.8038629202757814
1072 0.4439349318544349 1.2424735465678776 2.798774003608442
1073 0.4429901731409553 1.2375702299227445 2.793674227913316
1074 0.4420436934190538 1.2326669205645133 2.788563526447498
1075 0.44109548266158566 1.2277636185566054 2.783441832476353
1076 0.440145530755487 1.2228603239995393 2.778309078591717
1077 0.4391938275969452 1.2179570369190156 2.7731651958386654
1078 0.4382403628888621 1.2130537573936349 2.768010115264681
1079 0.4372851261508401 1.2081504854795897 2.762843767667602
1080 0.4363281069936585 1.2032472212434147 2.7576660819168874
1081 0.43536929484131687 1.1983439647606062 2.7524769866863896
1082 0.43440867892046403 1.1934407160791334 2.7472764104182197
1083 0.43344624842347484 1.188537475268839 2.742064280384874
1083 0.4324819925312999 1.1836342423982071 2.7368405224699486
1084 0.4324819925312999 1.1836342423982071 2.7368405224699486
1085 0.431515900131935 1.1787310175337926 2.7316050629267616
1086 0.43054796009239754 1.173827800755795 2.726357826672518
1087 0.4295781611132931 1.1689245921288844 2.7210987381190512
1088 0.4286064919567732 1.1640213917261348 2.7158277197619567
1089 0.4276329409942193 1.1591181996015227 2.7105446949588283
1090 0.42665749670471287 1.1542150158694122 2.7052495849340192
1091 0.4256801473147829 1.1493118405534781 2.6999423106842295
1092 0.42470088098907505 1.1444086737497121 2.6946227921273156
1093 0.4237196856912999 1.1395055155354736 2.6892909487468515
1094 0.42273654937931476 1.1346023660028914 2.6839466984077376
1095 0.4217514598380247 1.1296992252119775 2.6785899582797956
1096 0.42076440469866466 1.1247960932389847 2.6732206448036413
1097 0.4197753715035877 1.1198929701867812 2.667838673277691
1098 0.41878434757869254 1.1149898560938873 2.6624439584251007
1099 0.4177913200976307 1.11008675108996 2.6570364143289322
1100 0.41679627625141963 1.10518365522678 2.6516159529220737
1101 0.4157992029642476 1.1002805686127317 2.6461824860865333
1102 0.4148000870545526 1.0953774913159995 2.6407359243681654
1103 0.41379891517429385 1.0904744234251278 2.6352761774781728
1104 0.41279567388910643 1.0855713650415881 2.62980315373464
1105 0.4117903496205485 1.0806683162391824 2.6243167603004376
1106 0.4107829285434212 1.0757652770998132 2.6188169038921028
1107 0.40977339667869267 1.0708622477393832 2.6133034902191485
1108 0.4087617400268405 1.065959228240355 2.6077764229361606
1109 0.40774794432002753 1.0610562186991526 2.602235605304157
1110 0.4067319951400276 1.0561532191946104 2.596680939327144
1111 0.4057138777570941 1.0512502298335678 2.5911123268575107
1112 0.4046935776592142 1.0463472507287512 2.5855296661264613
1113 0.40367107982382044 1.041444281969634 2.579932856285284
1114 0.4026463690622747 1.036541323671878 2.5743217952911994
1115 0.40161943028082 1.031638375923043 2.568696378065428
1116 0.40059024805883153 1.0267354388147745 2.563056499228573
1116 0.3995588066733118 1.0218325124858605 2.5574020530132717
1117 0.3995588066733118 1.0218325124858605 2.5574020530132717
1118 0.3985250903436037 1.0169295970321142 2.551732931433073
1119 0.39748908318222853 1.0120266925340937 2.5460490246222207
1120 0.39645076888081027 1.007123799121964 2.540350222967401
1121 0.3954101311887516 1.0022209169126373 2.5346364138409507
1122 0.39436715339589257 0.9973180460222949 2.528907484901815
1123 0.39332181880979844 0.9924151865564845 2.523163320965914
1124 0.3922741104694593 0.9875123386393427 2.517403805868106
1125 0.39122401121608774 0.9826095023909809 2.5116288219033893
1126 0.3901715036085822 0.9777066779383872 2.505838250348536
1127 0.38911657005816863 0.9728038653903817 2.500031970483699
1128 0.38805919285010143 0.9679010648766933 2.4942098595009234
1129 0.3869993537807503 0.962998276527861 2.488371794732856
1130 0.38593703461447815 0.9580955004690844 2.482517650647726
1131 0.3848722168730332 0.9531927368282292 2.4766473001678926
1132 0.383804881828057 0.9482899857420467 2.470760614678363
1133 0.3827350105604067 0.9433872473393771 2.4648574635439138
1133 0.38166258380091633 0.9384845217811509 2.4589377151800798
1134 0.38166258380091633 0.9384845217811509 2.4589377151800798
1135 0.38058758207708304 0.9335818091965504 2.4530012358823248
1136 0.37950998575303263 0.9286791097248634 2.4470478896152272
1137 0.37842977489214685 0.9237764235024881 2.441077538800339
1138 0.3773469291840783 0.9188737506799253 2.435090044768002
1139 0.3762614282006242 0.913971091413184 2.4290852660184203
1140 0.37517325121653194 0.9090684458603435 2.4230630593002296
1141 0.37408237714386583 0.9041658141504517 2.417023279882347
1142 0.3729887846629176 0.8992631964665484 2.410965780859182
1143 0.37189245220388045 0.8943605929498013 2.404890412939844
1144 0.37079335793508716 0.8894580037656971 2.398797024625802
1145 0.36969147968431165 0.8845554290828594 2.39268546258681
1146 0.3685867948241586 0.8796528690600762 2.386555572289917
1147 0.36747928070646585 0.8747503238676875 2.380407195164884
1148 0.3663689141318923 0.8698477936867315 2.3742401719529824
1149 0.3652556717182843 0.864945278690646 2.36805434018767
1150 0.36413952968549085 0.8600427790617978 2.361849535546501
1150 0.36413952968549085 0.8600427790617978 2.361849535546501
1151 0.36302046395438203 0.8551402949977318 2.355625591137999
1152 0.3618984502159719 0.8502378266591293 2.3493823368177695
1153 0.36077346354975703 0.8453353742353975 2.343119601752003
1154 0.35964547897867105 0.8404329379238541 2.3368372106623823
1155 0.3585144709665205 0.8355305179268665 2.330534986982134
1156 0.35738041362935713 0.8306281144377943 2.3242127513435786
1157 0.35624328084987467 0.825725727669596 2.31787032080913
1158 0.35510304596426534 0.8208233578239518 2.3115075107143763
1159 0.353959681984685 0.8159210051090281 2.305124133161389
1160 0.35281316151602476 0.8110186697409366 2.2987199974513994
1161 0.3516634568251721 0.8061163519370581 2.292294909498701
1162 0.3505105396080125 0.8012140519272799 2.285848673261877
1163 0.3493543813270221 0.796311769935863 2.2793810883695627
1164 0.34819495284328583 0.7914095062030744 2.2728919524553497
1165 0.34703222473404766 0.7865072609531777 2.2663810588654325
1166 0.3458661669731434 0.7816050344330628 2.2598481987217753
1166 0.34469674925515403 0.7767028268752612 2.2532931585621783
1167 0.34469674925515403 0.7767028268752612 2.2532931585621783
1168 0.34352394057031505 0.7718006385420022 2.2467157231040913
1169 0.34234770958020233 0.7668984696853094 2.240115672529852
1170 0.3411680244531891 0.761996320568257 2.233492783473935
1171 0.3399848528403724 0.7570941914410457 2.2268468289571475
1172 0.3387981618312362 0.7521920825976642 2.220177578685772
1173 0.337607918065276 0.7472899942873761 2.2134847978976864
1174 0.33641407706129617 0.7423879267343364 2.2067683172457433
1175 0.335216609840612 0.7374858802692145 2.2000278584640314
1176 0.33401548652001706 0.7325838552166734 2.193263141326744
1177 0.3328106713814398 0.7276818518602439 2.186473915754449
1178 0.33160212828070806 0.7227798704990803 2.179659926329641
1179 0.330389820334953 0.7178779114577886 2.172820914185539
1180 0.3291737101752599 0.7129759750479481 2.165956615029623
1181 0.32795375973139645 0.7080740616028466 2.1590667604566556
1182 0.3267299302655415 0.7031721714401449 2.152151077401019
1183 0.3255021824665467 0.6982703049155884 2.1452092874595476
1183 0.3242704762189233 0.6933684623624996 2.1382411080014228
1184 0.3242704762189233 0.6933684623624996 2.1382411080014228
1185 0.32303477076241677 0.6884666441372446 2.131246251022287
1186 0.32179502468338217 0.6835648506043406 2.1242244229130263
1187 0.3205511958118337 0.6786630821256494 2.1171753248552236
1188 0.31930324121170567 0.6737613390900772 2.1100986527204006
1189 0.31805111717181184 0.6688596218793983 2.102994096757343
1190 0.31679477924651944 0.6639579308821791 2.095861341090816
1191 0.31553418213345275 0.6590562665080663 2.088700064290732
1192 0.31426927972479646 0.6541546291658086 2.081509938669944
1193 0.31300002503952873 0.6492530192998196 2.0742906305449194
1194 0.3117263702511416 0.6443514373139728 2.067041799495027
1195 0.31044826668717795 0.6394498836758341 2.0597630983721142
1196 0.30916566470106355 0.63454835881008 2.0524541734724435
1197 0.3078785137080807 0.6296468631997129 2.045114664275407
1198 0.30658676222462483 0.6247453973131386 2.0377442025869685
1199 0.3052903576741276 0.6198439616470265 2.030342413593878
1200 0.3039892465233496 0.6149425566920198 2.02290891445986
1201 0.30268337418226726 0.6100411829582297 2.0154433146727126
1202 0.3013726849987034 0.6051398409778177 2.0079452156734816
1203 0.30005712218979347 0.6002385312810492 2.0004142108027807
1204 0.2987366278407401 0.595337254418616 1.992849884936095
1205 0.29741114288638854 0.5904360109572372 1.9852518141285127
1206 0.29608060705860595 0.5855348014765099 1.9776195654739712
1207 0.2947449588688418 0.5806336265689314 1.969952696722141
1208 0.29340413549965944 0.575732486844386 1.9622507564998324
1209 0.29205807289896996 0.5708313829366948 1.954513283165295
1210 0.2907067056005599 0.5659303154750156 1.9467398053508322
1211 0.28934996676924646 0.5610292851241983 1.9389298412175493
1212 0.2879877881676786 0.5561282925690862 1.931082898019568
1213 0.28662010007825744 0.5512273384921481 1.9231984719203
1214 0.28524683127315137 0.5463264236163938 1.9152760476880937
1215 0.28386790890298297 0.5414255486754205 1.9073150986590124
1216 0.2824832585405221 0.5365247144278376 1.899315085785423
1216 0.28109280407695714 0.5316239216480269 1.8912754575619792
1217 0.28109280407695714 0.5316239216480269 1.8912754575619792
1218 0.27969646777519763 0.5267231711329968 1.8831956489216146
1219 0.278294170009481 0.5218224637143148 1.8750750822287698
1220 0.2768858293777395 0.5169218002238914 1.8669131655657418
1221 0.2754713625885506 0.5120211815385786 1.8587092927817088
1222 0.2740506843735005 0.507120608560644 1.8504628431049464
1223 0.272623707489334 0.5022200822116047 1.8421731801562171
1224 0.27119034258628755 0.497319603438441 1.8338396518681468
1225 0.26975049816028923 0.4924191732251874 1.8254615898154358
1226 0.2683040804474581 0.48751879259141195 1.817038308841086
1227 0.26685099343890567 0.48261846256736324 1.8085691057314972
1228 0.26539113866607034 0.477718184232934 1.8000532596305905
1229 0.26392441527482385 0.4728179586938596 1.7914900302100336
1230 0.2624507197939952 0.46791778710002824 1.7828786580098155
1231 0.2609699461326777 0.4630176706308851 1.7742183630427923
1232 0.2594819854307115 0.4581176105124183 1.765508344450169
1233 0.25798672595822836 0.45321760799911176 1.756747779622173
1233 0.2564840545615894 0.4483176644119198 1.7479358129230818
1234 0.2564840545615894 0.4483176644119198 1.7479358129230818
1235 0.25497385323956523 0.44341778109468777 1.7390715771866487
1236 0.25345599992075807 0.43851795943106975 1.7301541867944359
1237 0.2519303704218594 0.4336182008695644 1.7211827226049297
1238 0.2503968370607146 0.4287185068968547 1.712156239389325
1239 0.2488552686662448 0.4238188790638696 1.7030737638602274
1240 0.2473055303039317 0.4189193189691844 1.6939342943699804
1241 0.24574748323769494 0.4140198282716691 1.6847367989979198
1242 0.24418098463834112 0.4091204086951741 1.6754802152228454
1243 0.2426058875742917 0.4042210620274061 1.666163447511652
1244 0.24102204069969924 0.3993217901157755 1.6567853668341868
1245 0.23942928823283396 0.39442259488347214 1.6473448081252045
1246 0.23782746953799686 0.38952347832902007 1.6378405702491288
1247 0.23621641909493224 0.3846244425255173 1.628271413135519
1248 0.23459596623412454 0.3797254896256453 1.6186360563705637
1249 0.23296593491707387 0.3748266218797587 1.6089331773470712
1250 0.23132614346467276 0.3699278416184438 1.5991614094190687
1251 0.22967640433935235 0.3650291512733404 1.5893193396305576
1252 0.22801652385794474 0.3601305533763811 1.5794055065971622
1253 0.22634630189714092 0.3552320505666443 1.5694183982209404
1254 0.2246655315778807 0.3503336455948021 1.5593564492707168
1255 0.22297399897913284 0.34543534133037196 1.549218038479454
1256 0.22127148277322978 0.34053714077447284 1.539001485896276
1257 0.2195577538729747 0.3356390470541986 1.5287050497354917
1258 0.21783257502486864 0.33074106344553944 1.5183269233620396
1259 0.21609570040285273 0.3258431933759365 1.5078652317861432
1260 0.2143468751479925 0.3209454404268716 1.4973180281041176
1261 0.21258583495188776 0.31604780836037294 1.4866832892788957
1262 0.21081230548823568 0.31115030110104364 1.475958912267611
1263 0.20902600191407822 0.3062529227859401 1.4651427094310867
1264 0.20722662826300686 0.3013556777489004 1.4542324037933352
1265 0.2054138768780249 0.29645857053903774 1.4432256235301733
1266 0.20358742768294577 0.291561605949939 1.4321198969319398
1266 0.2017469475156145 0.28666478901632825 1.4209126459974886
1267 0.2017469475156145 0.28666478901632825 1.4209126459974886
1268 0.19989208936278194 0.2817681250451092 1.4096011800333494
1269 0.19802249147174159 0.2768716196248816 1.398182689083033
1270 0.19613777657372164 0.2719752786659509 1.386654235696021
1271 0.19423755082962643 0.2670791083957687 1.3750127473036073
1272 0.19232140282099702 0.2621831154049289 1.3632550072908713
1273 0.19038890244158993 0.2572873066670578 1.3513776452700117
1274 0.18843959967954071 0.2523916895646965 1.3393771266438281
1275 0.18647302327005477 0.2474962719347389 1.3272497415152045
1276 0.18448867929196927 0.24260106209255106 1.3149915920239958
1277 0.1824860495756248 0.23770606887715265 1.3025985790691572
1278 0.1804645900544426 0.23281130169745842 1.2900663871356917
1279 0.17842372883280436 0.2279167705805511 1.2773904685857407
1280 0.1763628642042157 0.2230224862274002 1.2645660254709628
1281 0.1742813623777116 0.21812846006597936 1.2515879901904832
1282 0.1721785550519577 0.2132347043310734 1.238451003765982
1283 0.17005373672649313 0.20834123213564384 1.2251493918697631
1283 0.16790616168127154 0.2034480575540064 1.2116771386877534
1284 0.16790616168127154 0.2034480575540064 1.2116771386877534
1285 0.16573504072489384 0.19855519571816285 1.1980278572939063
1286 0.16353953749723804 0.19366266293065282 1.1841947573926794
1287 0.1613187645127635 0.18877047677974262 1.170170608173776
1288 0.15907177854590115 0.18387865628603642 1.1559476983717578
1289 0.15679757567759953 0.17898722205257298 1.141517789921694
1290 0.154495085579258 0.17409619644716595 1.1268720671237942
1291 0.15216316527899204 0.16920560381328037 1.1120010779418326
1292 0.14980059196035575 0.16431547069601282 1.096894668744022
1293 0.14740605493988054 0.15942582612383335 1.081541909447716
1294 0.14497814655829389 0.15453670192441551 1.0659310081763134
1295 0.14251535176357535 0.14964813308779368 1.050049213898382
1296 0.14001603629871084 0.14476015820419838 1.0338827039451852
1297 0.13747843306625404 0.1398728199596025 1.0174164546390672
1298 0.13490062649335066 0.13498616574524974 1.0006340908424416
1299 0.13228053441734772 0.13010024835779638 0.9835177105297103
1300 0.12961588702699578 0.12521512685020209 0.9660476792024953
1301 0.12690420228563748 0.1203308675541359 0.9482023872093199
1302 0.12414275698120932 0.11544754531147193 0.9299579622590989
1303 0.12132855259728476 0.11056524498609946 0.9112879253829805
1304 0.1184582746512914 0.10568406331268117 0.8921627773474331
1305 0.11552824398312056 0.10080411120446738 0.8725494972397877
1306 0.11253435802378128 0.0959255166290877 0.8524109286589281
1307 0.10947201926951224 0.09104842826446831 0.831705022635178
1308 0.10633604752637892 0.08617302016778321 0.810383893066988
1309 0.10312057115357776 0.08129949784172752 0.7883926255669003
1310 0.09981889083608929 0.07642810619871362 0.7656677564591934
1311 0.09642330702542083 0.07155914021133977 0.7421353033709378
1312 0.09292489891256958 0.06669295938561609 0.7177081725788652
1313 0.0893132377623344 0.06183000784809405 0.692282682804825
1314 0.08557600064576988 0.0569708426310598 0.6657338763338894
1315 0.08169846305967848 0.052116175104616115 0.6379088804467066
1316 0.0776627971665251 0.04726693284068439 0.60861744059172
1316 0.07344708124293213 0.042424355314198456 0.5776179883020333
1317 0.07344708124293213 0.042424355314198456 0.5776179883020333
1318 0.0690238965302327 0.0375901489673162 0.5445961595467388
1319 0.06435825455824344 0.032766750025358136 0.5091304953850888
1320 0.05940447722571951 0.027957798427608406 0.47063453351128753
1321 0.054101427076758246 0.023169060239454413 0.4282522937256815
1322 0.04836533310738023 0.01841040795558581 0.3806529754423732
1323 0.04208069685968839 0.013700661326692863 0.3255806664128118
1324 0.03510284264000613 0.00908167008006903 0.25871608670571883
1325 0.027408996901235938 0.0046688463906482975 0.17033992186842006
1326 0.021809498122125626 0.0009293733281345581 0.04261323772470094
1327 0.020101833201340666 9.155839645232897e-05 0.004554728692417098
1328 0.01864130823268671 8.52224950386654e-06 0.00045717014050135986
1329 0.017303949034461103 7.908697711542607e-07 4.570458278507585e-05
1330 0.016070940307397877 7.341680383019728e-08 4.568295471572475e-06
1331 0.01492293417430585 6.815393968543386e-09 4.567060263710108e-07
