1 1.6657875056591227 4.995110319779642 2.9986479684893332
2 1.6649122774016694 4.9901905446411305 2.997269353091099
3 1.6640414315157348 4.985285247393179 2.995890098032117
4 1.663169570090895 4.9803803751963605 2.9945114826290227
5 1.6622950001813903 4.975475465186931 2.993136275236348
6 1.66141662868865 4.97057055123578 2.991766463273594
7 1.6605342082468788 4.965665636688419 2.9904024933825104
8 1.6596492032352108 4.960760721964561 2.9890417277906565
9 1.658763772082931 4.955855806537369 2.9876802772912248
10 1.6578779753462527 4.9509508907442035 2.9863180308612174
11 1.6569917771397285 4.946045976042637 2.9849550518472814
12 1.6561051778006595 4.941141061454409 2.9835913368837734
13 1.6552181772175838 4.9362361472048395 2.9822268841335684
14 1.6543307771774618 4.931331232870321 2.9808616879412213
15 1.6534429671359052 4.92642631867626 2.979495765257521
16 1.6525547524216213 4.921521404800199 2.9781291043992932
16 1.6516661315599106 4.916616491160184 2.976761705779304
17 1.6516661315599106 4.916616491160184 2.976761705779304
18 1.6507771067719967 4.911711577630598 2.975393563117178
19 1.6498876727962146 4.906806663993552 2.974024683557724
20 1.6489978360346917 4.901901750747775 2.972655053650809
21 1.6481075905228317 4.896996837656554 2.971284681786504
22 1.6472169329936261 4.892091924626395 2.96991357157529
23 1.646325869939831 4.887187011615724 2.9685417090568698
24 1.6454343930066162 4.882282098981923 2.9671691072779782
25 1.6445425130666753 4.877377186564174 2.965795744294285
26 1.6436502235753359 4.872472273984224 2.964421629430026
27 1.6427575192410826 4.8675673616717425 2.9630467702381607
28 1.641864404340025 4.862662449801397 2.9616711568553837
29 1.6409708759423256 4.8577575378261955 2.960294791969805
30 1.640076934410597 4.852852626185984 2.9589176729261055
31 1.6391825802984425 4.847947714604342 2.9575397962816847
32 1.6382878149670312 4.843042803232011 2.9561611573906945
33 1.6373926339485383 4.838137891907506 2.954781761928681
33 1.6364970349182872 4.833232980931607 2.9534016119821063
34 1.6364970349182872 4.833232980931607 2.9534016119821063
35 1.6356010165969777 4.828328070100866 2.952020707437966
36 1.6347045833876614 4.823423159465532 2.9506390380760825
37 1.633807734305772 4.818518248833135 2.9492566032444394
38 1.632910466284042 4.813613338334842 2.947873406243158
39 1.6320127793084458 4.808708427885467 2.946489444723052
40 1.6311146738243374 4.803803517753192 2.9451047157157366
41 1.6302161492297946 4.798898607851543 2.943719217920158
42 1.629317202148594 4.793993698122479 2.9423329550566337
43 1.6284178344221176 4.789088788509857 2.9409459214191043
44 1.6275180460139236 4.78418387918376 2.9395581148246333
45 1.626617835754962 4.779278969947485 2.9381695349044774
46 1.6257172002275424 4.77437406092259 2.9367801855417093
47 1.6248161395779006 4.769469152029557 2.9353900640527755
48 1.6239146554543444 4.764564243297704 2.9339991651006176
49 1.6230127504602665 4.75965933466582 2.9326074815592413
50 1.6221104174305743 4.754754426172927 2.9312150240083326
51 1.6212076539778446 4.749849518045478 2.9298217945067693
52 1.620304463371244 4.74494461009467 2.9284277846289615
53 1.619400846775338 4.740039702188561 2.9270329897796787
54 1.6184968006328622 4.735134794695078 2.925637414200357
55 1.6175923265252585 4.730229887101936 2.924241052294627
56 1.616687423073215 4.725324979733134 2.9228439043279044
57 1.6157820917126389 4.720420072537244 2.9214459652377145
58 1.6148763323585478 4.715515165587955 2.9200472327815246
59 1.6139701368852266 4.710610258847831 2.9186477191819407
60 1.6130635067699222 4.705705352216944 2.9172474192537403
61 1.6121564466162084 4.700800445728276 2.915846322231873
62 1.6112489502933205 4.695895539514996 2.9144444368203497
63 1.6103410213911045 4.690990633409263 2.9130417539490594
64 1.6094326600192979 4.686085727449343 2.91163827096261
65 1.6085238613559036 4.681180821728417 2.910233994155623
66 1.607614624261136 4.676275916137686 2.908828923030552
66 1.6067049506440394 4.671371010758312 2.90742305168464
67 1.6067049506440394 4.671371010758312 2.90742305168464
68 1.6057948400201725 4.666466105599844 2.906016378494044
69 1.6048842891776083 4.661561200525461 2.9046089066733822
70 1.6039732992664917 4.656656295836709 2.903200631809913
71 1.603061870703178 4.651751391345197 2.901791550506233
72 1.60215000301702 4.646846486888979 2.900381660979602
73 1.6012376927474472 4.641941582715205 2.8989709671088466
74 1.6003249406686142 4.637036678655633 2.8975594648411116
75 1.5994117436966064 4.6321317748510635 2.896147157294936
76 1.5984981040287198 4.627226871157408 2.8947340378417312
77 1.5975840221906779 4.622321967642321 2.893320103004028
78 1.5966694948899531 4.617417064327959 2.8919053561840635
79 1.595754519469548 4.612512161332051 2.8904897996875594
80 1.5948390981158518 4.607607258351217 2.88907342677682
81 1.5939232287948468 4.602702355701787 2.887656238739839
82 1.5930069126527728 4.597797453118624 2.8862382307318994
83 1.5920901527144928 4.592892550687369 2.8848193947161516
83 1.5911729445023963 4.587987648454807 2.88339973621761
84 1.5911729445023963 4.587987648454807 2.88339973621761
85 1.590255278216851 4.583082746512451 2.8819792704297447
86 1.5893371709084765 4.578177844720695 2.8805579637351437
87 1.5884186106020506 4.573272943167719 2.879135835253362
88 1.5874995949162058 4.568368041792817 2.8777128866190056
89 1.586580130144293 4.563463140471967 2.876289103694333
90 1.5856602099145556 4.558558239409155 2.874864495499194
91 1.5847398385832543 4.55365333857484 2.873439051450724
92 1.58381901382608 4.548748437812789 2.872012772989913
93 1.5828977364782284 4.5438435373265875 2.870585656048845
94 1.5819760007283283 4.538938637149281 2.8691577084984803
95 1.5810538070418705 4.534033736985597 2.8677289266130104
96 1.5801311559511055 4.529128837270815 2.8662993069994003
97 1.579208051250679 4.52422393749009 2.8648688397371447
98 1.57828448588892 4.519319038000932 2.863437535125719
99 1.577360461887185 4.514414138513125 2.8620053865886756
100 1.5764359749807242 4.5095092392866825 2.86057239929571
101 1.575511026084993 4.504604340347444 2.8591385688623148
102 1.574585614731694 4.499699441749506 2.8577038934248393
103 1.57365974285261 4.494794543229037 2.8562683665537616
104 1.5727332054483416 4.489889644858444 2.8548323576461296
105 1.5718062058058344 4.484984746774492 2.8533954950732157
106 1.5708787402549136 4.480079848787118 2.851957782597602
107 1.5699508080360036 4.475174950903388 2.8505192188166695
108 1.5690224111513422 4.470270053217979 2.8490797973610285
109 1.568093548352041 4.465365155831395 2.8476395177597587
110 1.5671642163069646 4.460460258507961 2.8461983831018505
111 1.5662344198664397 4.455555361380812 2.8447563818452912
112 1.5653041523175473 4.450650464493032 2.8433135233836304
113 1.5643734141726875 4.44574556783143 2.841869803944824
114 1.563442203716248 4.440840671330212 2.8404252237623417
115 1.5625105251114302 4.4359357750402015 2.838979772455519
116 1.561578370599567 4.431030878796018 2.837533461157461
116 1.5606457445549786 4.426125982813574 2.836086279193164
117 1.5606457445549786 4.426125982813574 2.836086279193164
118 1.5597126451456895 4.421221087079106 2.834638227008879
119 1.5587790705032842 4.416316191541254 2.833189305085649
120 1.5578450196173232 4.411411295986161 2.831739512233253
121 1.5569104954072923 4.406506400561878 2.8302888403415403
122 1.5559754951367588 4.401601505634808 2.8288372917132216
123 1.5550400138162612 4.3966966107061145 2.827384872184784
124 1.554104055090805 4.391791716051827 2.8259315723844622
125 1.5531676172097229 4.386886821654947 2.8244773925534337
126 1.5522306996410407 4.381981927269528 2.823022330561352
127 1.5512932977950298 4.377077033161267 2.8215663919793488
128 1.5503554174081429 4.372172139219297 2.8201095633468474
129 1.5494170576483988 4.367267245453853 2.8186518432178604
130 1.5484782104417165 4.36236235190306 2.81719324333189
131 1.547538883193268 4.357457458456266 2.815733747164319
132 1.5465990700273535 4.352552565338323 2.814273362560177
133 1.545658769069563 4.347647672369131 2.8128120898160955
133 1.5447179818376893 4.342742779642074 2.81134992322397
134 1.5447179818376893 4.342742779642074 2.81134992322397
135 1.5437767083599265 4.3378378871849845 2.8098868597346605
136 1.5428349458236719 4.332932994960205 2.808422901418652
137 1.5418926957959243 4.3280281027002045 2.80695804221712
138 1.540949954404809 4.3231232108253845 2.8054922864092546
139 1.5400067198932639 4.318218319061916 2.8040256339668486
140 1.5390629974342052 4.313313427653584 2.802558072570371
141 1.5381187825747502 4.3084085362412985 2.8010896070257933
142 1.5371740788662633 4.303503645259628 2.7996202280704994
143 1.536228874660251 4.298598754459696 2.7981499536716914
144 1.5352831787662329 4.293693863838031 2.7966787646878806
145 1.5343369886277543 4.288788973392827 2.7952066626696768
146 1.5333902970730857 4.283884083235098 2.7937336576422305
147 1.5324431116570811 4.278979193099901 2.7922597325475267
148 1.5314954264900733 4.274074303296719 2.790784895187163
149 1.5305472435124274 4.269169413574872 2.7893091387219293
150 1.529598560394446 4.2642645242462205 2.7878324644516996
151 1.528649376677545 4.259359634920028 2.7863548697985707
152 1.5276996929501605 4.254454745951664 2.7848763507544025
153 1.5267495068837709 4.249549857131916 2.7833969082496175
154 1.5257988191646161 4.2446449686233985 2.781916537953127
155 1.5248476239848887 4.239740080106463 2.7804352470489726
156 1.5238959255321818 4.2348351918505465 2.7789530248738203
157 1.522943721420416 4.229930303868315 2.777469872572279
158 1.521991008793203 4.225025416123641 2.775985792106415
159 1.5210377896993617 4.220120528415849 2.774500776374511
160 1.5200840656541528 4.215215641072356 2.773014819583929
161 1.5191298300916274 4.210310753874018 2.7715279303152585
162 1.5181750820378417 4.205405866916771 2.7700401071475023
163 1.5172198255385423 4.2005009802752244 2.7685513394766263
164 1.5162640564253296 4.195596093859226 2.767061631567367
165 1.5153077765061458 4.190691207618923 2.765570976796163
166 1.5143509797091086 4.185786321526123 2.7640793829249346
166 1.5133936678332018 4.180881435759182 2.7625868434781746
167 1.5133936678332018 4.180881435759182 2.7625868434781746
168 1.5124358410436098 4.1759765501986505 2.761093354754901
169 1.5114775008186605 4.171071664813216 2.7595989107042884
170 1.510518641310204 4.166166779598716 2.758103518659682
171 1.5095592639944606 4.161261894646652 2.756607172636266
172 1.5085993683345917 4.156357009890592 2.7551098702095937
173 1.5076389506677734 4.151452125353849 2.7536116147138943
174 1.5066780135347115 4.146547241053514 2.7521123981397926
175 1.5057165563618746 4.141642356858755 2.750612218056383
176 1.504754575861656 4.136737473010559 2.74911107722784
177 1.5037920709657322 4.131832589579253 2.747608974241897
178 1.5028290424168713 4.126927706183968 2.746105904066762
179 1.5018654892763168 4.122022823064829 2.7446018651450945
180 1.5009014097745477 4.117117940167996 2.7430968572322376
181 1.4999367998038298 4.112213057346714 2.7415908842856127
182 1.4989716636275325 4.107308174842811 2.7400839352113353
183 1.498005996023063 4.1024032925625775 2.7385760160197767
183 1.4970398029403957 4.097498410452155 2.7370671123133095
184 1.4970398029403957 4.097498410452155 2.7370671123133095
185 1.4960730781479814 4.092593528599745 2.7355572320478143
186 1.4951058210146764 4.087688647012368 2.7340463728769353
187 1.4941380321127888 4.082783765692274 2.732534530239489
188 1.4931697071606373 4.077878884585631 2.7310217084031203
189 1.4922008505784314 4.072974003679363 2.729507895737045
190 1.4912314551461796 4.06806912303949 2.7279931019431944
191 1.4902615245509456 4.063164242501637 2.7264773166078844
192 1.4892910554718197 4.058259362294994 2.724960542389952
193 1.4883200511750856 4.053354482298865 2.7234427696506454
194 1.487348504368568 4.048449602609725 2.721924008205754
195 1.4863764183362438 4.043544723110709 2.720404248364488
196 1.485403793281205 4.038639843675219 2.718883486054661
197 1.4844306258102706 4.033734964548991 2.7173617240261345
198 1.4834569145732315 4.028830085686032 2.71583896108305
199 1.4824826586140571 4.023925207052815 2.714315195305354
200 1.4815078565314344 4.019020328759166 2.7127904256739197
201 1.4805325102011861 4.014115450658192 2.7112646449842046
202 1.4795566128084607 4.009210572829699 2.709737862087958
203 1.4785801728743626 4.004305695211988 2.7082100576444295
204 1.4776031807929317 3.9994008177955247 2.706681245535294
205 1.476625639174332 3.994495940692453 2.7051514173396107
206 1.4756475467519767 3.989591063721373 2.7036205715265784
207 1.4746687207809295 3.9846861869430366 2.702089039247334
208 1.4736893430124696 3.979781310357618 2.700556483785296
209 1.4727094140263204 3.974876434034348 2.6990229003610544
210 1.4717289277153096 3.9699715580671397 2.697488296455561
211 1.4707478851600555 3.965066682340757 2.6959526662241333
212 1.4697662860769996 3.9601618067097455 2.6944160062889595
213 1.4687841292224801 3.9552569312967845 2.692878315202487
214 1.4678014132861945 3.9503520561850527 2.6913395916010106
215 1.4668181385692276 3.9454471813444076 2.6897998310771496
216 1.4658343022253084 3.940542306651658 2.688259034919194
216 1.464849901838648 3.9356374321020975 2.6867172036958666
217 1.464849901838648 3.9356374321020975 2.6867172036958666
218 1.4638649413770897 3.9307325579378998 2.685174326423976
219 1.462879416942972 3.9258276839346413 2.683630406215281
220 1.4618933280340234 3.9209228102387996 2.6820854401953644
221 1.4609066699364828 3.9160179368273607 2.6805394330889194
222 1.4599194476679853 3.9111130635862055 2.6789923716912294
223 1.4589316568826167 3.9062081906850086 2.677444260159265
224 1.457943295638727 3.9013033178538477 2.675895097926069
225 1.4569543625284258 3.8963984453346203 2.6743448837839625
226 1.4559648631790403 3.891493573035821 2.672793603369591
227 1.4549747890189824 3.8865887009840216 2.6712412684515012
228 1.4539841403079001 3.881683829130191 2.6696878745239916
229 1.4529929149175198 3.8767789575374243 2.6681334215297894
230 1.452001116582842 3.871874086214557 2.6665778985946478
231 1.4510087402098402 3.8669692151640556 2.665021311039675
232 1.4500157842806336 3.8620643444375 2.663463657641152
233 1.4490222516959566 3.857159473845663 2.661904928879586
233 1.4480281380550282 3.8522546034356138 2.6603451287969513
234 1.4480281380550282 3.8522546034356138 2.6603451287969513
235 1.447033447155805 3.847349733314187 2.65878424640169
236 1.4460381707305914 3.8424448634714836 2.6572222927767806
237 1.4450423102084984 3.837539993827856 2.655659261128593
238 1.4440458672574843 3.8326351244894026 2.6540951443379703
239 1.4430488379947604 3.82773025539413 2.6525299453572813
240 1.4420512227432005 3.82282538646875 2.6509636593883434
241 1.4410530163198083 3.817920517839015 2.649396291879185
242 1.4400542246720887 3.8130156494077214 2.647827827647236
243 1.439054841156206 3.808110781307468 2.6462582748047656
244 1.4380548706192942 3.8032059134688208 2.644687620181684
245 1.4370543028561447 3.7983010458625097 2.6431158783028508
246 1.4360531432742356 3.793396178522361 2.641543035011453
247 1.4350513879902176 3.7884913115051364 2.6399690932398596
248 1.4340490382807183 3.783586444646662 2.6383940462613498
249 1.4330460928435778 3.778681577995595 2.636817892226759
250 1.4320425497547558 3.7737767117041043 2.6352406304899123
251 1.4310384056384695 3.768871845760603 2.633662262948904
252 1.4300336612427753 3.7639669799154096 2.6320827837327423
253 1.4290283184687167 3.7590621144652703 2.630502185214436
254 1.4280223716325489 3.7541572491588595 2.6289204733305533
255 1.4270158220004772 3.7492523840864007 2.6273376414498837
256 1.4260086656422652 3.744347519364568 2.6257536925121965
257 1.4250009049647552 3.739442654876251 2.6241686176113266
258 1.4239925361922925 3.734537790634982 2.6225824193018656
259 1.4229835613864545 3.729632926777519 2.620995089460927
260 1.42197397610357 3.7247280630047452 2.619406631625622
261 1.4209637791236365 3.719823199552467 2.6178170437578827
262 1.419952971039325 3.714918336352798 2.6162263202517817
263 1.4189415478857414 3.7100134734726944 2.614634463978243
264 1.4179295109738426 3.705108610880708 2.613041468003594
265 1.4169168616450762 3.7002037484532257 2.611447325256046
266 1.4159035932949195 3.6952988863568947 2.6098520434979915
266 1.4148897074084805 3.690394024601586 2.608255615457781
267 1.4148897074084805 3.690394024601586 2.608255615457781
268 1.4138752034194115 3.6854891630655002 2.606658037535607
269 1.4128600790968928 3.6805843018198794 2.605059309321364
270 1.4118443345001719 3.675679440852419 2.6034594261085457
271 1.410827966167581 3.670774580114162 2.6018583896416323
272 1.4098109728499284 3.665869719683519 2.600256197661006
273 1.408793354317692 3.6609648596343605 2.5986528460076688
274 1.4077751109085976 3.656059999803599 2.5970483292916913
275 1.4067562387470407 3.6511551401958506 2.5954426499987195
276 1.4057367391005502 3.646250280844351 2.5938358011311395
277 1.4047166083611045 3.6413454217824537 2.5922277846709907
278 1.4036958463217362 3.6364405630535805 2.5906185963166872
279 1.4026744514080394 3.631535704458245 2.589008234100806
280 1.4016524243588622 3.6266308461547236 2.5873966920248446
281 1.4006297606795948 3.621725988167288 2.585783973639117
282 1.399606459658146 3.616821130456066 2.5841700754506913
283 1.398582521420946 3.6119162730537435 2.582554992453411
283 1.397557945295788 3.6070114159177806 2.5809387210448507
284 1.397557945295788 3.6070114159177806 2.5809387210448507
285 1.396532728835521 3.6021065590510584 2.579321260916401
286 1.3955068712456815 3.597201702426482 2.577702608669698
287 1.3944803701462993 3.592296846090581 2.576082763871177
288 1.3934532263859154 3.587391990223261 2.5744617202025384
289 1.3924254394609172 3.5824871346053637 2.5728394735393065
290 1.3913970038178778 3.5775822792243273 2.571216029219366
291 1.390367919905578 3.5726774242337496 2.5695913815937117
292 1.3893381869231607 3.567772569524929 2.567965527116293
293 1.3883078038888594 3.562867714994212 2.56633846256146
294 1.387276772426852 3.557962860747583 2.564710180019385
295 1.3862450852116313 3.553058006778558 2.5630806880272043
296 1.3852127449455995 3.5481531531637294 2.5614499766265677
297 1.384179749243021 3.5432482998669457 2.5598180451669474
298 1.3831460935459923 3.538343446864903 2.5581848970079504
299 1.3821117792469635 3.533438594197604 2.556550524533392
300 1.3810768040713883 3.528533741812605 2.5549149268241664
301 1.3800411697916113 3.5236288895794434 2.5532780954002394
302 1.3790048749861725 3.518724037693282 2.551640027906765
303 1.37796791631902 3.513819185999984 2.5500007252610684
304 1.3769302910464911 3.508914334736989 2.5483601875517987
305 1.375891997911791 3.5040094837776263 2.5467184118344366
306 1.3748530377079375 3.499104633098211 2.5450753914263324
307 1.373813407896816 3.4941997827457723 2.5434311258434112
308 1.372773110031983 3.4892949326891047 2.541785606951327
309 1.3717321382385514 3.484390082883664 2.540138840340934
310 1.3706904936834474 3.4794852333605504 2.538490818602056
311 1.3696481747832991 3.4745803841803458 2.53684153941948
312 1.3686051781646922 3.469675535314654 2.535191003710442
313 1.3675615039045608 3.4647706867498784 2.533539205993676
314 1.3665171534064915 3.459865838593918 2.5318861383986797
315 1.3654721200890658 3.4549609905961245 2.530231807567603
316 1.364426405861992 3.4500561429096916 2.5285762046873312
316 1.3633798509621846 3.445151295515918 2.5269196204451423
317 1.3633798509621846 3.445151295515918 2.5269196204451423
318 1.3623326113980017 3.440246448411727 2.525261760328417
319 1.3612846875630273 3.435341601627681 2.5236026181838804
320 1.3602360761444898 3.430436755156624 2.5219421946813805
321 1.359186774376648 3.4255319090398966 2.5202804894941084
322 1.3581367846518764 3.4206270630839084 2.518617492538278
323 1.3570861010901762 3.4157222174756843 2.516953209329726
324 1.3560347242013477 3.410817372169286 2.515287633344438
325 1.3549826542540715 3.405912527263617 2.51362075859089
326 1.3539298875490855 3.40100768270062 2.5119525863020877
327 1.3528764222175365 3.3961028383876775 2.510283114270728
328 1.351822259547242 3.3911979944007267 2.50861233453614
329 1.3507673961662536 3.386293150769945 2.5069402477294895
330 1.3497118322023283 3.381388307368028 2.505266847850484
331 1.3486555636216684 3.376483464278692 2.503592136758411
332 1.3475985894812972 3.371578621423271 2.5019161104353946
333 1.3465409093056513 3.3666737789125167 2.500238764114901
333 1.345482521556397 3.3617689368422234 2.4985600949713356
334 1.345482521556397 3.3617689368422234 2.4985600949713356
335 1.3444234256631256 3.35686409499161 2.4968800981252355
336 1.3433636177786612 3.3519592535525127 2.4951987750682085
337 1.3423030985807074 3.347054412369345 2.493516118608661
338 1.341241863842096 3.3421495715072376 2.4918321308085174
339 1.3401799148178564 3.337244730956009 2.4901468034682295
340 1.3391172470602772 3.332339890761528 2.4884601390034446
341 1.3380538604134 3.3274350508856583 2.486772131771756
342 1.3369897539570044 3.3225302112881865 2.485082777526681
343 1.3359249269696287 3.3176253719754007 2.4833920716645363
344 1.3348593765892414 3.3127205330578953 2.4817000136166967
345 1.333793098260327 3.307815694543222 2.4800066058653494
346 1.3327260956908382 3.302910856311809 2.4783118354110836
347 1.3316583636925896 3.2980060184842395 2.4766157059526246
348 1.3305899025606382 3.293101180854964 2.474918210725629
349 1.329520709718346 3.2881963436249437 2.4732193485888128
350 1.3284507831646548 3.283291506764653 2.4715191171351854
350 1.3284507831646548 3.283291506764653 2.4715191171351854
351 1.327380124283407 3.2783866702077264 2.4698175076092697
352 1.3263087279313588 3.273481833983566 2.4681145234482544
353 1.325236593657651 3.2685769980183514 2.4664101592584946
354 1.3241637197622143 3.2636721624158005 2.464704412081213
355 1.3230901061064377 3.2587673271626505 2.4629972759394927
356 1.3220157510663395 3.2538624923310313 2.4612887476616385
357 1.320940650565027 3.2489576577078916 2.4595788284039584
358 1.3198648039431502 3.244052823409337 2.457867513185893
359 1.318788211147221 3.2391479894472117 2.4561547957950425
360 1.3177108681992138 3.23424315590036 2.4544406773545724
361 1.3166327722808633 3.2293383227939105 2.4527251567645396
362 1.3155539242927297 3.224433489863219 2.4510082257530756
363 1.3144743211205994 3.219528657336257 2.4492898838766086
364 1.3133939630588363 3.2146238252567603 2.4475701241766363
365 1.3123128452838415 3.2097189934693344 2.445848949055361
366 1.3112309699348845 3.204814161911027 2.444126347984427
366 1.3101483340582853 3.1999093307116833 2.4424023200485383
367 1.3101483340582853 3.1999093307116833 2.4424023200485383
368 1.3090649352005876 3.195004500027849 2.440676863396604
369 1.3079807707461333 3.1900996696203707 2.438949976153387
370 1.306895840625633 3.1851948394747454 2.4372216518417713
371 1.3058101435871474 3.1802900098141893 2.43549188634553
372 1.3047236752418283 3.175385180598284 2.4337606811723806
373 1.3036364350109593 3.170480351625215 2.4320280305747684
374 1.302548421195248 3.1655755229677203 2.4302939310792886
375 1.3014596322653702 3.160670694719354 2.4285583788855365
376 1.3003700677827512 3.155765866820833 2.426821368013876
377 1.2992797241423244 3.1508610392709437 2.4250828984119477
378 1.2981886002856808 3.1459562121274316 2.4233429652942022
379 1.2970966924875897 3.14105138533259 2.421601568737824
380 1.2960040026513837 3.1361465589270803 2.4198586983613524
381 1.2949105290486638 3.1312417328701128 2.4181143504721927
382 1.293816267016192 3.1263369071109675 2.4163685268240966
383 1.2927212140279636 3.121432081759432 2.414621225278284
383 1.2916253718789452 3.1165272567695843 2.4128724354771145
384 1.2916253718789452 3.1165272567695843 2.4128724354771145
385 1.2905287375022865 3.1116224321211616 2.4111221561353635
386 1.2894313071498154 3.1067176078962997 2.409370387293799
387 1.2883330805781177 3.1018127840678607 2.407617122332972
388 1.2872340560076072 3.096907960592884 2.4058623574628157
389 1.2861342309924753 3.0920031374919734 2.404106090159779
390 1.2850336033034557 3.087098314785749 2.402348317467884
391 1.2839321714683842 3.0821934924526255 2.4005890349547347
392 1.2828299329713508 3.0772886704794717 2.3988282401173096
393 1.2817268868837628 3.0723838489706243 2.397065927547522
394 1.2806230314097293 3.067479027679336 2.3953020931558666
395 1.2795183650516357 3.0625742069010307 2.393536732688818
396 1.2784128854311279 3.057669386400784 2.391769843096994
397 1.2773065916264894 3.0527645662079665 2.390001418782827
398 1.2761994793976377 3.0478597465289017 2.3882314604668875
399 1.2750915480100224 3.0429549272955163 2.3864599620666596
400 1.2739827953171676 3.0380501084312646 2.3846869201046936
401 1.2728732192400405 3.033145289906811 2.3829123309843285
402 1.271762819198803 3.028240471769455 2.381136188332046
403 1.270651590791016 3.0233356540616176 2.379358492896945
404 1.2695395348473333 3.018430836747036 2.377579235537563
405 1.2684266477534956 3.0135260197839813 2.375798415400073
406 1.2673129262998983 3.0086212032286275 2.37401603092042
407 1.2661983707114677 3.00371638707946 2.37223207402462
408 1.2650829793986238 2.9988115712679626 2.3704465399522587
409 1.2639667468519784 2.993906755897885 2.368659431392856
410 1.2628496758245455 2.989001940911221 2.366870735394241
411 1.2617317605672693 2.9840971263759237 2.365080455004387
412 1.2606130005778442 2.9791923122171613 2.3632885832936426
413 1.259493393640677 2.974287498478344 2.3614951166047033
414 1.258372938957697 2.969382685065901 2.3597000484811947
415 1.2572516320216671 2.9644778721572607 2.3579033796045783
416 1.2561294722369454 2.9595730596416208 2.356105103060071
416 1.255006457562784 2.9546682475430637 2.3543052147165953
417 1.255006457562784 2.9546682475430637 2.3543052147165953
418 1.25388258520163 2.9497634357696354 2.3525037117373317
419 1.2527578529756458 2.9448586245196546 2.3507005903214275
420 1.2516322600186063 2.93995381366872 2.3488958439158605
421 1.250505802133553 2.935049003214973 2.3470894722818025
422 1.2493784787739193 2.9301441932331516 2.3452814683574954
423 1.2482502879586628 2.9252393836578627 2.3434718276265563
424 1.2471212276855945 2.920334574434555 2.3416605455863397
425 1.2459912957447616 2.9154297656327928 2.3398476181891494
426 1.244860487279039 2.9105249572433545 2.3380330462613133
427 1.2437288036084444 2.9056201493136955 2.336216819039317
428 1.2425962397038306 2.9007153419155354 2.3343989376685323
429 1.2414627971579004 2.8958105347749394 2.332579390541837
430 1.2403284715393277 2.890905728124093 2.3307581777400403
431 1.23919326022084 2.886000921899762 2.32893529568216
432 1.2380571618493037 2.8810961160711157 2.327110738382694
433 1.2369201745302265 2.876191310729534 2.3252845009354717
433 1.2357822953324622 2.8712865058280648 2.323456580234954
434 1.2357822953324622 2.8712865058280648 2.323456580234954
435 1.2346433888540875 2.866381701264084 2.321627222192852
436 1.2335035853275191 2.8614768971009252 2.3197961733861905
437 1.232362881875281 2.8565720934570393 2.3179634306335215
438 1.2312212800162143 2.851667290192859 2.316128982237299
439 1.2300787754105194 2.846762487370511 2.314292827644676
440 1.2289353661681979 2.8418576850890784 2.31245496168765
441 1.2277910504045555 2.836952883139528 2.3106153788991666
442 1.2266458239915705 2.8320480817172573 2.3087740783249258
443 1.2254996862346328 2.8271432806516916 2.3069310522127786
444 1.2243526343320241 2.82223848006887 2.3050862969789843
445 1.2232046646776078 2.8173336799471578 2.303239810395674
446 1.2220557773457406 2.8124288802590915 2.3013915832611027
447 1.2209059679642933 2.807524081013042 2.299541614735682
448 1.2197552345388758 2.8026192821955496 2.2976898994453343
449 1.2186035757254046 2.7977144838066015 2.2958364307614896
450 1.2174509885613651 2.7928096858430633 2.2939812050612933
451 1.2162974699565394 2.787904888399688 2.2921242190031896
452 1.2151430186874401 2.7830000914047637 2.29026546555061
453 1.213987631324588 2.778095294883835 2.288404941863074
454 1.2128313061817195 2.7731904987920255 2.2865426417155135
455 1.2116740397862498 2.768285703195732 2.2846785623005363
456 1.210515832098688 2.7633809080235827 2.28281269418234
457 1.209356678594806 2.7584761133509508 2.280945036460311
458 1.2081965780179038 2.7535713191231177 2.279075581922658
459 1.2070355251983298 2.7486665253497895 2.277204330749215
460 1.2058735205626014 2.7437617320667336 2.275331272542272
461 1.2047105614378044 2.7388569391735644 2.273456402594146
462 1.2035466441918077 2.7339521468414234 2.2715797181897313
463 1.2023817663041705 2.7290473549910947 2.269701214265352
464 1.2012159266458442 2.724142563645681 2.2678208831715256
465 1.2000491212843827 2.719237772750801 2.2659387224420184
466 1.1988813485231042 2.7143329823630684 2.264054725437877
466 1.1977126045644533 2.709428192368188 2.2621688893000074
467 1.1977126045644533 2.709428192368188 2.2621688893000074
468 1.1965428880589202 2.704523402918348 2.260281206723592
469 1.1953721946602736 2.6996186139032443 2.2583916757997535
470 1.1942005235728848 2.6947138254109935 2.2565002880326817
471 1.193027872598112 2.6898090373633843 2.2546070373910565
472 1.1918542377880859 2.6849042497957294 2.252711921198128
473 1.1906796177453083 2.6799994627732686 2.2508149319362354
474 1.1895040078129897 2.675094676217255 2.248916068080895
475 1.1883274061185138 2.670189890175522 2.2470153229043843
476 1.1871498114873251 2.6652851046201587 2.245112688246942
477 1.1859712204616946 2.6603803196252103 2.2432081603038676
478 1.1847916292841218 2.655475535087539 2.2413017356410916
479 1.1836110364097516 2.6505707510094365 2.239393406679795
480 1.1824294384633984 2.6456659674500345 2.2374831693028168
481 1.1812468339002304 2.6407611844039383 2.2355710158262996
482 1.1800632186466564 2.635856401843446 2.2336569432833873
483 1.1788785911089301 2.6309516198344673 2.231740944043799
483 1.1776929463100116 2.626046838362232 2.2298230167636253
484 1.1776929463100116 2.626046838362232 2.2298230167636253
485 1.176506283640464 2.621142057366425 2.2279031517416326
486 1.1753185991034243 2.6162372769015856 2.225981345736676
487 1.174129891820482 2.611332496965818 2.2240575895031176
488 1.1729401569375761 2.606427717521166 2.222131881243009
489 1.171749392225007 2.601522938644349 2.220204214234222
490 1.1705575945855369 2.596618160271095 2.2182745832258584
491 1.1693647629389126 2.5917133824103353 2.2163429791545086
492 1.1681708935822657 2.586808605065587 2.214409397868992
493 1.1669759812602174 2.5819038282445 2.2124738381130196
494 1.1657800244861154 2.576999051967086 2.2105362914440456
495 1.1645830228340883 2.572094276197292 2.208596747304399
496 1.1633849691917284 2.5671895009816335 2.2066552078330615
497 1.1621858632132571 2.562284726389667 2.204711662302759
498 1.160985702108755 2.55737995230772 2.2027661044081985
499 1.1597844811519031 2.5524751787202913 2.2008185315474833
500 1.1585821998918029 2.547570405696442 2.1988689330237885
501 1.1573788532144662 2.542665633192954 2.1969173068360783
502 1.1561744401506273 2.537760861234892 2.1949636431196926
503 1.1549689548380007 2.532856089857316 2.1930079412503187
504 1.1537623946949378 2.527951319010903 2.191050194246719
505 1.152554758744962 2.5230465487041096 2.18909039207083
506 1.1513460432548157 2.5181417790050653 2.1871285299130094
507 1.1501362442747374 2.513237009840507 2.18516460319475
508 1.148925359022064 2.508332241306265 2.1831986052090393
509 1.1477133861158373 2.50342747330166 2.181230526354593
510 1.1465003198571062 2.498522705760366 2.179260365205802
511 1.1452861587764407 2.493617938845394 2.177288112439458
512 1.144070898275514 2.4887131725091898 2.1753137644358302
513 1.142854536370326 2.4838084067280257 2.1733373125651947
514 1.141637069229667 2.4789036415215344 2.171358751686474
515 1.1404184936922888 2.4739988769375296 2.1693780753480763
516 1.1391988068598882 2.469094112850692 2.1673952763842474
516 1.1379780051418675 2.4641893493832487 2.1654103491007697
517 1.1379780051418675 2.4641893493832487 2.1654103491007697
518 1.1367560851765883 2.4592845864887156 2.163423287157227
519 1.1355330444938116 2.4543798242197843 2.1614340825403957
520 1.134308880205521 2.4494750625047677 2.15944272785818
521 1.13308358669479 2.4445703013968125 2.1574492209596254
522 1.1318571624500646 2.43966554084498 2.1554535517220033
523 1.13062960392476 2.4347607809912155 2.1534557140016664
524 1.1294009069291244 2.4298560216953757 2.1514557025655563
525 1.1281710696817937 2.4249512629667342 2.1494535076588197
526 1.1269400879602975 2.4200465048520954 2.1474491241431055
527 1.1257079577450158 2.4151417473824797 2.1454425464135642
528 1.1244746762683855 2.4102369904846195 2.1434337663192986
529 1.123240239229074 2.405332234292006 2.1414227787484577
530 1.12200464560862 2.4004274786222917 2.139409571981054
531 1.120767890660277 2.3955227235682 2.1373941415799558
532 1.1195299698912458 2.390617969151338 2.1353764824925316
533 1.1182908798573061 2.3857132153517497 2.133356587559908
533 1.1170506184682631 2.380808462136526 2.131334446957444
534 1.1170506184682631 2.380808462136526 2.131334446957444
535 1.1158091810831625 2.3759037095935156 2.129310055763412
536 1.1145665647955156 2.3709989575855217 2.127283405473874
537 1.113322765989935 2.36609420624197 2.1252544891041607
538 1.1120777811279001 2.3611894555472763 2.123223299320388
539 1.1108316061105243 2.3562847054578175 2.1211898297601866
540 1.109584237450143 2.3513799560968263 2.119154072970941
541 1.1083356708132335 2.3464752073462005 2.117116022824106
542 1.1070859049441202 2.341570459186346 2.1150756673255056
543 1.1058349335708921 2.3366657117281884 2.1130330041055725
544 1.1045827546460216 2.331760964899734 2.1109880224836375
545 1.1033293635936174 2.3268562186695774 2.108940716569757
546 1.1020747569716591 2.321951473162376 2.1068910783718158
547 1.10081893042484 2.317046728341527 2.104839101419983
548 1.0995618804545046 2.312141984085173 2.10278477745104
549 1.0983036032368045 2.307237240548329 2.1007280989962
550 1.0970440950886473 2.30233249774136 2.098669058106838
551 1.0957833522184226 2.297427755532495 2.0966076468321346
552 1.0945213710916852 2.2925230140246518 2.0945438568623556
553 1.093258148483235 2.2876182731763874 2.092477679082643
554 1.091993677807054 2.282713532995936 2.0904091107744236
555 1.0907279576491316 2.2778087934630467 2.0883381392115914
556 1.0894609833329654 2.2729040546496173 2.0862647579137428
557 1.0881927515647465 2.2679993165122116 2.0841889575637995
558 1.0869232576543812 2.263094579052737 2.0821107314757206
559 1.0856524974634998 2.258189842344886 2.080030071888457
560 1.084380466690537 2.253285106299611 2.077946971118448
561 1.0831071614045293 2.2483803709687513 2.075861420815594
562 1.0818325784595766 2.2434756363391117 2.0737734109778807
563 1.0805567129641989 2.238570902382065 2.0716829348467836
564 1.0792795609843076 2.2336661691501454 2.0695899838157152
565 1.0780011189760343 2.2287614366153226 2.0674945483659295
566 1.0767213421225188 2.223856704725062 2.0653966980362983
566 1.0754401995544374 2.218951973588231 2.063296475719951
567 1.0754401995544374 2.218951973588231 2.063296475719951
568 1.0741577542599403 2.2140472431583835 2.0611937440081043
569 1.0728740026364865 2.209142513410105 2.0590884931327875
570 1.071588939078911 2.2042377843669554 2.056980717122386
571 1.07030256061063 2.199333056096826 2.0548704049087396
572 1.0690148622812752 2.194428328524267 2.0527575489842698
573 1.0677258398474572 2.1895236017012536 2.050642140508714
574 1.0664354883906986 2.1846188756262186 2.0485241717929994
575 1.0651438034837721 2.1797141502037136 2.0464036340205984
576 1.0638507818155882 2.1748094255725468 2.044280516353031
577 1.062556418421688 2.169904701701224 2.042154810870543
578 1.061260709138203 2.1649999785747185 2.0400265080319495
579 1.059963650441539 2.160095256198948 2.0378955969849883
580 1.0586652357257227 2.1551905345672444 2.0357620726913224
581 1.0573654619389654 2.1502858137518452 2.033625923253361
582 1.0560643235188292 2.145381093628629 2.0314871413136775
583 1.0547618172988273 2.140476374282471 2.029345715001406
583 1.0534579381820375 2.1355716557267135 2.027201635987565
584 1.0534579381820375 2.1355716557267135 2.027201635987565
585 1.052152681585248 2.130666937953717 2.0250548948309506
586 1.0508460423373105 2.125762220980854 2.022905483140704
587 1.0495380162412347 2.1208575047455516 2.0207533904689696
588 1.0482285979259272 2.1159527893007968 2.0185986086312826
589 1.046917783784245 2.1110480746297706 2.0164411258724284
590 1.0456055678116036 2.106143360762076 2.0142809349897792
591 1.044291946434886 2.101238647702982 2.0121180239648613
592 1.0429769146089465 2.096333935439883 2.0099523834867252
593 1.0416604666154559 2.09142922396161 2.0077840054322533
594 1.0403425975144742 2.0865245132919057 2.0056128801001787
595 1.0390233035568908 2.0816198034463405 2.003438995372218
596 1.0377025798832633 2.076715094377707 2.001262341095199
597 1.0363804209135103 2.0718103861834636 1.9990829085301327
598 1.035056821418435 2.0669056787798623 1.9969006879713023
599 1.0337317769362033 2.0620009722333204 1.9947156682604104
600 1.03240528224196 2.0570962665074277 1.9925278394936723
601 1.0310773326911409 2.052191561572163 1.9903371905343759
602 1.0297479233562925 2.047286857522582 1.9881437107926279
603 1.0284170479389567 2.0423821542856553 1.9859473920417585
604 1.0270847013404456 2.037477451891428 1.9837482237174027
605 1.0257508792482837 2.0325727503644893 1.9815461936079937
606 1.0244155767758865 2.0276680496766604 1.9793412904343775
607 1.023078787929961 2.022763349836399 1.9771335049660663
608 1.021740507887533 2.01785865089451 1.974922825626704
609 1.0204007309599354 2.012953952821677 1.97270924230719
610 1.019059452027424 2.008049255606296 1.9704927436875947
611 1.0177166655388152 2.003144559278967 1.968273319193836
612 1.0163723659695807 1.9982398638117282 1.966050958012306
613 1.015026548173743 1.993335169212699 1.9638256485006715
614 1.0136792072046905 1.9884304755099822 1.9615973785170695
615 1.0123303367956336 1.9835257826738524 1.9593661382828647
616 1.0109799319575583 1.9786210907948767 1.9571319155303872
616 1.0096279859877653 1.973716399786694 1.9548947009979292
617 1.0096279859877653 1.973716399786694 1.9548947009979292
618 1.0082744936823527 1.9688117097040696 1.9526544825246022
619 1.0069194507227308 1.9639070205427835 1.950411246036772
620 1.0055628501465748 1.9590023323005687 1.9481649824424372
621 1.0042046876850452 1.954097644945886 1.945915677261568
622 1.0028449562954491 1.9491929584861252 1.9436633212840047
623 1.0014836503184248 1.9442882729727755 1.9414079025200095
624 1.0001207647934238 1.9393835883956683 1.9391494074180635
625 0.998756292223741 1.9344789047602253 1.9368878272126713
626 0.9973902277692646 1.9295742220693899 1.9346231478375544
627 0.9960225658063498 1.9246695403311436 1.9323553566007705
628 0.9946532996509562 1.9197648595945576 1.9300844427583377
629 0.9932824238139835 1.9148601797703186 1.927810392957203
630 0.991909932121009 1.9099555009554616 1.9255331952079444
631 0.9905358188652849 1.9050508230873648 1.9232528362979433
632 0.9891600781643725 1.9001461462009361 1.920969303297319
633 0.987782702414115 1.8952414702591605 1.9186825863899417
633 0.9864036865506016 1.890336795315459 1.9163926707592314
634 0.9864036865506016 1.890336795315459 1.9163926707592314
635 0.9850230243399346 1.885432121348586 1.9140995436243908
636 0.9836407094026716 1.880527448393942 1.9118031923830363
637 0.9822567343393904 1.8756227764389104 1.909503606203674
638 0.9808710940169151 1.8707181054808808 1.9072007696952484
639 0.9794837822522682 1.8658134355096307 1.9048946693321427
640 0.9780947923163458 1.8609087665696522 1.9025852925385758
641 0.9767041173378306 1.856004098661675 1.9002726268017818
642 0.975311751365008 1.8510994317778544 1.897956657640112
643 0.9739176877471566 1.846194765933674 1.895637371782669
644 0.9725219199999431 1.8412901011090492 1.8933147554238747
645 0.9711244413769012 1.8363854373559567 1.8909887951664073
646 0.9697252447226017 1.8314807746251196 1.8886594781277768
647 0.9683243231723215 1.8265761129789293 1.8863267907955614
648 0.9669216713161041 1.821671452387589 1.8839907165469372
649 0.9655172813220279 1.8167667928459137 1.8816512433193513
650 0.9641111463058184 1.8118621343699246 1.87930835704206
651 0.9627032595419093 1.8069574769637942 1.8769620431363379
652 0.96129361444633 1.8020528206593565 1.8746122865876655
653 0.9598822034270035 1.7971481654544152 1.872259074121988
654 0.9584690199404354 1.7922435113324526 1.8699023902137522
655 0.9570540565259393 1.787338858345924 1.8675422210046098
656 0.9556373058158185 1.7824342064615926 1.8651785521704234
657 0.9542187612279761 1.7775295556893829 1.8628113677013591
658 0.9527984149211989 1.7726249060165165 1.8604406538219538
659 0.9513762604538646 1.7677202574385684 1.8580663938316664
660 0.9499522901928653 1.762815610044442 1.8556885732509198
661 0.9485264959047974 1.757910963783101 1.8533071784212347
662 0.947098871521693 1.7530063186724674 1.8509221913187712
663 0.9456694081886322 1.7481016747254157 1.8485335991504577
664 0.944238099554764 1.7431970319169188 1.846141383978138
665 0.9428049371466947 1.738292390317434 1.8437455318999527
666 0.941369913726688 1.7333877498497927 1.841346026226471
666 0.9399330213486738 1.728483110581332 1.8389428515887205
667 0.9399330213486738 1.728483110581332 1.8389428515887205
668 0.938494252650013 1.7235784724729373 1.8365359911433587
669 0.9370535992681742 1.7186738355869136 1.834125429889148
670 0.9356110538387138 1.7137691998954603 1.831711150551338
671 0.9341666085933642 1.708864565383691 1.8292931364318836
672 0.9327202553848262 1.703959932100835 1.8268713714143658
673 0.9312719855317525 1.6990553000088147 1.8244458401040176
674 0.9298217919100508 1.6941506691584851 1.8220165239172779
675 0.9283696661278806 1.6892460395608353 1.819583406474793
676 0.926915600552696 1.6843414111956125 1.8171464696368074
677 0.9254595856067428 1.679436784082164 1.8147056988783625
678 0.9240016137900346 1.674532158230938 1.8122610753485655
679 0.9225416771500986 1.6696275336560078 1.8098125808405698
680 0.9210797666906786 1.664722910373101 1.8073601989480637
681 0.919615873661966 1.6598182883314152 1.8049039124584905
682 0.918149990300388 1.6549136675764675 1.8024437020742494
683 0.9166821070658151 1.650009048109928 1.799979551680572
683 0.9152122158887622 1.6451044299643043 1.7975114420503489
684 0.9152122158887622 1.6451044299643043 1.7975114420503489
685 0.9137403075227408 1.6401998131354727 1.7950393559656468
686 0.9122663735895443 1.6352951976199652 1.7925632742391675
687 0.9107904051089872 1.6303905834232482 1.7900831786080926
688 0.909312392961041 1.625485970563837 1.7875990508285966
689 0.9078323289302195 1.6205813590768565 1.78511087062358
690 0.9063502024957919 1.6156767489200397 1.7826186218869864
691 0.9048660053119885 1.6107721401458286 1.780122284061772
692 0.9033797281090123 1.6058675327209866 1.7776218380308881
693 0.9018913617631062 1.6009629266963428 1.7751172641975663
694 0.9004008968663711 1.5960583220425393 1.7726085431469878
695 0.8989083240540202 1.5911537187791063 1.7700956551421203
696 0.8974136337963162 1.586249116942884 1.7675785804953696
697 0.8959168164493408 1.581344516506384 1.7650572993746236
698 0.8944178622862307 1.5764399174690065 1.7625317918399486
699 0.8929167619515442 1.5715353198770072 1.7600020369673488
700 0.8914135055798132 1.5666307237095072 1.7574680144547552
700 0.8914135055798132 1.5666307237095072 1.7574680144547552
701 0.8899080823399265 1.5617261290247817 1.7549297056819342
702 0.8884004840607539 1.5568215357683193 1.7523870863423066
703 0.8868906991182233 1.5519169439900815 1.749840138737558
704 0.8853787183273635 1.5470123536876186 1.747288839978216
705 0.8838645310241702 1.542107764899406 1.7447331698133675
706 0.882348127223298 1.5372031776046613 1.7421731062570018
707 0.8808294963330819 1.5322985918172702 1.7396086282263168
708 0.8793086277738178 1.527394007493272 1.7370397142130163
709 0.8777855119824789 1.522489424753177 1.7344663405467176
710 0.8762601383315747 1.5175848435003338 1.7318884850677567
711 0.8747324955587296 1.512680263805676 1.729306126714158
712 0.8732025728819672 1.507775685681733 1.7267192430564935
713 0.8716703593702207 1.5028711091131763 1.7241278115720216
714 0.870135844382314 1.4979665341275747 1.7215318088532956
715 0.868599016771156 1.4930619607485534 1.7189312121244553
716 0.8670598656074608 1.4881573889193784 1.716325997717329
716 0.8655183793502942 1.4832528187288343 1.7137161429688479
717 0.8655183793502942 1.4832528187288343 1.7137161429688479
718 0.8639745476461907 1.4783482501818497 1.7111016223909101
719 0.8624283583364936 1.473443683228576 1.708482413624069
720 0.8608797253694683 1.4685391178818867 1.7058586404176566
721 0.8593287105518733 1.4636345542004727 1.7032301332751998
722 0.8577753034214703 1.4587299921534322 1.7005968653269574
723 0.8562194933510519 1.4538254317816492 1.697958809710932
724 0.8546612677473291 1.4489208731129712 1.695315943042511
725 0.8531006147240148 1.4440163161303328 1.6926682400732815
726 0.8515375228316655 1.439111760858936 1.6900156743221098
727 0.8499719787897221 1.4342072072970506 1.687358222490138
728 0.8484039714322843 1.429302655495527 1.6846958567185437
729 0.8468334880555126 1.4243981054391164 1.6820285516929658
730 0.8452605157642397 1.4194935571176612 1.679356282050192
731 0.8436850426989806 1.4145890105776242 1.6766790199957795
732 0.8421070553488956 1.4096844658135854 1.6739967405088838
733 0.8405265417301799 1.4047799228380171 1.671309415103479
733 0.8389434886953339 1.3998753816822496 1.6686170171714876
734 0.8389434886953339 1.3998753816822496 1.6686170171714876
735 0.8373578829892433 1.3949708423464102 1.665919519819377
736 0.8357697114868955 1.390066304828085 1.6632168954233282
737 0.8341789614131049 1.3851617691740048 1.6605091152473221
738 0.8325856195732617 1.380257235388588 1.6577961508583743
739 0.8309896717508856 1.375352703472921 1.6550779753676947
740 0.829391105435307 1.3704481734569853 1.6523545580317067
741 0.8277899062442053 1.3655436453293064 1.649625871285339
742 0.8261860600790061 1.3606391191207192 1.6468918865450293
743 0.8245795532198499 1.3557345948406745 1.6441525739351044
744 0.8229703719667046 1.3508300724935547 1.641407903015257
745 0.8213585021004287 1.3459255521226539 1.6386578439022301
746 0.819743929151895 1.3410210337119173 1.6359023666077457
747 0.8181266385110484 1.3361165172931264 1.6331414409446379
748 0.8165066160957999 1.3312120028867525 1.6303750351124684
749 0.8148838467618944 1.3263074904989156 1.6276031188607634
750 0.813258315766663 1.3214029801386125 1.624825660581065
751 0.8116300084453403 1.3164984718331534 1.6220426279640372
752 0.8099989091373757 1.3115939655738078 1.6192539900709442
753 0.8083650029806393 1.3066894614125044 1.6164597138599779
754 0.8067282745102943 1.301784959364706 1.613659766858828
755 0.8050887082721642 1.2968804594339836 1.6108541159610537
756 0.8034462887361112 1.291975961629572 1.6080427276127682
757 0.8018009998386894 1.2870714659734361 1.6052255687288692
758 0.8001528257744193 1.2821669724718816 1.6024026050660387
759 0.7985017502548757 1.2772624811527546 1.5995738027437787
760 0.7968477569376866 1.272357992030014 1.5967391273330926
761 0.7951908296133483 1.2674535051424356 1.5938985435215836
762 0.7935309516168485 1.2625490204607326 1.5910520161667827
763 0.7918681064981636 1.2576445380391816 1.5881995091339092
764 0.7902022768581176 1.2527400578754984 1.585340987444953
765 0.7885334453784834 1.247835580002643 1.5824764153202178
766 0.7868615955872162 1.2429311044504916 1.579605754583716
766 0.7851867100162642 1.2380266312176285 1.5767289683137713
767 0.7851867100162642 1.2380266312176285 1.5767289683137713
768 0.7835087708001116 1.2331221603205995 1.5738460196959212
769 0.7818277604605608 1.2282176917944736 1.570956870437745
770 0.7801436605531099 1.2233132256518635 1.5680614834254414
771 0.7784564538338044 1.2184087619166915 1.5651598184023974
772 0.7767661210030528 1.2135043006032395 1.5622518384764497
773 0.7750726443919413 1.2085998417242982 1.5593375027091387
774 0.7733760052569454 1.2036953853183776 1.5564167715786108
775 0.7716761846128324 1.1987909314020968 1.5534896052332594
776 0.7699731638407712 1.1938864799832274 1.5505559622726288
777 0.7682669234414683 1.1889820310932913 1.547615802288117
778 0.7665574440333974 1.1840775847450913 1.544669083786894
779 0.7648447059409773 1.179173140972501 1.541715765060806
780 0.7631286893975963 1.1742686997927334 1.5387558037159967
781 0.761409374274989 1.1693642612219346 1.5357891572262274
782 0.7596867406071658 1.164459825286307 1.5328157818782433
783 0.757960767970206 1.1595553920104442 1.5298356339942178
783 0.7562314357041362 1.1546509614090208 1.5268486694604428
784 0.7562314357041362 1.1546509614090208 1.5268486694604428
785 0.7544987227608921 1.1497465335097512 1.5238548440513622
786 0.7527626086285913 1.1448421083499578 1.5208541115447676
787 0.7510230718625471 1.1399376859516834 1.5178464266412255
788 0.7492800908522096 1.1350332663256286 1.5148317434067606
789 0.7475336436367793 1.1301288494965154 1.5118100156648415
790 0.745783708679344 1.1252244355041217 1.508781195417506
791 0.7440302635261953 1.1203200243678368 1.5057452354938965
792 0.7422732856149455 1.1154156161049325 1.5027020879255442
793 0.7405127524486509 1.1105112107471897 1.4996517036000612
794 0.7387486410303107 1.1056068083513264 1.4965940334040677
795 0.7369809283443085 1.1007024088722372 1.4935290270605246
796 0.7352095907856003 1.0957980123927706 1.490456634579355
797 0.733434604952272 1.0908936189278855 1.487376804369457
798 0.731655946518311 1.085989228499549 1.484289485607796
799 0.7298735914231176 1.0810848411427745 1.481194625818507
800 0.7280875150611388 1.0761804568853444 1.4780921724704696
801 0.7262976928009093 1.0712760757447617 1.4749820719014963
802 0.7245040997070159 1.0663716977729558 1.4718642699250268
803 0.7227067104075244 1.0614673230027536 1.4687387120069864
804 0.7209054993282471 1.056562951439607 1.4656053427586997
805 0.7191004403802423 1.051658583111093 1.4624641066204913
806 0.7172915076728562 1.0467542180909128 1.4593149464252666
807 0.7154786747898567 1.041849856378527 1.4561578046816404
808 0.7136619145757476 1.036945498010142 1.4529926241427324
809 0.7118411998946995 1.0320411430202001 1.4498193461868556
810 0.7100165035289351 1.0271367914332545 1.4466379109896224
811 0.7081877977631073 1.022232443297964 1.4434482583953054
812 0.706355054269207 1.017328098635214 1.4402503280559646
813 0.7045182446746242 1.012423757497423 1.4370440583337944
814 0.7026773404954562 1.007519419907588 1.4338293863257188
815 0.7008323122348161 1.0026150859129381 1.430606249754376
816 0.6989831308160112 0.9977107555285151 1.4273745839384728
816 0.6971297661332325 0.9928064288138941 1.4241343248340843
817 0.6971297661332325 0.9928064288138941 1.4241343248340843
818 0.6952721881615888 0.9879021057897848 1.4208854066232053
819 0.6934103662846445 0.9829977864916214 1.4176277631362977
820 0.6915442701909393 0.9780934709747653 1.4143613259997196
821 0.6896738676896941 0.9731891592776191 1.4110860290207305
822 0.6877991274551561 0.9682848514181406 1.4078018025419374
823 0.6859200175364687 0.9633805474524748 1.4045085765429701
824 0.684036505405484 0.9584762474284354 1.401206280445908
825 0.6821485579914277 0.9535719513830544 1.39789484301019
826 0.6802561421353905 0.9486676593551808 1.3945741913879972
827 0.6783592242999053 0.9437633713805574 1.3912442516788361
828 0.676457770252587 0.9388590875134823 1.3879049495771414
829 0.6745517451473589 0.9339548078021589 1.3845562101364546
830 0.672641114104999 0.9290505322772601 1.3811979565260943
831 0.670725841611831 0.9241462609954695 1.3778301112935207
832 0.6688058921233621 0.919241993988552 1.3744525950124207
833 0.6668812287408703 0.9143377313256211 1.3710653290571249
833 0.6649518146546995 0.9094334730455007 1.3676682324985565
834 0.6649518146546995 0.9094334730455007 1.3676682324985565
835 0.6630176124098067 0.9045292192009249 1.3642612236397749
836 0.6610785841626681 0.8996249698314375 1.3608442194068588
837 0.6591346918682457 0.8947207249976378 1.357417134973808
838 0.6571858962332037 0.8898164847507595 1.3539798858297567
839 0.655232157916481 0.8849122491422655 1.350532385278716
840 0.6532734369664409 0.8800080182254985 1.3470745455561897
841 0.6513096929164696 0.8751037920451605 1.3436062775706188
842 0.6493408844889484 0.8701995706606526 1.3401274915032138
843 0.6473669703656406 0.8652953541326446 1.3366380951501362
844 0.6453879079406071 0.8603911425260429 1.333137996451619
845 0.6434036548179387 0.8554869358838292 1.3296271003090632
846 0.6414141671218732 0.8505827342724421 1.326105312093653
847 0.6394194008195394 0.8456785377545399 1.3225725348193058
848 0.6374193113285183 0.8407743463768289 1.3190286698789768
849 0.635413853403664 0.8358701602356552 1.3154736173255037
850 0.6334029810489779 0.8309659793623303 1.3119072758169983
851 0.6313866475100159 0.8260618038306433 1.3083295427427284
852 0.629364805733499 0.8211576337148369 1.3047403131444746
853 0.6273374075836894 0.816253469074953 1.30113948125445
854 0.625304404109633 0.8113493099906958 1.2975269399325133
855 0.6232657461939942 0.8064451565233046 1.2939025791933942
856 0.621221383686678 0.8015410087492434 1.290266287989713
857 0.6191712655851689 0.7966368667301288 1.2866179537211566
858 0.617115340107346 0.7917327305303343 1.282957462040425
859 0.6150535545067864 0.7868286002643486 1.279284697241217
860 0.6129858558909913 0.781924475982447 1.2755995402959157
861 0.6109121898860853 0.777020357754556 1.2719018716903396
862 0.6088325015536512 0.7721162456812067 1.2681915694560972
863 0.6067467351743011 0.7672121398380155 1.2644685094475494
864 0.6046548339492498 0.7623080403005126 1.2607325659195756
865 0.6025567408545864 0.757403947156126 1.2569836096795215
866 0.6004523975062167 0.7524998604937166 1.2532215103461648
866 0.5983417438055424 0.7475957803957668 1.249446136986777
867 0.5983417438055424 0.7475957803957668 1.249446136986777
868 0.596224719414456 0.7426917069590445 1.2456573549792296
869 0.5941012631893617 0.7377876402588646 1.2418550270338422
870 0.5919713126305893 0.7328835804085951 1.2380390143431494
871 0.5898348041675182 0.72797952748378 1.2342091757559757
872 0.5876916732909657 0.7230754815971456 1.230365367520107
873 0.5855418546468818 0.7181714428451964 1.2265074428851863
874 0.5833852814937858 0.7132674113299794 1.2226352531617257
875 0.581221886303763 0.7083633871452305 1.2187486463216557
876 0.5790516000190782 0.7034593704018601 1.2148474684789456
877 0.5768743524430382 0.698555361210819 1.2109315629174133
878 0.5746900722667276 0.6936513596789402 1.207000769898457
879 0.5724986869807027 0.6887473659235053 1.2030549267385848
880 0.5703001227193191 0.6838433800552888 1.199093867970026
881 0.5680943045101391 0.6789394021933822 1.1951174247008576
882 0.5658811558665143 0.6740354324526291 1.1911254253033075
883 0.563660598974243 0.6691314709641885 1.1871176949069755
883 0.5614325546669623 0.664227517845629 1.1830940552416735
884 0.5614325546669623 0.664227517845629 1.1830940552416735
885 0.5591969421470051 0.6593235732341017 1.1790543251232135
886 0.5569536793098322 0.6544196372581683 1.174998319553458
887 0.5547026824640384 0.6495157100570144 1.1709258501722186
888 0.5524438665072521 0.6446117917565708 1.1668367246649642
889 0.5501771447571749 0.6397078825082759 1.1627307470044328
890 0.547902428728103 0.6348039824432429 1.1586077176494225
891 0.5456196282863336 0.6299000917261206 1.1544674331172664
892 0.5433286516412247 0.6249962104993769 1.1503096856966042
893 0.5410294051918937 0.620092338917757 1.1461342636225493
894 0.5387217935013532 0.6151884771479814 1.1419409509120522
895 0.536405719214043 0.610284625344239 1.1377295272661252
896 0.5340810832760806 0.6053807836765469 1.1334997674194156
897 0.5317477844061227 0.6004769523226701 1.1292514420032926
898 0.5294057194758364 0.5955731314423548 1.1249843164369866
899 0.527054783245036 0.5906693212269181 1.120698151319702
900 0.5246948682025986 0.5857655218586595 1.1163927024201044
901 0.5223258646704365 0.5808617335285722 1.1120677202057936
902 0.5199476608313591 0.5759579564205036 1.1077229494591592
903 0.5175601423123894 0.5710541907472039 1.1033581299282633
904 0.5151631924387572 0.5661504367111649 1.0989729953940162
905 0.5127566921844435 0.561246694511535 1.0945672734577379
906 0.5103405194998822 0.5563429643800126 1.0901406867030887
907 0.507914550418424 0.5514392465261141 1.0856929498708672
908 0.5054786575606824 0.5465355411841779 1.081223772773367
909 0.5030327113152702 0.5416318485877137 1.0767328573354984
910 0.5005765787418618 0.5367281689764172 1.0722198995514693
911 0.4981101243073171 0.5318245025996905 1.0676845874981107
912 0.4956332090684441 0.5269208497074449 1.0631266026298092
913 0.4931456909635917 0.5220172105691695 1.0585456187382754
914 0.490647424784707 0.5171135854457446 1.053941301480693
915 0.4881382619331942 0.5122099746186988 1.0493133084675075
916 0.485618050173286 0.5073063783747574 1.044661289245184
916 0.4830866338706709 0.5024027970118433 1.0399848842564823
917 0.4830866338706709 0.5024027970118433 1.0399848842564823
918 0.4805438535686245 0.49749923082385045 1.035283725157052
919 0.4779895457522602 0.4925956801277568 1.0305574347918205
920 0.47542354313494245 0.48769214524963234 1.0258056259346997
921 0.47284567433368435 0.4827886265214103 1.0210279013374441
922 0.4702557634441064 0.4778851242807166 1.01622385397413
923 0.4676536304473508 0.4729816388850369 1.0113930654886383
924 0.4650390904417505 0.46807817069893876 1.0065351070902477
925 0.4624119539223461 0.46317472009880073 1.0016495381877233
926 0.4597720265343642 0.4582712874742749 0.9967359061154689
927 0.45711910857659843 0.45336787322833333 0.9917937463608864
928 0.45445299530502103 0.4484644777741448 0.9868225810089405
929 0.45177347630034914 0.44356110154483785 0.981821919199941
930 0.44908033545557047 0.4386577449919362 0.976791256172326
931 0.4463733508010242 0.4337544085580788 0.971730072549581
932 0.4436522941092785 0.42885109272813154 0.9666378342281238
933 0.44091693094183376 0.42394779799685417 0.9615139910623705
933 0.4381670199428879 0.4190445248749978 0.9563579772152122
934 0.4381670199428879 0.4190445248749978 0.9563579772152122
935 0.43540231297907417 0.4141412738909394 0.9511692095922407
936 0.432622554687658 0.4092380455933724 0.945947087499475
937 0.42982748213459343 0.40433484055204527 0.940690991986023
938 0.42701682461439044 0.39943165935488784 0.9354002847910902
939 0.42419030326660495 0.3945285026228397 0.9300743076507275
940 0.4213476306449931 0.3896253709893839 0.924712381538614
941 0.41848851058863507 0.3847222651146594 0.9193138052309228
942 0.4156126374197997 0.37981918568802236 0.9138778552211749
943 0.4127196959376624 0.3749161334275971 0.9084037837734422
944 0.4098093608786098 0.3700131090768335 0.9028908180221769
945 0.40688129621573926 0.36511011340798766 0.8973381593200503
946 0.40393515505839345 0.360207147232676 0.8917449811482834
947 0.4009705787201145 0.3553042113944277 0.8861104286717185
948 0.39798719651516146 0.35040130676977976 0.8804336165533685
949 0.39498462494829595 0.3454984342743389 0.8747136279534049
950 0.3919624671972326 0.34059559486828245 0.8689495127014222
950 0.3919624671972326 0.34059559486828245 0.8689495127014222
951 0.38892031240814673 0.335692789552928 0.8631402856651007
952 0.3858577350030227 0.33079001936664276 0.857284924880543
953 0.38277429395094065 0.32588728541072726 0.8513823696125621
954 0.3796695319727375 0.3209845888231569 0.8454315181819896
955 0.3765429745368476 0.31608193081384217 0.8394312261505523
956 0.3733941291280037 0.31117931263073506 0.8333803034274793
957 0.37022248412124065 0.3062767356012467 0.8272775121376664
958 0.3670275079386971 0.30137420110267216 0.8211215633270988
959 0.3638086476632309 0.2964717105957978 0.8149111146754122
960 0.36056532799030755 0.2915692656102445 0.8086447669146997
961 0.3572969499465744 0.2866668677533156 0.8023210603845907
962 0.3540028893222047 0.28176451872780894 0.7959384717658443
963 0.3506824953116927 0.27686222031854124 0.7894954097222939
964 0.3473350888499536 0.27195997441462844 0.7829902107359884
965 0.3439599608606862 0.26705778300943395 0.7764211344284927
966 0.34055637037375686 0.2621556482122137 0.7697863584947795
966 0.33712354242851866 0.2572535722519693 0.7630839733078433
967 0.33712354242851866 0.2572535722519693 0.7630839733078433
968 0.33366066583006837 0.2523515574919455 0.756311976013579
969 0.33016689078068895 0.24744960644293215 0.7494682639371578
970 0.3266413262067496 0.24254772176957884 0.7425506275836535
971 0.323083036904792 0.2376459063004212 0.7355567428643803
972 0.31949104028633496 0.23274416305012124 0.7284841629409412
973 0.3158643031774043 0.22784249523016686 0.7213303084210809
974 0.31220173790237604 0.22294090627048133 0.7140924575512576
975 0.30850219815339386 0.21803939983732046 0.706767735019206
976 0.3047644744809095 0.21313797985162364 0.6993530995193951
977 0.30098728937216784 0.2082366505213323 0.6918453299330183
978 0.29716929161668365 0.2033354163612975 0.6842410104189981
979 0.29330905016352254 0.19843428222888448 0.6765365136815775
980 0.2894050474906786 0.19353325335906602 0.6687279818963748
981 0.28545567193254967 0.1886323354024058 0.6608113060965127
982 0.2814592093405346 0.18373153446930265 0.6527821025994845
983 0.27741383361522254 0.17883085718401057 0.644635686885218
983 0.2733175962401388 0.1739303107396183 0.6363670438064364
984 0.2733175962401388 0.1739303107396183 0.6363670438064364
985 0.26916841425619403 0.16902990296880066 0.627970794552136
986 0.2649640570434083 0.1641296424181186 0.6194411583576775
987 0.260702131072069 0.15922953843886517 0.610771909627572
988 0.2563800626108217 0.15432960128970694 0.6019563288896426
989 0.251995078169772 0.14942984225453762 0.5929871461769781
990 0.24754418199390626 0.14453027378572314 0.5838564761311216
991 0.24302413012177804 0.13963090967276465 0.5745557430975944
992 0.2384314004532624 0.13473176523195227 0.5650755939688512
993 0.23376215816265714 0.12983285754408908 0.5554057960645126
994 0.22901221511690975 0.12493420573350557 0.5455351177216778
995 0.2241769823793527 0.12003583129967647 0.5354511869401097
996 0.2192514141313744 0.11513775853508053 0.5251403234557499
997 0.21422994112995247 0.11024001501408914 0.5145873374778049
998 0.20910639100199696 0.10534263221549943 0.5037752873583544
999 0.20387389225768474 0.10044564628725128 0.49268518482147694
1000 0.1985247578062309 0.0955490990095591 0.4812956331764893
1001 0.19305034203950716 0.09065303901651266 0.469582379698456
1002 0.18744086403401142 0.08575752337146703 0.457517755338058
1003 0.1816851864813576 0.0808626196129047 0.44506996513555536
1004 0.17577053590944053 0.07596840846584227 0.4322021780998737
1005 0.16968214381831664 0.07107498747093534 0.4188713430391196
1006 0.16340277999348185 0.06618247596518301 0.40502662174917115
1007 0.15691213508512616 0.06129102202260772 0.3906072783303651
1008 0.1501859887626698 0.05640081238655172 0.37553977472345074
1009 0.14319506478142016 0.051512087061199884 0.3597336761558816
1010 0.13590341744759513 0.046625161453707285 0.3430757101578121
1011 0.12826608925044955 0.04174046123412534 0.3254208612583785
1012 0.12022558763244671 0.03685857972091595 0.30657849503385154
1013 0.11170639318993228 0.03198037784799954 0.2862895930551075
1014 0.102605963920896 0.027107170686338986 0.26418708670031343
1015 0.09277908468396832 0.02224110785082364 0.23972113894616565
1016 0.08200859884319192 0.01738604851419929 0.21200275043648817
1016 0.06994572129980409 0.012549949370583699 0.1794241182643841
1017 0.06994572129980409 0.012549949370583699 0.1794241182643841
1018 0.05597862607323663 0.007753349545791423 0.13850553487410971
1019 0.039024404487900795 0.003076898980032161 0.07884550758452007
1020 0.03365699827266659 0.0003500355969248672 0.010400083634586537
1021 0.031056199472339303 3.295827327481666e-05 0.0010612461870671416
1022 0.028803302643911986 3.059013854677848e-06 0.0001062035799330261
1023 0.026762049792881104 2.839379383644471e-07 1.060972311769544e-05
1024 0.024858110432584547 2.635799738502514e-08 1.0603379310148412e-06
1025 0.023078214612031855 2.446645165495719e-09 1.0601535719405943e-07
