1 1.4993406386243424 5.99511034779149 3.998497868564447
2 1.4986847918986232 5.990190643983749 3.9969649898128465
3 1.4980314627658242 5.985285320084269 3.995433653331687
4 1.4973769217309656 5.98038046971051 3.993904529259873
5 1.4967192456785108 5.975475581600717 3.992382404952535
6 1.4960579808625165 5.970570689281965 3.9908685128899717
7 1.4953948362205216 5.965665795760395 3.989358296059179
8 1.4947314334147097 5.960760901179774 3.9878474272548297
9 1.4940678034929902 5.955856007212262 3.9863358231052364
10 1.4934039234778689 5.950951114055438 3.9848235433831887
11 1.492739796635996 5.946046220868222 3.9833105771468644
12 1.4920754167957766 5.941141328184099 3.9817969395559545
13 1.4914107881654246 5.93623643539459 3.9802826173040615
14 1.4907459076233078 5.931331542963911 3.978767617360236
15 1.4900807817980193 5.9264266504428775 3.977251920054765
16 1.4894154022616297 5.921521758096023 3.9757355463790565
16 1.488749769560554 5.9166168662121565 3.974218493386307
17 1.488749769560554 5.9166168662121565 3.974218493386307
18 1.4880838884428431 5.911711974329692 3.9727007464047004
19 1.4874177542529994 5.90680708264625 3.971182316304088
20 1.4867513665008567 5.901902191000804 3.9696632025913146
21 1.4860847239706243 5.896997299405742 3.968143406823896
22 1.485417835116256 5.89209240832234 3.9666229050368154
23 1.4847506943164523 5.887187517210142 3.9651017101699204
24 1.4840832999663456 5.882282626340531 3.963579824982818
25 1.4834156482895209 5.877377735489264 3.9620572576986635
26 1.4827477438767809 5.8724728447241 3.9605339943866493
27 1.4820795858345308 5.867567954113876 3.9590100357599627
28 1.4814111703535924 5.862663063708681 3.957485390304803
29 1.4807425044036648 5.857758173444584 3.955960037632378
30 1.4800735807573784 5.852853283312147 3.9544339953133574
31 1.4794044003999485 5.847948393341334 3.952907259002593
32 1.478734962705937 5.84304350342564 3.951379828562013
33 1.4780652714293692 5.838138613960567 3.9498516924863343
33 1.477395325866436 5.833233724633939 3.9483228506987254
34 1.477395325866436 5.833233724633939 3.9483228506987254
35 1.4767251169018951 5.828328835412797 3.9467933257886045
36 1.4760546554083316 5.823423946287471 3.9452630869393484
37 1.4753839350861284 5.818519057222038 3.9437321492065522
38 1.474712955434384 5.813614168512303 3.9422005123701336
39 1.474041717965067 5.8087092802360365 3.9406681706777142
40 1.4733702240842124 5.803804392032298 3.939135118357444
41 1.4726984665635963 5.798899503875486 3.937601372945457
42 1.472026452894144 5.793994615686129 3.9360669125847463
43 1.471354181937828 5.789089727602948 3.934531738631757
44 1.4706816493004609 5.784184839832215 3.932995861193685
45 1.470008856851971 5.779279952192666 3.9314592733604434
46 1.46933580018277 5.7743750650202434 3.9299219853637073
47 1.4686624854014732 5.769470177897715 3.9283839787877297
48 1.4679889077209993 5.764565291253459 3.9268452649296526
49 1.467315071817303 5.759660404633249 3.9253058291698584
50 1.4666409733759993 5.754755518153192 3.9237656813218313
51 1.4659666146420824 5.749850631604529 3.9222248134268476
52 1.465291989868232 5.744945745433303 3.9206832393521265
53 1.4646171020133234 5.740040859487795 3.9191409492605933
54 1.4639419512259653 5.735135973677225 3.9175979408708015
55 1.463266538724734 5.730231087966507 3.916054209071519
56 1.462590858704373 5.725326202529751 3.9145097676882075
57 1.4619149201694068 5.7204213171200395 3.9129645906186914
58 1.4612387172510166 5.715516432375257 3.9114186921680276
59 1.460562243286425 5.710611547478381 3.909872087771405
60 1.459885506213844 5.705706662830441 3.9083247546089885
61 1.459208504492806 5.700801778347894 3.9067766948969282
62 1.4585312353823032 5.695896894019955 3.905227914112497
63 1.4578536995003268 5.690992009747001 3.903678408675414
64 1.4571758972483047 5.686087125735356 3.9021281757904616
65 1.456497832694183 5.681182241720947 3.9005772025160366
66 1.4558194965853426 5.676277358020706 3.8990255119776474
66 1.4551408903541856 5.671372474653381 3.897473098479799
67 1.4551408903541856 5.671372474653381 3.897473098479799
68 1.4544620204519565 5.666467591420081 3.8959199427285798
69 1.4537828811107756 5.661562708568862 3.894366058460597
70 1.4531034699110381 5.656657825718721 3.892811450009842
71 1.452423791412906 5.651752943255787 3.8912561035356004
72 1.451743846031099 5.646848060711533 3.8897000157082586
73 1.4510636271620045 5.641943178437594 3.888143202563851
74 1.450383140721431 5.637038296427192 3.8865856463439643
75 1.449702383911375 5.632133414598047 3.885027352581327
76 1.4490213576651148 5.627228533020169 3.8834683169112303
77 1.4483400595728548 5.622323651450416 3.881908543707998
78 1.4476583191736956 5.617418770227206 3.8803484881940618
79 1.4469763069943635 5.612513889147885 3.8787876912830113
80 1.4462940237110964 5.607609008089128 3.877226149147991
81 1.4456114695902622 5.602704127224221 3.875663859261041
82 1.4449286373395198 5.5977992463561925 3.874100839099681
83 1.4442455360349968 5.59289436578828 3.8725370625987194
83 1.4435621617756993 5.587989485333792 3.870972538141419
84 1.4435621617756993 5.587989485333792 3.870972538141419
85 1.4428785117366334 5.583084605086949 3.869407271418303
86 1.4421945891111703 5.5781797249964855 3.867841251875961
87 1.4415103904214241 5.573274845287907 3.866274487038949
88 1.4408259182108158 5.5683699656239884 3.86470696788871
89 1.4401411709752554 5.563465086289233 3.863138696688802
90 1.4394561500168719 5.558560207130154 3.861569667867272
91 1.4387708530267551 5.553655328107357 3.859999885613531
92 1.438085279126535 5.548750448954051 3.858429350117716
93 1.437399425402385 5.5438455701575124 3.8568580675518014
94 1.4367133013192206 5.538940691552229 3.8552860104143645
95 1.4360268961635856 5.5340358130574545 3.853713205401581
96 1.4353402137252451 5.5291309348403574 3.8521396404620987
97 1.4346532539212136 5.524226056637635 3.8505653136315314
98 1.4339660145001176 5.519321178723646 3.848990229135722
99 1.4332784975502588 5.514416300996014 3.8474143792858007
100 1.4325907002197165 5.509511423670171 3.845837769870471
101 1.4319026200197822 5.504606546369592 3.8442604052875775
102 1.4312142626764361 5.4997016692000456 3.842682268212833
103 1.4305256219966045 5.494796792458564 3.841103373450522
104 1.4298367019600375 5.489891915847259 3.839523708072152
105 1.4291475037680466 5.484987039253973 3.837943266732387
106 1.4284580237928879 5.480082162842008 3.836362057242058
107 1.4277682565066043 5.4751772866886625 3.8347800924535655
108 1.4270782110560363 5.470272410716532 3.833197345693154
109 1.4263878804480485 5.465367534887145 3.8316138336582024
110 1.4256972686951084 5.460462659257575 3.8300295435477327
111 1.4250063742795491 5.455557783712417 3.8284444772891795
112 1.4243151973269084 5.45065290839362 3.8268586325717533
113 1.4236237344790696 5.445748033361704 3.82527201638318
114 1.4229319900656965 5.440843158471346 3.8236846149056944
115 1.422239957260577 5.435938283597448 3.822096444307321
116 1.4215476384187475 5.431033408888805 3.8205074962735623
116 1.4208550317069837 5.42612853464763 3.818917773848328
117 1.4208550317069837 5.42612853464763 3.818917773848328
118 1.4201621392084454 5.421223660635232 3.8173272691643896
119 1.4194689647587475 5.416318786634307 3.8157359696517656
120 1.4187755013233496 5.411413913062831 3.8141438924025577
121 1.4180817502100598 5.406509039517278 3.812551031501826
122 1.4173877129212906 5.401604165861221 3.8109573806931816
123 1.4166933862531237 5.396699292750786 3.8093629469281267
124 1.415998771565625 5.391794419844292 3.807767724178712
125 1.4153038708909664 5.386889547113003 3.8061717048239485
126 1.414608678550053 5.381984674521249 3.804574901970544
127 1.4139131955746922 5.377079802325627 3.802977310880875
128 1.4132174232496595 5.372174930124753 3.8013789256656385
129 1.4125213631187983 5.367270058213447 3.799779740224743
130 1.4118250070429423 5.3623651866261435 3.798179774317484
131 1.4111283626287046 5.357460315087758 3.796579005121599
132 1.4104314232446273 5.3525554436915534 3.7949774483741052
133 1.4097341958649845 5.3476505725307355 3.7933750832010746
133 1.409036673797398 5.342745701563296 3.7917719253995203
134 1.409036673797398 5.342745701563296 3.7917719253995203
135 1.4083388591333499 5.337840830947944 3.7901679672693924
136 1.4076407524438523 5.332935960405098 3.7885632048847753
137 1.4069423520390245 5.328031090088765 3.786957640707216
138 1.4062436538551448 5.323126220171951 3.785351283597884
139 1.4055446644255352 5.318221350308511 3.783744113519252
140 1.404845378301877 5.313316480784464 3.7821361431298555
141 1.4041457991675559 5.308411611242243 3.7805273600428966
142 1.4034459242110584 5.303506741812561 3.7789177696988268
143 1.4027457519548923 5.298601872842294 3.7773073740968846
144 1.4020452819764906 5.293697003987765 3.7756961718990536
145 1.401344516626969 5.288792135467187 3.774084154692588
146 1.400643453031081 5.2838872670724 3.7724713278298867
147 1.3999420933240727 5.278982398976871 3.770857683436224
148 1.3992404366706157 5.2740775310794605 3.7692432214357097
149 1.3985384816878128 5.269172663174098 3.7676279431475117
150 1.3978362296776088 5.264267795666589 3.7660118430903156
151 1.3971336748059913 5.259362928296439 3.764394934526766
152 1.3964308267668466 5.25445806118995 3.762777189154142
153 1.395727515092525 5.2495531942384295 3.761159063981359
154 1.3950239049156399 5.244648327290929 3.759540111685817
155 1.3943199934735022 5.239743460594177 3.7579203375984247
156 1.3936157834745928 5.2348385941522935 3.7562997321260823
157 1.3929112724516133 5.229933727934524 3.7546782995944206
158 1.3922064563397416 5.225028861988845 3.7530560486883533
159 1.3915013366794509 5.220123996005511 3.7514329727216276
160 1.3907959150535003 5.2152191301168065 3.7498090652043587
161 1.3900901878664595 5.210314264582082 3.748184333693474
162 1.389384159934376 5.205409399535195 3.7465587629709693
163 1.388677828746247 5.200504534537508 3.7449323571563955
164 1.3879711923794507 5.195599669550344 3.743305119066149
165 1.3872642510601398 5.190694804855604 3.7416770459477373
166 1.3865570023212792 5.185789940376903 3.7400481420491243
166 1.385849449662523 5.180885076063021 3.738418395536868
167 1.385849449662523 5.180885076063021 3.738418395536868
168 1.3851415883785787 5.17598021207788 3.73678781685906
169 1.384433420117377 5.171075348327928 3.735156399135111
170 1.3837249482512917 5.166170484728485 3.7335241308305744
171 1.3830161667822178 5.161265621480481 3.7318910258937126
172 1.3823070779678466 5.15636075844535 3.7302570757474562
173 1.381597681946688 5.1514558954272385 3.728622277484408
174 1.3808879745310443 5.146551032706966 3.726986640212257
175 1.3801779603133157 5.141646169902976 3.725350148857445
176 1.379467633456686 5.136741307669097 3.7237128172390612
177 1.378756997183998 5.131836445495 3.7220746338741124
178 1.3780460507467345 5.1269315834143505 3.720435598386696
179 1.3773347920650132 5.122026721512337 3.718795714027506
180 1.3766232222195978 5.117121859903583 3.7171549755299016
181 1.3759113391558913 5.112216998595273 3.715513386008993
182 1.3751991422179133 5.107312137347942 3.7138709446188995
183 1.3744866353059837 5.102407276414897 3.712227638560498
183 1.3737738132335975 5.097502415730951 3.7105834793374157
184 1.3737738132335975 5.097502415730951 3.7105834793374157
185 1.3730606785010981 5.092597555111843 3.7089384576005613
186 1.3723472318768541 5.087692695028744 3.7072925691486236
187 1.3716334710952662 5.08278783509498 3.7056458173452933
188 1.3709193942185192 5.077882975455838 3.7039982050516116
189 1.3702050017773624 5.072978115755477 3.7023497280881768
190 1.369490294001548 5.068073256140673 3.700700383448606
191 1.3687752700786806 5.063168396878635 3.699050171024489
192 1.3680599271092886 5.0582635378952165 3.697399096093203
193 1.3673442642645612 5.0533586792361564 3.6957471584189165
194 1.3666282847470006 5.048453820725658 3.694094346701058
195 1.3659119880283046 5.0435489623274306 3.6924406598171813
196 1.3651953725136945 5.038644104422944 3.6907860998279207
197 1.3644784346047751 5.0337392466498425 3.689130673661309
198 1.363761181341636 5.028834388905845 3.687474359666549
199 1.3630436068470069 5.023929531341766 3.685817171295878
200 1.3623257122410126 5.019024674406956 3.6841591032960164
201 1.3616074959596218 5.014119817547996 3.6825001569297244
202 1.3608889544794085 5.00921496067021 3.6808403390902855
203 1.3601700938604633 5.00431010414231 3.679179631084942
204 1.359450911263793 4.999405247742316 3.6775180378486008
205 1.3587314057627886 4.994500391891421 3.675855559611151
206 1.3580115752565423 4.989595536019798 3.674192199044557
207 1.3572914215357805 4.984690680428267 3.672527948926451
208 1.3565709435762627 4.979785825272005 3.6708628095365476
209 1.3558501405684118 4.974880970122704 3.669196780137581
210 1.3551290120991273 4.969976115299183 3.6675298594637646
211 1.3544075572446073 4.965071260590368 3.665862047234333
212 1.3536857747070712 4.960166406210863 3.6641933444888353
213 1.3529636672023786 4.955261552013992 3.6625237411292404
214 1.352241231993357 4.950356698056402 3.6608532419611364
215 1.3515184692249 4.945451844325183 3.6591818439310084
216 1.3507953784389968 4.940546990789591 3.65750954559748
216 1.3500719587313523 4.9356421375069655 3.655836346786236
217 1.3500719587313523 4.9356421375069655 3.655836346786236
218 1.3493482103238659 4.9307372847907995 3.654162244456782
219 1.348624133501247 4.925832432058577 3.6524872347273787
220 1.3478997230935812 4.9209275795009955 3.650811329055632
221 1.3471749858556357 4.916022727155564 3.64913450648227
222 1.3464499150825948 4.911117875093147 3.647456782521232
223 1.3457245121401626 4.906213023361536 3.645778150803672
224 1.34499877696749 4.901308172139707 3.644098608915075
225 1.344272711525428 4.896403320905365 3.6424181484344182
226 1.3435463112055734 4.891498469774118 3.6407367792070686
227 1.3428195783756844 4.886593618891363 3.6390544921919705
228 1.3420925116482996 4.881688768190679 3.637371288358655
229 1.3413651078247557 4.876783917956967 3.6356871738414864
230 1.3406372250102854 4.871879067475085 3.634002529981746
231 1.339909008769624 4.866974217422759 3.632316960009004
232 1.3391804531067084 4.86206936760687 3.6306304772650764
233 1.3384515647083328 4.857164517943745 3.6289430607839654
233 1.3377223396715587 4.852259668705875 3.6272547185667956
234 1.3377223396715587 4.852259668705875 3.6272547185667956
235 1.336992774806057 4.847354819537538 3.62556545620876
236 1.3362628728100976 4.842449970508067 3.6238752636482547
237 1.335532632102591 4.8375451218425445 3.6221841425368786
238 1.3348020552052369 4.832640273500437 3.6204920831930982
239 1.3340711357137158 4.827735425330094 3.618799100054961
240 1.3333398769694083 4.822830577290446 3.617105181202872
241 1.332608278175083 4.817925729450493 3.6154103260174226
242 1.3318763373443416 4.813020881837369 3.613714537067428
243 1.3311440550834575 4.808116034504559 3.612017809900454
244 1.330411431977276 4.8032111876108505 3.610320140193212
245 1.3296784643823345 4.798306340843202 3.6086215347348074
246 1.3289451533322354 4.79340149428265 3.606921987911643
247 1.3282115006996205 4.788496647872865 3.6052214917206924
248 1.327477503395223 4.783591801683528 3.6035200517137005
249 1.3267431603287914 4.778686955771418 3.6018176680007694
250 1.326008477111622 4.773782110223071 3.6001143225129013
251 1.325273443124159 4.7688772648654965 3.5984100410429196
252 1.324538064443998 4.76397241980179 3.59670480425307
253 1.3238023381016362 4.759067574888282 3.5949986171749004
254 1.323066262559017 4.754162730202034 3.593291481113531
255 1.3223298393493816 4.749257885618622 3.591583388873212
256 1.3215930682519619 4.744353041484848 3.5898743383695897
257 1.3208559495469947 4.739448197691332 3.5881643258046343
258 1.3201184805362292 4.734543353806905 3.586453355219862
259 1.3193806634630263 4.729638510250614 3.584741417868411
260 1.3186424954445122 4.724733666934343 3.5830285185384105
261 1.3179039735445655 4.719828824046691 3.581314662366854
262 1.3171651003736236 4.714923981300826 3.579599839050855
263 1.3164258790694352 4.710019138757257 3.577884037107133
264 1.3156863014983347 4.705114296444414 3.576167275653869
265 1.3149463728721333 4.700209454248363 3.5744495374226304
266 1.3142060910420488 4.695304612507122 3.572730825485797
266 1.3134654516490445 4.690399770721723 3.5710111482817966
267 1.3134654516490445 4.690399770721723 3.5710111482817966
268 1.3127244588649252 4.685494929494987 3.5692904918876875
269 1.3119831111525597 4.680590088472315 3.5675688571634727
270 1.3112414078246455 4.675685247710991 3.565846242964498
271 1.3104993488964727 4.670780407098207 3.5641226460976987
272 1.309756931335618 4.665875566938918 3.5623980719696706
273 1.3090141550761434 4.660970726961978 3.5606725174724
274 1.3082710245218563 4.656065887192037 3.5589459675557094
275 1.3075275331107945 4.651161047807692 3.557218437107719
276 1.3067836837247588 4.646256208423659 3.555489914888068
277 1.3060394731064053 4.641351369453595 3.553760406960882
278 1.3052948994227804 4.636446530809736 3.5520299151249555
279 1.3045499648107433 4.631541692458562 3.5502984304096623
280 1.303804671335472 4.62663685441639 3.5485659440668966
281 1.3030590170258851 4.621732016633881 3.5468324582738915
282 1.302312998459722 4.616827178880056 3.545097979011569
283 1.3015666174370886 4.611922341472257 3.5433624984586514
283 1.30081987269773 4.607017504347398 3.541626016823565
284 1.30081987269773 4.607017504347398 3.541626016823565
285 1.3000727610666083 4.602112667485112 3.5398885395533073
286 1.2993252847486492 4.597207830843257 3.538150057421975
287 1.2985774438695368 4.59230299446177 3.5364105669181343
288 1.2978292371283584 4.587398158414718 3.534670068432904
289 1.2970806621725595 4.582493322550629 3.532928565040151
290 1.2963317205429294 4.57758848698139 3.531186049404241
291 1.2955824123944912 4.572683651568167 3.5294425177607556
292 1.2948327342089747 4.567778816417105 3.527697976532547
293 1.2940826883729437 4.562873981859831 3.525952416222146
294 1.2933322707330275 4.557969147399323 3.524205844501184
295 1.292581482201153 4.553064313294523 3.522458255816147
296 1.2918303260788426 4.54815947940591 3.520709637782824
297 1.2910787984974677 4.543254645638828 3.5189599975820056
298 1.2903268981161549 4.538349812327375 3.517209335830519
299 1.2895746266027845 4.533444979077433 3.5154576443708416
300 1.2888219816831665 4.528540146050449 3.5137049262119957
301 1.2880689622250419 4.523635313361063 3.5119511812060313
302 1.2873155690106652 4.518730480995736 3.510196403876709
303 1.286561799880083 4.513825648936886 3.5084405967576595
304 1.2858076560147813 4.508920817256764 3.5066837533318678
305 1.285053137259875 4.504015985900179 3.5049258706173925
306 1.2842982397998925 4.499111154819116 3.5031669556131493
307 1.2835429653726365 4.494206323944961 3.501407000146823
308 1.2827873144311148 4.489301493168576 3.4996459995080893
309 1.2820312828402165 4.484396662934877 3.497883961926521
310 1.2812748738455872 4.4794918328810756 3.496120874856804
311 1.2805179492457903 4.474587002965577 3.4943571119803942
312 1.2797606465333873 4.469682173447522 3.492592294938109
313 1.2790029642531737 4.464777344164594 3.4908264241370506
314 1.2782448994780082 4.459872515150143 3.4890595041461956
315 1.277486453398735 4.454967686355186 3.487291528221537
316 1.2767276226440716 4.4500628574830685 3.485522501868564
316 1.275968406349592 4.445158029166243 3.4837524244690043
317 1.275968406349592 4.445158029166243 3.4837524244690043
318 1.275208808831615 4.440253200995416 3.4819812804333674
319 1.2744488261884868 4.435348373171306 3.480209077077005
320 1.2736884593163962 4.430443545582914 3.478435808361478
321 1.272927706242023 4.425538718248796 3.4766614761760586
322 1.272166567135518 4.4206338912169585 3.4748860765699154
323 1.2714050424472003 4.415729064702524 3.4731096049478687
324 1.270643129379448 4.410824238474504 3.4713320652264072
325 1.2698808257598628 4.40591941223937 3.469553459556321
326 1.269118133209259 4.401014586204934 3.467773780109776
327 1.2683550520467444 4.396109760504341 3.4659930225454927
328 1.2675915793044195 4.391204935119739 3.4642111913755196
329 1.266827717056701 4.386300110117421 3.462428277389117
330 1.2660634632639003 4.381395285233405 3.4606442823475905
331 1.26529881871639 4.376490460625916 3.458859200600331
332 1.264533779135526 4.3715856365530135 3.457073040422505
333 1.2637683471094259 4.3666808126214525 3.4552857907932353
333 1.263002517767263 4.361775988906678 3.453497461444043
334 1.263002517767263 4.361775988906678 3.453497461444043
335 1.262236294212687 4.356871165433386 3.4517080402532403
336 1.2614696761855668 4.3519663423124335 3.449917524352954
337 1.2607026622164934 4.347061519430765 3.4481259139946743
338 1.2599352492549079 4.342156696833846 3.446333213870857
339 1.2591674383510922 4.337251874515473 3.4445394174067907
340 1.2583992317392014 4.332347052495968 3.442744514797853
341 1.2576306277338276 4.327442230755956 3.4409485069187116
342 1.2568616220095525 4.322537409361748 3.4391514019264844
343 1.2560922160219614 4.317632588182214 3.437353191994245
344 1.2553224093377071 4.312727767092001 3.4355538744563194
345 1.2545522016127946 4.307822946546414 3.433753446854165
346 1.25378159232576 4.302918126295311 3.43195190664222
347 1.2530105790152435 4.298013306369974 3.4301492567986425
348 1.2522391629177676 4.293108486646018 3.4283454900443315
349 1.2514673398874943 4.28820366724233 3.426540614018609
350 1.2506951136835718 4.283298848266494 3.424734614698572
350 1.2506951136835718 4.283298848266494 3.424734614698572
351 1.2499224804428752 4.278394029566441 3.4229274987121694
352 1.2491494424728824 4.273489211097521 3.421119255865412
353 1.2483759968664783 4.268584393069801 3.4193098904370824
354 1.2476021422238213 4.263679575192313 3.4174994021671083
355 1.2468278818129768 4.258774757582326 3.4156877783241124
356 1.2460532136736966 4.253869940405598 3.413875020525052
357 1.2452781342280321 4.248965123296943 3.4120611343834004
358 1.2445026431841923 4.24406030663159 3.4102461170935805
359 1.24372674130378 4.239155490373485 3.4084299626215664
360 1.242950428338618 4.234250674199652 3.4066126674571704
361 1.2421737026428088 4.229345858440752 3.4047942324350706
362 1.241396565015066 4.224441042864526 3.402974651225377
363 1.2406190113407622 4.2195362276482555 3.401153931284768
364 1.2398410423019222 4.214631412919213 3.399332066870617
365 1.239062660089969 4.209726598347389 3.397509047719765
366 1.2382838606704574 4.204821784084301 3.395684881015601
366 1.237504644361045 4.199916970279423 3.393859561996187
367 1.237504644361045 4.199916970279423 3.393859561996187
368 1.2367250085699546 4.195012156643251 3.3920330935120426
369 1.2359449556608308 4.190107343292339 3.390205465139009
370 1.2351644829718926 4.185202530315377 3.3883766802017212
371 1.23438359041208 4.180297717739057 3.3865467349120615
372 1.2336022803348496 4.175392905470065 3.3847156186649507
373 1.2328205481900598 4.1704880935277595 3.3828833398750335
374 1.2320383923856997 4.165583281888498 3.381049898796034
375 1.2312558146348367 4.160678470577337 3.379215286639115
376 1.230472813032849 4.1557736594678145 3.3773795044075228
377 1.2296893874654766 4.15086884886216 3.3755425485272763
378 1.228905537422347 4.145964038379049 3.3737044159433833
379 1.2281212627467524 4.141059228179346 3.3718651030580378
380 1.2273365617442014 4.136154418394447 3.370024610459291
381 1.2265514329756815 4.1312496090163915 3.3681829379088915
382 1.2257658796644302 4.126344799876593 3.3663400722218135
383 1.2249798956904372 4.121439991038216 3.364496026047221
383 1.2241934822910834 4.116535182502703 3.362650791767482
384 1.2241934822910834 4.116535182502703 3.362650791767482
385 1.223406639105106 4.11163037429275 3.360804366159328
386 1.222619366148988 4.106725566519626 3.3589567450211497
387 1.221831660044587 4.101820758965492 3.3571079331958122
388 1.2210435232028747 4.09691595173329 3.3552579198707173
389 1.2202549531162197 4.092011144815549 3.3534067076438387
390 1.2194659479011867 4.087106338105822 3.3515542973053973
391 1.2186765079997197 4.082201531714653 3.349700683420076
392 1.2178866332457468 4.077296725840403 3.3478458622820613
393 1.2170963224583573 4.07239192009345 3.3459898324791677
394 1.216305516795782 4.0674871147104446 3.344132751634454
395 1.2155142081584265 4.062582309783516 3.342274637775366
396 1.2147224631915243 4.057677504945369 3.340415303002097
397 1.2139302783623593 4.052772700389814 3.3385547527961545
398 1.2131376534977747 4.047867896335662 3.336692983409312
399 1.2123445891728923 4.042963092521188 3.3348299886251414
400 1.2115510831760719 4.038058289043105 3.3329657701740207
401 1.2107571347837605 4.033153485874054 3.331100325577986
402 1.2099627441023648 4.028248683041057 3.329233650106718
403 1.209167911102496 4.023343880586908 3.3273657394021483
404 1.208372631697975 4.018439078451261 3.325496600170968
405 1.2075769084739782 4.0135342767960385 3.323626220931936
406 1.206780736721548 4.008629475321721 3.3217546098821016
407 1.2059841184469862 4.003724674060978 3.3198817569975962
408 1.2051870505883935 3.998819873190848 3.318007666310847
409 1.2043895360397383 3.993915072717296 3.316132325302367
410 1.2035915721567698 3.989010272548689 3.3142557366039065
411 1.2027931576091313 3.984105472609438 3.3123778992299044
412 1.2019942927482452 3.979200673126001 3.3104988078004416
413 1.201194975240636 3.9742958739071756 3.3086184639683522
414 1.200395205980014 3.9693910751287906 3.3067368607892282
415 1.1995949826726382 3.964486276542271 3.3048539997304687
416 1.198794305307735 3.9595814783668564 3.302969876346232
416 1.1979931735147162 3.9546766804895763 3.3010844868900224
417 1.1979931735147162 3.9546766804895763 3.3010844868900224
418 1.1971915842470828 3.949771883041706 3.2991978351783424
419 1.1963895372504805 3.9448670859890647 3.297309917182227
420 1.195587033887892 3.939962289158421 3.2954207242831846
421 1.194784072066116 3.93505749259078 3.293530257551864
422 1.1939806498408492 3.9301526965420805 3.2916385178151315
423 1.1931767669167552 3.925247900691296 3.2897455008568315
424 1.1923724237393176 3.920343105153637 3.287851200767724
425 1.1915676201955483 3.9154383100996433 3.285955613208993
426 1.1907623513286103 3.9105335153589618 3.284058746899184
427 1.1899566190904323 3.905628720958017 3.2821605916553196
428 1.18915042342388 3.9007239268503184 3.280261142756942
429 1.188343763180373 3.895819133191922 3.278360398648883
430 1.187536635616248 3.8909143397448314 3.2764583618304295
431 1.1867290404057906 3.886009546711292 3.274555028486122
432 1.185920976509862 3.8811047541192445 3.2726503966067337
433 1.1851124445992307 3.8761999618552876 3.270744459329428
433 1.184303442573548 3.871295169919072 3.2688372175179725
434 1.184303442573548 3.871295169919072 3.2688372175179725
435 1.1834939705519738 3.866390378257641 3.266928665850644
436 1.1826840258143103 3.8614855870734814 3.265018807043363
437 1.1818736100793596 3.8565807962827616 3.263107631300611
438 1.1810627216282221 3.8516760056700963 3.26119513818889
439 1.1802513572675597 3.8467712155368434 3.259281331768713
440 1.1794395191670688 3.841866425779955 3.2573662009334035
441 1.1786272052997244 3.8369616362585663 3.2554497461161427
442 1.177814413881405 3.832056847364946 3.253531967516572
443 1.1770011458917635 3.827152058724697 3.251612857033395
444 1.1761873990993754 3.822247270382358 3.249692415774145
445 1.1753731700915782 3.8173424824058335 3.247770648115448
446 1.1745584626651535 3.812437694850324 3.245847538486626
447 1.1737432745024927 3.807532907596466 3.2439230880452468
448 1.1729276015838992 3.8026281208317205 3.2419973028997897
449 1.1721114474772087 3.7977233343474586 3.240070167833852
450 1.1712948106236294 3.7928185481949397 3.2381416820036444
451 1.1704776873673954 3.787913762439551 3.2362118503593327
452 1.1696600786058784 3.783008977029855 3.2342806651474634
453 1.1688419834158659 3.778104192040105 3.232348123737682
454 1.1680234002706746 3.7731994075013318 3.2304142251147883
455 1.167204327192095 3.768294623335861 3.2284789694030036
456 1.1663847653540598 3.763389839611797 3.2265423481156392
457 1.165564712578065 3.758485056093585 3.2246043617607
458 1.1647441678923973 3.753580273030853 3.22266500790723
459 1.1639231317038081 3.748675490326562 3.220724279995248
460 1.163101602985863 3.743770707875436 3.2187821754046193
461 1.1622795782670758 3.738865925919098 3.2168386985630733
462 1.1614570594598592 3.7339611443921434 3.214893838717239
463 1.1606340434522868 3.7290563632278295 3.212947599000123
464 1.159810531845573 3.724151582330422 3.210999969455604
465 1.158986521228795 3.719246802044446 3.2090509543641454
466 1.1581620117600369 3.7143420218802032 3.2071005473885195
466 1.1573370010558417 3.7094372422671906 3.205148750003725
467 1.1573370010558417 3.7094372422671906 3.205148750003725
468 1.1565114887087136 3.7045324630654517 3.2031955577040523
469 1.1556854764974158 3.6996276841258147 3.201240959900639
470 1.1548589599897288 3.694722905693529 3.1992849635304292
471 1.1540319397033754 3.6898181276068565 3.1973275614496965
472 1.1532044144202618 3.6849133499023656 3.195368751475724
473 1.1523763845565893 3.6800085725853124 3.1934085268514973
474 1.1515478461069122 3.67510379572919 3.1914468931132762
475 1.1507188013659602 3.6701990191518155 3.189483838097637
476 1.1498892479083205 3.6652942431363766 3.187519363107052
477 1.149059182688289 3.6603894675162008 3.1855534707555377
478 1.1482286071548902 3.6554846921910813 3.1835861512358012
479 1.1473975199709274 3.6505799173957847 3.1816174027361352
480 1.1465659209255172 3.6456751429106915 3.179647219906792
481 1.1457338074514818 3.6407703688676776 3.177675604219135
482 1.1449010692572046 3.6358655952001016 3.1757028557576588
483 1.1440678150217258 3.630960821862567 3.1737286672937435
483 1.1432340441586997 3.626056048844102 3.1717530346224936
484 1.1432340441586997 3.626056048844102 3.1717530346224936
485 1.1423997559784298 3.6211512762732463 3.1697759539276538
486 1.1415649478853087 3.616246504123908 3.1677974265264726
487 1.1407296190821785 3.6113417325024564 3.165817448843059
488 1.1398937686200972 3.6064369612031375 3.163836017428996
489 1.1390573971674804 3.601532190255121 3.1618531245318557
490 1.1382205026163257 3.5966274197244523 3.1598687701172192
491 1.1373830833016416 3.5917226495625223 3.157882952801025
492 1.1365451396054622 3.586817879909541 3.1558956656615162
493 1.1357066704403214 3.5819131106829065 3.1539069056397935
494 1.134867674406016 3.577008341771724 3.1519166704998556
495 1.1340281500410494 3.5721035733218383 3.1499249583817965
496 1.1331880960582086 3.5671988052219166 3.1479317666946973
497 1.1323475120584288 3.5622940375463643 3.1459370905232764
498 1.131506394440669 3.5573892703081 3.1439409337731616
499 1.1306647451235707 3.5524845035586825 3.1419432850278093
500 1.1298225621703284 3.5475797371590563 3.139944143392168
501 1.1289798442567383 3.5426749711641556 3.1379435064196994
502 1.1281365924764484 3.5377702056113955 3.135941364906353
503 1.12729280220324 3.5328654404862005 3.1339377254794702
504 1.1264484732917144 3.5279606757593918 3.1319325822777886
505 1.1256036054314742 3.5230559114089615 3.129925929882287
506 1.1247581979962797 3.518151147312509 3.127917763640204
507 1.1239122487175275 3.5132463838869032 3.125908083923629
508 1.1230657580429202 3.508341620865116 3.123896882920579
509 1.122218722544248 3.5034368582134854 3.1218841637846126
510 1.12137114101319 3.498532096092261 3.119869923646546
511 1.1205230148787102 3.4936273343641684 3.117854152011623
512 1.1196743410555865 3.4887225730314975 3.115836851045869
513 1.1188251201453498 3.483817812140578 3.113818012673853
514 1.1179753490263136 3.478913051688129 3.1117976391143545
515 1.1171250263466224 3.474008291814063 3.109775727767239
516 1.1162741530492293 3.4691035322510735 3.1077522692564585
516 1.1154227270652888 3.464198773110019 3.1057272629045594
517 1.1154227270652888 3.464198773110019 3.1057272629045594
518 1.1145707469038466 3.4592940144752777 3.103700706379394
519 1.113718210696019 3.4543892562324285 3.1016725982002264
520 1.1128651184858134 3.449484498386298 3.0996429316427276
521 1.1120114703531245 3.444579741017364 3.0976116999256504
522 1.111157263360127 3.4396749840450727 3.0955789045049613
523 1.1103024964885493 3.4347702275766108 3.0935445416356715
524 1.109447168037753 3.429865471606378 3.0915086093488178
525 1.1085912792919745 3.424960716021255 3.089471097236738
526 1.107734826600273 3.42005596080366 3.0874320087056266
527 1.1068778087716038 3.4151512061314624 3.0853913404601956
528 1.1060202251435447 3.4102464518857736 3.083349087439314
529 1.1051620758125382 3.4053416980758846 3.0813052425565783
530 1.1043033578717631 3.4004369447401492 3.0792598071000556
531 1.1034440711532212 3.395532191852339 3.077212774638983
532 1.1025842148949556 3.3906274394263547 3.0751641404093415
533 1.1017237849120547 3.3857226874957425 3.073113909187327
533 1.1008627821805819 3.380817935988967 3.07106207123495
534 1.1008627821805819 3.380817935988967 3.07106207123495
535 1.1000012062764815 3.375913185005172 3.069008620847501
536 1.0991390561310501 3.3710084344910745 3.066953553954278
537 1.0982763274609797 3.36610368446207 3.064896875492077
538 1.0974130214792728 3.3611989348171494 3.0628385749299527
539 1.0965491373948586 3.3562941856043245 3.0607786474376204
540 1.0956846727789133 3.3513894368488275 3.0587170927096365
541 1.0948196268076205 3.3464846886038813 3.0566539059606384
542 1.0939539999506929 3.3415799408428346 3.054589078693846
543 1.0930877874798226 3.3366751935360495 3.0525226168969906
544 1.0922209901702662 3.331770446621036 3.0504545111348267
545 1.0913536064231864 3.3268657002490136 3.0483847587699078
546 1.0904856355660497 3.321960954479039 3.046313354466769
547 1.0896170762389816 3.317056209127394 3.044240294560028
548 1.0887479272481793 3.312151464297893 3.042165575156949
549 1.0878781855265793 3.307246719921907 3.040089197414193
550 1.0870078510440682 3.3023419760107444 3.0380111540490287
551 1.0861369227801485 3.297437232638191 3.035931440575513
552 1.0852653991370076 3.2925324896702532 3.0338500539024307
553 1.0843932788795931 3.2876277471124995 3.031766990025346
554 1.083520560034967 3.2827230051219676 3.029682247114931
555 1.082647241826244 3.277818263605682 3.0275958197395427
556 1.0817733245185244 3.272913522656916 3.025507699696352
557 1.0808988042213297 3.2680087821734563 3.0234178901952826
558 1.080023680314024 3.2631040422227118 3.0213263854306813
559 1.079147951612473 3.258199302762783 3.019233181042832
560 1.0782716169171045 3.2532945638338426 3.017138272762261
561 1.0773946747743892 3.2483898253369 3.015041656872052
562 1.0765171252384387 3.2434850873186427 3.01294332554184
563 1.0756389647667235 3.238580349930252 3.0108432810749015
564 1.0747601936374265 3.233675613021787 3.008741514772436
565 1.073880808968526 3.228770876572092 3.0066380268713075
566 1.0730008117773349 3.2238661404500366 3.004532806559555
566 1.0721201979678874 3.218961404942765 3.002425857701433
567 1.0721201979678874 3.218961404942765 3.002425857701433
568 1.0712389664363073 3.214056670038468 3.0003171754764266
569 1.0703571174639204 3.209151935705834 2.9982067511351027
570 1.0694746491543268 3.204247201807019 2.996094581896575
571 1.0685915604869922 3.1993424683848657 2.9939806626648076
572 1.067707849835194 3.1944377354553906 2.991864989986229
573 1.0668235143919598 3.1895330031274667 2.989747563771458
574 1.0659385540184536 3.1846282712238394 2.9876283761556364
575 1.0650529582575552 3.179723539945818 2.985507448519649
576 1.064166646295889 3.1748188090687464 2.983384999069023
577 1.063279705272621 3.16991407862237 2.981260775413385
578 1.0623921331919635 3.1650093487804023 2.979134775095814
579 1.0615039290880621 3.1601046196091445 2.977006992639198
580 1.060615091691627 3.1551998908582872 2.974877423086545
581 1.0597256193322266 3.150295162588019 2.972746062865914
582 1.0588355108559249 3.145390434929223 2.9706129069911924
583 1.0579447633182277 3.1404857077044617 2.968477955176389
583 1.0570533772650528 3.13558098107163 2.966341197626573
584 1.0570533772650528 3.13558098107163 2.966341197626573
585 1.0561613495647728 3.130676254914587 2.964202634573485
586 1.055268680725961 3.125771529281611 2.9620622561557206
587 1.054375368131624 3.1208668041636707 2.9599200611959615
588 1.0534814106437043 3.1159620795654592 2.957776044345696
589 1.052586806080591 3.1110573555049883 2.955630203165202
590 1.0516915538537168 3.106152631993927 2.9534825307021264
591 1.0507956505161493 3.101247909137144 2.951333028085733
592 1.0498990970268776 3.096343186804533 2.9491816838140075
593 1.049001891160109 3.0914384649818536 2.9470284954043118
594 1.0481040303254738 3.086533743652438 2.944873461362379
595 1.0472055133178262 3.0816290228953296 2.9427165763594076
596 1.0463063389733096 3.076724302743468 2.9405578348712966
597 1.045406506623182 3.071819583077289 2.9383972298008
598 1.0445060130266073 3.066914863973592 2.9362347614321167
599 1.043604857821423 3.062010145377825 2.9340704217973106
600 1.0427030393618382 3.057105427404888 2.9319042066626344
601 1.0418005563745114 3.052200709981006 2.929736110530341
602 1.0408974054097866 3.0472959931276917 2.9275661340783286
603 1.0399935879568811 3.042391276779618 2.9253942639747867
604 1.0390890992233663 3.037486561027455 2.923220504668682
605 1.0381839387769691 3.032581845871103 2.92104484822182
606 1.0372781064300929 3.0276771312566972 2.9188672859169684
607 1.0363715993297589 3.0227724172057218 2.9166878165713976
608 1.0354644162064226 3.0178677037765436 2.9145064345455243
609 1.0345565552439033 3.0129629909387807 2.91232313561481
610 1.0336480147252163 3.0080582786875416 2.910137915262383
611 1.0327387934213945 3.0031535669444325 2.9079507674880554
612 1.0318288888966989 2.9982488557986686 2.9057616898133167
613 1.0309183004306102 2.9933441452177836 2.903570674773623
614 1.0300070253767488 2.988439435192722 2.901377720311792
615 1.0290950628783333 2.9835347258489375 2.899182819422069
616 1.028182410529401 2.9786300171121574 2.8969859692294193
616 1.0272690681655243 2.973725308910971 2.8947871605064366
617 1.0272690681655243 2.973725308910971 2.8947871605064366
618 1.0263550329772853 2.9688206012365437 2.8925863914989423
619 1.0254403031307304 2.9639158941858947 2.8903836577681634
620 1.0245248766070603 2.95901118780386 2.888178955305875
621 1.0236087533768305 2.9541064820055554 2.885972274328562
622 1.0226919308871716 2.9492017767796455 2.883763612196737
623 1.0217744062074396 2.944297072151848 2.8815529673328886
624 1.0208561795937472 2.9393923680998224 2.8793403290849087
625 1.0199372491416878 2.934487664702867 2.87712569295056
626 1.0190176116564573 2.9295829618855462 2.874909057875243
627 1.0180972677958642 2.924678259765256 2.8726904120831755
628 1.017176212729489 2.9197735581596986 2.870469758946469
629 1.0162544469174277 2.9148688571670585 2.8682470871430255
630 1.0153319682006945 2.909964156763522 2.8660223925780373
631 1.0144087738094774 2.9050594570649 2.863795672976423
632 1.0134848624220465 2.900154757916216 2.86156692166607
633 1.012560232667274 2.8952500594394968 2.8593361323433215
633 1.0116348834469688 2.8903453615701085 2.8571032977053563
634 1.0116348834469688 2.8903453615701085 2.8571032977053563
635 1.0107088125734809 2.8854406643713917 2.854868413608112
636 1.0097820173990393 2.8805359677706366 2.8526314770292887
637 1.0088544967997006 2.8756312718150645 2.850392480716668
638 1.0079262484152653 2.870726576442482 2.848151420757269
639 1.0069972711984212 2.8658218817239596 2.8459082896156835
640 1.0060675625284876 2.8609171876566846 2.8436630840840524
641 1.0051371203280606 2.856012494186124 2.841415799322949
642 1.0042059437913757 2.8511078014682356 2.8391664270616532
643 1.0032740311363484 2.846203109331104 2.8369149614162548
644 1.0023413806167212 2.841298417858734 2.8346613966097443
645 1.0014079890143734 2.836393726997774 2.832405730844497
646 1.0004738552258818 2.831489036812801 2.830147956413636
647 0.9995389768231704 2.8265843473334953 2.827888069274911
648 0.998603352045299 2.821679658469153 2.825626063331254
649 0.9976669796620822 2.8167749703202105 2.8233619311268323
650 0.9967298582433711 2.8118702827684445 2.8210956655036528
651 0.9957919854952789 2.8069655958740007 2.8188272618782877
652 0.9948533583648973 2.80206090962471 2.8165567176956308
653 0.9939139757626906 2.7971562240658514 2.814284024851772
654 0.9929738359725713 2.7922515391624025 2.8120091768858373
655 0.9920329356459568 2.7873468550151075 2.809732172047435
656 0.9910912746882838 2.7824421714666077 2.807452999060794
657 0.990148851131988 2.777537488595072 2.8051716521406367
658 0.9892056616559132 2.772632806407396 2.802888129214765
659 0.9882617044634433 2.7677281248956644 2.800602423826942
660 0.9873169777424978 2.762823444127637 2.7983145295899177
661 0.9863714792420676 2.7579187640143945 2.7960244411502977
662 0.9854252077937947 2.7530140845813187 2.7937321501495433
663 0.9844781607530694 2.748109405852021 2.791437652359779
664 0.9835303367187629 2.743204727813609 2.789140939938306
665 0.9825817330076675 2.738300050489147 2.7868420086614605
666 0.9816323476602191 2.7333953738692456 2.7845408521677806
666 0.9806821789058163 2.7284906979632284 2.7822374635251426
667 0.9806821789058163 2.7284906979632284 2.7822374635251426
668 0.9797312245393128 2.7235860227672117 2.7799318369667056
669 0.9787794821886628 2.7186813482574186 2.7776239671249914
670 0.9778269511712806 2.713776674449077 2.7753138438231897
671 0.9768736272730925 2.7088720013604592 2.7730014668552143
672 0.9759195098531246 2.7039673289528987 2.770686825760707
673 0.9749645962382798 2.699062657322816 2.7683699159299207
674 0.974008883998007 2.6941579864455907 2.7660507318854224
675 0.9730523503391767 2.689253316202489 2.763729325832363
676 0.9720949524625403 2.684348646650111 2.761405806963649
677 0.9711367507983685 2.6794439778413506 2.759079991194431
678 0.9701777421757717 2.6745393097594707 2.7567518749310906
679 0.9692179247171544 2.669634642417514 2.7544214508791613
680 0.9682572959986463 2.664729975732289 2.7520887131389244
681 0.9672958545751996 2.6598253098249436 2.7497536531809494
682 0.9663335972908208 2.654920644701143 2.7474162671611397
683 0.9653705235020251 2.650015980235208 2.7450765438972393
683 0.9644066297642989 2.645111316561389 2.7427344803797693
684 0.9644066297642989 2.645111316561389 2.7427344803797693
685 0.9634419144550036 2.6402066535687894 2.7403900681052393
686 0.9624763748961062 2.6353019913645794 2.7380433017371937
687 0.9615100084322821 2.6303973299348087 2.7356941756889306
688 0.9605428139508955 2.6254926692218237 2.7333426798777167
689 0.9595747889527352 2.62058800929361 2.7309888082341955
690 0.9586059302743908 2.615683350130677 2.728632556426983
691 0.9576362360373781 2.6107786917402778 2.72627391643352
692 0.9566657038405677 2.6058740340839104 2.7239128816080043
693 0.9556943320038179 2.6009693772013938 2.7215494432701135
694 0.954722117437031 2.5960647211263086 2.719183596684124
695 0.953749058323589 2.591160065708403 2.7168153332312612
696 0.9527751516151738 2.586255411147688 2.7144446481033726
697 0.9518003967010469 2.581350757370983 2.7120715291966464
698 0.9508247892739793 2.576446104392129 2.7096959749644562
699 0.9498483275174462 2.571541452182241 2.7073179766534974
700 0.9488710088117561 2.5666368007309366 2.7049375277521253
700 0.9488710088117561 2.5666368007309366 2.7049375277521253
701 0.9478928315365308 2.56173215009993 2.702554618909156
702 0.9469137933909575 2.556827500180914 2.7001692424658374
703 0.9459338917983772 2.5519228511375216 2.697781391769242
704 0.9449531236624463 2.547018202973894 2.695391061412834
705 0.9439714870110035 2.5421135555338963 2.6929982425457135
706 0.9429889790545146 2.537208908890689 2.690602928821729
707 0.9420055970790163 2.532304263041416 2.6882051135297065
708 0.9410213391874088 2.527399617997377 2.6858047875724456
709 0.9400362033185218 2.5224949737896134 2.683401942270612
710 0.9390501866363329 2.517590330421904 2.6809965710564243
711 0.9380632864799031 2.512685687885781 2.6785886667782006
712 0.9370755000024833 2.507781046133526 2.6761782227012447
713 0.9360868252635517 2.5028764052426156 2.673765229563978
714 0.9350972596759899 2.4979717652578044 2.671349679843302
715 0.9341068005252448 2.4930671260268396 2.6689315660960795
716 0.933115444630952 2.488162487614213 2.6665108823681334
716 0.9321231903787315 2.4832578500615936 2.664087618131912
717 0.9321231903787315 2.4832578500615936 2.664087618131912
718 0.9311300346522365 2.478353213405596 2.661661767071261
719 0.9301359754590233 2.473448577580849 2.6592333194726705
720 0.9291410095785722 2.4685439426510003 2.656802269195556
721 0.9281451342171889 2.46363930850126 2.6543686086111187
722 0.9271483467087955 2.4587346752462613 2.6519323298955477
723 0.9261506446061915 2.453830042854843 2.64949342436428
724 0.9251520252819041 2.4489254113039003 2.647051883778437
725 0.9241524868417619 2.4440207806451006 2.644607697802558
726 0.9231520249775478 2.4391161508821226 2.6421608628778612
727 0.9221506377017581 2.4342115219720295 2.6397113686747806
728 0.9211483219911675 2.4293068939963898 2.637259207882141
729 0.9201450756954893 2.4244022668807808 2.634804370439414
730 0.9191408964569721 2.419497640614959 2.6323468468669358
731 0.9181357805063007 2.4145930152467683 2.6298866317084983
732 0.9171297251072307 2.4096883908345466 2.627423716478938
733 0.9161227278414351 2.404783767260231 2.624958091506335
733 0.9151147857535605 2.3998791445952548 2.6224897487794934
734 0.9151147857535605 2.3998791445952548 2.6224897487794934
735 0.9141058967663875 2.3949745228431216 2.620018677611912
736 0.913096057211141 2.390069902035077 2.6175448718232786
737 0.9120852637199055 2.3851652821059988 2.615068324180781
738 0.9110735143223732 2.3802606630950836 2.6125890234724296
739 0.9100608064057545 2.37535604502345 2.6101069602204
740 0.9090471371846759 2.370451427918265 2.6076221253603706
741 0.9080325021236696 2.3655468116974956 2.6051345146402256
742 0.9070168995354403 2.3606421964217876 2.602644115705971
743 0.9060003262552586 2.3557375821092976 2.6001509203050626
744 0.9049827789595227 2.3508329687918863 2.5976549205662094
745 0.9039642547686075 2.3459283563728177 2.5951561071110243
746 0.9029447517144807 2.341023744850381 2.5926544679564554
747 0.9019242655585712 2.3361191342885634 2.5901499976184588
748 0.9009027939592485 2.3312145247173377 2.5876426850362146
749 0.8998803332185801 2.3263099161119474 2.5851325228894506
750 0.898856881721169 2.321405308413301 2.582619497742707
751 0.8978324348273186 2.316500701752173 2.580103604964671
752 0.8968069896168029 2.311596096099863 2.5775848347118546
753 0.8957805440468306 2.3066914914078276 2.5750631744991725
754 0.8947530942470344 2.301786887711115 2.5725386170898332
755 0.893724637024152 2.296882284925602 2.570011153070105
756 0.8926951690509327 2.2919776831600847 2.567480773528546
757 0.8916646878855976 2.28707308243944 2.564947466813754
758 0.8906331905092475 2.2821684826761923 2.5624112227069493
759 0.8896006726276526 2.277263883938562 2.559872034732289
760 0.8885671324099665 2.2723592862114925 2.55732988913107
761 0.8875325654612656 2.267454689501674 2.554784779444391
762 0.886496968651271 2.2625500937808933 2.5522366954318736
763 0.8854603392214825 2.2576454991264154 2.5496856257970744
764 0.8844226740607476 2.2527409054997 2.547131560022587
765 0.8833839689955258 2.247836312881718 2.5445744905668564
766 0.8823442214876086 2.24293172128705 2.542014405109978
766 0.8813034273642033 2.2380271307913984 2.5394512960024174
767 0.8813034273642033 2.2380271307913984 2.5394512960024174
768 0.8802615837304774 2.2331225412984685 2.5368851516099067
769 0.8792186875210145 2.2282179529342496 2.534315960932066
770 0.8781747350915879 2.2233133655661352 2.531743714232747
771 0.8771297228871116 2.21840877925335 2.5291684016263396
772 0.876083647904554 2.2135041940440763 2.526590011511354
773 0.8750365063687796 2.208599609893882 2.5240085342943157
774 0.8739882946989855 2.203695026782996 2.5214239597361896
775 0.8729390090943343 2.198790444778385 2.518836278217889
776 0.8718886473606632 2.1938858639030103 2.5162454753187
777 0.8708372050188112 2.1889812840337894 2.513651542927021
778 0.8697846784885701 2.1840767053279384 2.51105447054232
779 0.8687310644913354 2.1791721276885125 2.5084542463834585
780 0.8676763589044796 2.17426755115395 2.505850861142697
781 0.8666205587113334 2.169362975737173 2.503244302169591
782 0.8655636606519354 2.1644584014219506 2.5006345573608053
783 0.864505660691012 2.159553828254973 2.498021616803307
783 0.8634465549650578 2.1546492562044244 2.4954054698748775
784 0.8634465549650578 2.1546492562044244 2.4954054698748775
785 0.8623862708949553 2.149744685248376 2.4927863044682326
786 0.8613248739451974 2.1448401154006924 2.4901639094393087
787 0.8602623608329253 2.139935546668431 2.487538272157458
788 0.8591987272065954 2.1350309790669955 2.4849093829646987
789 0.8581339690675376 2.1301264126040076 2.4822772310466137
790 0.8570680835627656 2.1252218473471816 2.4796418022157574
791 0.8560010662847529 2.1203172832341735 2.4770030864994736
792 0.854932914213749 2.1154127202979454 2.4743610698898104
793 0.8538636221370298 2.110508158514724 2.4717157445267355
794 0.8527931870612271 2.1056035979110224 2.4690670960529713
795 0.8517216049149878 2.100699038448355 2.4664151130204455
796 0.8506488721082405 2.0957944802202424 2.463759782606946
797 0.8495749847141075 2.0908899232026603 2.4611010926908006
798 0.8484999378423329 2.0859853673439583 2.4584390337711177
799 0.8474237284474221 2.081080812622762 2.455773590899492
800 0.8463463522799235 2.0761762591815636 2.453104752668541
801 0.8452678053696242 2.071271706947181 2.4504325064663286
802 0.8441880837637268 2.066367155948183 2.44775683960794
803 0.8431071827620875 2.06146260615987 2.4450777413689577
804 0.842025098924008 2.0565580576436826 2.4423951973304363
805 0.8409418273439152 2.0516535103008806 2.4397091969856644
806 0.8398573647651859 2.046748964207508 2.4370197251050536
807 0.8387717063732514 2.041844419401621 2.4343267707852383
808 0.8376848487175992 2.036939875819661 2.431630318893777
809 0.8365967869816567 2.0320353334858066 2.4289303582161152
810 0.8355075175593178 2.027130792439491 2.4262268738899437
811 0.8344170350003467 2.0222262526851376 2.4235198562123044
812 0.8333253360452232 2.017321714171363 2.420809288896847
813 0.8322324159838722 2.0124171769404033 2.4180951598254037
814 0.831138270486228 2.007512641086426 2.4153774556813534
815 0.8300428952748609 2.002608106505281 2.4126561625976404
816 0.828946285609665 1.9977035732256372 2.409931268051206
816 0.8278484377930181 1.992799041267079 2.407202756315796
817 0.8278484377930181 1.992799041267079 2.407202756315796
818 0.8267493460941808 1.9878945106242925 2.4044706173832733
819 0.8256490071540202 1.982989981271601 2.401734834160208
820 0.8245474159775065 1.9780854532977397 2.3989953942827
821 0.8234445681097264 1.9731809266309475 2.3962522834542703
822 0.8223404596402344 1.968276401346015 2.393505485802214
823 0.821235085021656 1.9633718774167581 2.3907549899246985
824 0.8201284399413332 1.9584673548348066 2.3880007806763817
825 0.8190205198372922 1.9535628336515878 2.385242843536674
826 0.8179113197146717 1.9486583138228488 2.3824811649539686
827 0.8168008354240736 1.9437537954045105 2.379715728859822
828 0.815689061462519 1.9388492783345024 2.376946522806341
829 0.8145759937655846 1.9339447626853712 2.3741735301395512
830 0.813461627860922 1.929040248415501 2.3713967350717002
831 0.8123459581223897 1.924135735529113 2.3686161250515125
832 0.8112289797575274 1.9192312241139085 2.3658316850164276
833 0.8101106879850076 1.9143267140912388 2.36304339948008
833 0.8089910781380034 1.9094222055414807 2.360251252629708
834 0.8089910781380034 1.9094222055414807 2.360251252629708
835 0.8078701451544869 1.9045176984395815 2.357455229485409
836 0.8067478839591279 1.899613192777408 2.3546553149355987
837 0.8056242893254895 1.8947086885064555 2.3518514940665507
838 0.8044993567858226 1.889804185756672 2.349043749776153
839 0.8033730805260219 1.884899684479168 2.3462320684743365
840 0.8022454561456787 1.8799951846667748 2.3434164322962387
841 0.8011164781708849 1.875090686324249 2.3405968263260166
842 0.7999861413384196 1.870186189523881 2.337773234914994
843 0.7988544413725369 1.8652816942343018 2.3349456391949235
844 0.7977213713906902 1.8603772004344254 2.332114027722709
845 0.7965869270847677 1.855472708145924 2.3292783813767963
846 0.7954511038808247 1.8505682173855902 2.3264386815947447
847 0.7943138947137329 1.8456637281896975 2.3235949169123704
848 0.7931752954837397 1.8407592405133626 2.320747066877222
849 0.7920352999531035 1.835854754401838 2.3178951171880082
850 0.7908939030765343 1.8309502698657747 2.3150390497935027
851 0.7897510994755685 1.8260457868745457 2.312178847344594
852 0.7886068836575029 1.8211413054759746 2.3093144927034497
853 0.7874612497002229 1.8162368256846222 2.306445969723643
854 0.786314192707304 1.811332347476292 2.30357325897911
855 0.7851657063489969 1.806427870879326 2.3006963450800413
856 0.7840157853352898 1.8015233958896888 2.2978152093191015
857 0.782864423503135 1.7966189225405231 2.294929835361625
858 0.7817116155569582 1.7917144508185376 2.2920402040360717
859 0.7805573554476033 1.7868099807218758 2.2891462981567146
860 0.7794016375782622 1.7819055122770544 2.2862480990080387
861 0.7782444559181669 1.7770010455038503 2.2833455888964322
862 0.7770858046957562 1.7720965804096238 2.2804387491075495
863 0.7759256782737157 1.7671921169947802 2.277527560276701
864 0.7747640694878393 1.7622876552858768 2.2746120073054548
865 0.7736009735971561 1.7573831952598629 2.2716920676666574
866 0.7724363839314867 1.7524787369423158 2.268767724304603
866 0.7712702948985775 1.7475742803455578 2.265838956724458
867 0.7712702948985775 1.7475742803455578 2.265838956724458
868 0.7701026994204765 1.7426698255031339 2.2629057485638486
869 0.7689335922503091 1.7377653723743933 2.2599680777227675
870 0.7677629663148501 1.7328609209962536 2.2570259273037516
871 0.7665908161462316 1.7279564713695772 2.2540792753770216
872 0.7654171344479523 1.7230520235196198 2.2511281051505985
873 0.7642419162972278 1.7181475774177373 2.2481723925091774
874 0.763065154046078 1.7132431331230664 2.245212121191438
875 0.7618868423098363 1.7083386906459341 2.242247267936417
876 0.7607069733583437 1.7034342499533153 2.239277816046632
877 0.7595255417769906 1.6985298110564868 2.236303741784109
878 0.7583425401989526 1.6936253740479292 2.233325026977391
879 0.7571579619477259 1.688720938869257 2.230341650935246
880 0.7559718009828131 1.6838165055774679 2.2273535909519317
881 0.7547840499468177 1.6789120740891041 2.2243608277193996
882 0.7535947022891787 1.6740076445357768 2.221363339538719
883 0.7524037511692764 1.6691032168530948 2.2183611050040852
883 0.7512111901499545 1.664198791077171 2.2153541013479425
884 0.7512111901499545 1.664198791077171 2.2153541013479425
885 0.750017011810878 1.6592943671878246 2.212342308318504
886 0.7488212090956641 1.6543899452107516 2.2093257043409924
887 0.7476237753471022 1.6494855251903264 2.206304266373168
888 0.7464247029643266 1.6445811070931575 2.2032779737352235
889 0.7452239851715232 1.6396766909642455 2.2002468030961886
890 0.7440216145891451 1.6347722768252024 2.1972107325510124
891 0.7428175841799487 1.629867864652174 2.1941697387946273
892 0.741611886382287 1.6249634544771165 2.1911237998139073
893 0.7404045140191629 1.6200590462994133 2.1880728920805628
894 0.7391954597129013 1.6151546401583576 2.1850169923739426
895 0.7379847159399857 1.610250236046895 2.181956077499366
896 0.7367722755247015 1.6053458339803173 2.178890122917628
897 0.7355581301688594 1.600441433982051 2.1758191070699517
898 0.734342273042249 1.59553703604092 2.172743003655359
899 0.7331246960612668 1.5906326401635182 2.1696617897463244
900 0.7319053914473858 1.5857282464127516 2.1665754412286553
901 0.730684351206968 1.5808238547709754 2.1634839341498413
902 0.7294615681077791 1.575919465232488 2.160387241949453
903 0.7282370339941947 1.5710150778537277 2.1572853405121544
904 0.7270107403358395 1.5661106926237718 2.1541782063636554
905 0.7257826795857949 1.5612063095438706 2.1510658127510744
906 0.724552843462687 1.556301928639622 2.147948134744665
907 0.7233212240868878 1.5513975499498271 2.1448251458517524
908 0.7220878128511736 1.5464931734439498 2.1416968212461587
909 0.7208526016615309 1.5415887991791486 2.1385631343021583
910 0.7196155590678549 1.536684427112624 2.1354241271591587
911 0.7183766698416761 1.5317800572311446 2.132279793508238
912 0.7171359554951494 1.5268756896242264 2.1291300177105037
913 0.7158934076354941 1.521971324288668 2.125974772299619
914 0.7146490173708603 1.5170669612677627 2.122814030933587
915 0.7134027764272394 1.51216260052505 2.1196477648966323
916 0.7121546758162269 1.5072582421305833 2.116475947311669
916 0.7109047065352663 1.5023538860899432 2.1132985508169724
917 0.7109047065352663 1.5023538860899432 2.1132985508169724
918 0.7096528595313032 1.497449532354983 2.1101155476833946
919 0.7083991264916413 1.4925451810193677 2.106926907732401
920 0.7071434976409284 1.4876408320648535 2.103732604524696
921 0.7058859642652564 1.4827364855241585 2.1005326080785744
922 0.7046265170768697 1.4778321414254754 2.097326889649619
923 0.7033651465961736 1.4729277997438612 2.0941154205207164
924 0.702101843352352 1.4680234605017521 2.0908981715420736
925 0.700836598435126 1.4631191237584673 2.0876751114673744
926 0.6995694022486533 1.4582147894569066 2.0844462104398933
927 0.6983002450214763 1.4533104576844462 2.0812114388413963
928 0.6970291171782138 1.448406128403787 2.0779707657943707
929 0.6957560086355669 1.4435018016990855 2.074724161606463
930 0.6944809102547462 1.438597477521248 2.071471593068769
931 0.6932038116114871 1.4336931559138295 2.0682130304230886
932 0.6919247028673274 1.4287888368981714 2.064948441611187
933 0.6906435738513432 1.4238845205042798 2.0616777950514344
933 0.6893604145785297 1.4189802067188082 2.0584010580102183
934 0.6893604145785297 1.4189802067188082 2.0584010580102183
935 0.6880752146004104 1.414075895618287 2.0551181987269964
936 0.6867879635852346 1.4091715871740569 2.0518291843930516
937 0.6854986514753119 1.4042672814081025 2.0485339808997085
938 0.6842072673303247 1.3993629783418693 2.045232556213523
939 0.6829138005574583 1.394458678007744 2.0419248767113154
940 0.6816182407412649 1.3895543804076669 2.0386109076196615
941 0.680320576970917 1.3846500855932007 2.0352906151365655
942 0.6790207983604235 1.3797457935439759 2.0319639646908256
943 0.677718894028939 1.3748415043063456 2.028630921196715
944 0.676414853010014 1.3699372179041678 2.0252914491868594
945 0.6751086637605708 1.3650329343532583 2.0219455142963048
946 0.6738003153224974 1.360128653666861 2.0185930797848766
947 0.672489796324112 1.3552243758659104 2.0152341095339814
948 0.6711770949614836 1.3503201009715324 2.0118685680848842
949 0.6698622001850862 1.3454158290081413 2.0084964170786113
950 0.6685450999601487 1.3405115599931243 2.005117620446296
950 0.6685450999601487 1.3405115599931243 2.005117620446296
951 0.6672257824461535 1.3356072939496753 2.0017321408851005
952 0.6659042359061401 1.3307030309283976 1.9983399401531388
953 0.6645804483459115 1.325798770918524 1.9949409800097686
954 0.6632544077351947 1.3208945139675048 1.9915352217227538
955 0.6619261018370135 1.3159902600678748 1.9881226264014469
956 0.6605955179264337 1.311086009281474 1.984703156020325
957 0.6592626441405238 1.306181761608524 1.9812767691568272
958 0.6579274674234561 1.30127751706017 1.9778434272643615
959 0.6565899756650857 1.2963732756751196 1.9744030882621568
960 0.6552501556950789 1.2914690374927769 1.9709557125138062
961 0.6539079945396385 1.2865648025278351 1.967501259001424
962 0.6525634793968832 1.2816605707887334 1.9640396854161664
963 0.6512165971269978 1.276756342321741 1.960570949749232
964 0.64986733429032 1.2718521171500525 1.9570950100745774
965 0.6485156776081964 1.2669478953066773 1.9536118232011492
966 0.6471616133633022 1.2620436767791854 1.9501213463826106
966 0.6458051280983061 1.2571394616475915 1.9466235354145816
967 0.6458051280983061 1.2571394616475915 1.9466235354145816
968 0.6444462080183911 1.2522352499484053 1.9431183462137296
969 0.643084839152423 1.2473310416681231 1.9396057343104034
970 0.6417210075154179 1.2424268368186202 1.9360856544637426
971 0.6403546987843831 1.2375226354538587 1.9325580616541254
972 0.6389858987565002 1.2326184376040117 1.9290229095865044
973 0.637614592830248 1.2277142432861834 1.925480152260313
974 0.6362407665653492 1.2228100525354153 1.921929742315276
975 0.6348644052483927 1.2179058653868995 1.9183716323021605
976 0.6334854936051358 1.2130016818620633 1.9148057755181231
977 0.6321040169472285 1.2080975020154363 1.9112321226022124
978 0.630719959609164 1.2031933258636853 1.9076506261340829
979 0.6293333066141794 1.1982891534215543 1.9040612356405608
980 0.6279440422663245 1.1933849847246942 1.90046390187512
981 0.6265521511971983 1.1884808198101977 1.8968585736068129
982 0.6251576176391681 1.183576658714699 1.8932451998015039
983 0.6237604251385107 1.1786725014824697 1.8896237304903345
983 0.6223605580126476 1.1737683481357752 1.885994112293861
984 0.6223605580126476 1.1737683481357752 1.885994112293861
985 0.6209579996180091 1.1688641986872128 1.8823562936724476
986 0.6195527336690367 1.1639600532070278 1.8787102210234323
987 0.6181447433275182 1.1590559117010815 1.8750558412287048
988 0.6167340116390259 1.1541517742122607 1.8713931004794093
989 0.6153205220976692 1.1492476407972116 1.8677219425078637
990 0.6139042571842707 1.1443435114710052 1.864042312916421
991 0.6124851998085556 1.1394393862758265 1.8603541548954665
992 0.6110633322063087 1.134535265241933 1.85665741249041
993 0.6096386367495962 1.1296311484016153 1.8529520281464733
994 0.6082110952542987 1.1247270358065644 1.8492379448229328
995 0.6067806896949015 1.1198229274824578 1.84551510372804
996 0.6053474020649346 1.114918823472077 1.8417834447937078
997 0.6039112137170297 1.110014723827332 1.838042908650879
998 0.6024721060512588 1.1051106285847516 1.8342934344759987
999 0.601030060064881 1.100206537768432 1.8305349613456356
1000 0.5995850565494989 1.0953024514263696 1.8267674276767882
1001 0.5981370764106074 1.0903983696146513 1.822990770206189
1002 0.596686099967886 1.0854942923672861 1.8192049260502432
1003 0.5952321074313028 1.0805902197338229 1.8154098312959979
1004 0.5937750788344294 1.0756861517533076 1.811605421138357
1005 0.5923149940425351 1.0707820884450536 1.8077916298167511
1006 0.5908518325388895 1.0658780298884767 1.8039683913789355
1007 0.5893855734504977 1.0609739761078856 1.8001356393854735
1008 0.58791619630206 1.0560699271466034 1.7962933047076917
1009 0.5864436797295851 1.0511658830797779 1.7924413194536954
1010 0.5849680025443814 1.046261843924953 1.788579613541466
1011 0.5834891428847417 1.0413578097114335 1.7847081173833186
1012 0.5820070791412547 1.0364537805279366 1.7808267591129874
1013 0.5805217889830252 1.031549756412819 1.7769354673489821
1014 0.5790332500922302 1.0266457374135987 1.7730341690223685
1015 0.5775414398809162 1.0217417235733381 1.7691227901914917
1016 0.5760463352913899 1.0168377149512917 1.7652012566609419
1016 0.5745479133485637 1.0119337116102383 1.7612694922387155
1017 0.5745479133485637 1.0119337116102383 1.7612694922387155
1018 0.5730461503586568 1.0070297135934343 1.757327421121592
1019 0.5715410227945773 1.0021257209582033 1.7533749652094288
1020 0.5700325064021818 0.9972217337651437 1.7494120467957348
1021 0.5685205767898479 0.9923177520613364 1.7454385866989366
1022 0.5670052098361555 0.9874137758990141 1.7414545030094906
1023 0.5654863801280612 0.9825098053299153 1.7374597158421643
1024 0.5639640626987457 0.9776058404237271 1.7334541419990048
1025 0.5624382320115472 0.9727018812324246 1.7294376979914383
1026 0.5609088621176956 0.9677979278260834 1.7254102995844809
1027 0.5593759269255584 0.9628939802524965 1.721371860860645
1028 0.5578393998570796 0.9579900385792784 1.7173222953142404
1029 0.5562992541517908 0.953086102868643 1.7132615148331398
1030 0.5547554626006885 0.9481821732039599 1.7091894305265434
1031 0.5532079975812081 0.9432782496201847 1.7051059524527503
1032 0.5516568314395421 0.9383743321872045 1.7010109885497608
1033 0.5501019358612153 0.9334704209948999 1.6969044465068095
1033 0.5485432825215842 0.9285665160885638 1.692786231598828
1034 0.5485432825215842 0.9285665160885638 1.692786231598828
1035 0.546980842150333 0.9236626175572245 1.6886562496888395
1036 0.5454145854783295 0.9187587254563848 1.684514404121833
1037 0.5438444827670013 0.9138548398566325 1.6803605972190296
1038 0.5422705038315584 0.908950960841297 1.6761947301556308
1039 0.5406926184654901 0.9040470884767404 1.6720167015456335
1040 0.5391107956389509 0.8991432228369094 1.6678264099149605
1041 0.5375250038466866 0.8942393639974219 1.663623752565895
1042 0.5359352112904662 0.8893355120513752 1.6594086249902569
1043 0.5343413859679593 0.8844316670550831 1.6551809204389725
1044 0.5327434954389783 0.8795278290999355 1.6509405307242815
1045 0.5311415063347239 0.8746239982569167 1.6466873475817783
1046 0.5295353851127065 0.8697201746261242 1.6424212603677328
1047 0.5279250979789555 0.8648163582788798 1.6381421561309324
1048 0.5263106103443359 0.8599125493093503 1.6338499213359143
1049 0.5246918872972554 0.8550087477954343 1.6295444402612682
1050 0.5230688935180671 0.8501049538373049 1.6252255952741754
1051 0.5214415928105303 0.8452011675215887 1.620893268153043
1052 0.5198099488987413 0.8402973889375616 1.6165473375755859
1053 0.5181739247493434 0.8353936181848697 1.6121876811709026
1054 0.5165334829219774 0.8304898553534628 1.6078141743212193
1055 0.5148885852325739 0.8255861005513052 1.6034266911906585
1056 0.5132391932281168 0.8206823538732584 1.59902510311307
1057 0.511585267594581 0.8157786154206356 1.5946092803968712
1058 0.5099267685887966 0.8108748852937947 1.5901790908876205
1059 0.5082636559719802 0.8059711635970049 1.5857344001032347
1060 0.5065958888053734 0.8010674504487845 1.5812750718088489
1061 0.5049234255859792 0.796163745944651 1.5768009674351677
1062 0.5032462238874883 0.791260050198801 1.5723119471944702
1063 0.5015642411778043 0.7863563633225955 1.5678078673950613
1064 0.49987743373952254 0.7814526854401507 1.5632885837518165
1065 0.4981857574976851 0.7765490166637956 1.5587539486561977
1066 0.4964891676933679 0.7716453571142087 1.5542038121379063
1066 0.4947876187261751 0.7667417069152425 1.549638022247222
1067 0.4947876187261751 0.7667417069152425 1.549638022247222
1068 0.4930810642032083 0.7618380661919092 1.5450564247949723
1069 0.49136945724108777 0.7569344350549793 1.5404588622682616
1070 0.489652750099229 0.7520308136533497 1.5358451749754276
1071 0.48793089414409946 0.747127202119356 1.5312152009352142
1072 0.4862038392259423 0.7422236005742353 1.5265687777288794
1073 0.48447151391471505 0.7373200091134324 1.5219058044416376
1074 0.48273388072402823 0.732416427903017 1.5172260683350058
1075 0.4809908970692238 0.727512857110391 1.5125293670696807
1076 0.4792425104291079 0.722609296879819 1.5078155237789808
1077 0.47748866723784916 0.717705747366338 1.5030843590866432
1078 0.4757293130930218 0.7128022087157635 1.498335690271803
1079 0.4739643926888175 0.7078986810714751 1.4935693313490066
1080 0.4721938498320526 0.7029951646016237 1.4887850929266895
1081 0.47041762736443293 0.6980916594750949 1.483982782248682
1082 0.4686356670964114 0.6931881658543914 1.4791622032297922
1083 0.4668479097905349 0.6882846839074985 1.4743231563708141
1083 0.465054295213864 0.6833812138095468 1.4694654384286054
1084 0.465054295213864 0.6833812138095468 1.4694654384286054
1085 0.46325476207330646 0.6784777557445087 1.4645888424502476
1086 0.46144924807981536 0.6735743098811364 1.4596931573385736
1087 0.4596376896448894 0.6686708764052205 1.4547781686959302
1088 0.4578200221362057 0.6637674555136198 1.449843657812202
1089 0.455996179824231 0.6588640473949533 1.4448894015930573
1090 0.4541660956983039 0.6539606522463489 1.4399151729739987
1091 0.45232970137890166 0.6490572702767915 1.4349207409952893
1092 0.45048692745985863 0.6441539016874531 1.4299058694546725
1093 0.4486377031877635 0.6392505466939628 1.424870317745952
1094 0.44678195629841205 0.63434720551708 1.4198138411243055
1095 0.4449196133364898 0.629443878367614 1.4147361894148947
1096 0.443050599379387 0.6245405654827705 1.4096371077199976
1097 0.4411748379638265 0.6196372671012377 1.4045163363374862
1098 0.4392922513794198 0.6147339834488649 1.3993736095242773
1099 0.4374027601231268 0.6098307147767372 1.3942086570397334
1100 0.435506283361676 0.6049274613386204 1.3890212023330206
1101 0.4336027384925087 0.6000242233915664 1.3838109636430096
1102 0.4316920413433272 0.5951210012003517 1.3785776530613603
1103 0.4297741059929851 0.5902177950287275 1.3733209767606642
1104 0.42784884481809643 0.585314605161628 1.3680406345621419
1105 0.4259161682495391 0.580411431886937 1.3627363203241465
1106 0.42397598496718913 0.5755082754931341 1.3574077209530437
1107 0.4220282019230534 0.5706051362785107 1.3520545159741404
1108 0.42007272373615034 0.5657020145561702 1.34667637909166
1109 0.4181094532667779 0.5607989106364786 1.3412729759034092
1110 0.41613829121378404 0.5558958248498966 1.3358439648234979
1111 0.41415913604023386 0.5509927575247819 1.330388996830569
1112 0.41217188404491983 0.5460897090097445 1.3249077148363422
1113 0.4101764293430861 0.5411866796515646 1.3193997532191126
1114 0.40817266359599275 0.5362836698213649 1.3138647382622757
1115 0.4061604760688433 0.5313806798913232 1.308302287397495
1116 0.40413975347666875 0.5264777102362621 1.3027120091680267
1116 0.40211037999674126 0.5215747612577956 1.2970935026895412
1117 0.40211037999674126 0.5215747612577956 1.2970935026895412
1118 0.40007223709257694 0.5166718333528737 1.2914463575569617
1119 0.39802520344670517 0.5117689269496234 1.2857701535429233
1120 0.3959691549351375 0.5068660424792166 1.2800644599760422
1121 0.3939039645006108 0.5019631803773317 1.2743288354909494
1122 0.39182950202713074 0.4970603411058052 1.2685628277969436
1123 0.3897456342327914 0.4921575251378592 1.262765973265266
1124 0.38765222463102567 0.48725473295524613 1.2569377962915702
1125 0.38554913318153833 0.48235196505964545 1.2510778096666784
1126 0.3834362165701713 0.4774492219645754 1.2451855128223108
1127 0.381313327739434 0.47254650420934924 1.2392603925249064
1128 0.37918031595701385 0.4676438123321616 1.23330192167775
1129 0.37703702662161187 0.46274114691429397 1.2273095591184293
1130 0.37488330110914386 0.45783850853294045 1.2212827490004547
1131 0.3727189765554419 0.4529358978011236 1.2152209205633226
1132 0.3705438857623599 0.44803331533858726 1.2091234872673717
1133 0.36835785717886693 0.44313076179656713 1.2029898457721564
1133 0.36616071448564136 0.43822823784843906 1.1968193760601364
1134 0.36616071448564136 0.43822823784843906 1.1968193760601364
1135 0.36395227660977403 0.4333257441856457 1.1906114401099164
1136 0.3617323572891031 0.42842328151854747 1.1843653819891589
1137 0.35950076523123425 0.4235208505947305 1.178080525982519
1138 0.35725730356114804 0.41861845218795524 1.1717561768931188
1139 0.35500176987874865 0.41371608709131663 1.1653916182801622
1140 0.3527339557323826 0.4088137561319836 1.1589861125877785
1141 0.35045364671228724 0.4039114601728987 1.1525388991158048
1142 0.3481606219382315 0.3990092000985413 1.146049193838271
1143 0.34585465392656045 0.3941069768362747 1.1395161879763522
1144 0.34353550814250805 0.3892047913445895 1.1329390474044871
1145 0.3412029429154471 0.3843026446203184 1.126316910799775
1146 0.3388567089910998 0.37940053770464294 1.119648888860005
1147 0.3364965491871516 0.37449847167185646 1.112934062998575
1148 0.3341221980775805 0.3695964476451797 1.1061714838813623
1149 0.3317333816187936 0.36469446679531886 1.0993601699523925
1150 0.329329816745427 0.35979253034110265 1.0924991059015572
1150 0.329329816745427 0.35979253034110265 1.0924991059015572
1151 0.32691121092562897 0.35489063954668476 1.0855872410794165
1152 0.3244772617394162 0.34998879574290415 1.0786234877190746
1153 0.3220276563060798 0.34508700030849176 1.0716067193324992
1154 0.3195620709554866 0.34018525468467786 1.064535768176518
1155 0.3170801705784327 0.33528356038240137 1.057409423524534
1156 0.31458160790731376 0.3303819189765325 1.0502264298740378
1157 0.31206602325102506 0.3254803321098471 1.0429854833893006
1158 0.30953304355366146 0.3205788015166669 1.0356852303592283
1159 0.30698228174109843 0.31567732899960194 1.02832426421873
1160 0.30441333607507426 0.31077591645925223 1.0209011223562454
1161 0.30182578929608034 0.30587456588598816 1.0134142831179218
1162 0.29921920770887495 0.3009732793610623 1.00586216261188
1163 0.2965931403806078 0.2960720590834623 0.9982431107594841
1164 0.29394711804525503 0.2911709073606745 0.9905554077106036
1165 0.29128065210924714 0.28626982662465117 0.9827972594530013
1166 0.2885932335528792 0.28136881942840636 0.9749667931034526
1166 0.285884331535563 0.2764678884697212 0.9670620526306444
1167 0.285884331535563 0.2764678884697212 0.9670620526306444
1168 0.2831533922324604 0.2715670365967214 0.9590809930109297
1169 0.28039983734494023 0.26666626681329086 0.9510214746852557
1170 0.2776230625278422 0.26176558230228403 0.9428812574821018
1171 0.2748224358415243 0.2568649864271474 0.9346579934080343
1172 0.27199729571039877 0.25196448275502775 0.9263492201161427
1173 0.2691469491561413 0.24706407506442735 0.9179523521966324
1174 0.2662706695173954 0.24216376737371284 0.9094646729683921
1175 0.26336769417242467 0.23726356395627474 0.9008833247442272
1176 0.26043722200250374 0.23236346935514335 0.8922052983383055
1177 0.2574784104949753 0.22746348841870628 0.8834274220562087
1178 0.25449037282744835 0.2225636263189408 0.8745463486347486
1179 0.2514721744110034 0.21766388858435373 0.8655585417916108
1180 0.248422829215934 0.21276428113741122 0.8564602609548108
1181 0.2453412959332501 0.20786481032232018 0.8472475435968753
1182 0.24222647460917948 0.2029654829594798 0.8379161827250908
1183 0.23907720024835186 0.19806630638701975 0.8284617110342172
1183 0.23589223497102624 0.1931672884979674 0.8188793858419859
1184 0.23589223497102624 0.1931672884979674 0.8188793858419859
1185 0.2326702635485295 0.18826843781809788 0.8091641576656811
1186 0.22940988802104575 0.1833697635616855 0.7993106362741583
1187 0.22610962018600353 0.17847127572963006 0.7893130579000356
1188 0.22276787214095076 0.17357298518267034 0.77916525176865
1189 0.219382946596845 0.16867490374216232 0.7688605990516314
1190 0.21595302610474382 0.1637770443151607 0.7583919858373452
1191 0.21247616060886992 0.15887942101723881 0.7477517504173422
1192 0.20895025353678523 0.15398204933797033 0.7369316223914614
1193 0.2053730457975984 0.1490849463195336 0.7259226532894755
1194 0.20174209751824101 0.14418813077215892 0.7147151365327794
1195 0.19805476704231173 0.13929162352143296 0.7032985148581411
1196 0.1943081866930265 0.13439544770515105 0.6916612727052656
1197 0.19049923456635362 0.1294996291271124 0.6797908108234725
1198 0.18662450180459844 0.1246041966822623 0.6676732984006929
1199 0.18268025400267765 0.11970918286146014 0.6552934990976391
1200 0.17866238585828606 0.11481462437442963 0.6426345636372499
1201 0.17456636726714816 0.10992056290059349 0.6296777817022234
1202 0.17038717889113905 0.10502704602446981 0.6164022827772268
1203 0.16611923460890546 0.10013412839621828 0.6027846722985696
1204 0.1617562873440897 0.09524187318902434 0.5887985855314842
1205 0.1572913138303923 0.09035035395188414 0.574414134840969
1206 0.15271637208056418 0.08545965699380866 0.5595972182257261
1207 0.14802242339750796 0.08056988448321842 0.5443086434739107
1208 0.14319910739670727 0.07568115855212446 0.5285030048578688
1209 0.1382344540526178 0.07079362680223292 0.5121272210131196
1210 0.13311450965854074 0.06590746984027607 0.49511860134059693
1211 0.12782284334807797 0.061022911800787956 0.47740224049479757
1212 0.12233988511260073 0.05614023539825115 0.45888742944772337
1213 0.11664201711868565 0.0512598040410444 0.4394625993897765
1214 0.11070029071335687 0.046382095290659175 0.41898801703022814
1215 0.10447858051496696 0.04150775359496391 0.39728481560885837
1216 0.0979308416182637 0.03663767717039255 0.37411786282003906
1216 0.09099685929707556 0.03177316898534369 0.34916775403879036
1217 0.09099685929707556 0.03177316898534369 0.34916775403879036
1218 0.08359537360503787 0.02691621780895278 0.3219821462384215
1219 0.07561237486749647 0.022070069601623242 0.29188435940940816
1220 0.06687997002294477 0.01724053395829218 0.25778321898735007
1221 0.05713610858890242 0.012439506645432497 0.21771707861547698
1222 0.04595120675528704 0.007697139837130092 0.1675068051666451
1223 0.03275482164945334 0.0031238759890598804 0.09537148522718382
1224 0.02840260820546833 0.0003637757951194491 0.012807830622027581
1225 0.026232703639999234 3.4321251059303045e-05 0.0013083383066536274
1226 0.024332698785866903 3.185750363323472e-06 0.00013092466196860345
1227 0.02260248927936572 2.956976916335204e-07 1.30825276799697e-05
1228 0.02099284044700536 2.744912818398103e-08 1.3075471255675963e-06
1229 0.019490197355266217 2.547941221521091e-09 1.3072937000469325e-07
