1 2.498618581221888 4.9951102503897 1.999148764813461
2 2.497241756168692 4.990190418348298 1.9982808656877211
3 2.495877369444962 4.985285036084254 1.9974078442775782
4 2.4945145744281962 4.980380091122786 1.9965327692119863
5 2.4931477633571366 4.975475111617095 1.9956599383092288
6 2.4917725237065054 4.970570128119259 1.994792895751795
7 2.4903877992397128 4.9656651438717265 1.9939324893045525
8 2.4889971464481 4.960760158860344 1.9930758723205246
9 2.4876057746375775 4.955855172470808 1.992218872860927
10 2.486213981784045 4.950950185677029 1.991361251264604
11 2.4848215956049353 4.946045200405626 1.990503144835032
12 2.483428612378211 4.941140215240118 1.9896445545532806
13 2.4820350318848634 4.936235230148117 1.98878547914754
14 2.480640853234352 4.931330245138914 1.9879259178970878
15 2.4792460755522394 4.926425260212729 1.98706587006108
16 2.4778506980048243 4.92152027537072 1.9862053348628104
16 2.4764547196896105 4.916615290611313 1.9853443115760028
17 2.4764547196896105 4.916615290611313 1.9853443115760028
18 2.4750581397422984 4.911710305936855 1.9844827994417373
19 2.47366095727283 4.906805321345826 1.9836207977165539
20 2.472263171406837 4.901900336838904 1.9827583056416627
21 2.4708647812946265 4.896995352417036 1.9818953224349338
22 2.4694657859940494 4.892090368079703 1.9810318473841337
23 2.4680661846292775 4.887185383827399 1.9801678797205724
24 2.4666659763759937 4.8822803996602895 1.9793034186303966
25 2.465265160256314 4.877375415579218 1.978438463419536
26 2.4638637354205977 4.872470431583673 1.9775730132867555
27 2.46246170098301 4.867565447673971 1.9767070674564593
28 2.4610590560329886 4.862660463850763 1.9758406251692902
29 2.4596557996742625 4.857755480113939 1.9749736856503506
30 2.4582519309932076 4.852850496463858 1.9741062481350966
31 2.456847449109622 4.847945512900947 1.9732383118283856
32 2.4554423531067955 4.843040529424859 1.9723698759602761
33 2.454036642075738 4.838135546035995 1.971500939751118
33 2.4526303151042113 4.833230562735276 1.9706315024202552
34 2.4526303151042113 4.833230562735276 1.9706315024202552
35 2.4512233712874045 4.8283255795219535 1.969761563176543
36 2.449815809687607 4.823420596397374 1.9688911212522717
37 2.448407629405863 4.818515613360618 1.968020175843796
38 2.4469988295125598 4.81361063041296 1.96714872616912
39 2.44558940909388 4.80870564755439 1.966276771429131
40 2.444179367234624 4.803800664784461 1.965404310821731
41 2.442768702985213 4.7988956821036215 1.9645313435689087
42 2.441357415432962 4.793990699512689 1.9636578688591977
43 2.439945503654476 4.789085717011841 1.9627838858855227
44 2.4385329667275197 4.784180734601131 1.9619093938358523
45 2.4371198036800545 4.779275752280669 1.9610343919342643
46 2.435706013578238 4.774370770050458 1.9601588793700697
47 2.434291595498541 4.76946578791109 1.9592828553205055
48 2.4328765484968153 4.764560805862316 1.9584063189750265
49 2.431460871615444 4.75965582390473 1.9575292695302353
50 2.430044563921195 4.754750842039084 1.9566517061591129
51 2.4286276244576905 4.7498458602650055 1.9557736280487379
52 2.42721005229426 4.744940878582964 1.9548950343617466
53 2.4257918464440578 4.740035896993104 1.9540159243017785
54 2.4243730059711637 4.735130915495371 1.953136297027262
55 2.42295352989691 4.730225934090503 1.9522561517272519
56 2.4215334172763296 4.725320952778452 1.9513754875591829
57 2.420112667153162 4.72041597155937 1.950494303685502
58 2.418691278541114 4.7155109904342005 1.94961259928901
59 2.41726925048572 4.710606009402426 1.9487303735220596
60 2.4158465820109702 4.705701028464282 1.947847625550468
61 2.414423272131266 4.700796047620364 1.9469643545437105
62 2.4129993198909903 4.695891066870843 1.946080559642671
63 2.411574724309738 4.690986086215746 1.9451962400039011
64 2.4101494843946503 4.686081105655794 1.9443113947900132
65 2.4087235991555 4.681176125190741 1.943426023156814
66 2.407297067620905 4.676271144821 1.9425401242408722
66 2.405869888795349 4.671366164546532 1.9416536971937195
67 2.405869888795349 4.671366164546532 1.9416536971937195
68 2.4044420617014852 4.666461184368109 1.9407667411482243
69 2.4030135853452355 4.66155620428552 1.9398792552459934
70 2.4015844587151136 4.656651224299735 1.9389912386388104
71 2.400154680825975 4.651746244410026 1.938102690452101
72 2.3987242506462487 4.646841264616693 1.9372136098448045
73 2.397293167202454 4.641936284920755 1.936323995924833
74 2.39586142947925 4.637031305321548 1.9354338478287643
75 2.3944290365034266 4.63212632582041 1.9345431646555213
76 2.392995987206292 4.627221346416779 1.933651945575905
77 2.391562280582105 4.622316367111687 1.9327601897060434
78 2.3901279156654844 4.617411387904495 1.9318678961242401
79 2.388692891391388 4.612506408795301 1.9309750639851262
80 2.3872572067330355 4.607601429785182 1.930081692408289
81 2.3858208607004694 4.602696450873494 1.92918778047827
82 2.3843838522463083 4.59779147206129 1.928293327322171
83 2.3829461803205616 4.592886493348416 1.92739833206412
83 2.3815078439191435 4.587981514735596 1.9265027937868786
84 2.3815078439191435 4.587981514735596 1.9265027937868786
85 2.3800688420133693 4.583076536222154 1.925606711587887
86 2.378629173543294 4.578171557808808 1.924710084585818
87 2.377188837477319 4.573266579495934 1.9238129118716125
88 2.3757478327583836 4.568361601283805 1.9229151925520933
89 2.374306158371886 4.563456623172193 1.9220169256948128
90 2.3728638132461946 4.558551645162047 1.9211181104092627
91 2.3714207963314053 4.553646667253226 1.9202187457821613
92 2.36997710659405 4.548741689445567 1.919318830882156
93 2.368532742953419 4.5438367117397105 1.918418364811718
94 2.367087704355696 4.538931734136248 1.917517346646736
95 2.365641989737117 4.534026756635065 1.9166157754660547
96 2.3641955980486875 4.5291217792363705 1.915713650331862
97 2.3627485282256435 4.5242168019404705 1.9148109703143177
98 2.3613007791600698 4.519311824747891 1.9139077345137878
99 2.3598523498141657 4.514406847658155 1.9130039419685123
100 2.3584032390975156 4.509501870672002 1.9120995917549886
101 2.356953445935389 4.504596893789639 1.9111946829318593
102 2.3555029692308995 4.499691917011488 1.9102892145708876
103 2.354051807923693 4.494786940337141 1.909383185708902
104 2.352599960904285 4.4898819637678935 1.9084765954183245
105 2.351147427091609 4.484976987303083 1.9075694427427043
106 2.349694205400215 4.480072010943252 1.906661726724639
107 2.348240294716077 4.475167034688851 1.905753446424842
108 2.3467856939691814 4.470262058539978 1.9048446008631084
109 2.3453304020353944 4.465357082496751 1.903935189098087
110 2.343874417799944 4.460452106559246 1.9030252101757261
111 2.3424177401719475 4.455547130728141 1.9021146631177226
112 2.3409603680406352 4.4506421550033215 1.9012035469564454
113 2.33950230030014 4.445737179385666 1.9002918607155517
114 2.338043535802374 4.440832203875089 1.899379603447408
115 2.336584073442657 4.435927228471523 1.8984667741639414
116 2.3351239121135294 4.431022253175385 1.8975533718743218
116 2.33366305069637 4.426117277986727 1.896639395591392
117 2.33366305069637 4.426117277986727 1.896639395591392
118 2.3322014880174975 4.421212302905836 1.8957248443675916
119 2.330739222981832 4.416307327933639 1.894809717186479
120 2.329276254449876 4.41140235306965 1.8938940130618067
121 2.327812581298464 4.406497378314466 1.8929777309891944
122 2.3263482023591187 4.401592403668171 1.892060869995547
123 2.324883116491746 4.396687429131207 1.8911434290794882
124 2.3234173225430323 4.391782454703565 1.8902254072448166
125 2.32195081938046 4.386877480385238 1.889306803473012
126 2.320483605848145 4.381972506177086 1.8883876167595075
127 2.319015680843984 4.377067532078709 1.8874678460499743
128 2.317547043493067 4.372162558089108 1.88654749009939
129 2.316077692617516 4.367257584207901 1.8856265479040313
130 2.314607627054101 4.362352610435985 1.8847050184432923
131 2.3131368456520285 4.357447636772868 1.8837829006803044
132 2.311665347206605 4.352542663219415 1.8828601936171199
133 2.310193130540859 4.347637689775261 1.8819368962271126
133 2.3087201944889353 4.342732716441319 1.8810130074695512
134 2.3087201944889353 4.342732716441319 1.8810130074695512
135 2.307246537877155 4.33782774321685 1.8800885263037328
136 2.305772159494113 4.332922770103035 1.8791634517148816
137 2.3042970581918136 4.328017797099796 1.878237782630335
138 2.302821232750739 4.323112824207212 1.8773115180300897
139 2.301344681965333 4.318207851425385 1.8763846568770677
140 2.299867404654174 4.3133028787546595 1.8754571981088801
141 2.2983893996124753 4.308397906195903 1.8745291406766533
142 2.2969106656480824 4.303492933748829 1.873600483514922
143 2.295431201527857 4.298587961413187 1.8726712255858566
144 2.2939510060582804 4.2936829891898585 1.8717413658139708
145 2.292470078008361 4.288778017078874 1.870810903148125
146 2.290988416164632 4.28387304508082 1.8698798365172429
147 2.289506019313028 4.278968073195294 1.8689481648444013
148 2.288022886230424 4.274063101422809 1.8680158870545376
149 2.2865390156620125 4.269158129763331 1.8670830020922686
150 2.2850544064054037 4.264253158217882 1.8661495088538993
151 2.2835690572083216 4.259348186785978 1.8652154062698063
152 2.2820829668446496 4.254443215467989 1.8642806932433522
153 2.280596134050877 4.249538244264428 1.863345368702456
154 2.279108557590617 4.244633273175297 1.8624094315465844
155 2.277619804901967 4.239728302148539 1.8614732331636994
156 2.276130306870455 4.2348233312281085 1.8605364193980356
157 2.2746400622212604 4.229918360415172 1.8595989891624956
158 2.2731490696747003 4.2250133897093 1.8586609413670887
159 2.2716573279896286 4.220108419111806 1.8577222748848823
160 2.270164835897384 4.215203448621803 1.8567829886042417
161 2.2686715921325495 4.210298478239879 1.8558430814052735
162 2.26717759542784 4.205393507966802 1.8549025521634093
163 2.2656828444880124 4.20048853780214 1.8539613997701188
164 2.2641873380582167 4.195583567746438 1.853019623077921
165 2.2626910748324622 4.190678597799829 1.8520772209746408
166 2.2611940535250885 4.185773627962926 1.8511341923252957
166 2.259696272852708 4.180868658235598 1.850190535986301
167 2.259696272852708 4.180868658235598 1.850190535986301
168 2.2581977315114554 4.175963688618124 1.849246250824577
169 2.256698428214214 4.171058719110995 1.84830133568696
170 2.255198361670085 4.166153749714372 1.8473557894167372
171 2.253697530550606 4.161248780428746 1.8464096108815906
172 2.252195933563475 4.156343811254002 1.8454627989127668
173 2.250693569355484 4.15143884219075 1.8445153523851625
174 2.2491904366724547 4.146533873239202 1.8435672700857448
175 2.2476865341657497 4.1416289043995 1.8426185508722215
176 2.2461818604990906 4.136723935672046 1.841669193585637
177 2.2446764142566393 4.131818967056425 1.8407191971252317
178 2.2431701939645037 4.1269139985519665 1.8397685604310732
179 2.2416631982980544 4.122009030159557 1.8388172823148117
180 2.240155425913047 4.1171040618787975 1.8378653615968363
181 2.2386468754573188 4.112199093710208 1.8369127970976455
182 2.237137545613543 4.107294125654339 1.8359595876023345
183 2.235627434992004 4.10238915771149 1.8350057319484285
183 2.2341165422609346 4.09748418988173 1.8340512289189084
184 2.2341165422609346 4.09748418988173 1.8340512289189084
185 2.232604866059512 4.092579222165452 1.8330960773138263
186 2.231092405037602 4.087674254562677 1.8321402759173415
187 2.2295791578189736 4.082769287073988 1.8311838235283147
188 2.228065123039513 4.077864319699784 1.830226718928568
189 2.2265502993056554 4.072959352440348 1.8292689609170252
190 2.2250346852630063 4.068054385295964 1.8283105482533666
191 2.2235182795278945 4.063149418266687 1.8273514797141177
192 2.2220010806890937 4.058244451352855 1.8263917540914514
193 2.2204830873930255 4.053339484555182 1.8254313701231724
194 2.2189642982151185 4.048434517873424 1.8244703265978126
195 2.217444711770333 4.043529551308309 1.8235086222646297
196 2.2159243266525763 4.03862458485981 1.8225462558825936
197 2.21440314147492 4.033719618528862 1.821583226188061
198 2.2128811548189438 4.028814652314851 1.8206195319352725
199 2.2113583652542554 4.0239096862188655 1.8196551718817444
200 2.2098347713709554 4.019004720240326 1.8186901447600008
201 2.2083103717379613 4.014099754380583 1.8177244493134577
202 2.2067851649385792 4.009194788639217 1.8167580842654447
203 2.2052591495459786 4.004289823016916 1.815791048340656
204 2.203732324121482 3.999384857514016 1.8148233402658693
205 2.2022046872334795 3.994479892130829 1.8138549587544908
206 2.200676237404494 3.9895749268672227 1.8128859025499269
207 2.1991469732158677 3.9846699617239785 1.811916170339946
208 2.197616893231094 3.979764996701145 1.810945760819034
209 2.1960859959591374 3.9748600317991905 1.8099746727191235
210 2.1945542799669404 3.969955067018108 1.8090029047164478
211 2.1930217437553803 3.965050102358686 1.8080304555343094
212 2.1914883858617915 3.960145137821038 1.8070573238578818
213 2.189954204846375 3.955240173405259 1.8060835083456541
214 2.1884191991850104 3.95033520911205 1.8051090077180802
215 2.186883367411941 3.9454302449415652 1.804133820639356
216 2.185346708045038 3.9405252808941538 1.803157945779349
216 2.1838092195862355 3.935620316970072 1.802181381813083
217 2.1838092195862355 3.935620316970072 1.802181381813083
218 2.1822709005500043 3.9307153531694596 1.8012041273971944
219 2.180731749426559 3.9258103894929293 1.800226181200532
220 2.1791917646971686 3.9209054259408274 1.7992475418911544
221 2.177650944876364 3.916000462513114 1.798268208101388
222 2.1761092884344544 3.911095499210412 1.7972881784922434
223 2.1745667938541424 3.906190536033006 1.796307451706177
224 2.1730234596152265 3.901285572981338 1.795326026379914
225 2.171479284188401 3.8963806100552962 1.794343901149204
226 2.1699342660364316 3.8914756472557226 1.793361074648511
227 2.1683884036138963 3.8865706845822494 1.792377545510197
228 2.1668416953889267 3.8816657220360615 1.7913933123477859
229 2.1652941398076084 3.8767607596171474 1.7904083737840841
230 2.163745735336044 3.871855797325768 1.7894227284170445
231 2.162196480391151 3.8669508351620063 1.7884363748767447
232 2.1606463734141514 3.8620458731265295 1.7874493117649357
233 2.1590954128503923 3.857140911219514 1.786461537671185
233 2.15754359712877 3.8522359494419125 1.7854730511904446
234 2.15754359712877 3.8522359494419125 1.7854730511904446
235 2.1559909246736666 3.847330987793408 1.7844838509121947
236 2.1544373938947765 3.8424260262736754 1.7834939354294093
237 2.1528830032072013 3.8375210648845335 1.782503303322887
238 2.151327751018575 3.8326161036250026 1.7815119531695711
239 2.1497716357306453 3.8277111424960824 1.780519883543423
240 2.1482146557745274 3.8228061814979037 1.779527092984854
241 2.1466568095136713 3.8179012206314393 1.7785335800818536
242 2.1450980953285206 3.812996259896342 1.7775393433988314
243 2.1435385116333245 3.8080912992930354 1.7765443814636024
244 2.1419780567864826 3.80318633882161 1.7755486928411242
245 2.140416729167198 3.7982813784829985 1.7745522760704873
246 2.1388545271423385 3.793376418277331 1.7735551296915697
247 2.1372914490624875 3.7884714582050147 1.7725572522487794
248 2.1357274933151875 3.783566498266204 1.7715586422466072
249 2.1341626582413626 3.7786615384610953 1.770559298219034
250 2.1325969421870044 3.7737565787904264 1.769559218686862
251 2.131030343497664 3.7688516192539154 1.7685584021615066
252 2.1294628605140393 3.7639466598525395 1.7675568471496825
253 2.127894491554518 3.7590417005863057 1.7665545521668065
254 2.1263252349588733 3.754136741456109 1.7655515157015576
255 2.1247550890567926 3.749231782461399 1.7645477362408548
256 2.12318405215252 3.7443268236027962 1.7635432122838028
257 2.1216121225740485 3.7394218648811783 1.7625379423003673
258 2.120039298618087 3.7345169062966743 1.7615319247765635
259 2.118465578569283 3.729611947849431 1.7605251581988148
260 2.1168909607372677 3.724706989539578 1.7595176410231081
261 2.115315443409558 3.7198020313681277 1.7585093717145033
262 2.1137390248755485 3.7148970733350013 1.757500348726222
263 2.112161703413518 3.709992115440588 1.7564905705111382
264 2.1105834772842553 3.7050871576853663 1.755480035526859
265 2.109004344845172 3.700182200069335 1.7544687421404892
266 2.1074243045337027 3.695277242591614 1.7534566886421317
266 2.10584335461926 3.690372285252637 1.7524438734522412
267 2.10584335461926 3.690372285252637 1.7524438734522412
268 2.1042614933336456 3.685467328052849 1.7514302950125276
269 2.1026787189361493 3.680562370992405 1.7504159517316018
270 2.101095029673606 3.6756574140716745 1.7494008420183966
271 2.099510423768023 3.670752457291115 1.7483849642923708
272 2.097924899464761 3.6658475006510787 1.7473683169432512
273 2.096338454963511 3.6609425441516694 1.746350898388396
274 2.0947510884910465 3.6560375877934814 1.7453327070125106
275 2.0931627982572665 3.651132631576768 1.7443137412038097
276 2.0915735824586648 3.646227675501962 1.7432939993513337
277 2.089983439304107 3.6413227195693265 1.742273479823248
278 2.0883923669792566 3.6364177637793076 1.7412521809966122
279 2.0868003636771646 3.6315128081317853 1.7402301012314723
280 2.0852074275741 3.6266078526279677 1.7392072388918691
281 2.083613556843354 3.621702897267747 1.7381835923330131
282 2.082018749664365 3.6167979420513747 1.737159159894418
283 2.0804230041952048 3.611892986979055 1.7361339399226108
283 2.078826318598958 3.606988032051335 1.7351079307492574
284 2.078826318598958 3.606988032051335 1.7351079307492574
285 2.0772286910117312 3.6020830772689023 1.7340811307177153
286 2.0756301195892357 3.5971781226320356 1.7330535381438348
287 2.0740306024615878 3.592273168140748 1.7320251513537053
288 2.0724301377648926 3.587368213795512 1.7309959686575846
289 2.0708287236331393 3.582463259596915 1.7299659883564429
290 2.0692263581827253 3.577558305544967 1.7289352087545014
291 2.067623039536352 3.5726533516400747 1.7279036281396891
292 2.0660187657926485 3.5677483978830806 1.7268712448089882
293 2.0644135350547215 3.5628434442740287 1.7258380570439287
294 2.0628073454151328 3.5579384908130227 1.7248040631235004
295 2.061200194967536 3.55303353750105 1.7237692613147706
296 2.059592081795503 3.548128584337939 1.7227336498811772
297 2.057983003966322 3.543223631324376 1.7216972270886446
298 2.0563729595441584 3.538318678460594 1.7206599911938845
299 2.054761946615084 3.5334137257470917 1.7196219404237396
300 2.0531499632134733 3.5285087731841074 1.7185830730364609
301 2.0515370073982653 3.5236038207719114 1.7175433872579775
302 2.049923077220794 3.518698868511206 1.716502881308952
303 2.048308170707842 3.5137939164019336 1.7154615534183304
304 2.0466922858837413 3.508888964444984 1.7144194018056216
305 2.045075420779133 3.503984012640585 1.713376424672708
306 2.0434575734152767 3.4990790609887417 1.712332620217141
307 2.041838741804743 3.4941741094902947 1.7112879866320199
308 2.0402189239419255 3.489269158145613 1.7102425221132465
309 2.0385981178375885 3.484364206955166 1.709196224830793
310 2.03697632146818 3.4794592559187287 1.7081490929707313
311 2.03535353283161 3.4745543050372367 1.7071011246893268
312 2.033729749892288 3.469649354310739 1.706052318158055
313 2.032104970599389 3.4647444037399926 1.7050026715490159
314 2.030479192947383 3.4598394533252717 1.7039521829835014
315 2.028852232040343 3.454934503043856 1.7029010040663994
316 2.0272241009959924 3.450029552892776 1.7018491202811505
316 2.025594966209222 3.4451246028924167 1.7007963884012598
317 2.025594966209222 3.4451246028924167 1.7007963884012598
318 2.0239648256017397 3.4402196530436253 1.6997428065583218
319 2.0223336770999256 3.4353147033466414 1.698688372866818
320 2.020701518636691 3.4304097538020284 1.6976330854229413
321 2.019068348126518 3.425504804410125 1.696576942325222
322 2.0174341634696646 3.4205998551713748 1.6955199416711022
323 2.0157989625657016 3.41569490608642 1.6944620815455407
324 2.014162743306949 3.410789957155204 1.6934033600260152
325 2.012525503575116 3.405885008378619 1.6923437751861001
326 2.010887241251386 3.4009800597569697 1.6912833250861554
327 2.009247954207683 3.3960751112905667 1.6902220077808956
328 2.0076076402953005 3.39117016297983 1.6891598213289425
329 2.0059662973831887 3.3862652148252197 1.6880967637605129
330 2.0043239233062358 3.3813602668273806 1.687032833120932
331 2.002680515903715 3.3764553189867526 1.6859680274380249
332 2.0010360730117234 3.3715503713033126 1.684902344728275
333 1.999390592462348 3.3666454237780465 1.683835782998187
333 1.9977440720662027 3.3617404764111947 1.6827683402580462
334 1.9977440720662027 3.3617404764111947 1.6827683402580462
335 1.9960965096275884 3.3568355292032126 1.6817000145095675
336 1.9944479029506714 3.351930582154345 1.6806308037404014
337 1.9927982498344177 3.3470256352654917 1.6795607059287598
338 1.991147548046401 3.3421206885366215 1.6784897190646255
339 1.9894957953870278 3.337215741968586 1.6774178410964566
340 1.9878429896131145 3.332310795561471 1.6763450699947005
341 1.9861891284880708 3.3274058493160013 1.6752714037101255
342 1.9845342097639755 3.3225009032326627 1.6741968401884157
343 1.9828782311945747 3.3175959573118257 1.6731213773591922
344 1.9812211905064832 3.312691011554116 1.67204501316042
345 1.979563085424835 3.307786065959649 1.670967745516311
346 1.977903913684085 3.3028811205291952 1.6698895723287084
347 1.976243673005033 3.297976175263152 1.6688104914958797
348 1.9745823610743976 3.293071230161955 1.6677305009299028
349 1.9729199755997255 3.288166285226133 1.666649598510249
350 1.9712565142626084 3.283261340456077 1.6655677821230956
350 1.9712565142626084 3.283261340456077 1.6655677821230956
351 1.969591974748844 3.278356395852353 1.6644850496359271
352 1.9679263547187744 3.2734514514154176 1.6634013989223742
353 1.966259651846762 3.2685465071454916 1.662316827828709
354 1.9645918637738191 3.2636415630434734 1.6612313342142662
355 1.9629229881648464 3.2587366191094387 1.6601449159022075
356 1.961253022641189 3.253831675344318 1.6590575707373205
357 1.9595819648415957 3.248926731748226 1.6579692965335366
358 1.957909812378177 3.244021788321865 1.6568800911118122
359 1.9562365628685285 3.239116845066008 1.655789952272606
360 1.9545622139132943 3.234211901980464 1.6546988778142497
361 1.9528867631106115 3.229306959066383 1.6536068655218157
362 1.9512102080340228 3.2244020163239395 1.6525139131845483
363 1.9495325462643502 3.2194970737535806 1.6514200185694297
364 1.9478537753756602 3.21459213135595 1.6503251794329317
365 1.9461738929262566 3.20968718913118 1.6492293935281968
366 1.9444928964468604 3.2047822470803355 1.6481326586157146
366 1.942810783502179 3.1998773052035516 1.6470349724100977
367 1.942810783502179 3.1998773052035516 1.6470349724100977
368 1.941127551610241 3.194972363501558 1.6459363326491367
369 1.9394431982928482 3.190067421974451 1.644836737050323
370 1.937757721053359 3.185162480623322 1.643736183330431
371 1.9360711174158065 3.1802575394483283 1.6426346691712514
372 1.9343833848555083 3.1753525984501123 1.6415321922790915
373 1.932694520865663 3.1704476576293996 1.640428750327983
374 1.931004522911954 3.165542716986366 1.6393243409977774
375 1.9293133884706337 3.160637776521841 1.6382189619423508
376 1.9276211149626041 3.155732836235651 1.6371126108446223
377 1.925927699734356 3.1508278961284195 1.6360052854336196
378 1.9242331402230877 3.1459229562005007 1.634896983343596
379 1.9225374338580667 3.1410180164525414 1.633787702197964
380 1.920840578053272 3.1361130768849588 1.6326774396151802
381 1.9191425702200766 3.1312081374983802 1.631566193198096
382 1.9174434077662483 3.1263031982932126 1.6304539605344817
383 1.9157430880762205 3.121398259270434 1.6293407392141117
383 1.9140416085229308 3.116493320430089 1.628226526817822
384 1.9140416085229308 3.116493320430089 1.628226526817822
385 1.912338966465874 3.1115883817731156 1.6271113209200208
386 1.9106351592796451 3.1066834432998762 1.6259951190635316
387 1.908930184302541 3.1017785050109685 1.6248779188036435
388 1.9072240388723736 3.096873566906998 1.623759717677422
389 1.905516720325509 3.0919686289884796 1.6226405132043635
390 1.903808225971095 3.0870636912559997 1.6215203029083192
391 1.9020985531201549 3.0821587537103636 1.6203990842926974
392 1.9003876990787518 3.0772538163517753 1.6192768548457408
393 1.8986756611282989 3.0723488791807614 1.6181536120576805
394 1.8969624365359197 3.067443942198357 1.6170293534119087
395 1.8952480225732327 3.0625390054047306 1.6159040763681334
396 1.8935324164938077 3.0576340688007497 1.6147777783823059
397 1.8918156155477206 3.052729132386679 1.6136504568934165
398 1.890097616958049 3.047824196163492 1.6125221093441222
399 1.8883784179583747 3.0429192601317956 1.6113927331480815
400 1.8866580157538861 3.038014324292096 1.6102623257231605
401 1.8849364075416877 3.0331093886446325 1.6091308844739112
402 1.8832135905191714 3.0282044531903227 1.6079984067848065
403 1.8814895618712215 3.0232995179297983 1.6068648900305342
404 1.8797643187557516 3.0183945828636753 1.6057303315883784
405 1.878037858445391 3.013489647991866 1.6045947287166955
406 1.876310178167141 3.008584713314583 1.6034580786922423
407 1.8745812750587534 3.0036797788326055 1.6023203788475182
408 1.8728511462399267 2.998774844546547 1.6011816265094572
409 1.8711197888292246 2.993869910456984 1.600041818984916
410 1.869387199927153 2.988964976564515 1.5989009535750487
411 1.8676533766106265 2.9840600428697592 1.5977590275799256
412 1.8659183159603039 2.979155109372932 1.5966160382748027
413 1.8641820150392103 2.9742501760753335 1.5954719829290782
414 1.8624444709037462 2.9693452429769662 1.5943268587954729
415 1.8607056805989413 2.9644403100788685 1.593180663115215
416 1.858965641137897 2.9595353773816395 1.592033393134727
416 1.857224349546647 2.954630444885814 1.590885046067292
417 1.857224349546647 2.954630444885814 1.590885046067292
418 1.855481802833175 2.9497255125919075 1.5897356191194698
419 1.853737997981852 2.944820580500906 1.5885851094960053
420 1.8519929319831032 2.939915648613167 1.5874335143736873
421 1.8502466017989008 2.935010716929443 1.586280830931337
422 1.8484990043825602 2.9301057854502095 1.5851270563323512
423 1.8467501366808914 2.9252008541765044 1.5839721877231752
424 1.8449999956280478 2.9202959231084384 1.5828162222376343
425 1.8432485781404215 2.9153909922466763 1.5816591570019793
426 1.8414958811210476 2.9104860615924064 1.5805009891309612
427 1.8397419014620724 2.9055811311461164 1.5793417157249092
428 1.8379866360548462 2.900676200908306 1.5781813338613135
429 1.8362300817547517 2.895771270879434 1.5770198406248501
430 1.8344722354310783 2.8908663410607875 1.5758572330648928
431 1.8327130939140628 2.885961411452702 1.574693508239881
432 1.8309526540304322 2.8810564820557008 1.5735286631872758
433 1.8291909125992165 2.876151552870688 1.5723626949271123
433 1.8274278664322952 2.8712466238981382 1.5711956004609366
434 1.8274278664322952 2.8712466238981382 1.5711956004609366
435 1.8256635123128888 2.866341695138931 1.5700273767906072
436 1.823897847011313 2.8614367665938123 1.5688580209043166
437 1.8221308672968024 2.85653183826321 1.5676875297661683
438 1.8203625699225618 2.8516269101480964 1.5665159003293527
439 1.8185929516141695 2.8467219822489613 1.5653431295454172
440 1.816822009102771 2.8418170545667722 1.564169214336076
441 1.8150497390902973 2.8369121271020052 1.5629941516224592
442 1.813276138279813 2.8320071998553016 1.561817938299194
443 1.8115012033418705 2.8271022728276867 1.560640571263341
444 1.809724930946295 2.8221973460197645 1.5594620473864242
445 1.8079473177452678 2.8172924194318028 1.5582823635288843
446 1.806168360379843 2.8123874930652537 1.5571015165351472
447 1.8043880554755396 2.8074825669201733 1.5559195032358335
448 1.802606399639285 2.8025776409977983 1.554736320451661
449 1.8008233894609686 2.797672715298729 1.553551964990938
450 1.7990390215354752 2.792767789823616 1.55236643363077
451 1.7972532924183637 2.7878628645732664 1.5511797231551874
452 1.7954661986619458 2.782957939548155 1.549991830323583
453 1.7936777368064143 2.778053014749591 1.5488027518788439
454 1.7918879033779578 2.7731480901778336 1.5476124845477577
455 1.7900966948780728 2.7682431658341993 1.5464210250512473
456 1.7883041077994146 2.763338241718826 1.5452283700892646
457 1.7865101386174245 2.7584333178325724 1.5440345163489062
458 1.7847147838027364 2.7535283941766995 1.5428394604933386
459 1.782918039790901 2.748623470751685 1.5416431991871264
460 1.781119903019973 2.7437185475580246 1.5404457290640121
461 1.7793203698980904 2.738813624596941 1.5392470467551638
462 1.7775194368331289 2.733908701869215 1.538047148862694
463 1.775717100208477 2.7290037793751676 1.5368460319804154
464 1.773913356400489 2.724098857116059 1.5356436926793458
465 1.7721082017461187 2.7191939350925196 1.5344401275346533
466 1.7703016325864172 2.714289013305188 1.5332353330881823
466 1.7684936452472322 2.7093840917552114 1.5320293058652437
467 1.7684936452472322 2.7093840917552114 1.5320293058652437
468 1.7666842360322739 2.7044791704431232 1.5308220423798007
469 1.764873401231189 2.6995742493701145 1.5296135391280026
470 1.7630611371092033 2.694669328536532 1.5284037925961187
471 1.7612474399278681 2.6897644079435787 1.5271927992433239
472 1.7594323059287542 2.6848594875917096 1.5259805555147226
473 1.7576157313245382 2.6799545674820466 1.5247670578496897
474 1.7557977123327178 2.6750496476153818 1.523552302651861
475 1.753978245127707 2.670144727992497 1.5223362863306689
476 1.7521573258934349 2.6652398086144062 1.5211190052556414
477 1.750334950783757 2.6603348894817653 1.5199004557902092
478 1.748511115934258 2.655429970595426 1.5186806342815766
479 1.7466858174508266 2.6505250519565116 1.5174595370704842
480 1.7448590514500586 2.6456201335653917 1.5162371604553153
481 1.7430308140140964 2.6407152154233837 1.5150135007320802
482 1.7412011012131057 2.635810297531377 1.5137885541738927
483 1.7393699090923427 2.630905379889973 1.5125623170420726
483 1.7375372336848511 2.626000462500281 1.5113347855753498
484 1.7375372336848511 2.626000462500281 1.5113347855753498
485 1.735703071004895 2.6210955453629827 1.5101059559948147
486 1.7338674170510697 2.616190628479077 1.508875824501418
487 1.7320302678017194 2.611285711849576 1.5076443872795602
488 1.730191619206546 2.6063807954753884 1.506411640504106
489 1.7283514672116405 2.601475879356935 1.5051775803181464
490 1.7265098077390058 2.596570963495874 1.5039422028515892
491 1.7246666366906893 2.591666047892685 1.502705504215936
492 1.722821949953071 2.5867611325484265 1.5014674805013304
493 1.7209757433888895 2.581856217463841 1.5002281277827505
494 1.7191280128411455 2.5769513026398974 1.4989874421166902
495 1.7172784892715964 2.572046388034643 1.4977456505179927
496 1.7154274341551876 2.5671414736878466 1.4965025174335693
497 1.7135748432200302 2.562236559600545 1.4952580389110808
498 1.7117207122511453 2.557331645773405 1.4940122109115372
499 1.709865037002597 2.5524267322078256 1.4927650293863217
500 1.7080078132062975 2.5475218189045323 1.4915164902684412
501 1.7061490365741778 2.5426169058645107 1.4902665894709286
502 1.7042887027925193 2.5377119930890473 1.4890153228915637
503 1.702426807522799 2.532807080578822 1.4877626864113525
504 1.7005633464252292 2.5279021683350003 1.4865086758743378
505 1.6986983151234976 2.5229972563584258 1.485253287117672
506 1.696831709227793 2.518092344650211 1.4839965159515809
507 1.6949635243229304 2.513187433211529 1.4827383581693572
508 1.6930937559787 2.5082825220430798 1.481478809537725
509 1.6912223997403808 2.503377611146398 1.480217865805639
510 1.6893494511274554 2.4984727005222664 1.4789555227042044
511 1.6874749056509055 2.4935677901716793 1.4776917759318273
512 1.6855987587807082 2.4886628800956445 1.4764266211822792
513 1.6837210059865841 2.4837579702956036 1.4751600541089847
514 1.6818416427033793 2.4788530607720833 1.473892070354254
515 1.6799606643518625 2.473948151526451 1.4726226655318224
516 1.6780780663168693 2.469043242559866 1.4713518352450952
516 1.6761938439766646 2.4641383338731035 1.4700795750610145
517 1.6761938439766646 2.4641383338731035 1.4700795750610145
518 1.6743079926693194 2.4592334254677337 1.4688058805399486
519 1.6724205077273429 2.454328517344383 1.4675307472039896
520 1.6705313844587952 2.4494236095044246 1.4662541705542207
521 1.6686406181457243 2.44451870194893 1.4649761460711652
522 1.6667482040464237 2.439613794679061 1.4636966692127364
523 1.6648541373909331 2.434708887695923 1.4624157354177967
524 1.6629584133924418 2.4298039810006458 1.4611333400958813
525 1.6610610272383812 2.424899074594397 1.459849478634716
526 1.6591619740939647 2.419994168478139 1.4585641463966468
527 1.657261249093374 2.4150892626533413 1.4572773387264963
528 1.6553588473659377 2.410184357120874 1.4559890509275615
529 1.6534547639990815 2.405279451881997 1.4546992782944577
530 1.651548994059444 2.4003745469381337 1.4534080160940943
531 1.649641532595827 2.3954696422901196 1.452115259562288
532 1.6477323746252102 2.390564737939281 1.4508210039163878
533 1.6458215151375473 2.3856598338867747 1.4495252443503246
533 1.6439089491000753 2.380754930133942 1.4482279760306906
534 1.6439089491000753 2.380754930133942 1.4482279760306906
535 1.6419946714652787 2.375850026681945 1.4469291940891564
536 1.6400786771457283 2.3709451235318224 1.445628893644322
537 1.6381609610328745 2.3660402206851776 1.444327069785236
538 1.6362415180022314 2.361135318142887 1.4430237175656773
539 1.6343203428925868 2.3562304159063365 1.4417188320228822
540 1.632397430523127 2.351325513976861 1.4404124081617444
541 1.630472775821359 2.3464206123551916 1.4391044408411973
542 1.6285463735639099 2.34151571104266 1.4377949250032644
543 1.626618218490939 2.336610810040483 1.4364838555713613
544 1.624688305302433 2.331705909349767 1.4351712274532091
545 1.6227566286847883 2.3268010089720694 1.4338570355173315
546 1.6208231832898792 2.321896108908641 1.432541274610691
547 1.6188879637478226 2.316991209160638 1.4312239395471595
548 1.616950964657075 2.312086309729547 1.4299050251161434
549 1.6150121805848854 2.30718141061627 1.4285845260812284
550 1.6130716060769352 2.302276511822851 1.42726243717233
551 1.6111292356488809 2.2973716133499074 1.4259387530911776
552 1.6091850637825837 2.292466715199196 1.4246134685158438
553 1.6072390849418843 2.2875618173719645 1.4232865780853505
554 1.6052912935549655 2.282656919869817 1.4219580764154056
555 1.6033416840191972 2.2777520226937114 1.4206279580930794
556 1.6013902507043667 2.27284712584511 1.4192962176742396
557 1.5994369879578776 2.2679422293256697 1.4179628496783254
558 1.5974818900809584 2.263037333136508 1.4166278486085497
559 1.595524951364994 2.25813243727924 1.4152912089199081
560 1.5935661660554785 2.253227541755184 1.4139529250502048
561 1.591605528373318 2.2483226465656383 1.4126129914008974
562 1.5896430325118156 2.243417751712227 1.4112714023395387
563 1.5876786726305272 2.238512857196498 1.4099281522045286
564 1.5857124428491212 2.233607963019372 1.4085832353097687
565 1.583744337273687 2.228703069182879 1.4072366459219336
566 1.581774349966029 2.2237981756884886 1.4058883782862253
566 1.579802474958315 2.2188932825373002 1.4045384266130159
567 1.579802474958315 2.2188932825373002 1.4045384266130159
568 1.5778287062504432 2.213988389731074 1.403186785080367
569 1.575853037818818 2.2090834972711995 1.4018334478250924
570 1.5738754635904837 2.2041786051592953 1.4004784089656626
571 1.5718959774765602 2.199273713396768 1.3991216625716973
572 1.569914573342021 2.19436882198523 1.3977632026906255
573 1.5679312450283416 2.189463930926336 1.3964030233269316
574 1.5659459863375558 2.184559040221311 1.395041118455542
575 1.5639587910415862 2.1796541498720647 1.3936774820137234
576 1.561969652872934 2.174749259880155 1.3923121079082004
577 1.5599785655329788 2.169844370246848 1.3909449900072852
578 1.5579855226950612 2.164939480974033 1.3895761221381828
579 1.5559905179848041 2.1600345920632096 1.388205498103366
580 1.5539935450000342 2.155129703516071 1.3868331116626507
581 1.5519945973039582 2.150224815334231 1.3854589565385642
582 1.549993668424616 2.145319927519255 1.384083026416306
583 1.5479907518490164 2.140415040072966 1.3827053149486332
583 1.5459858410256948 2.135510152997154 1.3813258157528372
584 1.5459858410256948 2.135510152997154 1.3813258157528372
585 1.5439789293774917 2.130605266292939 1.3799445223983502
586 1.541970010286882 2.125700379962626 1.3785614284204797
587 1.53995907709445 2.120795494007572 1.3771765273198215
588 1.537946123109297 2.1158906084296847 1.3757898125533459
589 1.5359311415913819 2.110985723230447 1.3744012775489725
590 1.5339141257768525 2.106080838411805 1.3730109156828958
591 1.5318950688544375 2.1011759539753903 1.3716187202995993
592 1.5298739639737786 2.0962710699231235 1.3702246847041921
593 1.5278508042523125 2.0913661862568316 1.3688288021553832
594 1.5258255827675677 2.086461302977849 1.367431065871494
595 1.5237982925531701 2.081556420088497 1.3660314690343864
596 1.5217689266082084 2.0766515375904837 1.364630004779388
597 1.5197374778748098 2.0717466554854322 1.3632266662151071
598 1.5177039392797567 2.06684177377527 1.3618214463857243
599 1.515668303689147 2.0619368924621893 1.3604143383109752
600 1.5136305639388474 2.0570320115476597 1.3590053349575242
601 1.5115907128213257 2.0521271310337608 1.3575944292509874
602 1.5095487430849832 2.0472222509222924 1.3561816140752732
603 1.5075046474341303 2.042317371215159 1.3547668822721803
604 1.5054584185345687 2.0374124919144267 1.3533502266357302
605 1.503410049007578 2.0325076130220063 1.3519316399166637
606 1.5013595314337533 2.0276027345396583 1.3505111148182865
607 1.4993068583383466 2.022697856469768 1.349088644009463
608 1.4972520222191636 2.0177929788137834 1.3476642200977602
609 1.4951950155208786 2.012888101574331 1.3462378356532338
610 1.4931358306426656 2.007983224752916 1.344809483199297
611 1.4910744599438055 2.003078348351674 1.3433791552080938
612 1.4890108957307553 1.998173472372823 1.3419468441110287
613 1.4869451302691798 1.9932685968182624 1.3405125422868989
614 1.4848771557792473 1.9883637216900771 1.3390762420656985
615 1.482806964431597 1.9834588469904648 1.3376379357314268
616 1.4807345483503043 1.9785539727216785 1.3361976155185937
616 1.478659899609917 1.9736490988854756 1.3347552736137234
617 1.478659899609917 1.9736490988854756 1.3347552736137234
618 1.476583010243601 1.968744225484452 1.3333109021480993
619 1.4745038722334618 1.9638393525202515 1.3318644932044723
620 1.4724224775090566 1.958934479995497 1.3304160388188913
621 1.4703388179529868 1.9540296079120862 1.3289655309736679
622 1.4682528853982164 1.9491247362724096 1.3275129615997807
623 1.4661646716339536 1.9442198650786122 1.3260583225702025
624 1.4640741683837328 1.9393149943330619 1.3246016057191774
625 1.4619813673428128 1.934410124037952 1.3231428028072547
626 1.45988626013184 1.9295052541956486 1.3216819055625593
627 1.4577888383326443 1.9246003848081163 1.3202189056471243
628 1.4556890934733322 1.9196955158780429 1.318753794670243
629 1.4535870170272154 1.9147906474077392 1.3172865641877762
630 1.4514826004188288 1.9098857793992454 1.3158172056958473
631 1.4493758350114327 1.9049809118553858 1.31434571064196
632 1.4472667121220446 1.9000760447781535 1.3128720704093169
633 1.445155223010759 1.8951711781702547 1.3113962763266056
633 1.4430413588797235 1.8902663120339371 1.3099183196671562
634 1.4430413588797235 1.8902663120339371 1.3099183196671562
635 1.4409251108777084 1.885361446371803 1.3084381916443775
636 1.4388064700980432 1.8804565811862013 1.3069558834122168
637 1.4366854275761083 1.87555171647967 1.3054713860667406
638 1.4345619742925078 1.8706468522548243 1.3039846906421615
639 1.4324361011708202 1.8657419885138202 1.302495788111478
640 1.4303077990718742 1.8608371252597602 1.3010046693916206
641 1.4281770587978877 1.8559322624948813 1.2995113253373778
642 1.4260438711022405 1.851027400221902 1.2980157467323754
643 1.4239082266631224 1.846122538443276 1.2965179243114549
644 1.4217701161141127 1.8412176771619155 1.2950178487322612
645 1.4196295300178972 1.836312816380216 1.2935155105973781
646 1.4174864588784382 1.8314079561008938 1.2920109004427203
647 1.4153408931380984 1.8265030963268203 1.2905040087389066
648 1.4131928231774056 1.8215982370606703 1.2889948258900799
649 1.411042239312384 1.8166933783050787 1.2874833422352918
650 1.4088891317982875 1.8117885200631703 1.2859695480443003
651 1.4067334908226077 1.8068836623372089 1.284453433521802
652 1.4045753065121738 1.8019788051304249 1.2829349888010484
653 1.4024145689235092 1.7970739484453617 1.2814142039502572
654 1.4002512680506958 1.7921690922852853 1.2798910689652025
655 1.39808539381819 1.7872642366527787 1.2783655737735276
656 1.3959169360885535 1.782359381550639 1.2768377082270537
657 1.3937458846501145 1.77745452698238 1.2753074621121423
658 1.391572229227559 1.7725496729504264 1.273774825137422
659 1.3893959594750636 1.7676448194580183 1.2722397869401199
660 1.3872170650414826 1.7627399665080068 1.270702337024159
661 1.3850355355029 1.7578351141036657 1.2691624648210948
662 1.3828513603050288 1.7529302622479714 1.2676201597410375
663 1.3806645288123118 1.7480254109438802 1.2660754111265413
664 1.3784750303263569 1.743120560194859 1.264528208234698
665 1.3762828540684107 1.7382157100036297 1.2629785402508753
666 1.3740879891896853 1.7333108603738472 1.2614263962790326
666 1.371890424764945 1.7284060113082076 1.2598717653447773
667 1.371890424764945 1.7284060113082076 1.2598717653447773
668 1.3696901497931837 1.7235011628103813 1.2583146363946776
669 1.367487153200791 1.7185963148832841 1.2567549982906048
670 1.3652814238313633 1.7136914675304165 1.2551928398185603
671 1.363072950458082 1.708786620755034 1.2536281496751656
672 1.360861721766995 1.7038817745604937 1.2520609164817336
673 1.3586477263732153 1.698976928950205 1.2504911287677691
674 1.3564309528058625 1.694072083927524 1.2489187749831496
675 1.3542113895184669 1.689167239495934 1.247343843487073
676 1.3519890248788655 1.684262395659021 1.2457663225557074
677 1.3497638471758084 1.6793575524199393 1.2441862003740576
678 1.3475358446114725 1.6744527097825863 1.2426034650420539
679 1.3453050053062072 1.6695478677504585 1.2410181045676327
680 1.3430713172966628 1.6646430263270149 1.239430106867007
681 1.3408347685288298 1.6597381855159983 1.2378394597695814
682 1.3385953468652128 1.654833345321057 1.2362461510092844
683 1.336353040081783 1.649928505745817 1.2346501682256388
683 1.334107835867194 1.6450236667942786 1.2330514989629633
684 1.334107835867194 1.6450236667942786 1.2330514989629633
685 1.3318597218146775 1.6401188284699066 1.23145013067534
686 1.3296086854324851 1.6352139907767096 1.2298460507159064
687 1.3273547141379354 1.63030915371855 1.2282392463399443
688 1.3250977952565197 1.6254043172989758 1.22662970470366
689 1.3228379160145116 1.620499481522233 1.2250174128698441
690 1.3205750635508882 1.6155946463923565 1.2234023577941806
691 1.3183092249067083 1.6106898119129502 1.2217845263329115
692 1.3160403870270039 1.6057849780884959 1.22016390524005
693 1.3137685367631826 1.6008801449225856 1.2185404811617566
694 1.3114936608661645 1.5959753124198162 1.2169142406420541
695 1.309215745983938 1.5910704805839988 1.2152851701216238
696 1.306934778669703 1.586165649419391 1.2136532559290452
697 1.3046507453732785 1.581260818930287 1.2120184842862805
698 1.3023636324450778 1.5763559891208645 1.2103808413026622
699 1.3000734261298308 1.5714511599956769 1.208740312978865
700 1.2977801125661406 1.5665463315589407 1.2070968852045054
700 1.2977801125661406 1.5665463315589407 1.2070968852045054
701 1.2954836777889513 1.5616415038147975 1.2054505437537486
702 1.2931841077282815 1.5567366767679822 1.2038012742846647
703 1.2908813882056807 1.5518318504228625 1.202149062339416
704 1.288575504927204 1.5469270247841351 1.2004938933489397
705 1.2862664434982751 1.5420221998560244 1.1988357526160498
706 1.2839541894041349 1.53711737564358 1.1971746253321816
707 1.2816387280251524 1.5322125521510035 1.1955104965593186
708 1.2793200446216493 1.527307729383411 1.1938433512429663
709 1.2769979784701815 1.5224029073128151 1.1921733103576435
710 1.2746726389484677 1.517498085969419 1.1905002426515316
711 1.2723440332372924 1.5125932653632905 1.1888241119146992
712 1.270012146134267 1.5076884454991106 1.1871449025808893
713 1.2676769623175854 1.5027836263819012 1.1854625989530412
714 1.2653384663408795 1.4978788080166512 1.1837771852050263
715 1.2629966426325379 1.4929739904084405 1.1820886453795691
716 1.2606514755031608 1.4880691735624025 1.180396963378378
716 1.2583029491276077 1.483164357483733 1.1787021229760477
717 1.2583029491276077 1.483164357483733 1.1787021229760477
718 1.255951047561434 1.4782595421778089 1.1770041078018216
719 1.2535957547254877 1.4733547276495174 1.1753029013504857
720 1.2512370544195066 1.468449913904535 1.1735984869676044
721 1.2488749303045223 1.4635451009482676 1.171890847862084
722 1.2465093659061814 1.458640288785936 1.170179967099999
723 1.2441403446209818 1.4537354774233484 1.168465827596177
724 1.2417678497068585 1.4488306668656599 1.1667484121188048
725 1.2393918642830966 1.4439258571190294 1.1650277032875649
726 1.237012371328654 1.4390210481886752 1.1633036835703163
727 1.2346293536885717 1.4341162400804706 1.1615763352749657
728 1.2322427940536071 1.4292114328004952 1.1598456405648245
729 1.2298526749793917 1.424306626354301 1.1581115814365064
730 1.2274589788725394 1.4194018207479153 1.1563741397302594
731 1.2250616879866425 1.414497015987377 1.1546332971297688
732 1.2226607844347945 1.4095922120787396 1.1528890351467016
733 1.2202562501709222 1.4046874090282102 1.1511413351346937
733 1.2178480670007583 1.3997826068417678 1.1493901782749196
734 1.2178480670007583 1.3997826068417678 1.1493901782749196
735 1.2154362165702859 1.3948778055259092 1.1476355455837666
736 1.2130206803748245 1.3899730050869434 1.1458774178997844
737 1.2106014397431424 1.3850682055310588 1.1441157758947764
738 1.2081784758491507 1.3801634068649309 1.1423506000592363
739 1.2057517697011995 1.3752586090952035 1.14058187070794
740 1.2033213021425655 1.370353812228115 1.1388095679750212
741 1.2008870538517007 1.3654490162708024 1.1370336718105911
742 1.1984490053393524 1.3605442212296393 1.1352541619777874
743 1.1960071369399663 1.355639427111853 1.133471018057896
744 1.1935614288182383 1.3507346339240913 1.1316842194385188
745 1.1911118609622007 1.3458298416734515 1.1298937453164701
746 1.1886584131867963 1.3409250503670438 1.1280995746894351
747 1.1862010651210657 1.336020260012019 1.1263016863634856
748 1.1837397962174436 1.3311154706156128 1.1245000589395555
749 1.1812745857416842 1.3262106821851378 1.1226946708181764
750 1.1788054128644199 1.3213058947284448 1.1208855001079086
751 1.1763322565022571 1.316401108253191 1.119072524770696
752 1.173855095355508 1.3114963227668546 1.1172557225810407
753 1.1713739079253984 1.306591538277293 1.1154350711049867
754 1.1688886725242342 1.301686754792107 1.1136105476846594
755 1.1663993672600954 1.2967819723193421 1.1117821294480972
756 1.1639059700392997 1.2918771908665614 1.1099497933006914
757 1.1614084585673803 1.2869724104422018 1.1081135159198918
758 1.158906810338564 1.2820676310543389 1.1062732737585643
759 1.156401002642295 1.2771628527109147 1.1044290430332449
760 1.1538910125526038 1.272258075420686 1.1025807997292865
761 1.1513768169342045 1.2673532991917569 1.1007285195878491
762 1.1488583924250975 1.2624485240327072 1.0988721781174746
763 1.1463357154487637 1.2575437499524296 1.0970117505761656
764 1.143808762201608 1.2526389769594262 1.0951472119765382
765 1.1412775086539169 1.2477342050624944 1.093278537079153
766 1.1387419305487456 1.2428294342709447 1.0914057003873043
766 1.1362020033951872 1.2379246645935604 1.0895286761459728
767 1.1362020033951872 1.2379246645935604 1.0895286761459728
768 1.1336577024641257 1.2330198960396075 1.0876474383400805
769 1.131109002786816 1.22811512861838 1.0857619606886348
770 1.1285558791557528 1.2232103623393196 1.0838722166370491
771 1.125998306113091 1.2183055972119772 1.0819781793611467
772 1.1234362579548154 1.2134008332459618 1.0800798217559084
773 1.1208697087228905 1.2084960704511436 1.0781771164358558
774 1.1182986322025608 1.203591308837368 1.0762700357299175
775 1.1157230019201962 1.1986865484146387 1.0743585516760517
776 1.1131427911367546 1.1937817891932574 1.0724426360199066
777 1.1105579728479478 1.188877031183167 1.0705222602061695
778 1.1079685197744886 1.1839722743951808 1.0685973953810184
779 1.1053744043698797 1.1790675188397208 1.066668012375273
780 1.102775598801348 1.1741627645276222 1.064734081715145
781 1.100172074955028 1.16925801146936 1.062795573608025
782 1.0975638044338771 1.1643532596762547 1.060852457936901
783 1.094950758545706 1.1594485091594855 1.0589047042621755
783 1.092332908302956 1.1545437599298956 1.0569522818126849
784 1.092332908302956 1.1545437599298956 1.0569522818126849
785 1.0897102244198054 1.149639011999473 1.054995159480655
786 1.0870826773066398 1.1447342653794297 1.053033305815918
787 1.0844502370645004 1.139829520081451 1.0510666890228701
788 1.0818128734814112 1.1349247761177894 1.049095276954375
789 1.0791705560311822 1.13002003350009 1.0471190371018968
790 1.0765232538571814 1.1251152922410221 1.04513793660261
791 1.0738709357827043 1.1202105523525885 1.0431519422174407
792 1.0712135702974164 1.115305813847384 1.0411610203348391
793 1.0685511255518458 1.1104010767384467 1.0391651369652413
794 1.0658835693544786 1.1054963410383918 1.0371642577321118
795 1.0632108691683122 1.1005916067603874 1.0351583478650062
796 1.0605329921010291 1.095686873917571 1.0331473721971611
797 1.0578499049036854 1.0907821425238071 1.0311312951558285
798 1.0551615739637967 1.0858774125923747 1.0291100807558708
799 1.0524679652972744 1.0809726841372256 1.0270836925966673
800 1.0497690444739638 1.076067957173088 1.025052093922528
801 1.0470647767496266 1.0711632317142499 1.0230152474801333
802 1.0443551269992961 1.0662585077751672 1.0209731155711421
803 1.0416400597017743 1.0613537853705322 1.0189256600542052
804 1.0389195389383863 1.0564490645151783 1.016872842332626
805 1.036193528387876 1.051544345224213 1.014814623345718
806 1.033461991312549 1.0466396275129322 1.0127509635682364
807 1.030724890622864 1.0417349113975969 1.0106818229334498
808 1.027982188789999 1.0368301968944524 1.0086071609031166
809 1.0252338478012317 1.0319254840195684 1.0065269364961837
810 1.0224798292033768 1.0270207727891199 1.0044411082312312
811 1.0197200940947457 1.022116063219717 1.0023496341190554
812 1.0169546031202075 1.0172113553277995 1.000252471650951
813 1.0141833164622251 1.0123066491306039 0.9981495777921415
814 1.0114061938339676 1.0074019446452667 0.9960409089709824
815 1.0086231944717048 1.0024972418893265 0.9939264210698754
816 1.0058342771281683 0.9975925408806188 0.9918060694142568
816 1.0030394000611433 0.992687841636881 0.9896798087656064
817 1.0030394000611433 0.992687841636881 0.9896798087656064
818 1.000238521022932 0.9877831441767901 0.9875475933146386
819 0.9974315972615823 0.9828784485188014 0.9854093766602782
820 0.994618585502153 0.9779737546819437 0.9832651118098644
821 0.9917994419417873 0.973069062685066 0.9811147511637532
822 0.9889741222427665 0.9681643725480417 0.9789582465034241
823 0.9861425815184429 0.9632596842906689 0.9767955489838606
824 0.9833047743264636 0.9583549979327566 0.9746266091194392
825 0.9804606546589036 0.953450313495066 0.9724513767732634
826 0.9776101759326269 0.9485456309983649 0.970269801143861
827 0.974753290977046 0.9436409504634907 0.96808183075497
828 0.9718899520246432 0.9387362719122654 0.9658874134429397
829 0.9690201107031317 0.9338315953663202 0.9636864963398146
830 0.9661437180192757 0.9289269208480174 0.961479025866299
831 0.9632607243508056 0.9240222483795464 0.9592649477142295
832 0.9603710794366194 0.9191175779841764 0.9570442068323805
833 0.9574747323620117 0.9142129096852011 0.9548167474142244
833 0.9545716315435493 0.9093082435059994 0.9525825128865828
834 0.9545716315435493 0.9093082435059994 0.9525825128865828
835 0.9516617247293042 0.9044035794711428 0.950341445883406
836 0.948744958967659 0.899498917604681 0.9480934882472912
837 0.9458212806140671 0.8945942579319285 0.9458385809961054
838 0.9428906353003227 0.8896896004782165 0.9435766643231525
839 0.9399529679669584 0.8847849452695024 0.9413076775354198
840 0.9370082228679774 0.8798802923339484 0.93903155901965
841 0.93405634340886 0.8749756416981265 0.936748246369039
842 0.9310972721752595 0.8700709933901021 0.9344576763257121
843 0.9281309509548308 0.8651663474383339 0.9321597847246437
844 0.9251573207932206 0.8602617038712047 0.9298545064028948
845 0.9221763219145338 0.8553570627173496 0.9275417752448246
846 0.9191878937109563 0.8504524240060136 0.9252215241571089
847 0.9161919747250937 0.845547787766636 0.922893685049299
848 0.9131885026298492 0.8406431540297563 0.920558188817344
849 0.910177414215816 0.8357385228261274 0.9182149653165992
850 0.90715864536662 0.8308338941870971 0.9158639433473326
851 0.9041321310519473 0.8259292681446411 0.913505050620955
852 0.901097805294591 0.8210246447312997 0.9111382137512659
853 0.8980556011635267 0.8161200239802878 0.9087633582184861
854 0.8950054507669408 0.8112154059258496 0.9063804083323844
855 0.8919472852983487 0.806310790604662 0.9039892871415132
856 0.8888810347415526 0.8014061780538208 0.9015899166830963
857 0.885806628092375 0.796501568309808 0.8991822177094232
858 0.8827239933143918 0.7915969614090903 0.8967661096837938
859 0.8796330572865302 0.7866923573889039 0.8943415107836813
860 0.8765337457773271 0.7817877562870983 0.8919083378744235
861 0.8734259834230731 0.7768831581423781 0.8894665064779378
862 0.8703096936991975 0.7719785629941478 0.8870159307463309
863 0.867184798901858 0.767073970882621 0.8845565234238304
864 0.8640512201180643 0.7621693818486903 0.8820881958184691
865 0.8609088771966145 0.757264795934595 0.879610857772176
866 0.8577576887238746 0.7523602131826901 0.8771244176219637
866 0.8545975719963874 0.7474556336366944 0.8746287821653841
867 0.8545975719963874 0.7474556336366944 0.8746287821653841
868 0.85142844298785 0.7425510573409364 0.8721238566275296
869 0.8482502163259938 0.7376464843411903 0.869609544617791
870 0.8450628052511089 0.7327419146834174 0.8670857481009172
871 0.8418661215952703 0.7278373484153126 0.8645523673480504
872 0.8386600757430565 0.7229327855848251 0.8620093009009682
873 0.8354445765986722 0.7180282262416284 0.8594564455309789
874 0.8322195315543252 0.7131236704361941 0.8568936961913194
875 0.8289848464513451 0.7082191182197128 0.8543209459755544
876 0.8257404255459267 0.7033145696451825 0.8517380860700817
877 0.822486171466189 0.698410024766389 0.8491450057104085
878 0.8192219851789364 0.693505483637999 0.8465415921259998
879 0.8159477659495918 0.6886009463165564 0.8439277304904065
880 0.8126634112911301 0.6836964128594613 0.8413033038773449
881 0.809368816934018 0.6787918833255113 0.838668193193868
882 0.806063876772029 0.6738873577747697 0.8360222771344442
883 0.8027484828210324 0.6689828362687691 0.8333654321186859
883 0.7994225251698556 0.664078318870329 0.830697532233321
884 0.7994225251698556 0.664078318870329 0.830697532233321
885 0.7960858919349834 0.6591738056441361 0.8280184491675064
886 0.79273846920218 0.6542692966557744 0.8253280521560125
887 0.7893801409841661 0.6493647919726638 0.8226262079041703
888 0.7860107891613981 0.6444602916642084 0.8199127805253015
889 0.7826302934246125 0.6395557958006515 0.8171876314704104
890 0.7792385312229188 0.634651304454768 0.8144506194512239
891 0.7758353777000162 0.6297468177007174 0.8117016003673587
892 0.772420705633243 0.6248423356141997 0.8089404272273408
893 0.7689943853708472 0.6199378582733588 0.8061669500673845
894 0.7655562847636745 0.6150333857579483 0.8033810158684905
895 0.7621062691027741 0.6101289181497728 0.8005824684634547
896 0.7586442010399576 0.6052244555327494 0.7977711484554963
897 0.7551699405214736 0.6003199979927981 0.7949468931168716
898 0.7516833447094666 0.5954155456185382 0.7921095362950638
899 0.7481842679040765 0.5905110985001315 0.7892589083092562
900 0.7446725614605628 0.5856066567305238 0.7863948358483154
901 0.7411480737053006 0.5807022204054116 0.7835171418610658
902 0.7376106498472124 0.5757977896222733 0.7806256454425425
903 0.7340601318916667 0.5708933644819694 0.7777201617131583
904 0.7304963585368538 0.565988945087654 0.7748005017044854
905 0.7269191650823771 0.5610845315454163 0.7718664722257421
906 0.7233283833239238 0.5561801239642448 0.7689178757349744
907 0.7197238414529189 0.5512757224560875 0.7659545101954907
908 0.7161053639390046 0.5463713271364591 0.762976168941247
909 0.7124727714178897 0.5414669381234665 0.7599826405237844
910 0.7088258805746428 0.5365625555389282 0.7569737085558145
911 0.7051645040157577 0.5316581795084122 0.7539491515536234
912 0.7014884501471804 0.5267538101609057 0.7509087427603215
913 0.6977975230286809 0.521849447628866 0.7478522499820007
914 0.6940915222462305 0.5169450920492019 0.7447794353924042
915 0.6903702427576734 0.5120407435629429 0.7416900553500162
916 0.6866334747420182 0.5071364023148228 0.7385838601961024
916 0.6828810034433836 0.5022320684543234 0.7354605940447171
917 0.6828810034433836 0.5022320684543234 0.7354605940447171
918 0.6791126090033439 0.49732774213575287 0.7323199945670631
919 0.6753280662930042 0.4924234235180245 0.7291617927580356
920 0.6715271447243628 0.48751911276465887 0.72598571270677
921 0.6677096080686898 0.4826148100451035 0.7227914713419177
922 0.6638752142574734 0.4777105155336726 0.7195787781714053
923 0.6600237151779164 0.47280622941079625 0.7163473350095403
924 0.6561548564544644 0.4679019518621578 0.7130968356928242
925 0.6522683772301505 0.46299768308028616 0.7098269657750388
926 0.6483640099223911 0.45809342326375135 0.7065374022203745
927 0.6444414799833129 0.45318917261793057 0.7032278130663864
928 0.6405005056369618 0.44828493135521436 0.699897857081949
929 0.6365407976100216 0.4433806996952244 0.6965471834012167
930 0.6325620588443484 0.4384764778657165 0.6931754311455003
931 0.6285639842038429 0.4335722661017121 0.6897822290134665
932 0.6245462601539438 0.42866806464736823 0.6863671948683293
933 0.6205085644389307 0.42376387375519803 0.6829299352835994
933 0.6164505657285685 0.41885969368741494 0.6794700450836224
934 0.6164505657285685 0.41885969368741494 0.6794700450836224
935 0.6123719232613617 0.41395552471522706 0.6759871068395634
936 0.6082722864524728 0.40905136712074947 0.6724806903605506
937 0.6041512944991166 0.40414722119636004 0.6689503521322853
938 0.6000085759446147 0.39924308724563395 0.6653956347492058
939 0.5958437482412917 0.39433896558440845 0.661816066289778
940 0.5916564172677005 0.38943485654017046 0.6582111596770986
941 0.5874461768338423 0.38453076045417994 0.654580411990567
942 0.5832126095555864 0.37962667768174413 0.6509233021745248
943 0.5789552860694993 0.37472260859389755 0.6472392905121775
944 0.5746737628818035 0.3698185535758522 0.6435278195429203
945 0.5703675785515142 0.36491451302778294 0.6397883167807455
946 0.5660362555916676 0.3600104873657622 0.6360201909495173
947 0.5616793011099753 0.3551064770247104 0.6322228295095771
948 0.5572962074337324 0.3502024824587813 0.628395596071634
949 0.5528864499612398 0.34529850414319946 0.6245378308102987
950 0.5484494859742997 0.3403945425740463 0.6206488496736364
950 0.5484494859742997 0.3403945425740463 0.6206488496736364
951 0.5439847537435407 0.33549059827047345 0.6167279431302574
952 0.5394916715750603 0.33058667177539375 0.6127743748299898
953 0.5349696367921458 0.3256827636572786 0.6087873801776486
954 0.5304180246582738 0.32077887451167125 0.6047661647967859
955 0.5258361872138864 0.3158750049632931 0.6007099029013944
956 0.5212234520432999 0.3109711556673017 0.5966177355378633
957 0.5165791209540272 0.3060673273116055 0.5924887687027596
958 0.5119024685521594 0.3011635206193976 0.5883220713336159
959 0.5071927407367244 0.29625973635083225 0.5841166731221336
960 0.5024491530591739 0.29135597530640234 0.5798715621918643
961 0.4976708889777717 0.2864522383290678 0.5755856825731716
962 0.49285709797288085 0.2815485263075668 0.5712579314888123
963 0.48800689351304305 0.27664484018016877 0.5668871564265615
964 0.48311935087792984 0.2717411809376583 0.5624721519513702
965 0.4781935047829017 0.266837549627529 0.5580116562826849
966 0.47322834683365056 0.26193394735882325 0.5535043475552794
966 0.46822282275538407 0.25703037530649453 0.5489488397723324
967 0.46822282275538407 0.25703037530649453 0.5489488397723324
968 0.4631758293897769 0.25212683471659925 0.5443436784012895
969 0.45808621144154843 0.2472233269122952 0.5396873355657438
970 0.4529527579338102 0.24231985330056616 0.5349782048042553
971 0.44777419834128424 0.23741641537862218 0.5302145953431383
972 0.4425491983780572 0.2325130147424974 0.5253947258172822
973 0.4372763553943163 0.22760965309512052 0.5205167173740101
974 0.4319541933243204 0.2227063322566138 0.5155785861057752
975 0.4265811571470071 0.2178030541748462 0.5105782347057293
976 0.421155606799834 0.21289982093723217 0.505513443249537
977 0.4156758104683141 0.20799663478498723 0.5003818590036581
978 0.41013993717291797 0.2030934981275574 0.4951809851229672
979 0.40454604857289983 0.1981904135605147 0.48990816808040205
980 0.39889208986659375 0.19328738388458297 0.48456058366368304
981 0.3931758796720784 0.18838441212727453 0.47913522132739506
982 0.387395098747934 0.18348150156850987 0.4736288666571273
983 0.38154727737524646 0.1785786557686594 0.4680380816687882
983 0.3756297812200519 0.17367587860069447 0.4623591825882183
984 0.3756297812200519 0.17367587860069447 0.4623591825882183
985 0.3696397954118311 0.168773174288795 0.456588214753116
986 0.36357430660045575 0.16387054744974683 0.45072092409937475
987 0.3574300826319993 0.15896800314410647 0.44475272471057165
988 0.3512036494517042 0.15406554693344318 0.43867866172224823
989 0.3448912647682702 0.149163184948188 0.4324933687387229
990 0.3384888878873859 0.1442609239669964 0.4261910187580265
991 0.33199214503046487 0.13935877150975773 0.41976526732874847
992 0.3253962892666408 0.1344567359496754 0.41320918641299237
993 0.3186961539829987 0.12955482664434334 0.4065151870369123
994 0.31188609860691224 0.12465305409520923 0.39967492828949885
995 0.304959944900822 0.11975143013914272 0.39267920965190317
996 0.29791090176729335 0.11484996818247128 0.38551784275482426
997 0.2907314758932787 0.10994868348664731 0.37817949758906433
998 0.2834133648623241 0.10504759352313274 0.37065151664305784
999 0.275947328268266 0.10014671841617646 0.3629196884951082
1000 0.26832303109193406 0.09524608150023588 0.3549679694383082
1001 0.26052885157336053 0.0903457100324619 0.34677813795614143
1002 0.2525516432666927 0.08544563611127788 0.3383293611004063
1003 0.24437643711255622 0.08054589787840204 0.32959764382399837
1004 0.235986063862366 0.07564654111540584 0.3205551204054368
1005 0.22736066920053585 0.07074762139915755 0.3111691289787548
1006 0.2184770816132654 0.06584920706741526 0.3014009825706911
1007 0.20930797430335157 0.060951383388384565 0.2912043059575326
1008 0.1998207325347564 0.05605425856189694 0.2805227358084426
1009 0.18997588890838019 0.05115797261432999 0.2692866600508551
1010 0.1797249061241229 0.046262711010905934 0.2574084583410807
1011 0.16900694031452212 0.04136872632670891 0.24477531070452882
1012 0.15774394659982666 0.03647637440017298 0.2312378711603318
1013 0.1458329568429033 0.03158617824590768 0.21659149570651232
1014 0.13313324429030637 0.02669894957471337 0.20054307034308005
1015 0.11944355203736358 0.021816042867606876 0.18264730490250758
1016 0.1044581763763784 0.016939959956640556 0.16216978454231626
1016 0.08767258940477984 0.012076086012043304 0.13774072482664604
1017 0.08767258940477984 0.012076086012043304 0.13774072482664604
1018 0.06815175246591584 0.007239428311920929 0.10622512334574995
1019 0.043976248368249336 0.0025011152590672663 0.056874229882534974
1020 0.03675349135584457 0.00026874047494776027 0.007311971326637651
1021 0.03223828582830321 2.5187787377744447e-05 0.0007813004547416456
1022 0.028408328871216575 2.337313990843255e-06 8.227565941801773e-05
1023 0.02507693585122251 2.1694841476065717e-07 8.651312746014017e-06
1024 0.02212391322848736 2.0139355338495598e-08 9.10298062124182e-07
