1 0.9993093754487352 3.9951105140730703 3.9978715423129945
2 0.9986194586935502 3.99019090461798 3.99570714337789
3 0.9979358079041971 3.9852858506699227 3.9935292622073284
4 0.997253854282431 3.9803811841958603 3.9913419909115557
5 0.9965715601672417 3.97547648169693 3.989153052922539
6 0.9958872574223292 3.9705717757884402 3.986969153582238
7 0.995199695216235 3.965667068568251 3.9847953005116215
8 0.9945082454388076 3.9607623595284447 3.98263400800748
9 0.9938132728783966 3.9558576488343733 3.980483816016023
10 0.993116824472258 3.9509529376018766 3.978336526220278
11 0.9924200099629917 3.9460482259861687 3.9761876890544765
12 0.9917228360163802 3.941143515259137 3.9740372734484875
13 0.9910252863435491 3.936238805514973 3.971885339109738
14 0.990327360085807 3.931334096252708 3.969731883315914
15 0.9896290566171703 3.926429387466283 3.967576902893211
16 0.9889303752575034 3.9215246791598957 3.9654203948774316
16 0.9882313152973793 3.9166199713344736 3.9632623564007194
17 0.9882313152973793 3.9166199713344736 3.9632623564007194
18 0.9875318759670245 3.91171526399001 3.9611027848184914
19 0.9868320565795989 3.906810557127316 3.9589416771365173
20 0.9861318564412648 3.901905850748051 3.956779030371435
21 0.985431274859571 3.897001144854325 3.954614841516642
22 0.9847303111461924 3.89209643944725 3.952449107529739
23 0.9840289645994724 3.8871917345285767 3.950281825404167
24 0.9833272345232906 3.8822870300997403 3.948112992092447
25 0.9826251202113621 3.877382326162896 3.9459426045701678
26 0.981922620963398 3.872477622719135 3.943770659769213
27 0.981219736073554 3.867572919770053 3.9415971546256516
28 0.9805164648323738 3.8626682173175158 3.9394220860716156
29 0.9798128065354259 3.857763515363025 3.9372454509998738
30 0.9791087604681507 3.8528588139084254 3.935067246325343
31 0.9784043259149153 3.8479541129547745 3.9328874689474778
32 0.977699502159351 3.843049412504184 3.9307061157507084
33 0.976994288484276 3.838144712557958 3.9285231836027568
33 0.9762886841708064 3.833240013118291 3.926338669359858
34 0.9762886841708064 3.833240013118291 3.926338669359858
35 0.9755826884922667 3.8283353141866026 3.9241525698894657
36 0.9748763007260202 3.8234306157642575 3.921964882023321
37 0.9741695201408515 3.818525917853276 3.919775602608846
38 0.9734623460091208 3.8136212204551296 3.917584728458925
39 0.9727547775975431 3.8087165235714178 3.91539225638961
40 0.9720468141700278 3.803811827203781 3.9131981832085185
41 0.9713384549933294 3.7989071313539817 3.9110025056920765
42 0.9706296993281361 3.794002436023839 3.908805220621236
43 0.9699205464274049 3.78909774121485 3.9066063247877083
44 0.9692109955534237 3.7841930469283955 3.904405814925371
45 0.9685010459557992 3.7792883531663994 3.9022036877995068
46 0.9677906968891421 3.774383659930533 3.899999940134658
47 0.967079947601396 3.7694789672226507 3.8977945686619977
48 0.9663687973387112 3.7645742750444255 3.8955875700992304
49 0.9656572453475198 3.7596695833972027 3.8933789411419744
50 0.9649452908666246 3.754764892283018 3.8911686784966175
51 0.9642329331373807 3.7498602017038944 3.8889567788384456
52 0.9635201713964008 3.7449555116610536 3.88674323884014
53 0.9628070048767656 3.7400508221563356 3.884528055168276
54 0.9620934328129324 3.735146133190952 3.8823112244621325
55 0.9613794544483326 3.730241444767058 3.8800927433045453
56 0.9606650691053381 3.725336756883576 3.8778726079350014
57 0.959950276009807 3.720432069542054 3.8756508149637177
58 0.9592350743861211 3.7155273827436517 3.873427360984967
59 0.9585194634486404 3.7106226964905678 3.871202242612981
60 0.9578034424185908 3.7057180107845067 3.868975456412057
61 0.9570870105072491 3.7008133256269624 3.866746998964659
62 0.9563701669280398 3.6959086410197695 3.864516866823033
63 0.9556529108918225 3.691003956964517 3.8622850565275257
64 0.9549352416056559 3.6860992734623013 3.8600515646112155
65 0.9542171582706871 3.6811945905158314 3.8578163876105553
66 0.9534986600918309 3.6762899081260123 3.8555795220225595
66 0.9527797462646118 3.671385226294962 3.853340964361056
67 0.9527797462646118 3.671385226294962 3.853340964361056
68 0.9520604159881306 3.666480545024105 3.8511007111021565
69 0.9513406684546173 3.6615758643153513 3.848858758727629
70 0.9506205028572723 3.6566711841701363 3.846615103692072
71 0.9498999183824237 3.6517665045904693 3.8443697424556373
72 0.949178914216277 3.646861825578068 3.8421226714557055
73 0.9484574895458462 3.6419571471343293 3.839873887102966
74 0.9477356435484089 3.6370524692610733 3.8376233858247817
75 0.9470133754029065 3.6321477919603202 3.8353711640186963
76 0.946290684283169 3.6272431152332625 3.833117218078671
77 0.9455675693633746 3.6223384390820947 3.830861544374791
78 0.9448440298150557 3.617433763508258 3.828604139263426
79 0.9441200648042138 3.612529088514099 3.826344999100559
80 0.943395673491732 3.6076244141006617 3.824084120237678
81 0.9426707796797807 3.6027197401657123 3.8218218044156766
82 0.9419454580601941 3.597815066800487 3.8195577419203097
83 0.9412197077810587 3.5929103940077716 3.817291929084356
83 0.9404935280006226 3.5880057217887424 3.8150243621733537
84 0.9404935280006226 3.5880057217887424 3.8150243621733537
85 0.9397669178651848 3.583101050145468 3.8127550374777983
86 0.9390398765287651 3.578196379079675 3.810483951231933
87 0.9383124031345152 3.5732917085931097 3.8082110996894145
88 0.9375844968283814 3.568387038688082 3.8059364790683516
89 0.9368561567475014 3.563482369365649 3.803660085596329
90 0.9361273820291833 3.5585777006284305 3.801381915476855
91 0.9353981718080387 3.553673032477771 3.799101964897844
92 0.9346685252172995 3.548768364916059 3.796820230028621
93 0.9339384413837404 3.543863697944689 3.7945367070382447
94 0.9332079194340968 3.5389590315657866 3.7922513920711625
95 0.9324769584874789 3.5340543657812633 3.7899642812768954
96 0.9317455576667683 3.5291497005929533 3.78767537076375
97 0.9310137160372419 3.5242450360015005 3.7853846568470164
98 0.9302814326763905 3.5193403720079117 3.783092135766786
99 0.9295487066988088 3.5144357086144833 3.7807978035875274
100 0.9288155372058051 3.5095310458231137 3.778501656400994
101 0.9280819233070956 3.504626383635752 3.776203690238342
102 0.9273478641020899 3.4997217220543715 3.7739039011460904
103 0.9266133586937372 3.4948170610811453 3.771602285129851
104 0.9258784061754448 3.489912400718082 3.7692988382070314
105 0.925143005641318 3.4850077409668923 3.7669935563648904
106 0.9244071561796202 3.480103081830104 3.7646864355882275
107 0.9236708568779417 3.4751984233095445 3.7623774718365657
108 0.9229341068233488 3.4702937654072774 3.760066661044414
109 0.9221969050905353 3.4653891081255317 3.757753999169323
110 0.9214592507585291 3.460484451466098 3.7554394821230432
111 0.9207211429032969 3.455579795431209 3.7531231058024566
112 0.9199825805946893 3.4506751400231876 3.7508048661015128
113 0.9192435629014124 3.4457704852434645 3.74848475888976
114 0.91850408888643 3.440865831094734 3.7461627800332913
115 0.9177641576085962 3.435961177578931 3.7438389253857567
116 0.9170237681272236 3.4310565246980693 3.741513190770493
116 0.9162829195007164 3.426151872454333 3.739185571986049
117 0.9162829195007164 3.426151872454333 3.739185571986049
118 0.9155416107769063 3.421247220850022 3.7368560648454143
119 0.9147998410034022 3.416342569886957 3.734524665133005
120 0.9140576092260709 3.4114379195675064 3.7321913686118293
121 0.9133149144838438 3.4065332698937683 3.7298561710436497
122 0.9125717558207894 3.4016286208678093 3.727519068139799
123 0.9118281322691587 3.3967239724920475 3.725180055630684
124 0.911084042856801 3.3918193247685546 3.722839129234603
125 0.9103394866949671 3.3869146776974213 3.720496284296954
126 0.9095944628220508 3.3820100312803705 3.7181515164324526
127 0.9088489702595399 3.3771053855194473 3.715804821295058
128 0.9081030080259238 3.3722007404169676 3.7134561945209423
129 0.9073565751325237 3.367296095974717 3.7111056317445077
130 0.9066096705918709 3.362391452195413 3.708753128565582
131 0.9058622934098945 3.357486809080618 3.7063986805789093
132 0.9051144425895873 3.352582166633014 3.7040422833615088
133 0.9043661171295727 3.3476775248542676 3.7016839324760222
133 0.9036173160309133 3.342772883746871 3.69932362344472
134 0.9036173160309133 3.342772883746871 3.69932362344472
135 0.902868038279239 3.337868243312878 3.696961351821098
136 0.9021182828675524 3.3329636035542904 3.694597113096788
137 0.9013680487800028 3.3280589644736636 3.692230902768492
138 0.9006173349980748 3.323154326072892 3.689862716311135
139 0.8998661405010179 3.3182496883546184 3.687492549177502
140 0.8991144642624755 3.3133450513207383 3.6851203968102157
141 0.8983623052523004 3.308440414973474 3.6827462546353336
142 0.8976096624402491 3.3035357793150957 3.6803701180467194
143 0.896856534787168 3.2986311443480143 3.677991982442107
144 0.8961029212518542 3.2937265100745394 3.67561184319454
145 0.8953488207905993 3.288821876496446 3.6732296956535815
146 0.8945942323561674 3.28391724361629 3.670845535150795
147 0.893839154896121 3.2790126114363884 3.6684593570053043
148 0.8930835873555752 3.2741079799592203 3.6660711565127624
149 0.8923275286744486 3.269203349186417 3.6636809289553294
150 0.891570977791082 3.264298719120993 3.6612886695891333
151 0.8908139336357486 3.2593940897649736 3.6588943736680832
152 0.8900563951399574 3.2544894611207074 3.6564980364069553
153 0.8892983612275729 3.2495848331905712 3.654099653017349
154 0.888539830818141 3.2446802059768385 3.6516992186937007
155 0.8877808028298214 3.239775579481873 3.649296728601266
156 0.887021276175616 3.2348709537080476 3.6468921778913397
157 0.8862612497653022 3.2299663286575853 3.644485561692941
158 0.8855006549086237 3.2250617042311442 3.6420771530247413
159 0.8847395582722165 3.2201570805206114 3.6396666684704
160 0.8839779587407902 3.215252457528531 3.637254103155012
161 0.8832158552097565 3.2103478352569437 3.634839452122961
162 0.8824532465731898 3.205443213708933 3.6324227103889712
163 0.881690131714661 3.200538592886542 3.630003872973281
164 0.8809265095149283 3.1956339727923195 3.627582934871556
165 0.8801623788507684 3.190729353428666 3.625159891058755
166 0.8793977385952516 3.185824734798284 3.62273473648831
166 0.8786325876171841 3.1809201169033763 3.6203074660933106
167 0.8786325876171841 3.1809201169033763 3.6203074660933106
168 0.8778669247835051 3.1760154997466485 3.6178780747775643
169 0.877100748951156 3.171110883331058 3.6154465574486143
170 0.8763340589790346 3.1662062676585903 3.6130129089668745
171 0.8755668537175215 3.161301652732067 3.610577124190653
172 0.8747991320121634 3.1563970385540325 3.608139197959498
173 0.8740308927073893 3.151492425126734 3.605699125078637
174 0.8732621346423183 3.146587812453135 3.6032569003372097
175 0.8724928566500686 3.141683200535912 3.600812518509764
176 0.8717230575616786 3.1367785893774682 3.5983659743398793
177 0.870952736202592 3.131873978980442 3.595917262555035
178 0.870181891393026 3.1269693693474143 3.593466377864543
179 0.8694105219466739 3.122064760481068 3.5910133149648753
180 0.8686386266798957 3.117160152384207 3.588558068501506
181 0.8678662043962919 3.1122555450593383 3.5861006331319194
182 0.8670932538996657 3.107350938509344 3.5836410034726276
183 0.866319773952636 3.1024463327358904 3.581179174268172
183 0.8655457633188673 3.097541727741265 3.578715140218565
184 0.8655457633188673 3.097541727741265 3.578715140218565
185 0.8647712207834628 3.092637123528243 3.5762488958945524
186 0.8639961451342638 3.0877325200992862 3.5737804358137
187 0.8632205351530732 3.0828279174576587 3.5713097544777326
188 0.8624443896115042 3.0779233156058248 3.56883684638763
189 0.8616677072799528 3.073018714546624 3.5663617060076396
190 0.8608904869257632 3.068114114282901 3.5638843277721945
191 0.8601127273108606 3.063209514817661 3.561404706095647
192 0.8593344271907056 3.058304916153704 3.5589228353759386
193 0.8585555853175568 3.0534003182937646 3.556438709981012
194 0.8577762004353005 3.048495721240871 3.5539523242704028
195 0.8569962712895568 3.043591124997806 3.5514636725524977
196 0.8562157966949752 3.038686529565914 3.5489727488039313
197 0.8554347753842583 3.033781934947939 3.5464795472982433
198 0.8546532060844602 3.0288773411466168 3.5439840622879397
199 0.8538710875172867 3.0239727481648533 3.5414862880032025
200 0.8530884183993339 3.0190681560055683 3.5389862186504697
201 0.8523051974409622 3.0141635646717075 3.536483848416862
202 0.851521423349817 3.0092589741660962 3.53397917145515
203 0.8507370948232151 3.004354384491909 3.5314721819156363
204 0.849952210563484 2.999449795651946 3.528962873881382
205 0.8491667692586535 2.9945452076489585 3.526451241448462
206 0.8483807695905248 2.9896406204863815 3.523937278693088
207 0.8475942102422828 2.984736034166802 3.5214209796379126
208 0.8468070898876567 2.9798314486933366 3.5189023382983975
209 0.8460194071980698 2.974926864069174 3.516381348652307
210 0.8452311608375856 2.9700222802969747 3.5138580046597165
211 0.8444423494657022 2.9651176973802564 3.5113323002527688
212 0.8436529717351491 2.9602131153218987 3.5088042293427835
213 0.8428630262937173 2.955308534124624 3.5062737858129402
214 0.8420725117842899 2.9504039537919566 3.503740963519005
215 0.8412814268454363 2.945499374326711 3.5012057562847754
216 0.8404897701097115 2.940594795732156 3.4986681579102528
216 0.8396975402017703 2.9356902180116067 3.4961281621787195
217 0.8396975402017703 2.9356902180116067 3.4961281621787195
218 0.8389047357411111 2.9307856411675783 3.493585762844029
219 0.8381113553453604 2.9258810652039102 3.491040953619156
220 0.8373173976223731 2.920976490123427 3.4884937282060107
221 0.8365228611769103 2.916071915929617 3.4859440802693347
222 0.8357277446071151 2.9111673426250855 3.4833920034492305
223 0.8349320465034445 2.90626277021377 3.480837491367964
224 0.8341357654545778 2.901358198698411 3.478280537602008
225 0.833338900039488 2.8964536280823707 3.4757211357169595
226 0.8325414488343816 2.8915490583689665 3.473159279237502
227 0.8317434104079502 2.8866444895614882 3.470594961666914
228 0.8309447833233251 2.8817399216630357 3.4680281764784064
229 0.8301455661389117 2.8768353546773673 3.4654589171123447
230 0.82934575740422 2.8719307886072816 3.462887176991385
231 0.8285453556648666 2.867026223456317 3.4603129495013225
232 0.8277443594584729 2.8621216592281096 3.4577362280071195
233 0.8269427673213227 2.8572170959257543 3.4551570058240006
233 0.8261405777793158 2.852312533552658 3.4525752762559336
234 0.8261405777793158 2.852312533552658 3.4525752762559336
235 0.8253377893532242 2.8474079721123853 3.4499910325731675
236 0.8245344005587176 2.8425034116080776 3.4474042680110766
237 0.8237304099024225 2.837598852043672 3.4448149757877804
238 0.8229258158878759 2.8326942934219494 3.442223149076545
239 0.8221205574160625 2.827789735650878 3.4396290302466888
240 0.8213146927359282 2.8228851788193197 3.4370323626085955
241 0.8205082203216955 2.8179806229306954 3.434433139287567
242 0.8197011386543855 2.8130760679889346 3.4318313533233056
243 0.8188934462055716 2.8081715139971735 3.4292269977359444
244 0.8180851414393384 2.8032669609595033 3.426620065519632
245 0.8172762228114063 2.798362408879221 3.424010549643713
246 0.8164666887782694 2.7934578577600404 3.4213984430155593
247 0.8156565377806912 2.788553307605795 3.418783738548987
248 0.8148457682566149 2.783648758419748 3.4161664291089604
249 0.8140343786419513 2.7787442102060314 3.413546507509663
250 0.8132223673576925 2.7738396629682276 3.4109239665664113
251 0.812409732822272 2.768935116709838 3.4082987990440388
252 0.8115964734474215 2.7640305714348727 3.405670997674607
253 0.8107825876370087 2.7591260271471674 3.4030405551610605
254 0.8099680737883178 2.7542214838503565 3.4004074641714364
255 0.8091529302921723 2.7493169415483103 3.397771717338496
256 0.8083371555316391 2.7444124002448755 3.3951333072644543
257 0.8075207478826162 2.7395078599438083 3.392492226518039
258 0.8067037057159373 2.734603320649196 3.389848467625765
259 0.8058860273946863 2.7296987823646495 3.3872020230818163
260 0.8050677112718154 2.724794245094328 3.384552885358924
261 0.8042487556965788 2.7198897088421226 3.381901046879907
262 0.8034291590092125 2.7149851736118396 3.3792465000398475
263 0.8026089195422784 2.7100806394076282 3.376589237200561
264 0.801788035625526 2.705176106233573 3.373929250669215
265 0.8009665055716546 2.700271574093286 3.3712665327573044
266 0.800144327696599 2.695367042991306 3.368601075696612
266 0.7993215003028767 2.6904625129312465 3.365932871706546
267 0.7993215003028767 2.6904625129312465 3.365932871706546
268 0.7984980217512246 2.6855579839163393 3.363261912692673
269 0.7976738903354321 2.6806534559502775 3.360588190774338
270 0.7968491043369629 2.675748929037479 3.3579116980546764
271 0.7960236620271419 2.6708444031817367 3.355232426609285
272 0.7951975616756405 2.6659398783873782 3.352550368451469
273 0.79437080153572 2.661035354658661 3.349865515593229
274 0.7935433798597064 2.6561308319993597 3.3471778599790567
275 0.7927152948892073 2.6512263104138603 3.344487393528095
276 0.7918865448603094 2.6463217899064126 3.341794108110815
277 0.7910571279966615 2.641417270481222 3.3390979955778484
278 0.7902270425181445 2.6365127521426475 3.336399047723187
279 0.7893962866293975 2.631608234894802 3.3336972563316327
280 0.788564858489356 2.6267037187413473 3.3309926133067753
281 0.7877327562936504 2.621799203686495 3.328285110323815
282 0.7868999782287011 2.6168946897348158 3.3255747390226174
283 0.7860665224721098 2.6119901768907288 3.3228614910049217
283 0.7852323871932126 2.6070856651587766 3.3201453578318625
284 0.7852323871932126 2.6070856651587766 3.3201453578318625
285 0.7843975705554503 2.6021811545432367 3.317426331012947
286 0.783562070710149 2.59727664504858 3.3147044020324334
287 0.7827258858017282 2.5923721366792094 3.311979562326474
288 0.7818890139660514 2.5874676294401335 3.309251803290432
289 0.7810514533297215 2.5825631233357087 3.3065211162797463
290 0.7802132020120494 2.577658618370294 3.3037874926019075
291 0.7793742581237644 2.5727541145489603 3.3010509235223005
292 0.778534619764437 2.5678496118760155 3.298311400272701
293 0.777694285028066 2.5629451103563206 3.295568914028765
294 0.7768532519972756 2.5580406099944453 3.2928234559329828
295 0.7760115187483413 2.5531361107951884 3.2900750170735087
296 0.7751690833456795 2.5482316127633045 3.287323588506618
297 0.774325943846628 2.543327115903575 3.2845691612359764
298 0.773482098296993 2.538422620220924 3.281811726231121
299 0.7726375447372136 2.5335181257199877 3.279051274400182
300 0.7717922811937674 2.5286136324057353 3.276287796626587
301 0.7709463056878337 2.523709140282937 3.2735212837310357
302 0.7700996162297479 2.5188046493568366 3.2707517264953267
303 0.7692522108218239 2.513900159632181 3.2679791156485303
304 0.7684040874548761 2.5089956711137313 3.2652034418818343
305 0.7675552441120103 2.5040911838068958 3.26242469583267
306 0.7667056787630244 2.499186697716336 3.2596428681060963
307 0.7658553893725983 2.4942822128475286 3.2568579492414185
308 0.7650043738921869 2.4893777292052115 3.254069929744013
309 0.7641526302680351 2.4844732467946873 3.2512788000523276
310 0.7633001564315617 2.479568765621237 3.248484550577395
311 0.7624469503055427 2.474664285689878 3.245687171675593
312 0.7615930098057544 2.469759807005785 3.242886653641558
313 0.7607383328337697 2.4648553295742275 3.2400829867381318
314 0.7598829172839412 2.4599508534006844 3.2372761611661396
315 0.7590267610384496 2.455046378490253 3.2344661670840473
316 0.7581698619709216 2.450141904848412 3.231652994592897
316 0.7573122179422924 2.445237432480245 3.2288366337522545
317 0.7573122179422924 2.445237432480245 3.2288366337522545
318 0.7564538268059142 2.4403329613916473 3.226017074559359
319 0.7555946864034668 2.435428491587516 3.2231943069634874
320 0.7547347945651846 2.430524023073915 3.220368320867174
321 0.7538741491120519 2.425619555855849 3.2175391061132115
322 0.75301274785387 2.420715089939107 3.214706652494643
323 0.7521505885884543 2.4158106253293528 3.211870949756292
324 0.7512876691053274 2.410906162031874 3.20903198757795
325 0.750423987179966 2.40600170005238 3.20618975559929
326 0.7495594893773427 2.401097239302369 3.2033444620879323
327 0.7486942248179194 2.3961927798735063 3.2004958772805474
328 0.747828191236051 2.39128832177149 3.197643990685934
329 0.7469613863674444 2.386383865001985 3.1947887917034548
330 0.7460938079348867 2.3814794095707628 3.1919302696834606
331 0.7452254536495138 2.376574955484183 3.1890684139217655
332 0.7443563212094912 2.371670502747649 3.186203213662462
333 0.7434864083016711 2.3667660513675526 3.1833346580926767
333 0.7426157126017559 2.3618616013493985 3.1804627363385714
334 0.7426157126017559 2.3618616013493985 3.1804627363385714
335 0.7417442317754276 2.3569571526997235 3.1775874374623005
336 0.7408719634732502 2.3520527054245948 3.174708750481037
337 0.7399989053359122 2.347148259529767 3.1718266643439312
338 0.7391250549900897 2.342243815021603 3.1689411679502704
339 0.738250410054011 2.337339371906324 3.1660522501238058
340 0.7373749681450592 2.3324349301898515 3.163159899579078
341 0.7364987268972951 2.3275304898781783 3.160264104845836
342 0.7356216838923425 2.322626050977288 3.157364854564567
343 0.7347438366963169 2.317721613493667 3.1544621373280384
344 0.733865182862436 2.312817177433455 3.1515559416680974
345 0.7329857199346236 2.3079127428032993 3.148646256040495
346 0.7321054454397623 2.303008309609647 3.1457330688563205
347 0.7312243568937056 2.2981038778586456 3.1428163684551738
348 0.7303424518007291 2.2931994475572033 3.139896143108073
349 0.7294597276524375 2.288295018711794 3.136972381019625
350 0.7285761819255633 2.2833905913288737 3.1340450703371494
350 0.7285761819255633 2.2833905913288737 3.1340450703371494
351 0.7276918120833178 2.2784861654153556 3.131114199144621
352 0.7268066155761468 2.2735817409776273 3.128179755457147
353 0.7259205898430453 2.268677318022608 3.125241727215823
354 0.7250337323061685 2.2637728965568753 3.122300102308792
355 0.7241460403762005 2.2588684765877898 3.119354868548735
356 0.7232575114512281 2.253964058121626 3.1164060136741756
357 0.7223681429151836 2.2490596411658386 3.113453525358344
358 0.7214779321355559 2.2441552257268707 3.110497391215043
359 0.7205868764675301 2.2392508118121386 3.107537598782567
360 0.7196949732531832 2.2343463994285853 3.1045741355241607
361 0.718802219818402 2.2294419885834476 3.1016069888413718
362 0.7179086134768001 2.2245375792836013 3.098636146055224
363 0.7170141515266448 2.219633171536243 3.095661594419395
364 0.7161188312512842 2.214728765349092 3.092683321117623
365 0.7152226499194367 2.2098243607291184 3.0897013132596327
366 0.714325604785157 2.20491995768349 3.086715557881548
366 0.7134276930888576 2.200015556220025 3.0837260419410337
367 0.7134276930888576 2.200015556220025 3.0837260419410337
368 0.7125289120552264 2.1951111563461025 3.0807327523236907
369 0.7116292588935895 2.190206758068891 3.077735675840718
370 0.7107287307983656 2.1853023613963525 3.0747347992272522
371 0.7098273249490126 2.180397966335916 3.0717301091396214
372 0.7089250385082314 2.175493572895353 3.068721592163221
373 0.7080218686253777 2.170589181082201 3.0657092347958024
374 0.7071178124318738 2.165684790904539 3.062693023467272
375 0.706212867045094 2.1607804023698325 3.0596729445200825
376 0.705307029565752 2.1558760154862417 3.05664898422122
377 0.7044002970786161 2.150971630261527 3.0536211287563715
378 0.7034926666520976 2.1460672467039528 3.0505893642317954
379 0.7025841353390437 2.1411628648213483 3.0475536766683384
380 0.7016747001750738 2.1362584846218104 3.0445140520084246
381 0.7007643581789956 2.131354106113557 3.041470476112809
382 0.6998531063540756 2.1264497293048272 3.0384229347536764
383 0.6989409416869564 2.1215453542038993 3.035371413618095
383 0.6980278611453743 2.116640980818914 3.032315898316404
384 0.6980278611453743 2.116640980818914 3.032315898316404
385 0.6971138616817389 2.111736609158626 3.0292563743664593
386 0.6961989402303326 2.1068322392314407 3.0261928272031122
387 0.6952830937106566 2.1019278710454765 3.023125242162436
388 0.6943663190202629 2.097023504609719 3.0200536045132162
389 0.6934486130433527 2.092119139932722 3.0169778994163594
390 0.6925299726436642 2.0872147770231897 3.013898111955292
391 0.6916103946671661 2.082310415889715 3.010814227122506
392 0.6906898759437374 2.077406056541673 3.007726229812141
393 0.6897684132825662 2.0725016989872604 3.004634104835781
394 0.6888460034766806 2.0675973432360424 3.001537836904989
395 0.687922643298781 2.062692989296575 2.9984374106445846
396 0.686998329505272 2.0577886371781733 2.995332810576189
397 0.6860730588307786 2.052884286890092 2.992224021139475
398 0.68514682799377 2.0479799384414057 2.989111026665992
399 0.6842196336755033 2.0430755918413688 2.9859938114700664
400 0.6832914725479122 2.038171247099214 2.9828723597253703
401 0.6823623412709949 2.033266904224681 2.979746655475503
402 0.6814322364833861 2.0283625632268194 2.9766166826718248
403 0.6805011548062858 2.023458224115656 2.9734824251571794
404 0.6795690928399842 2.0185538869008073 2.970343866677452
405 0.6786360471648971 2.013649551591812 2.967200990875937
406 0.6777020143408937 2.0087452181986656 2.9640537812954446
407 0.6767669909097281 2.0038408867312136 2.9609022213651373
408 0.6758309733895889 1.998936557199219 2.9577462944228126
409 0.6748939582786038 1.994032229613092 2.9545859836989874
410 0.6739559420547557 1.9891279039826069 2.9514212723136724
411 0.6730169211749735 1.984223580318214 2.9482521432805817
412 0.6720768920908304 1.979319258630009 2.945078579435084
413 0.671135851246639 1.9744149389280594 2.941900563441174
414 0.6701937950347275 1.9695106212228126 2.9387180779863207
415 0.6692507198241184 1.9646063055246157 2.9355311056533813
416 0.6683066219638982 1.9597019918444627 2.9323396289051367
416 0.6673614977784821 1.9547976801924196 2.9291436301008744
417 0.6673614977784821 1.9547976801924196 2.9291436301008744
418 0.6664153435717964 1.9498933705796875 2.925943091479278
419 0.665468155625546 1.9449890630167672 2.9227379951614068
420 0.6645198878118722 1.9400847574280327 2.919528509246479
421 0.6635705789112714 1.9351804539046333 2.916314428948475
422 0.6626202251267982 1.9302761524576493 2.9130957360806096
423 0.6616688226515633 1.9253718530980806 2.9098724122777457
424 0.6607163676496749 1.920467555837436 2.906644439079049
425 0.6597628562622286 1.915563260686991 2.9034117978985368
426 0.6588082846071293 1.9106589676582364 2.900174470024508
427 0.6578526487785744 1.9057546767626607 2.8969324366194287
428 0.6568959448444597 1.9008503880120036 2.8936856787296628
429 0.6559381688485372 1.8959461014178662 2.8904341772732844
430 0.6549793168090472 1.891041816991989 2.8871779130443955
431 0.6540193847221976 1.8861375347465847 2.8839168666961514
432 0.6530583685553751 1.8812332546935169 2.880651018767246
433 0.6520962642522213 1.8763289768449474 2.87738034965833
433 0.6511330677304733 1.8714247012130547 2.874104839638866
434 0.6511330677304733 1.8714247012130547 2.874104839638866
435 0.6501687748815987 1.866520427810111 2.870824468846601
436 0.6492033815694275 1.8616161566484406 2.8675392172912684
437 0.648236883634161 1.8567118877408575 2.8642490648352426
438 0.6472692768875169 1.8518076210996781 2.8609539912111215
439 0.6463005571141733 1.8469033567378164 2.857653976014674
440 0.6453307200725323 1.8419990946680607 2.8543489986979513
441 0.6443597614929724 1.8370948349032281 2.851039038574826
442 0.6433876770776294 1.8321905774563916 2.8477240748198605
443 0.6424144625012608 1.827286322340858 2.844404086461973
444 0.6414401134113105 1.8223820695698858 2.841079052381185
445 0.6404646254255976 1.8174778191565253 2.837748951316064
446 0.6394879941328359 1.8125735711145157 2.8344137618602483
447 0.6385102150942307 1.8076693254576084 2.831073462451708
448 0.637531283839869 1.8027650821992536 2.8277280313856106
449 0.6365511958709977 1.7978608413532158 2.8243774468025142
450 0.6355699466600827 1.7929566029336774 2.821021686685559
451 0.6345875316485486 1.7880523669545587 2.8176607288666826
452 0.6336039462477083 1.7831481334301038 2.814294551020646
453 0.6326191858372113 1.778243902374558 2.8109231306686047
454 0.6316332457672437 1.7733396738022338 2.8075464451655985
455 0.6306461213554455 1.7684354477281063 2.804164471712304
456 0.6296578078900826 1.7635312241663177 2.8007771873356515
457 0.6286683006249113 1.7586270031321052 2.7973845689117582
458 0.6276775947817 1.7537227846402472 2.7939865931492656
459 0.6266856855524454 1.748818568705548 2.7905832365772056
460 0.6256925680935486 1.743914355343618 2.7871744755690977
461 0.6246982375296951 1.7390101445697703 2.7837602863208115
462 0.6237026889513138 1.73410593639905 2.780340644858779
463 0.6227059174160494 1.7292017308472984 2.776915527031943
464 0.6217079179464178 1.7242975279305197 2.7734849085179727
465 0.6207086855319234 1.719393327664247 2.770048764809523
466 0.6197082151260587 1.7144891300644578 2.766607071225775
466 0.6187065016477145 1.7095849351476005 2.763159802902834
467 0.6187065016477145 1.7095849351476005 2.763159802902834
468 0.61770353998069 1.7046807429296948 2.7597069347910566
469 0.6166993249724704 1.6997765534274116 2.7562484416588102
470 0.6156938514343817 1.6948723666571346 2.75278429808677
471 0.6146871141411231 1.6899681826357797 2.7493144784678014
472 0.6136791078317839 1.6850640013804419 2.7458389569982495
473 0.6126698272061963 1.6801598229076418 2.742357707689394
474 0.6116592669282814 1.6752556472349507 2.738870704351445
475 0.6106474216235002 1.6703514743798398 2.7353779205993423
476 0.6096342858794465 1.6654473043594293 2.7318793298459054
477 0.6086198542433169 1.6605431371917596 2.7283749053114192
478 0.6076041212246799 1.6556389728945415 2.7248646200053
479 0.6065870812934938 1.650734811485785 2.7213484467320628
480 0.6055687288814523 1.6458306529835807 2.7178263580809383
481 0.6045490584154992 1.640926497406894 2.7142983262726466
482 0.6035280642441975 1.6360223447736484 2.710764323482539
483 0.6025057406735622 1.631118195102893 2.7072243216793406
483 0.6014820819696888 1.626214048413443 2.703678292606886
484 0.6014820819696888 1.626214048413443 2.703678292606886
485 0.6004570823563228 1.6213099047241393 2.7001262077911887
486 0.5994307360134891 1.6164057640542386 2.6965680385429294
487 0.5984030370809351 1.61150162642338 2.693003755937524
488 0.59737397965291 1.606597491850548 2.6894333308324265
489 0.5963435577804561 1.6016933603563097 2.6858567338560455
490 0.5953117654697772 1.596789231959843 2.6822739354055467
491 0.5942785966835757 1.5918851066818236 2.678684905641023
492 0.5932440453378831 1.5869809845421792 2.6750896144913034
493 0.5922081053046845 1.5820768655616866 2.671488031640036
494 0.5911707704086299 1.5771727497612251 2.6678801265344187
495 0.59013203442809 1.5722686371613621 2.664265868374833
496 0.589091891094361 1.5673645277834898 2.6606452261153746
497 0.5880503340901392 1.5624604216488704 2.6570181684640777
498 0.5870073570512486 1.5575563187790535 2.653384663870697
499 0.5859629535637263 1.552652219195664 2.6497446805343223
500 0.5849171171646741 1.5477481229209378 2.6460981863951742
501 0.5838698413419295 1.542844029976993 2.6424451491295007
502 0.5828211195331982 1.537939940386116 2.638785536148563
503 0.5817709451243873 1.5330358541711087 2.6351193146012704
504 0.5807193114499984 1.528131771354684 2.631446451365791
505 0.5796662117939664 1.5232276919601269 2.6277669130412162
506 0.5786116393863718 1.5183236160105666 2.6240806659554523
507 0.5775555874037456 1.5134195435299562 2.6203876761597082
508 0.5764980489698645 1.5085154745415514 2.6166879094163367
509 0.5754390171540824 1.503611409069826 2.6129813312037053
510 0.5743784849705912 1.4987073471388923 2.6092679067107256
511 0.5733164453780989 1.4938032887733572 2.605547600833607
512 0.5722528912784094 1.4888992339979035 2.601820378175306
513 0.5711878155184577 1.4839951828377331 2.5980862030306713
514 0.5701212108849948 1.4790911353180989 2.5943450394033176
515 0.5690530701086552 1.474187091464474 2.590596850980862
516 0.5679833858612378 1.469283051303055 2.5868416011415007
516 0.5669121507538987 1.4643790148594589 2.583079252953176
517 0.5669121507538987 1.4643790148594589 2.583079252953176
518 0.5658393573388822 1.4594749821604338 2.579309769161836
519 0.564764998106412 1.4545709532324258 2.5755331121960894
520 0.5636890654862314 1.449666928102575 2.5717492441548595
521 0.5626115518448798 1.444762906798058 2.5679581268114458
522 0.561532449487322 1.4398588893463171 2.56415972159918
523 0.5604517506536515 1.4349548757751291 2.560353989619178
524 0.5593694475191365 1.4300508661129094 2.5565408916331385
525 0.5582855321956451 1.4251468603876207 2.5527203880472285
526 0.5571999963881404 1.4202428586273455 2.5488924404766458
527 0.5561128000803013 1.4153388607791126 2.5450571549058774
528 0.5550239676743572 1.4104348669505509 2.54121434225716
529 0.5539334910058916 1.405530877171665 2.53736396154591
530 0.5528413618507293 1.400626891472272 2.533505971375655
531 0.5517475719119405 1.3957229098829005 2.5296403299907215
532 0.550652112821728 1.39081893243414 2.525766995257882
533 0.5495549761404974 1.3859149591570583 2.5218859246626852
533 0.5484561533559095 1.3810109900829162 2.517997075304463
534 0.5484561533559095 1.3810109900829162 2.517997075304463
535 0.547355635883555 1.3761070252437353 2.51410040388529
536 0.546253415062441 1.3712030646710245 2.5101958667192688
537 0.5451494821577354 1.3662991083978877 2.506283419714518
538 0.5440438283576821 1.361395156456548 2.502363018373398
539 0.5429364447742466 1.356491208880529 2.4984346177839636
540 0.5418273224409461 1.3515872657033134 2.4944981726177593
541 0.5407164523281206 1.346683326958994 2.4905536370507773
542 0.5396038253270894 1.3417793926824184 2.4866009648265144
543 0.5384894322313638 1.3368754629082564 2.4826401093306196
544 0.5373732637520824 1.331971537671531 2.4786710235104614
545 0.5362553105155494 1.3270676170076134 2.474693659875902
546 0.5351355630669304 1.3221637009526739 2.4707079704723496
547 0.5340140118635069 1.3172597895427123 2.466713906899135
548 0.5328906472782345 1.3123558828147694 2.462711420284241
549 0.5317654595954782 1.307451980805912 2.4587004612907917
550 0.5306384390101654 1.3025480835536862 2.454680980110326
551 0.5295095756294796 1.2976441910961047 2.4506529264432446
552 0.528378859468662 1.2927403034718146 2.4466162495066412
553 0.5272462804515273 1.2878364207197603 2.4425708980191816
554 0.5261118284070856 1.2829325428791847 2.438516820204429
555 0.5249754930720253 1.2780286699901817 2.434453963767866
556 0.5238372640853518 1.2731248020931492 2.430382275907946
557 0.5226971309901185 1.2682209392287462 2.426301703295023
558 0.5215550832308516 1.2633170814386092 2.4222121920714508
559 0.5204111101531647 1.2584132287644807 2.418113687838277
560 0.5192652010008288 1.2535093812486169 2.414006135655942
561 0.5181173449162674 1.248605538934171 2.4098894800288098
562 0.5169675309366124 1.24370170186441 2.4057636649078176
563 0.5158157479946965 1.2387978700832585 2.4016286336724937
564 0.5146619849186116 1.233894043635381 2.3974843291184764
565 0.5135062304268738 1.2289902225657905 2.393330693464304
566 0.5123484731281159 1.2240864069199875 2.389167668337907
566 0.511188701520824 1.2191825967445293 2.3849951947634436
567 0.511188701520824 1.2191825967445293 2.3849951947634436
568 0.5100269039918631 1.214278792085636 2.3808132131496507
569 0.5088630688126256 1.2093749929912099 2.3766216632956874
570 0.5076971841392155 1.2044711995090962 2.3724204843704992
571 0.5065292380114121 1.1995674116877897 2.368209614902355
572 0.5053592183495881 1.1946636295765025 2.3639889927763824
573 0.5041871129535316 1.189759853225262 2.359758555222962
574 0.5030129095005622 1.1848560826843662 2.355518238807829
575 0.5018365955451654 1.1799523180051845 2.351267979417393
576 0.5006581585146681 1.1750485592394333 2.347007712259236
577 0.499477585710047 1.1701448064394704 2.3427373718402533
578 0.49829486430266934 1.1652410596587697 2.3384568919638524
579 0.4971099813324798 1.1603373189510546 2.334166205717345
580 0.4959229237057872 1.1554335843708643 2.329865245463709
581 0.4947336781948612 1.1505298559737882 2.3255539428238157
582 0.4935422314347881 1.1456261338156883 2.3212322286690887
583 0.49234856992075493 1.14072241795355 2.316900033115061
583 0.49115268000776574 1.135818708444886 2.3125572855001573
584 0.49115268000776574 1.135818708444886 2.3125572855001573
585 0.48995454790765425 1.1309150053479455 2.3082039143783972
586 0.4887541596869125 1.1260113087222048 2.3038398475084247
587 0.4875515012635477 1.121107618627345 2.2994650118435924
588 0.48634655840701196 1.1162039351244855 2.2950793335117234
589 0.48513931673434735 1.1113002582751026 2.2906827378075163
590 0.48392976173667474 1.1063965881427327 2.2862751490468707
591 0.48271787872315736 1.1014929247910468 2.281856490802906
592 0.48150365284043045 1.0965892682840392 2.2774266857897487
593 0.4802870690747707 1.0916856186870842 2.272985655828955
594 0.47906811224755097 1.0867819760661481 2.268533321843326
595 0.477846767014761 1.0818783404881358 2.2640696038333057
596 0.4766230178624003 1.0769747120211843 2.2595944208722707
597 0.47539684910548097 1.0720710907339916 2.2551076910821526
598 0.4741682448853427 1.0671674766966825 2.25060933161969
599 0.4729371891651757 1.0622638699800961 2.2460992586672965
600 0.4717036657277119 1.0573602706560274 2.241577387415052
601 0.4704676581743807 1.0524566787976237 2.2370436320354385
602 0.46922914992015496 1.047553094479018 2.232497905676303
603 0.4679881241914959 1.0426495177753063 2.227940120439178
604 0.4667445640229173 1.037745948762641 2.2233701873637406
605 0.46549845225523473 1.0328423875185655 2.2187880164040883
606 0.46424977153011626 1.0279388341214648 2.2141935164200324
607 0.4629985042884503 1.0230352886512641 2.2095865951521696
608 0.46174463276622385 1.01813175118867 2.2049671592049425
609 0.46048813899223134 1.0132282218160868 2.2003351140238174
610 0.45922900478392387 1.00832470061678 2.195690363876768
611 0.4579672117432425 1.003421187675354 2.191032811837888
612 0.4567027412537478 0.9985176830778459 2.1863623597631556
613 0.4554355744778934 0.9936141869116867 2.18167890826437
614 0.454165692350923 0.9887106992654127 2.176982356697827
615 0.452893075578851 0.9838072202289762 2.172272603133872
616 0.4516177046345595 0.9789037498939226 2.167549544334257
616 0.4503395597529457 0.9740002883532082 2.1628130757323216
617 0.4503395597529457 0.9740002883532082 2.1628130757323216
618 0.44905862092674714 0.9690968357011466 2.1580630914092414
619 0.4477748678963614 0.9641933920338248 2.1532994840992052
620 0.4464882801497163 0.9592899574494068 2.148522145145082
621 0.44519883692938794 0.9543865320469211 2.1437309644146585
622 0.44390651721796065 0.9494831159268408 2.138925830324404
623 0.44261129973509544 0.9445797091912592 2.134106629804964
624 0.4413131629498147 0.9396763119452788 2.129273248194813
625 0.4400120850510181 0.9347729242952849 2.1244255693270353
626 0.43870804393744317 0.9298695463485026 2.119563475524273
627 0.43740101722690133 0.9249661782137447 2.1146868475020475
628 0.4360909822462941 0.9200628200024801 2.1097955643642496
629 0.4347779160306709 0.9151594718268323 2.1048895035466186
630 0.43346179531582446 0.9102561338017596 2.0999685407996296
631 0.43214259653268555 0.905352806043888 2.0950325501536406
632 0.43082029580274206 0.9004494886715717 2.090081403880417
633 0.42949486893086075 0.8955461818055067 2.08511497246704
633 0.428166291401243 0.8906428855685359 2.0801331245712125
634 0.428166291401243 0.8906428855685359 2.0801331245712125
635 0.42683453836885865 0.8857396000852851 2.075135726996519
636 0.42549958465499854 0.880836325482649 2.070122644648042
637 0.42416140474066966 0.8759330618898657 2.065093740495808
638 0.42281997276022343 0.8710298094385633 2.0600488755352973
639 0.4214752624936618 0.8661265682622866 2.0549879087513743
640 0.42012724736109003 0.8612233384974669 2.049910697073319
641 0.41877590041478574 0.8563201202824267 2.044817095334917
642 0.4174211943313794 0.8514169137584241 2.0397069562368872
643 0.4160631014066548 0.8465137190691976 2.034580130290924
644 0.41470159354565633 0.8416105363608448 2.0294364657853388
645 0.4133366422829504 0.8367073657847784 2.0242758086083468
646 0.41196821872227096 0.8318042074929465 2.019098002444962
647 0.4105962935519928 0.8269010616395828 2.0139028886164905
648 0.4092208370224375 0.8219979283839878 2.008690306107061
649 0.4078418189641708 0.817094807886793 2.003460091370805
650 0.40645920877241515 0.8121917003115355 1.9982120783153379
651 0.4050729753943701 0.8072886058247908 1.992946098264967
652 0.40368308731967395 0.8023855245959627 1.987661979904942
653 0.4022895125877291 0.7974824568002136 1.982359549147588
654 0.40089221875091213 0.7925794026143792 1.9770386291953337
655 0.3994911728660844 0.787676362218685 1.9716990404759864
656 0.39808634149091626 0.7827733357956261 1.9663406005440351
657 0.3966776906751322 0.777870323532592 1.960963124013056
658 0.39526518594894894 0.7729673256197206 1.9555664224866856
659 0.3938487923108595 0.7680643422515206 1.950150304498834
660 0.39242846385997576 0.7631613735870815 1.9447146266622206
661 0.39100416423624507 0.7582584198248121 1.9392591925611098
662 0.38957586755731644 0.7533554812119369 1.9337837477859154
663 0.3881435365778261 0.7484525579589513 1.9282880878498931
664 0.386707133461791 0.7435496502809199 1.9227720048106822
665 0.38526661976713894 0.7386467583969966 1.9172352871978526
666 0.38382195643218453 0.733743882531352 1.9116777199300046
666 0.3823731037609294 0.7288410229123042 1.906099084228467
667 0.3823731037609294 0.7288410229123042 1.906099084228467
668 0.3809200214101801 0.7239381797738355 1.9004991575233807
669 0.3794626683723222 0.719035353354053 1.894877713368494
670 0.3780010029614085 0.7141325438967894 1.889234521342521
671 0.37653498279654096 0.709229751650619 1.8835693469518826
672 0.37506456478483996 0.7043269768701685 1.877881951536034
673 0.37358970510613915 0.6994242198149776 1.8721720921519154
674 0.372110359193824 0.6945214807507611 1.8664395214780902
675 0.37062648171922463 0.6896187599490933 1.8606839876906787
676 0.3691380265688209 0.6847160576871882 1.8549052343691068
677 0.3676449468287728 0.6798133742492524 1.8491030003626545
678 0.3661471947639483 0.6749107099252221 1.8432770196705472
679 0.36464472179737495 0.6700080650120935 1.8374270213196786
680 0.36313747848985617 0.6651054398135776 1.8315527292293974
681 0.3616254145165254 0.6602028346405272 1.82565386208595
682 0.3601084786461009 0.6553002498106458 1.8197301331931333
683 0.3585866187169712 0.6503976856498855 1.8137812503350492
683 0.35705978161307317 0.6454951424911709 1.8078069156236138
684 0.35705978161307317 0.6454951424911709 1.8078069156236138
685 0.35552791323890054 0.6405926206758242 1.8018068253486796
686 0.3539909584944076 0.6356901205532732 1.7957806698142433
687 0.3524488612486207 0.6307876424813987 1.7897281331728727
688 0.3509015643108361 0.625885186826923 1.7836488932619876
689 0.3493490094045831 0.6209827539655034 1.7775426214142767
690 0.3477911371362154 0.6160803442823797 1.7714089822854988
691 0.346227886964399 0.6111779581719073 1.7652476336625995
692 0.3446591971704081 0.606275596039171 1.759058226261153
693 0.34308500482425514 0.6013732582987259 1.752840403522674
694 0.3415052457512421 0.5964709453766798 1.7465938014057882
695 0.33991985449667433 0.5915686577093383 1.740318048162515
696 0.33832876428972386 0.586666395744743 1.7340127641123595
697 0.3367319070065602 0.5817641599430866 1.7276775614012505
698 0.3351292131297526 0.5768619507759696 1.721312043759745
699 0.3335206117085085 0.5719597687285395 1.7149158062483492
700 0.33190603031722316 0.5670576142982737 1.7084884349835452
700 0.33190603031722316 0.5670576142982737 1.7084884349835452
701 0.33028539501203874 0.5621554879964463 1.7020295068631661
702 0.32865863028317444 0.557253390348832 1.6955385892915662
703 0.32702565901110386 0.5523513218949302 1.6890152398597433
704 0.32538640241522365 0.5474492831901444 1.6824590060513582
705 0.32374078000417733 0.5425472748050706 1.6758694249086257
706 0.3220887095228757 0.5376452973267762 1.669246022697331
707 0.3204301068971612 0.5327433513586759 1.6625883145545197
708 0.3187648861764329 0.5278414375228008 1.6558958041277052
709 0.3170929594744843 0.5229395564582208 1.6491679831834944
710 0.31541423690763354 0.5180377088234019 1.6424043312131944
711 0.31372862652860145 0.5131358952967379 1.635604315024014
712 0.3120360342612957 0.5082341165763349 1.628767388290626
713 0.3103363638294956 0.5033323733822432 1.6218929911120024
714 0.30862951668364613 0.49843066645609574 1.614980549533767
715 0.30691539192316114 0.4935289965631045 1.6080294750634847
716 0.30519388621919574 0.4886273644916418 1.601039164135486
716 0.3034648937301109 0.48372577105579895 1.5940089975811327
717 0.3034648937301109 0.48372577105579895 1.5940089975811327
718 0.3017283060137958 0.47882421709526707 1.586938340062049
719 0.2999840119369804 0.47392270347683924 1.5798265394770417
720 0.29823189758088714 0.4690212310959702 1.5726729263383412
721 0.2964718461406749 0.4641198008771976 1.5654768131236796
722 0.2947037378224004 0.45921841377596734 1.5582374935899512
723 0.2929274497331536 0.45431707078019357 1.5509542420625315
724 0.2911428557668513 0.44941577291113766 1.5436263126821568
725 0.2893498264846357 0.44451452122511037 1.5362529386162043
726 0.28754822898972904 0.4396133168156175 1.528833331229872
727 0.2857379267952104 0.4347121608142062 1.5213666792149938
728 0.2839187796855948 0.42981105439305545 1.5138521476776508
729 0.28209064357198743 0.4249099987661895 1.5062888771699217
730 0.28025337034017705 0.42000899519223667 1.4986759826738978
731 0.2784068076886343 0.41510804497582204 1.4910125525381268
732 0.27655079896008405 0.4102071494705739 1.4832976473511512
733 0.2746851829649845 0.40530631008083245 1.475530298743849
733 0.27280979379349435 0.400405528265006 1.467709508142132
734 0.27280979379349435 0.400405528265006 1.467709508142132
735 0.27092446061740855 0.3955048055374133 1.459834245442804
736 0.2690290074839615 0.39060414347202377 1.4519034476061474
737 0.26712325344223387 0.385703543707302 1.4439160153113044
738 0.2652070136601369 0.38080300795668975 1.4358708040983006
739 0.263280094199896 0.3759025379844293 1.4277666495326624
740 0.2613422951424178 0.3710021356273872 1.4196023472787311
741 0.25939341135470895 0.36610180280727705 1.4113766455950922
742 0.2574332310578895 0.36120154152611894 1.4030882494921366
743 0.25546153552112566 0.35630135387279877 1.394735818627122
744 0.25347809873255195 0.3514012420261657 1.3863179650756878
745 0.25148268705724663 0.3465012082618326 1.377833250934512
746 0.24947505886668528 0.34160125495662835 1.3692801857967436
747 0.2474549641483941 0.33670138459589605 1.3606572240514139
748 0.24542214409019286 0.3318015997790424 1.3519627619955312
749 0.24337633063616415 0.32690190322707013 1.343195134763424
750 0.2413172460164589 0.3220022977900507 1.3343526130249668
751 0.239244602241014 0.3171027864553915 1.3254333994793477
752 0.2371581005629525 0.31220337235668705 1.3164356250770954
753 0.23505743090451045 0.30730405878322226 1.307357344971839
754 0.23294227123744843 0.30240484919037114 1.2981965342053199
755 0.23081228692883582 0.2975057472111318 1.2889510830195057
756 0.22866713003023634 0.2926067566678234 1.279618791861919
757 0.22650643852001076 0.287707881585589 1.2701973659798258
758 0.22432983548897603 0.28280912620717785 1.260684409591499
759 0.2221369282588933 0.27791049500795006 1.2510774196177525
760 0.21992730744018263 0.27301199271390364 1.241373778870818
761 0.21770054590909005 0.2681136243196339 1.2315707487090821
762 0.21545619770756888 0.263215395109685 1.2216654610555135
763 0.2131937968502154 0.2583173106802444 1.2116549097426679
764 0.21091285603217674 0.25341937696509526 1.2015359411113078
765 0.2086128652302743 0.24852160026148123 1.1913052437449352
766 0.206293290179462 0.24362398726144407 1.1809593373080955
766 0.20395357071856027 0.2387265450838402 1.1704945603196322
767 0.20395357071856027 0.2387265450838402 1.1704945603196322
768 0.2015931189849904 0.2338292813125024 1.15990705679747
769 0.1992113174423657 0.22893220403568876 1.1491927616106534
770 0.19680751672927305 0.22403532189210693 1.1383473843648373
771 0.19438103329694592 0.21913864412104106 1.12736639169046
772 0.19193114681661044 0.21424218061932468 1.1162449877092244
773 0.18945709732998606 0.20934594200296924 1.1049780924192134
774 0.1869580821056693 0.20444993967992792 1.0935603177848827
775 0.18443325216683606 0.19955418592775553 1.081985941164456
776 0.18188170845124765 0.19465869398463875 1.0702488757236184
777 0.17930249754214592 0.18976347815011693 1.0583426374499447
778 0.17669460692552763 0.1848685539007935 1.0462603082091293
779 0.17405695969401144 0.179973938021578 1.0339944943193795
780 0.17138840862802648 0.17507964875509022 1.0215372798931521
781 0.16868772955054934 0.1701857059730216 1.0088801741920617
782 0.16595361385281118 0.16529213137513507 0.9960140519852565
783 0.16318466006151328 0.16039894871565494 0.9829290857069025
783 0.16037936427983987 0.15550618406913388 0.9696146681177575
784 0.16037936427983987 0.15550618406913388 0.9696146681177575
785 0.15753610932239173 0.15061386613769023 0.9560593237037777
786 0.15465315232955437 0.14572202661293504 0.9422506067151625
787 0.1517286105623753 0.14083070059918662 0.9281749834602976
788 0.1487604450749575 0.13593992711606495 0.9138176956083148
789 0.14574644183312263 0.13104974969416205 0.8991626007872765
790 0.14268418979839045 0.12616021709008288 0.8841919855896047
791 0.139571055339494 0.12127138414471669 0.8688863450214301
792 0.13640415220024377 0.11638331282575376 0.853224120735716
793 0.13318030604277886 0.11149607350088031 0.837181388253205
794 0.12989601230980502 0.10660974650568093 0.8207314805893672
795 0.1265473858166705 0.10172442409090054 0.8038445317097974
796 0.12313009998281663 0.0968402128667224 0.7864869181478525
797 0.11963931299762838 0.09195723689971015 0.7686205695742588
798 0.11606957730248803 0.08707564168399395 0.750202109008003
799 0.11241472757142422 0.08219559929731278 0.731181768377179
800 0.10866774059865213 0.07731731519099054 0.7115020038610204
801 0.1048205580370436 0.07244103726793921 0.6910957032144261
802 0.1008638592415298 0.06756706823890471 0.6698838290245053
803 0.09678676604077348 0.06269578276545414 0.6477722660868968
804 0.09257645352551629 0.057827651801085386 0.6246475167159725
805 0.08821762860476685 0.05296327805149084 0.6003706842855325
806 0.08369180735253991 0.04810344895401774 0.5747689107894248
807 0.07897630945844171 0.04324921905210366 0.5476226902557649
808 0.07404281698864464 0.038402043230814906 0.5186464371919335
809 0.06885525249156974 0.033564003113462505 0.48745741100247797
810 0.06336655215472498 0.028738215409727215 0.45352341941464347
811 0.05751365214633742 0.023929627334444543 0.41606864529413173
812 0.05120963041871073 0.019146725796884586 0.37388916186922616
813 0.044332233491993764 0.014405723940938888 0.32494920301140495
814 0.036715658698641386 0.009742825668440742 0.26535886904301303
815 0.028231458397876084 0.005259662787576297 0.1863050329688952
816 0.02103498727442193 0.0013819937980662706 0.0656997686776233
816 0.018447163500161862 0.00014185075412601175 0.007689569950673831
817 0.018447163500161862 0.00014185075412601175 0.007689569950673831
818 0.016257304417609354 1.3250740614333255e-05 0.0008150638183277486
819 0.01433129093229374 1.2295807971815488e-06 8.579693225059335e-05
820 0.012641603345979968 1.1413384255267586e-07 9.028430922013578e-06
821 0.011150049422801083 1.0595008608448978e-08 9.502207754149426e-07
822 0.009832197491555538 9.83383643412191e-10 1.0001666913798039e-07
