1 0.4994477308296638 2.4951114569489943 4.995740901263499
2 0.4988942025431087 2.490192734661114 4.991424478310991
3 0.4983446061010796 2.4852887278193045 4.987088647880763
4 0.49779670741536824 2.4803850405254786 4.982726891473415
5 0.49724975400160404 2.4754813202034303 4.978345992696951
6 0.49670285246588297 2.4705776023022885 4.973954931076191
7 0.4961554349678007 2.465673887241699 4.969559362786614
8 0.4956070943962016 2.4607701736334238 4.965163334942535
9 0.49505730121813063 2.4558664599923 4.960772124659977
10 0.49450561440319873 2.450962745142152 4.956390127339873
11 0.49395192794586323 2.4460590286897546 4.95201838539608
12 0.4933961042604803 2.44115531025428 4.947658259104357
13 0.49283813463074105 2.436251589988762 4.943309818778783
14 0.4922783082534652 2.431347868705702 4.938970147459443
15 0.4917172948535155 2.426444148308864 4.934632508770535
16 0.4911557884559903 2.4215404307550736 4.930289915481785
16 0.4905937939783766 2.4166367161960687 4.925942288423209
17 0.4905937939783766 2.4166367161960687 4.925942288423209
18 0.4900313046701048 2.411733004926976 4.92158966568592
19 0.4894683190085878 2.4068292967041662 4.917232031644398
20 0.48890483559414755 2.401925591534156 4.912869369792972
21 0.48834085297023666 2.397021889432007 4.908501664058199
22 0.4877763696694279 2.392118190410903 4.904128898314757
23 0.4872113842176385 2.3872144944848466 4.8997510563473865
24 0.486645895133486 2.382310801667099 4.895368121853028
25 0.4860799009278075 2.377407111971755 4.890980078447734
26 0.4855134001043378 2.3725034254120976 4.886586909655309
27 0.484946391158593 2.3675997420026493 4.882188598921584
28 0.4843788725796685 2.362696061756875 4.87778512959041
29 0.4838108428489273 2.357792384689389 4.873376484920209
30 0.48324230043892885 2.3528887108138634 4.868962648089241
31 0.4826732438150265 2.347985040145085 4.864543602182549
32 0.4821036714350626 2.343081372697024 4.860119330189809
33 0.48153358174933086 2.3381777084842104 4.855689815007299
33 0.48096297319958053 2.3332740475212037 4.851255039445599
34 0.48096297319958053 2.3332740475212037 4.851255039445599
35 0.48039184421940934 2.328370389822727 4.846814986224643
36 0.47982019323502445 2.3234667354035436 4.842369637964504
37 0.4792480186645058 2.3185630842781277 4.837918977190851
38 0.47867531891750836 2.313659436461717 4.833462986338841
39 0.4781020923956569 2.3087557919692756 4.829001647745661
40 0.4775283374923805 2.3038521508159477 4.824534943651817
41 0.4769540525927079 2.298948513016945 4.82006285620162
42 0.476379236073388 2.2940448785873553 4.815585367440216
43 0.4758038863027567 2.289141247543031 4.8111024593154275
44 0.4752280016401102 2.2842376198992205 4.806614113679841
45 0.4746515804375034 2.279333995671617 4.802120312273422
46 0.47407462101323167 2.2744303748753283 4.797621036988284
47 0.47349712170107 2.2695267575260325 4.79311626937162
48 0.47291908082690864 2.26462314363993 4.788605990860403
49 0.47234049670672795 2.2597195332330546 4.7840901827989875
50 0.47176136764854865 2.2548159263216374 4.7795688264186635
51 0.4711816919519365 2.249912322921849 4.775041902840644
52 0.47060146790586316 2.2450087230503155 4.7705093930973375
53 0.47002069379187633 2.2401051267236394 4.765971278097706
54 0.4694393678810766 2.2352015339580937 4.761427538655725
55 0.4688574884359246 2.230297944770693 4.756878155472805
56 0.4682750537100356 2.2253943591782335 4.752323109136277
57 0.4676920619469878 2.2204907771977807 4.747762380130946
58 0.46710851138126414 2.2155871988464226 4.743195948827428
59 0.46652440023778835 2.2106836241411982 4.7386237954851
60 0.4659397267315306 2.2057800530996485 4.734045900255667
61 0.46535448906911814 2.2008764857390184 4.7294622431634625
62 0.46476868544594085 2.1959729220768995 4.724872804134568
63 0.4641823140480144 2.1910693621311528 4.720277562976067
64 0.46359537305205306 2.1861658059194005 4.715676499372514
65 0.4630078606248328 2.181262253459504 4.711069592891734
66 0.4624197749223127 2.176358704769644 4.706456822992218
66 0.4618311140908427 2.171455159868021 4.701838169008451
67 0.4618311140908427 2.171455159868021 4.701838169008451
68 0.4612418762667695 2.1665516187727936 4.697213610153039
69 0.46065205957640254 2.161648081502347 4.6925831255158466
70 0.4600616621377485 2.156744548075333 4.687946694044624
71 0.4594706623481962 2.151841018375253 4.68330449517263
72 0.4588790781088474 2.146937492543805 4.678656306127222
73 0.45828690750030665 2.1420339705999734 4.674002105544637
74 0.45769414859744245 2.137130452563076 4.669341871885617
75 0.4571007994634144 2.1322269384518577 4.664675583492428
76 0.45650685815039643 2.127323428286058 4.660003218582994
77 0.4559123226994305 2.1224199220846107 4.655324755246546
78 0.4553171911411973 2.1175164198676306 4.650640171438141
79 0.4547214614946791 2.1126129216543315 4.645949444985789
80 0.4541251317684819 2.107709427465341 4.6412525535800455
81 0.45352819995864757 2.1028059373199754 4.636549474788355
82 0.4529306640512987 2.097902451238675 4.63184018603136
83 0.45233252202032614 2.0929989692418216 4.627124664601874
83 0.4517337718281729 2.0880954913498804 4.622402887655109
84 0.4517337718281729 2.0880954913498804 4.622402887655109
85 0.451134411425614 2.083192017583103 4.617674832208168
86 0.4505344387521408 2.07828854796289 4.612940475137018
87 0.4499338517350205 2.0733850825095765 4.608199793179054
88 0.449332648289859 2.068481621244657 4.6034527629301145
89 0.4487308263194136 2.063578164188856 4.59869936085017
90 0.4481283837155342 2.0586747113641217 4.5939395632456534
91 0.4475253183575223 2.053771262791573 4.589173346279464
92 0.4469216281123401 2.048867818493094 4.5844006859701185
93 0.44631731083395343 2.0439643784903603 4.579621558194033
94 0.4457123643648486 2.0390609428055075 4.574835938669148
95 0.4451067865342823 2.0341575114606676 4.570043802969506
96 0.44450057515856956 2.0292540844783735 4.565245126520848
97 0.44389372804221505 2.0243506618808396 4.560439884584989
98 0.44328624297584257 2.0194472436907276 4.555628052280386
99 0.4426781177373059 2.0145438299312257 4.5508096045684745
100 0.44206935009156945 2.0096404206251055 4.545984516250295
101 0.44145993779006987 2.0047370157955555 4.541152761972436
102 0.4408498785709074 1.9998336154658845 4.53631431622188
103 0.4402391701590963 1.9949302196599188 4.53146915332177
104 0.43962781026529607 1.9900268284012408 4.526617247440163
105 0.43901579658746437 1.9851234417136545 4.521758572571458
106 0.4384031268088302 1.9802200596213566 4.516893102555015
107 0.4377897985991988 1.9753166821486832 4.512020811058474
108 0.4371758096147194 1.970413309319814 4.507141671576769
109 0.43656115749653296 1.9655099411597368 4.502255657445535
110 0.4359458398719599 1.9606065776931658 4.497362741823637
111 0.43532985435405847 1.9557032189448298 4.492462897695583
112 0.43471319854092155 1.9507998649406133 4.487556097878578
113 0.4340958700158473 1.9458965157052601 4.482642315012631
114 0.43347786634827784 1.940993171265044 4.47772152155412
115 0.43285918509168747 1.9360898316451742 4.4727936897886895
116 0.4322398237852741 1.9311864968721606 4.4678587918162895
116 0.4316197799529648 1.9262831669720242 4.462916799554317
117 0.4316197799529648 1.9262831669720242 4.462916799554317
118 0.4309990511029748 1.9213798419710415 4.457967684740872
119 0.4303776347280406 1.916476521896147 4.4530114189302274
120 0.4297555283060393 1.9115732067740479 4.4480479734812635
121 0.4291327293035732 1.9066698966317746 4.443077319518491
122 0.42850923518761186 1.9017665914965587 4.438099427807941
123 0.4278850433889993 1.8968632913955163 4.433114269131015
124 0.42726015131331363 1.8919599963566025 4.428121814171272
125 0.4266345563506466 1.8870567064074129 4.423122033407111
126 0.4260082558817794 1.8821534215763402 4.418114897047095
127 0.42538124727179916 1.8772501418915717 4.413100375090336
128 0.42475352786856085 1.8723468673816919 4.408078437340457
129 0.4241250950029246 1.8674435980758222 4.403049053400023
130 0.4234959459891427 1.8625403340028721 4.398012192661279
131 0.42286607812344457 1.8576370751919389 4.392967824318249
132 0.4222354886861028 1.8527338216731128 4.387915917343621
133 0.4216041749391606 1.8478305734755338 4.382856440504139
133 0.42097213412685497 1.8429273306297729 4.377789362358195
134 0.42097213412685497 1.8429273306297729 4.377789362358195
135 0.42033934626236424 1.8380240930360525 4.372714830005013
136 0.4197058258369795 1.8331208608454252 4.367632632189001
137 0.41907157003754303 1.828217634088729 4.362542736852672
138 0.4184365760382319 1.8233144127973404 4.357445111659519
139 0.41780084099254716 1.8184111970024035 4.352339724071644
140 0.41716436203679164 1.8135079867356838 4.347226541311652
141 0.4165271362875765 1.8086047820288798 4.342105530383001
142 0.4158891608418526 1.803701582914293 4.336976658067255
143 0.41525043277863016 1.798798389424463 4.331839890901214
144 0.41461094915697594 1.7938952015918932 4.326695195192991
145 0.413970707016557 1.7889920194497135 4.321542537013764
146 0.41332970337735336 1.7840888430312654 4.316381882195541
147 0.41268793523920405 1.779185672370072 4.311213196331539
148 0.41204539958275554 1.7742825074998174 4.306036444761881
149 0.41140209336703915 1.7693793484551024 4.3008515925963495
150 0.41075801353149755 1.764476195269653 4.2956586046844105
151 0.41011315699522116 1.7595730479788851 4.290457445624912
152 0.4094675206554208 1.7546699066174263 4.285248079771469
153 0.408821101389469 1.749766771220856 4.280030471210724
154 0.408173896052871 1.744863641824558 4.274804583776089
155 0.4075259014791042 1.7399605184646179 4.2695703810468935
156 0.40687711448066805 1.735057401177522 4.264327826331849
157 0.40622753184840976 1.7301542899995646 4.259076882669782
158 0.4055771503506722 1.725251184967979 4.253817512836419
159 0.4049259667336781 1.7203480861195566 4.248549679331972
160 0.40427397772094037 1.7154449934924723 4.243273344386758
161 0.40362118001299707 1.7105419071240362 4.237988469953323
162 0.402967570288461 1.7056388270529628 4.232695017695829
163 0.40231314520186445 1.7007357533177014 4.227392949003297
164 0.40165790138445523 1.69583268595693 4.222082224977141
165 0.4010018354442551 1.6909296250104178 4.2167628064273055
166 0.4003449439647748 1.6860265705174997 4.211434653876504
166 0.39968722350570457 1.681123522518326 4.206097727550533
167 0.39968722350570457 1.681123522518326 4.206097727550533
168 0.39902867060245756 1.6762204810531287 4.200751987375629
169 0.3983692817659781 1.671317446162743 4.195397392976092
170 0.3977090534826152 1.666414417888384 4.190033903669298
171 0.3970479822158128 1.6615113962713175 4.184661478441198
172 0.39638606442026714 1.6566083813537158 4.179280075793234
173 0.3957232965056808 1.6517053731778986 4.173889654116403
174 0.3950596748563499 1.6468023717863263 4.168490171478854
175 0.3943951958298817 1.641899377221947 4.16308158563413
176 0.3937298557576362 1.6369963895283852 4.157663854010737
177 0.3930636509442654 1.632093408749112 4.152236933708569
178 0.392396577667426 1.6271904349285784 4.1468007814983965
179 0.3917286321777299 1.6222874681114463 4.141355353813922
180 0.3910598106977735 1.6173845083425986 4.135900606755465
181 0.3903901094235969 1.6124815556675614 4.1304364960689135
182 0.3897195245218373 1.6075786101322773 4.124962977168467
183 0.3890480521315401 1.6026756717832384 4.119480005110941
183 0.38837568836200287 1.5977727406670286 4.113987534610439
184 0.38837568836200287 1.5977727406670286 4.113987534610439
185 0.38770242929502674 1.5928698168308975 4.108485520008915
186 0.38702827098250836 1.5879669003227408 4.102973915294442
187 0.38635320944640095 1.5830639911904685 4.097452674092741
188 0.38567724067925335 1.5781610894827975 4.091921749656127
189 0.38500036064316795 1.5732581952488174 4.086381094865958
190 0.38432256526943054 1.5683553085382589 4.080830662229678
191 0.3836438504587668 1.5634524294009875 4.07527040386908
192 0.38296421208151893 1.558549557887667 4.06970027151234
193 0.38228364597497866 1.5536466940490632 4.064120216512618
194 0.3816021479456032 1.548743837937243 4.058530189819618
195 0.3809197137673376 1.5438409896038632 4.052930141984795
196 0.38023633918124916 1.538938149101587 4.047320023160684
197 0.3795520198957423 1.534035316483722 4.041699783089286
198 0.3788667515861797 1.5291324918035656 4.036069371095865
199 0.37818052989406337 1.5242296751155775 4.0304287360921185
200 0.3774933504266076 1.519326866474305 4.024777826569141
201 0.37680520875682727 1.5144240659352728 4.019116590589947
202 0.37611610042319804 1.5095212735539831 4.013444975781417
203 0.3754260209287432 1.5046184893870156 4.007762929337804
204 0.37473496574103854 1.4997157134913273 4.0020703980095345
205 0.37404291577605286 1.4948129457965762 3.9963674828466775
206 0.37334988101266475 1.4899101864817292 3.990653974337784
207 0.37265585680673013 1.4850074356054697 3.984929817903376
208 0.3719608384802211 1.4801046932271267 3.9791949584655826
209 0.3712648213176683 1.4752019594067771 3.9734493404763986
210 0.37056780056490224 1.4702992342052112 3.967692907920906
211 0.3698697714289399 1.4653965176835404 3.9619256043071234
212 0.3691707290782042 1.4604938099037514 3.956147372654683
213 0.3684706686421281 1.4555911109284017 3.950358155487605
214 0.36776958520990494 1.4506884208206885 3.9445578948370796
215 0.36706747383049504 1.4457857396447027 3.938746532231128
216 0.3663643295119076 1.4408830674646564 3.9329240086890738
216 0.3656601472214868 1.4359804043463782 3.927090264711236
217 0.3656601472214868 1.4359804043463782 3.927090264711236
218 0.3649549218843887 1.4310777503553849 3.921245240278538
219 0.3642486483936841 1.4261751055589589 3.9153888747379306
220 0.3635413215990471 1.4212724700244597 3.909521106907328
221 0.36283293629764696 1.41636984382046 3.903641875164698
222 0.36212348724307797 1.411467227015285 3.8977511173359147
223 0.36141296914437643 1.406564619678957 3.8918487706982807
224 0.3607013766665769 1.4016620218814801 3.885934771957193
225 0.3599887044284174 1.3967594336939904 3.880009057261216
226 0.3592749470037553 1.3918568551885906 3.8740715621733637
227 0.35856009891897284 1.3869542864375972 3.868122221683736
228 0.3578441546544672 1.382051727514906 3.8621609701838207
229 0.357127108642912 1.3771491784945216 3.8561877414674783
230 0.3564089552685388 1.3722466394516064 3.8502024687277503
231 0.35568968886730606 1.3673441104621695 3.8442050845400586
232 0.3549693037258504 1.362441591603112 3.8381955208593244
233 0.35424779408073725 1.3575390829519969 3.832173709012843
233 0.3535251541178833 1.3526365845873993 3.826139579692712
234 0.3535251541178833 1.3526365845873993 3.826139579692712
235 0.3528013779726034 1.3477340965889604 3.8200930629404115
236 0.35207645972821366 1.342831619036798 3.814034088144945
237 0.35135039341537416 1.3379291520122099 3.8079625840363884
238 0.35062317301210055 1.3330266955977068 3.8018784786700395
239 0.3498947924420226 1.3281242498761252 3.7957816994266778
240 0.3491652455751604 1.3232218149317199 3.789672172990902
241 0.3484345262260212 1.3183193908496196 3.7835498253535786
242 0.3477026281531111 1.3134169777159472 3.7774145818005813
243 0.34696954505901095 1.308514575617859 3.7712663668948614
244 0.3462352705885502 1.3036121846431612 3.7651051044776804
245 0.3454997983286132 1.2987098048814028 3.7589307176560736
246 0.3447631218076779 1.2938074364227607 3.752743128786542
247 0.34402523449426137 1.2889050793582097 3.7465422594740208
248 0.34328612979735934 1.2840027337805953 3.7403280305514754
249 0.3425458010637192 1.279100399782976 3.7341003620857176
250 0.34180424157981243 1.2741980774603408 3.7278591733415083
251 0.34106144456827814 1.2692957669081595 3.7216043827963534
252 0.3403174031886289 1.264393468223341 3.715335908115523
253 0.33957211053603237 1.2594911815043561 3.709053666145265
254 0.3388255596405812 1.2545889068501035 3.7027575728966378
255 0.3380777434659709 1.2496866443611563 3.696447543542431
256 0.33732865490901043 1.2447843941395242 3.6901234924002733
257 0.33657828679903357 1.2398821562878755 3.6837853329148134
258 0.3358266318963436 1.234979930910554 3.6774329776553976
259 0.3350736828911783 1.2300777181134575 3.6710663383043105
260 0.334319432403905 1.225175518003116 3.664685325628728
261 0.33356387298264023 1.2202733306878353 3.658289849486615
262 0.3328069971117526 1.2153711562777936 3.6518798187097206
263 0.3320487972015159 1.2104689948848435 3.645455141191872
264 0.3312892655792228 1.2055668466209635 3.639015723957016
265 0.3305283944964788 1.2006647115999993 3.632561473059133
266 0.3297661761285314 1.19576258993753 3.6260922935633744
266 0.32900260257250247 1.190860481749848 3.6196080895360625
267 0.32900260257250247 1.190860481749848 3.6196080895360625
268 0.32823766584692493 1.1859583871556274 3.613108764028027
269 0.3274713578895693 1.1810563062742077 3.6065942190659808
270 0.3267036705577977 1.176154239227371 3.6000643556261958
271 0.325934595626472 1.171252186137615 3.5935190736238845
272 0.3251641247870863 1.1663501471297746 3.586958271898806
273 0.32439224964615804 1.161448122329978 3.580381848200342
274 0.3236189617245892 1.1565461118659501 3.573789699165435
275 0.322844252455918 1.1516441158673647 3.567181720308349
276 0.3220681131856548 1.1467421344654931 3.56055780599571
277 0.3212905351688246 1.1418401677933758 3.5539178494423656
278 0.32051150957005425 1.1369382159858499 3.5472617426780713
279 0.3197310274615493 1.1320362791794467 3.5405893765364542
280 0.3189490798218527 1.1271343575129316 3.5339006406367006
281 0.3181656575337752 1.1222324511267128 3.527195423370233
282 0.3173807513839118 1.117330560162778 3.5204736118707673
283 0.3165943520610239 1.1124286847657299 3.513735091999709
283 0.3158064386028115 1.1075268249571704 3.5069798762086117
284 0.3158064386028115 1.1075268249571704 3.5069798762086117
285 0.3150170131167838 1.1026249810049247 3.5002077192451733
286 0.31422606598725505 1.0977231530598308 3.4934185030479115
287 0.3134335874957995 1.092821341273909 3.4866121081824213
288 0.31263956781895597 1.0879195458022621 3.4797884138333286
289 0.3118439970255411 1.0830177668015826 3.4729472977890277
290 0.3110468650747956 1.0781160044310554 3.4660886364239905
291 0.3102481618161752 1.0732142588520337 3.459212304657981
292 0.30944787698653525 1.0683125302281038 3.452318175944663
293 0.30864600020813876 1.063410818725536 3.4454061222514256
294 0.3078425209873408 1.0585091245127052 3.438476014027424
295 0.3070374287133417 1.0536074477604667 3.4315277201729777
296 0.30623071265479757 1.0487057886421438 3.424561108030698
297 0.3054223619594613 1.043804147334022 3.417576043343434
298 0.30461236566125366 1.038902524015294 3.410572390126187
299 0.30380071266349684 1.034000918868017 3.403550010803702
300 0.3029873917366649 1.0290993320758175 3.396508766180731
301 0.30217239152214254 1.0241977638255186 3.389448515353421
302 0.3013557005293361 1.0192962143064064 3.382369115686202
303 0.30053730713346066 1.0143946837107236 3.37527042278401
304 0.2997171995741019 1.0094931722335372 3.368152290452556
305 0.2988953659519994 1.0045916800733685 3.361014570679892
306 0.2980717942273468 0.9996902074308173 3.353857113593004
307 0.2972464722173618 0.9947887545108144 3.346679767433452
308 0.2964193875940858 0.9898873215202884 3.3394823785137553
309 0.2955905278807204 0.9849859086701783 3.332264791203491
310 0.29475988045043555 0.9800845161743053 3.3250268478756166
311 0.2939274325238659 0.9751831442501104 3.31776838887241
312 0.29309317116581163 0.9702817931183072 3.3104892524752465
313 0.29225708328221245 0.9653804630031199 3.3031892748718046
314 0.2914191556180726 0.9604791541321327 3.2958682901096426
315 0.2905793747550132 0.9555778667374104 3.2885261300567388
316 0.28973772710738105 0.9506766010535758 3.281162624366281
316 0.288894198919884 0.9457753573200091 3.2737776004366603
317 0.288894198919884 0.9457753573200091 3.2737776004366603
318 0.2880487762649704 0.9408741357794972 3.2663708833604126
319 0.28720144503846984 0.9359729366787709 3.2589422958975707
320 0.28635219095837317 0.9310717602688898 3.25149165841109
321 0.2855009995591543 0.9261706068050171 3.2440187888488263
322 0.28464785619120786 0.9212694765463794 3.2365235026661527
323 0.28379274601516574 0.9163683697565528 3.2290056128058415
324 0.2829356539998551 0.9114672867038492 3.221464929634906
325 0.28207656493091743 0.906566227662708 3.213901260761356
326 0.2812154633827732 0.9016651929107403 3.2063144112507396
327 0.28035233372561635 0.8967641827296796 3.1987041834556362
328 0.27948716012298996 0.891863197406519 3.191070376950588
329 0.27861992652751255 0.8869622372327706 3.1834127884790275
330 0.27775061667668816 0.8820613025054749 3.1757312119030376
331 0.2768792140897007 0.8771603935264345 3.1680254381329633
332 0.2760057020629581 0.8722595106029535 3.160295255074068
333 0.2751300636646211 0.8673586540478979 3.1525404475797068
333 0.27425228173192395 0.8624578241794297 3.144760797368551
334 0.27425228173192395 0.8624578241794297 3.144760797368551
335 0.27337233886556206 0.857557021321361 3.1369560829747556
336 0.27249021742582535 0.8526562458035636 3.1291260796753755
337 0.2716058995269441 0.8477554979618976 3.1212705594334773
338 0.2707193670330857 0.8428547781379007 3.1133892908182372
339 0.26983060154851857 0.8379540866807438 3.105482038997234
340 0.2689395844186044 0.8330534239458885 3.097548565588772
341 0.2680462967286354 0.8281527902948993 3.0895886285394356
342 0.26715071929989 0.8232521860973183 3.0816019820376255
343 0.26625283266786676 0.8183516117282497 3.0735883766130314
344 0.2653526170852429 0.813451067568968 3.0655475589586962
345 0.2644500525174463 0.8085505540084443 3.057479271837553
346 0.2635451186347636 0.8036500714430876 3.0493832540181987
347 0.2626377948114587 0.7987496202773353 3.0412592401285514
348 0.2617280601202232 0.7938492009250296 3.0331069605619656
349 0.2608158933133046 0.788948813805995 3.0249261415149715
350 0.2599012728223254 0.7840484593477597 3.016716504823559
350 0.2599012728223254 0.7840484593477597 3.016716504823559
351 0.25898417675391056 0.7791481379869166 3.008477767841667
352 0.25806458288049766 0.7742478501680128 3.0002096433610377
353 0.25714246863454315 0.769347596345011 2.99191183949636
354 0.2562178111000169 0.7644473769802648 2.9835840595869265
355 0.25529058700652124 0.7595471925463905 2.9752260020734265
356 0.2543607727193215 0.7546470435247141 2.966837360403216
357 0.253428344232768 0.7497469304067125 2.9584178229017963
358 0.2524932771617946 0.7448468536944933 2.9499670726567686
359 0.25155554673281705 0.7399468138993337 2.941484787394683
360 0.2506151277758008 0.7350468115442698 2.932970639353581
361 0.24967199471447807 0.7301468471628472 2.924424295155067
362 0.24872612155713905 0.7252469213000214 2.915845415671039
363 0.2477774818876171 0.7203470345118274 2.9072336558757614
364 0.24682604885537512 0.7154471873669235 2.898588664708284
365 0.24587179516460245 0.7105473804458949 2.8899100849294594
366 0.24491469306408942 0.7056476143415198 2.881197552965373
366 0.24395471433740176 0.7007478896603113 2.8724506987437897
367 0.24395471433740176 0.7007478896603113 2.8724506987437897
368 0.2429918302900036 0.6958482070212724 2.863669145546161
369 0.24202601173971894 0.6909485670578244 2.8548525098239788
370 0.24105722900339455 0.6860489704171423 2.8460004010395448
371 0.2400854518850851 0.6811494177609468 2.8371124214847194
372 0.2391106496643811 0.6762499097660074 2.8281881660862904
373 0.23813279108212013 0.6713504471245353 2.819227222230894
374 0.23715184432778538 0.6664510305445124 2.810229169558388
375 0.23616777702586805 0.6615516607503008 2.801193579756816
376 0.23518055622095904 0.6566523384834824 2.7921200163611237
377 0.23419014836308197 0.6517530645023258 2.78300803453041
378 0.23319651929338162 0.6468538395837922 2.7738571808183528
379 0.23219963422719048 0.6419546645227612 2.7646669929490724
380 0.23119945773869488 0.6370555401337067 2.7554369995699406
381 0.23019595374338003 0.6321564672504205 2.7461667200073454
382 0.22918908548084363 0.6272574467270975 2.736855664008161
383 0.22817881454310568 0.6223584794241138 2.727503342807239
383 0.2271650968084293 0.6174595661430349 2.718109317047702
384 0.2271650968084293 0.6174595661430349 2.718109317047702
385 0.22614790031117543 0.6125607079102766 2.708672983774796
386 0.22512718545133795 0.6076619056690213 2.699193811048509
387 0.2241029118082512 0.6027631603857938 2.689671256487444
388 0.2230750381678388 0.597864473051501 2.6801047663686846
389 0.2220435224999933 0.5929658446829538 2.6704937753046667
390 0.22100832193553296 0.5880672763230107 2.660837705896645
391 0.21996939274432747 0.5831687690422553 2.6511359683575524
392 0.21892669030826045 0.5782703239391588 2.6413879601656762
393 0.21788016909704452 0.5733719421419432 2.631593065666116
394 0.21682978264151268 0.5684736248086596 2.6217506556676486
395 0.21577548350551023 0.5635753731291446 2.6118600870369626
396 0.21471722325815382 0.5586771883257553 2.6019207022533983
397 0.21365495244305557 0.5537790716542973 2.5919318289703273
398 0.21258862054911665 0.548881024405771 2.581892779528889
399 0.21151817597615416 0.5439830479075503 2.5718028504977135
400 0.21044356600434333 0.5390851435241002 2.5616613221283946
401 0.2093647367576633 0.5341873126597976 2.551467457856152
402 0.20828163316823375 0.5292895567586356 2.5412205037355196
403 0.20719419893900726 0.5243918773073407 2.530919687870742
404 0.20610237650511767 0.5194942758357988 2.5205642198060696
405 0.2050061069925006 0.5145967539199267 2.5101532899151695
406 0.20390533017610313 0.5096993131825925 2.4996860687378306
407 0.20279998547027656 0.5048019553132009 2.4891616936885206
408 0.2016900089753876 0.49990468202041216 2.4785793037542874
409 0.2005753359535741 0.4950074950766956 2.4679380080473696
410 0.1994559003146854 0.49011039631393777 2.4572368906644586
411 0.19833163437652246 0.48521338762115174 2.446475012150603
412 0.19720246881093478 0.4803164709475737 2.43565140864474
413 0.1960683325865641 0.47541964830501054 2.424765090992514
414 0.19492915290942917 0.4705229217704695 2.413815043812819
415 0.19378485516120394 0.4656262934893781 2.4028002245172217
416 0.192635362832374 0.4607297656778865 2.3917195623048757
416 0.19148059745663018 0.4558333406264262 2.3805719570604076
417 0.19148059745663018 0.4558333406264262 2.3805719570604076
418 0.19032047853660472 0.45093702070323266 2.3693562782656783
419 0.18915492347206347 0.4460408083573131 2.3580713637791693
420 0.18798384747888558 0.4411447061221946 2.3467160186289098
421 0.1868071635087036 0.4362487166209036 2.335289013692337
422 0.18562478216224637 0.43135284256800177 2.323789084320516
423 0.18443661159867344 0.4264570867763424 2.312214928911705
424 0.1832425574402825 0.42156145215979307 2.3005652073873564
425 0.18204252267311474 0.4166659417393845 2.2888385395953454
426 0.1808364075425167 0.41177055864769074 2.2770335036150215
427 0.17962410944180848 0.4068753061348892 2.26514863399616
428 0.1784055227965575 0.4019801875748186 2.253182419880643
429 0.1771805389415187 0.3970852064702605 2.241133303027851
430 0.17594904599366226 0.3921903664606035 2.228999675705717
431 0.17471092871314758 0.3872956713283097 2.216779878516921
432 0.17346606836258022 0.3824011250070994 2.204472198031268
433 0.17221434255361143 0.3775067315887282 2.1920748643290726
433 0.17095562508832857 0.3726124953331855 2.1795860483717093
434 0.17095562508832857 0.3726124953331855 2.1795860483717093
435 0.16968978578907098 0.36771842067655036 2.167003859228359
436 0.16841669031918294 0.3628245122411647 2.1543263411336517
437 0.167136199994397 0.3579307748466516 2.1415514703496354
438 0.1658481715810753 0.3530372135200286 2.12867715184575
439 0.164552457084011 0.3481438335087304 2.1157012157587425
440 0.16324890351947952 0.34325064029299424 2.102621413638078
441 0.16193735267635131 0.33835763959946275 2.0894354144204503
442 0.16061764085917174 0.3334648374165887 2.0761408001812702
443 0.15928959861876157 0.32857224001027285 2.062735061544519
444 0.15795305046128474 0.323679853941057 2.0492155928346123
445 0.1566078145423032 0.3187876860828949 2.0355796868411278
446 0.15525370233576533 0.3138957436427678 2.0218245292721537
447 0.15389051828596037 0.30900403418315286 2.0079471927501054
448 0.15251805943061122 0.30411256564389033 1.9939446304209483
449 0.15113611500015922 0.2992213463696811 1.9798136690847579
450 0.14974446598891955 0.2943303851356733 1.9655510017809439
451 0.14834288469451729 0.2894396911781312 1.9511531798385526
452 0.14693113422354562 0.28454927422711607 1.9366166043079331
453 0.1455089679599074 0.27965914454146695 1.921937516720773
454 0.14407612899572342 0.27476931294735946 1.9071119890756878
455 0.14263234951471152 0.26987979088101516 1.8921359130607254
456 0.14117735012857702 0.2649905904334936 1.8770049883508502
457 0.1397108391622824 0.2601017244026559 1.8617147099126097
458 0.13823251187927002 0.2552132063476896 1.8462603542254126
459 0.13674204964311754 0.2503250506498006 1.8306369642924238
460 0.13523911900853702 0.24543727257989645 1.8148393333174784
461 0.13372337073542256 0.2405498883720547 1.798861986869842
462 0.13219443871365155 0.23566291530538597 1.7826991634334868
463 0.13065193879608927 0.230776371794355 1.7663447930499652
464 0.12909546752351184 0.22589027748976936 1.7497924739195705
465 0.1275246007287266 0.2210046533894278 1.7330354467021951
466 0.12593889201281447 0.21611952196395073 1.7160665661721104
466 0.12433787106902948 0.21123490729471506 1.6988782699797262
467 0.12433787106902948 0.21123490729471506 1.6988782699797262
468 0.12272104184499455 0.2063508352301571 1.6814625440581978
469 0.12108788051461665 0.20146733356042862 1.663810884328009
470 0.11943783324438913 0.19658443221467328 1.6459142540909104
471 0.11777031371823467 0.1917021634827303 1.6277630366288869
472 0.11608470039805234 0.1868205622675111 1.6093469822199373
473 0.11438033347533248 0.18193966636984107 1.5906551488510792
474 0.11265651147860792 0.17705951681492194 1.5716758356088751
475 0.11091248748310996 0.17218015822420665 1.5523965076558823
476 0.10914746486433625 0.1673016392422398 1.5328037114758983
477 0.10736059252764034 0.16242401302924653 1.5128829788027662
478 0.10555095953747122 0.15754733782887922 1.4926187172457583
479 0.10371758903972508 0.15267167762859354 1.4719940854980582
480 0.10185943137372577 0.14779710292974932 1.4509908501990025
481 0.09997535623475844 0.14292369164983038 1.4295892211098729
482 0.09806414474669745 0.13805153022678493 1.4077676462011275
483 0.09612447731189458 0.1331807147992759 1.3855026162290085
483 0.09415492116491353 0.12831135267982996 1.3627684149943795
484 0.09415492116491353 0.12831135267982996 1.3627684149943795
485 0.0921539193148415 0.1234435642556037 1.3395367790474753
486 0.09011977347311123 0.11857748510412068 1.3157765552917229
487 0.08805062540400566 0.11371326861700265 1.2914532758313553
488 0.08594443507021038 0.10885108921152586 1.2665286486856584
489 0.08379895481643986 0.10399114629189349 1.2409599441864672
490 0.08161169868533273 0.09913366917935384 1.2146992499393983
491 0.07937990571612373 0.09427892330389279 1.1876925583793274
492 0.0771004957398006 0.08942721806756815 1.1598786390345384
493 0.07477001574303112 0.08457891693877953 1.131187630472883
494 0.07238457538334427 0.07973445064867292 1.1015392468133463
495 0.06993976518059941 0.07489433444831294 1.0708405190512116
496 0.06743055264019 0.07005919109116608 1.0389828994136014
497 0.06485116097160318 0.06522978271763556 1.0058383187033177
498 0.06219490834413357 0.06040705468157782 0.9712540188553169
499 0.05945400364356948 0.05559219785468479 0.9350454880711405
500 0.05661928430542915 0.0507867393770024 0.8969866009438858
501 0.053679877490120195 0.04599267863261239 0.8567955215821303
502 0.050622763488314106 0.04121269791670903 0.814113949473001
503 0.047432220641058155 0.03645050161041797 0.7684755450573567
504 0.04408915268271052 0.03171138770145701 0.7192560022568221
505 0.0405704174247382 0.02700326677874964 0.6655900651957339
506 0.036848607132342275 0.022338598602293508 0.606226404218323
507 0.03289408838106218 0.01773837339960502 0.5392571818411414
508 0.028686235322058672 0.013241042170609377 0.4615817315152364
509 0.024261793883316493 0.008923986175062388 0.36782054195913866
510 0.019901484485095315 0.004949220217712718 0.2486859822652579
511 0.017139717720753896 0.0016093075415355017 0.09389346824462846
512 0.015220295881757129 0.00017275772945312998 0.011350484300387051
513 0.013431937488259481 1.6203454355895488e-05 0.0012063378325024607
514 0.011839906741878188 1.5036809993296058e-06 0.00012700108473076316
515 0.01044279452224812 1.395712503390191e-07 1.33653161557154e-05
516 0.009210610166263946 1.2956188407958535e-08 1.406659078397831e-06
516 0.008122160723061864 1.2025603874146616e-09 1.4805917149609476e-07
517 0.008122160723061864 1.2025603874146616e-09 1.4805917149609476e-07
