1 1.9986186013194132 3.9951102786735406 1.9989358029771755
2 1.9972387347692702 3.990190429683692 1.9978535165675406
3 1.9958713645373711 3.985285134546194 1.9967645236845988
4 1.994507499900058 3.980380225707004 1.9956707236781286
5 1.9931431780139084 3.975475280560232 1.9945758661059374
6 1.9917748646274491 3.970570332355165 1.9934835020110766
7 1.9903999888705248 3.9656653838240246 1.9923962047821286
8 1.9890170960265237 3.9607604346529333 1.9913154304029754
9 1.9876270022909581 3.9558554848855336 1.9902403621635127
10 1.986233827072482 3.9509505346807945 1.9891668749313953
11 1.9848399367043734 3.946045583773724 1.9880925966885443
12 1.9834453583922496 3.941140633419836 1.9870174979836421
13 1.9820500286803904 3.936235683712533 1.9859416395928213
14 1.980653945565525 3.9313307341501402 1.9848650204403322
15 1.9792571078997692 3.926425784725577 1.9837876388338396
16 1.9778595143509854 3.921520835442308 1.9827094932620204
16 1.9764611635420937 3.9166158863006446 1.981630582248084
17 1.9764611635420937 3.9166158863006446 1.981630582248084
18 1.975062054068427 3.9117109373007155 1.9805509043338607
19 1.97366218457745 3.9068059884436006 1.9794704580004028
20 1.9722615536784165 3.9019010397290823 1.9783892417573838
21 1.9708601599899005 3.896996091158219 1.977307254096703
22 1.9694580021124792 3.8920911427307487 1.9762244935185291
23 1.968055078660901 3.887186194447223 1.97514095850007
24 1.9666513882212908 3.8822812463082306 1.974056647538079
25 1.9652469293980892 3.8773762983137545 1.9729715591013834
26 1.9638417007624596 3.8724713504642554 1.9718856916831802
27 1.9624357009353894 3.8675664027602865 1.970799043717367
28 1.9610289284819225 3.8626614552024607 1.969711613684677
29 1.9596213819874257 3.8577565077905773 1.9686234000356153
30 1.9582130600078798 3.852851560525316 1.9675344012412075
31 1.956803961125278 3.8479466134069393 1.9664446157366435
32 1.9553940839059762 3.8430416664359175 1.9653540419633935
33 1.9539834269199297 3.8381367196127503 1.964262678349743
33 1.9525719887055386 3.8332317729376255 1.9631705233459147
34 1.9525719887055386 3.8332317729376255 1.9631705233459147
35 1.9511597678222319 3.828326826411283 1.9620775753716124
36 1.9497467626666118 3.8234218800327135 1.960983832999692
37 1.948332971743061 3.818516933802063 1.9598892946855262
38 1.946918393588831 3.8136119877202166 1.9587939588420222
39 1.9455030267386721 3.808707041787626 1.9576978238745382
40 1.9440868697381035 3.8038020960043077 1.9566008881674792
41 1.9426699211026441 3.7988971503705957 1.955503150125664
42 1.9412521793458835 3.7939922048872683 1.9544046081461073
43 1.9398336429934444 3.7890872595540546 1.9533052606031431
44 1.9384143105457325 3.7841823143722633 1.952205105887235
45 1.93699418051166 3.7792773693419823 1.9511041423695348
46 1.9355732514082504 3.774372424463699 1.9500023684030596
47 1.934151521728458 3.7694674797377865 1.9488997823547947
48 1.9327289899588673 3.7645625351647927 1.9477963825879752
49 1.9313056545913383 3.7596575907448564 1.9466921674500015
50 1.9298815141000465 3.754752646478365 1.9455871352958696
51 1.928456566981742 3.7498477023659085 1.9444812844475179
52 1.9270308116981496 3.744942758408159 1.943374613251782
53 1.9256042467110677 3.7400378146053224 1.942267120044686
54 1.9241768705016067 3.7351328709579517 1.941158803132403
55 1.9227486815157147 3.730227927466357 1.9400496608458444
56 1.9213196782190745 3.7253229841309974 1.9389396914854402
57 1.9198898590526512 3.7204180409523233 1.9378288933658534
58 1.9184592224600594 3.715513097930763 1.9367172647883146
59 1.9170277668826132 3.710608155066818 1.9356048040456122
60 1.915595490757546 3.7057032123607665 1.9344915094236832
61 1.9141623925018938 3.7007982698132564 1.9333773792181506
62 1.9127284705546164 3.6958933274245096 1.9322624116913183
63 1.911293723328082 3.690988385195176 1.9311466051215622
64 1.9098581492406874 3.6860834431260905 1.9300299577702074
65 1.9084217467033566 3.6811785012168246 1.9289124678943537
66 1.9069845141055244 3.6762735594684544 1.9277941337624438
66 1.9055464498743337 3.671368617880983 1.9266749535930237
67 1.9055464498743337 3.671368617880983 1.9266749535930237
68 1.9041075523764024 3.6664636764550878 1.9255549256549056
69 1.9026678200055758 3.6615587351913836 1.9244340481780227
70 1.901227251151822 3.6566537940900625 1.9233123193846233
71 1.8997858441894384 3.651748853151578 1.9221897375015082
72 1.898343597496033 3.646843912376648 1.9210663007407798
73 1.8969005094307934 3.6419389717653177 1.919942007321281
74 1.8954565783510313 3.6370340313185494 1.9188168554526415
75 1.8940118026297939 3.632129091036246 1.9176908433163482
76 1.8925661806050516 3.62722415091935 1.9165639691182317
77 1.891119710629384 3.6223192109680693 1.9154362310371797
78 1.8896723910418147 3.617414271182782 1.9143076272540704
79 1.8882242201702668 3.612509331564391 1.9131781559494243
80 1.8867751963506294 3.607604392113037 1.912047815283351
81 1.885325317916227 3.6026994528293512 1.9109166034068155
82 1.8838745831736294 3.5977945137134517 1.9097845184855688
83 1.8824229904252003 3.5928895747660805 1.9086515586778512
83 1.880970538003884 3.5879846359878123 1.9075177220986348
84 1.880970538003884 3.5879846359878123 1.9075177220986348
85 1.8795172241896427 3.5830796973790853 1.9063830069043057
86 1.8780630472908642 3.57817475893989 1.9052474112098972
87 1.8766080055936762 3.5732698206713533 1.9041109331412704
88 1.8751520973795737 3.5683648825736185 1.9029735708160531
89 1.8736953209303953 3.5634599446468322 1.9018353223390523
90 1.8722376745265856 3.5585550068920453 1.9006961858044344
91 1.87077915642084 3.5536500693096458 1.899556159321585
92 1.8693197648876712 3.548745131899939 1.8984152409650392
93 1.8678594981852064 3.543840194663568 1.8972734288134239
94 1.8663983545456597 3.538935257600853 1.8961307209587321
95 1.8649363322268888 3.5340303207120622 1.8949871154540363
96 1.863473429461481 3.529125383998122 1.8938426103655217
97 1.862009644487771 3.524220447459422 1.892697203740272
98 1.8605449755207093 3.519315511096461 1.8915508936361578
99 1.8590794207904062 3.5144105749097143 1.890403678082525
100 1.8576129785119944 3.509505638899384 1.8892555551106274
101 1.8561456468879847 3.5046007030665867 1.8881065227518126
102 1.8546774241282031 3.4996957674110636 1.8869565790159475
103 1.8532083084991915 3.494790831933206 1.8858057218421598
104 1.8517382983400033 3.4898858966329227 1.8846539490820287
105 1.8502673918208237 3.484980961510215 1.8835012587454678
106 1.8487955871347248 3.4800760265656114 1.8823476488058128
107 1.8473228824365886 3.4751710917999157 1.8811931172617868
108 1.8458492759075809 3.470266157213575 1.8800376620714543
109 1.844374765694622 3.4653612228070454 1.87888128121398
110 1.8428993499450104 3.4604562885803394 1.8777239726540653
111 1.8414230268126885 3.455551354534509 1.8765657343362914
112 1.8399457944326483 3.450646420669945 1.875406564210203
113 1.8384676509437965 3.445741486986883 1.8742464602072144
114 1.8369885944685058 3.44083655348608 1.8730854202617486
115 1.8355086231278395 3.4359316201679455 1.8719234422951767
116 1.8340277350241694 3.431026687033119 1.8707605242337864
116 1.8325459282763499 3.4261217540818105 1.8695966639724775
117 1.8325459282763499 3.4261217540818105 1.8695966639724775
118 1.8310632009847116 3.4212168213144265 1.8684318594107292
119 1.8295795512402975 3.416311888732023 1.867266108443362
120 1.8280949771279689 3.4114069563345684 1.8660994089563465
121 1.826609476731833 3.4065020241230983 1.8649317588223657
122 1.8251230481149043 3.4015970920977248 1.8637631559204169
123 1.8236356893603631 3.3966921602589975 1.8625935980943547
124 1.822147398513891 3.3917872286074493 1.8614230832114498
125 1.820658173639294 3.3868822971437984 1.8602516091056214
126 1.8191680127790302 3.3819773658681407 1.8590791736172314
127 1.8176769139691114 3.377072434781589 1.8579057745786924
128 1.8161848752399066 3.3721675038838703 1.8567314098122463
129 1.8146918946271668 3.3672625731766037 1.8555560771204174
130 1.8131979701444942 3.362357642659396 1.8543797743119297
131 1.8117030998103727 3.357452712333201 1.8532024991758411
132 1.8102072816205677 3.3525477821982443 1.8520242495085502
133 1.8087105135723094 3.3476428522555595 1.8508450230898301
133 1.807212793665793 3.3427379225054765 1.8496648176803732
134 1.807212793665793 3.3427379225054765 1.8496648176803732
135 1.8057141198760838 3.337832992948367 1.8484836310508688
136 1.8042144901802233 3.332928063584703 1.847301460954222
137 1.8027139025500394 3.3280231344151345 1.8461183051328667
138 1.801212354949528 3.3231182054401947 1.844934161321202
139 1.7997098453259746 3.3182132766604417 1.843749027254683
140 1.7982063716269974 3.3133083480764562 1.8425629006522823
141 1.7967019318043151 3.3084034196886707 1.841375779212442
142 1.7951965237712209 3.303498491497762 1.8401876606567886
143 1.7936901454632905 3.2985935635044594 1.8389985426677298
144 1.792182794807909 3.2936886357086608 1.8378084229190959
145 1.7906744697019599 3.288783708111761 1.8366172991002359
146 1.7891651680496348 3.28387878071387 1.8354251688756156
147 1.787654887746849 3.2789738535154562 1.8342320299016204
148 1.7861436266823014 3.2740689265175753 1.8330378798255114
149 1.7846313827342934 3.2691639997204955 1.8318427162878308
150 1.7831181537767238 3.264259073124535 1.8306465369166303
151 1.7816039376730457 3.2593541467304137 1.8294493393337796
152 1.7800887322841006 3.254449220538823 1.8282511211465922
153 1.7785725354530855 3.249544294550025 1.827051879962947
154 1.7770553450107835 3.2446393687652137 1.8258516133865963
155 1.7755371588084343 3.239734443184561 1.8246503189822012
156 1.774017974660426 3.23482951780868 1.8234479943349364
157 1.7724977903800023 3.2299245926379685 1.8222446370133478
158 1.7709763334043571 3.2250196676224046 1.8210405225590633
159 1.7694538725819104 3.220114742807384 1.8198353699431182
160 1.767930405651406 3.215209818193058 1.8186291767567582
161 1.7664059304196138 3.2103048937806116 1.8174219405037868
162 1.7648804446580955 3.2053999695701547 1.8162136587054352
163 1.7633539461415764 3.200495045562559 1.8150043288618345
164 1.7618264326344522 3.195590121758525 1.8137939484652708
165 1.7602979018798983 3.190685198158427 1.812582515011213
166 1.7587683516255814 3.1857802747630184 1.8113700259721464
166 1.7572377796032708 3.1808753515729875 1.8101564788182107
167 1.7572377796032708 3.1808753515729875 1.8101564788182107
168 1.7557061835384222 3.1759704285889594 1.8089418710072316
169 1.7541735611641427 3.171065505811431 1.80772619997019
170 1.7526399101789996 3.1661605832414326 1.806509463154966
171 1.7511052282819688 3.1612556608791476 1.8052916579894487
172 1.7495695131658517 3.1563507387253043 1.8040727818890014
173 1.7480327625258385 3.15144581678103 1.802852832247443
174 1.7464949740215656 3.1465408950459755 1.8016318064749965
175 1.7449561453289588 3.1416359735216783 1.8004097019466456
176 1.743416274102846 3.136731052208415 1.7991865160387828
177 1.7418753579927446 3.1318261311071627 1.7979622461139424
178 1.7403333946399675 3.1269212102180557 1.7967368895227913
179 1.7387903816699444 3.1220162895423935 1.7955104436131002
180 1.7372463167066932 3.1171113690801655 1.7942829057132725
181 1.73570119736287 3.1122064488327266 1.7930542731440433
182 1.7341550212421255 3.10730152880016 1.7918245432144175
183 1.732607785946521 3.1023966089834683 1.7905937132151544
183 1.7310594890456874 3.097491689383206 1.7893617804497386
184 1.7310594890456874 3.097491689383206 1.7893617804497386
185 1.7295101281305545 3.092586769999874 1.7881287421789678
186 1.7279597007558125 3.087681850834594 1.7868945956806959
187 1.7264082044880424 3.0827769318877802 1.785659338199196
188 1.7248556368675023 3.077872013160513 1.7844229669853493
189 1.7233019954373172 3.0729670946530216 1.7831854792654633
190 1.72174727772368 3.0680621763661824 1.7819468722624983
191 1.7201914812391663 3.063157258300434 1.7807071431918973
192 1.718634603500793 3.058252340456656 1.7794662892432827
193 1.7170766420092642 3.0533474228356288 1.7782243076014979
194 1.7155175942497838 3.0484425054383744 1.776981195445853
195 1.7139574577066752 3.043537588264851 1.7757369499340974
196 1.712396229853349 3.038632671316457 1.7744915682141438
197 1.7108339081436703 3.033727754593559 1.773245047431452
198 1.70927049003059 3.028822838096763 1.7719973847103379
199 1.707705972955958 3.023917921826957 1.7707485771644274
200 1.7061403543404445 3.0190130057850904 1.7694986219068554
201 1.7045736316195734 3.0141080899716024 1.768247516012433
202 1.703005802192467 3.009203174387336 1.766995256571209
203 1.7014368634611718 3.004298259033132 1.7657418406473198
204 1.6998668128117183 2.999393343909379 1.764487265298237
205 1.6982956476414137 2.994488429017343 1.7632315275470891
206 1.6967233653008118 2.9895835143573195 1.761974624441679
207 1.6951499631573546 2.9846785999300396 1.7607165529891131
208 1.693575438553149 2.9797736857366997 1.7594573101995221
209 1.6919997888296436 2.974868771777819 1.7581968930596237
210 1.6904230113015581 2.96996385805433 1.7569352985603153
211 1.688845103297424 2.965058944566371 1.7556725236536932
212 1.6872660621091944 2.9601540313153594 1.7544085653065118
213 1.6856858850476422 2.955249118301891 1.7531434204412097
214 1.6841045693935865 2.950344205526577 1.7518770859869697
215 1.682522112416106 2.9454392929902813 1.7506095588607884
216 1.6809385113729036 2.940534380694085 1.7493408359669318
216 1.6793537635096145 2.9356294686382074 1.7480709141968709
217 1.6793537635096145 2.9356294686382074 1.7480709141968709
218 1.6777678660716222 2.9307245568240017 1.746799790418022
219 1.6761808162972547 2.925819645251872 1.7455274614794338
220 1.6745926113837575 2.920914733922693 1.7442539242479211
221 1.673003248546969 2.916009822837541 1.7429791755456205
222 1.67141272497263 2.911104911996882 1.741703212200058
223 1.6698210378556826 2.9062000014017846 1.7404260310037838
224 1.6682281843563167 2.90129509105288 1.7391476287593957
225 1.6666341616413538 2.896390180950972 1.7378680022366249
226 1.6650389668591847 2.89148527109708 1.736587148198327
227 1.6634425971407478 2.886580361491655 1.7353050633988392
228 1.6618450495601824 2.881675452135464 1.7340217446254194
229 1.6602463211757192 2.876770543029328 1.732737188655305
230 1.6586464091018667 2.871865634174171 1.7314513921802328
231 1.6570453104269045 2.866960725570322 1.730164351891927
232 1.655443022299171 2.8620558172187978 1.7288760643926095
233 1.653839541874882 2.857150909119543 1.7275865262482009
233 1.652234866210784 2.852246001273698 1.726295734101657
234 1.652234866210784 2.852246001273698 1.726295734101657
235 1.6506289923472515 2.8473410936821395 1.7250036845851848
236 1.6490219173089151 2.8424361863455383 1.7237103743194568
237 1.647413638105068 2.837531279264947 1.722415799913377
238 1.645804151746769 2.8326263724408176 1.7211199579454328
239 1.6441934552201731 2.8277214658746503 1.719822844992405
240 1.6425815454973438 2.8228165595667667 1.7185244576165435
241 1.6409684195505938 2.8179116535183146 1.717224792351608
242 1.639354074331886 2.813006747730138 1.7159238457235486
243 1.6377385067730268 2.8081018422031025 1.7146216142503363
244 1.6361217137972235 2.803196936938035 1.7133180944296518
245 1.6345036923227174 2.7982920319360183 1.712013282735076
246 1.6328844392488446 2.7933871271979482 1.7107071756302332
247 1.6312639514604923 2.7884822227247317 1.709399769564065
248 1.6296422258313272 2.783577318517203 1.7080910609672135
249 1.6280192592128773 2.778672414576006 1.706781046263207
250 1.626395048463108 2.773767510902529 1.7054697218388926
251 1.6247695904080608 2.7688626074975677 1.704157084083638
252 1.6231428818614122 2.763957704361789 1.702843129368929
253 1.6215149196322065 2.759052801496327 1.701527854040429
254 1.6198857005151106 2.7541478989025183 1.7002112544278412
255 1.6182552212902088 2.749242996580607 1.6988933268441302
256 1.6166234787163338 2.744338094531915 1.6975740675936697
257 1.61499046954093 2.7394331927572497 1.6962534729607095
258 1.6133561904995921 2.734528291257877 1.694931539210261
259 1.6117206383109106 2.729623390034546 1.6936082625927045
260 1.6100838096867909 2.7247184890880605 1.6922836393330973
261 1.608445701315511 2.719813588419719 1.690957665649046
262 1.6068063098801566 2.7149086880302713 1.6896303377304775
263 1.6051656320429368 2.7100037879207517 1.6883016517564347
264 1.6035236644509259 2.7050988880922584 1.6869716038886966
265 1.6018804037370837 2.7001939885456325 1.6856401902702935
266 1.600235846520535 2.6952890892821446 1.684307407025429
266 1.5985899894025386 2.690384190302491 1.6829732502628785
267 1.5985899894025386 2.690384190302491 1.6829732502628785
268 1.5969428289751348 2.6854792916077925 1.6816377160672962
269 1.5952943618102169 2.6805743931990813 1.6803008005101783
270 1.5936445844702143 2.675669495077516 1.678962499638529
271 1.5919934934946984 2.670764597243846 1.677622809488411
272 1.5903410854163127 2.6658596996994084 1.676281726068563
273 1.5886873567444986 2.660954802445069 1.6749392453766585
274 1.5870323039714636 2.656049905481718 1.6735953633931049
275 1.5853759235830738 2.6511450088107655 1.6722500760696366
276 1.5837182120461988 2.646240112433129 1.670903379341789
277 1.582059165806863 2.641335216349537 1.6695552691308069
278 1.5803987813031768 2.6364303205615225 1.6682057413303972
279 1.5787370549475745 2.6315254250699525 1.6668547918243029
280 1.5770739831418603 2.626620529875882 1.6655024164707262
281 1.575409562267115 2.6217156349806197 1.6641486111127848
282 1.573743788697702 2.616810740385049 1.662793371563043
283 1.5720766587821102 2.6119058460904094 1.6614366936239968
283 1.5704081688546403 2.607000952097711 1.6600785730751122
284 1.5704081688546403 2.607000952097711 1.6600785730751122
285 1.5687383152424395 2.602096058408068 1.6587190056653454
286 1.567067094235775 2.5971911650223998 1.6573579871441269
287 1.5653945021239066 2.5922862719421422 1.6559955132236395
288 1.5637205351783958 2.587381379168491 1.6546315795957183
289 1.5620451896397958 2.582476486702086 1.6532661819454784
290 1.5603684617481888 2.5775715945446556 1.6518993159197948
291 1.5586903477146345 2.572666702697005 1.650530977155964
292 1.5570108437391452 2.5677618111604263 1.6491611612633175
293 1.5553299460056724 2.562856919936139 1.647789863827898
294 1.5536476506726746 2.5579520290251656 1.6464170804221039
295 1.5519639538854744 2.5530471384286813 1.645042806591551
296 1.5502788517678592 2.548142248147907 1.6436670378636302
297 1.5485923404377948 2.5432373581838426 1.642289769730397
298 1.5469044159805507 2.5383324685380173 1.6409109976772682
299 1.545215074467316 2.5334275792114314 1.6395307171623232
300 1.5435243119544522 2.5285226902051243 1.6381489236171736
301 1.5418321244723192 2.52361780152082 1.6367656124589505
302 1.5401385080413588 2.5187129131593986 1.6353807790719568
303 1.5384434586580422 2.5138080251222807 1.6339944188231865
304 1.5367469723020293 2.508903137410418 1.6326065270537737
305 1.5350490449297947 2.5039982500253903 1.6312170990861796
306 1.5333496724827214 2.4990933629681242 1.6298261302144605
307 1.531648850882036 2.494188476240167 1.628433615710174
308 1.5299465760245574 2.4892835898423535 1.627039550825726
309 1.5282428437994735 2.4843787037764558 1.6256439307773003
310 1.5265376500654357 2.4794738180435734 1.6242467507678502
311 1.5248309906640056 2.4745689326448965 1.6228480059729875
312 1.5231228614200882 2.469664047581885 1.6214476915403175
313 1.5214132581329407 2.464759162855775 1.620045802598366
314 1.5197021765849974 2.4598542784678266 1.6186423342470262
315 1.5179896125360466 2.4549493944195575 1.6172372815635863
316 1.5162755617299368 2.450044510712046 1.6158306395947983
316 1.5145600198865752 2.445139627346653 1.6144224033655454
317 1.5145600198865752 2.445139627346653 1.6144224033655454
318 1.5128429826990553 2.440234744325023 1.6130125678815743
319 1.5111244458497863 2.435329861648039 1.6116011281112737
320 1.5094044049973654 2.430424979317392 1.6101880790003618
321 1.507682855773397 2.4255200973345867 1.6087734154742817
322 1.5059597937959335 2.4206152157007277 1.6073571324233742
323 1.5042352146569917 2.415710334417153 1.6059392247162645
324 1.502509113927121 2.4108054534854015 1.6045196871946146
325 1.500781481163815 2.405900572905561 1.6030985210717361
326 1.4990521190859645 2.400995692634204 1.601675927117326
327 1.497321222640678 2.3960908127147205 1.600251687135624
328 1.4955887872758191 2.3911859331486296 1.5988257958954883
329 1.493854808461916 2.3862810539369788 1.5973982480893918
330 1.4921192816375066 2.3813761750817144 1.5959690383923626
331 1.4903822022210749 2.376471296584125 1.594538161447806
332 1.4886435656059926 2.371566418445587 1.593105611873032
333 1.4869033671511274 2.3666615406676117 1.5916713842689594
333 1.4851616022091196 2.3617566632518376 1.5902354731894612
334 1.4851616022091196 2.3617566632518376 1.5902354731894612
335 1.4834182661014217 2.3568517861996527 1.5887978731674282
336 1.4816733541282794 2.3519469095127596 1.5873585787040714
337 1.4799268615628773 2.3470420331923103 1.585917584274209
338 1.478178783647681 2.342137157240194 1.5844748843306593
339 1.4764291156185838 2.33723228165787 1.5830304732771632
340 1.47467785267014 2.332327406446941 1.5815843455056229
341 1.4729249899859718 2.327422531608724 1.5801364953628023
342 1.4711705227149947 2.322517657145247 1.5786869171760731
343 1.4694144459917762 2.3176127830576814 1.5772356052300933
344 1.4676567549172428 2.3127079093478673 1.575782553788113
345 1.465897444560521 2.3078030360172614 1.5743277570888632
346 1.4641365099781094 2.3028981630678182 1.5728712093261368
347 1.4623739462015592 2.297993290500541 1.5714129046605758
348 1.4606097482234472 2.293088418317694 1.5699528372358174
349 1.4588439110242295 2.2881835465208544 1.5684910011478608
350 1.4570764295521716 2.2832786751112852 1.5670273904664318
350 1.4570764295521716 2.2832786751112852 1.5670273904664318
351 1.455307298728404 2.278373804091009 1.565561999229834
352 1.4535365134482403 2.27346893346162 1.5640948214422525
353 1.4517640685792645 2.268564063224517 1.562625851075509
354 1.4499899589657417 2.2636591933820953 1.5611550820646598
355 1.4482141794221886 2.2587543239354773 1.5596825083128794
356 1.4464367247344612 2.253849454886724 1.5582081236913345
357 1.4446575897484364 2.248944586237093 1.5567319219419393
358 1.4428767692466624 2.244039717988299 1.5552538968105574
359 1.441094257928875 2.239134850142109 1.5537740420672894
360 1.4393100504716112 2.2342299827002887 1.5522923514417275
361 1.4375241415204703 2.2293251156646408 1.5508088186308175
362 1.435736525696642 2.224420249036746 1.5493234372911302
363 1.4339471975824678 2.2195153828188166 1.5478362010545161
364 1.4321561517488124 2.2146105170122494 1.5463471034970442
365 1.4303633827202331 2.2097056516190485 1.5448561381770551
366 1.428568884998478 2.204800786641208 1.543363298608843
366 1.426772653052512 2.1998959220802337 1.5418685782725519
367 1.426772653052512 2.1998959220802337 1.5418685782725519
368 1.4249746813266495 2.1949910579382337 1.540371970605611
369 1.4231749642373153 2.190086194217158 1.5388734690051502
370 1.4213734961554725 2.1851813309186956 1.5373730668463768
371 1.419570271441293 2.18027646804503 1.5358707574450612
372 1.4177652844089976 2.175371605597541 1.53436653409408
373 1.4159585293475576 2.17046674357883 1.5328603900418842
374 1.4141500005164729 2.1655618819904405 1.5313523184948827
375 1.412339692139467 2.1606570208342597 1.529842312624672
376 1.4105275984105785 2.1557521601126317 1.5283303655609382
377 1.4087137134891672 2.1508472998272175 1.5268164703954643
378 1.406898031507807 2.145942439980127 1.5253006201737789
379 1.405080546560329 2.1410375805732733 1.523782807907052
380 1.4032612527114077 2.136132721608839 1.5222630265614212
381 1.4014401439940916 2.131227863088958 1.5207412690598245
382 1.3996172143996795 2.1263230050152817 1.5192175282920475
383 1.3977924578976573 2.121418147390329 1.5176917970934236
383 1.3959658684167764 2.116513290216054 1.5161640682637039
384 1.3959658684167764 2.116513290216054 1.5161640682637039
385 1.394137439849672 2.111608433494405 1.514634334561804
386 1.3923071660579058 2.1067035772276212 1.5131025886998875
387 1.390475040868998 2.101798721417947 1.5115688233457227
388 1.3886410580696638 2.0968938660672065 1.510033031129065
389 1.3868052114254072 2.091989011177747 1.508495204620357
390 1.3849674946449637 2.08708415675174 1.506955336368211
391 1.3831279014177245 2.0821793027914097 1.5054134188581896
392 1.3812864253941526 2.0772744492988986 1.503869444533305
393 1.3794430601804495 2.0723695962765367 1.5023234057993253
394 1.3775977993572108 2.067464743726337 1.5007752950033888
395 1.375750636459058 2.0625598916508285 1.4992251044560647
396 1.3739015649865662 2.0576550400522464 1.4976728264170553
397 1.3720505784024801 2.0527501889327784 1.4961184530987606
398 1.370197670135655 2.0478453382946498 1.4945619766612979
399 1.3683428335680365 2.042940488140455 1.4930033892261958
400 1.3664860620508108 2.038035638472263 1.4914426828573693
401 1.364627348890708 2.03313078929262 1.4898798495760266
402 1.362766687358062 2.0282259406038823 1.4883148813506133
403 1.3609040706820354 2.023321092408418 1.486747770101388
404 1.3590394920552862 2.018416244708735 1.4851785076946278
405 1.3571729446269243 2.0135113975070076 1.4836070859491717
406 1.3553044215079595 2.008606550806069 1.48203349663039
407 1.3534339157653947 2.0037017046077246 1.4804577314545793
408 1.3515614204270983 1.9987968589152336 1.47887978208464
409 1.3496869284779003 1.9938920137305267 1.477299640131452
410 1.347810432862486 1.9889871690566956 1.4757172971517036
411 1.3459319264825793 1.9840823248956763 1.4741327446484023
412 1.3440514021972587 1.979177481250641 1.4725459740714355
413 1.3421688528207145 1.9742726381236824 1.4709569768174344
414 1.3402842711284113 1.969367795517591 1.4693657442234564
415 1.3383976498504302 1.964462953434996 1.467772267572743
416 1.3365089816646956 1.9595581118786505 1.4661765381014595
416 1.3346182592181084 1.9546532708509476 1.4645785469742407
417 1.3346182592181084 1.9546532708509476 1.4645785469742407
418 1.3327254750978137 1.9497484303546997 1.4629782853153612
419 1.330830621857396 1.9448435903927426 1.4613757441787665
420 1.3289336920060857 1.9399387509677644 1.4597709145588287
421 1.327034677994089 1.9350339120822915 1.4581637874054945
422 1.3251335722394761 1.930129073739373 1.456554353594298
423 1.3232303671039856 1.9252242359415654 1.4549426039511928
424 1.3213250549043642 1.9203193986920417 1.4533285292399392
425 1.3194176279156906 1.9154145619933036 1.451712120156467
426 1.317508078351409 1.9105097258483008 1.4500933673506669
427 1.3155963983876164 1.9056048902599914 1.4484722613983165
428 1.3136825801492782 1.900700055231144 1.4468487928150504
429 1.3117666157088592 1.8957952207647897 1.4452229520571616
430 1.309848497095259 1.8908903868638725 1.443594729510429
431 1.3079282162810197 1.885985553531388 1.4419641155032377
432 1.306005765189537 1.88108072077034 1.440331100297512
433 1.304081135688993 1.8761758885838102 1.4386956740943568
433 1.3021543196061471 1.87127105697448 1.437057827017361
434 1.3021543196061471 1.87127105697448 1.437057827017361
435 1.30022530870975 1.8663662259459874 1.4354175491308003
436 1.298294094710407 1.8614613955009207 1.4337748304371145
437 1.296360669277073 1.8565565656428522 1.4321296608591012
438 1.29442502401473 1.85165173637473 1.4304820302621553
439 1.2924871504810378 1.8467469076994834 1.4288319284351578
440 1.2905470401769614 1.8418420796208521 1.4271793451002734
441 1.2886046845451058 1.836937252141661 1.4255242699122452
442 1.2866600749797141 1.8320324252652773 1.4238666924472354
443 1.2847132028113903 1.8271275989949907 1.422206602217999
444 1.282764059318954 1.8222227733342782 1.4205439886597182
445 1.2808126357255256 1.817317948286057 1.418878841132469
446 1.2788589231902532 1.8124131238540506 1.4172111489301638
447 1.2769029128236546 1.807508300041599 1.4155409012613185
448 1.2749445956679843 1.8026034768521644 1.4138680872698806
449 1.2729839627102952 1.7976986542889268 1.412192696019098
450 1.2710210048756114 1.7927938323557953 1.4105147164985266
451 1.2690557130301559 1.7878890110558252 1.4088341376178342
452 1.2670880779829095 1.7829841903930297 1.4071509482051008
453 1.2651180904781472 1.7780793703706161 1.4054651370123061
454 1.2631457411933436 1.7731745509923804 1.4037766927173365
455 1.2611710207525662 1.7682697322618746 1.4020856039070042
456 1.2591939197123014 1.7633649141827576 1.4003918590916071
457 1.2572144285611466 1.7584600967587836 1.3986954467037904
458 1.2552325377269218 1.7535552799935794 1.3969963550889635
459 1.2532482375742076 1.7486504638910856 1.3952945725068648
460 1.2512615184006448 1.743745648454967 1.3935900871336733
461 1.2492723704325117 1.7388408336891372 1.3918828870657978
462 1.2472807838375544 1.7339360195975706 1.390172960303859
463 1.2452867487103814 1.7290312061836919 1.388460294766869
464 1.2432902550784963 1.724126393451844 1.3867448782850709
465 1.2412912929010291 1.7192215814060854 1.3850266985987492
466 1.2392898520636877 1.7143167700499438 1.383305743362001
466 1.23728592243859 1.7094119593880783 1.3815820000755898
467 1.23728592243859 1.7094119593880783 1.3815820000755898
468 1.2352794938295293 1.704507149424175 1.379855456144567
469 1.2332705559150812 1.6996023401624822 1.378126098941351
470 1.231259098297134 1.6946975316071091 1.376393915749271
471 1.2292451105050075 1.6897927237622332 1.3746588937563642
472 1.2272285819909934 1.6848879166319213 1.3729210200584185
473 1.2252095021367342 1.679983110220791 1.3711802816505612
474 1.2231878602502841 1.6750783045328481 1.3694366654277454
475 1.2211636455605583 1.670173499572515 1.3676901581899328
476 1.2191368472175235 1.6652686953442368 1.3659407466396696
477 1.217107454297329 1.6603638918522026 1.36418841737419
478 1.2150754557943177 1.6554590891010807 1.3624331568930226
479 1.2130408406269444 1.6505542870952685 1.3606749515887702
480 1.2110035976330389 1.6456494858394632 1.3589137877508863
481 1.208963715565576 1.6407446853378314 1.3571496515677148
482 1.2069211831015998 1.6358398855954963 1.3553825291156478
483 1.2048759888273557 1.6309350866168255 1.35361240637232
483 1.2028281212535137 1.6260302884064808 1.3518392691982724
484 1.2028281212535137 1.6260302884064808 1.3518392691982724
485 1.200777568805886 1.6211254909694819 1.350063103345286
486 1.1987243198212916 1.616220694310377 1.3482838944581743
487 1.196668362550398 1.6113158984340659 1.3465016280700786
488 1.1946096851598638 1.6064111033454005 1.3447162895974922
489 1.1925482757288666 1.6015063090496668 1.3429278643423064
490 1.1904841222441926 1.5966015155514608 1.341136337494105
491 1.188417212601913 1.5916967228559273 1.3393416941269949
492 1.1863475346159653 1.5867919309681475 1.3375439191870624
493 1.1842750760003504 1.5818871398933678 1.3357429975102335
494 1.1821998243747234 1.5769823496364388 1.3339389138130855
495 1.1801217672748925 1.5720775602029715 1.3321316526795142
496 1.1780408921331542 1.5671727715981418 1.3303211985794157
497 1.1759571862945326 1.5622679838270566 1.3285075358481357
498 1.1738706369970564 1.557363196895319 1.326690648706655
499 1.1717812313884202 1.5524584108084307 1.3248705212396632
500 1.1696889565125272 1.5475536255716107 1.3230471374079666
501 1.167593799319604 1.54264884119073 1.3212204810351709
502 1.1654957466557507 1.537744057671008 1.3193905358156637
503 1.1633947852612916 1.5328392750186264 1.3175572853151132
504 1.1612909017809234 1.5279344932388572 1.3157207129545745
505 1.1591840827490132 1.5230297123374503 1.3138808020254855
506 1.1570743145963232 1.5181249323207333 1.312037535679264
507 1.1549615836451452 1.5132201531941474 1.310190896928633
508 1.1528458761169345 1.5083153749637424 1.3083408686372855
509 1.1507271781136936 1.5034105976355736 1.306487433537469
510 1.1486054756361261 1.498505821215776 1.3046305742064013
511 1.146480754567871 1.4936010457103197 1.302770273080846
512 1.144353000680676 1.4886962711255065 1.3009065124485284
513 1.142222199637709 1.4837914974675763 1.2990392744408281
514 1.1400883369794033 1.4788867247430346 1.2971685410459137
515 1.1379513981306038 1.47398195295786 1.2952942940966357
516 1.135811368404615 1.469077182118888 1.2934165152637849
516 1.1336682329876653 1.4641724122325055 1.2915351860692352
517 1.1336682329876653 1.4641724122325055 1.2915351860692352
518 1.1315219769509581 1.4592676433054468 1.2896502878694804
519 1.1293725852399974 1.4543628753440105 1.2877618018635995
520 1.127220042677325 1.4494581083554148 1.285869709087787
521 1.125064333964579 1.4445533423460155 1.283973990407819
522 1.122905443670489 1.4396485773231844 1.2820746265307466
523 1.1207433562387326 1.4347438132934425 1.2801715979905608
524 1.118578055985147 1.4298390502639262 1.2782648851488931
525 1.1164095270925236 1.4249342882419482 1.2763544681967367
526 1.1142377317163146 1.4200295272276267 1.2744403521861407
527 1.1120625669734197 1.4151247672000467 1.272522616287174
528 1.1098841259670478 1.4102200081992946 1.2706011152025105
529 1.1077023923228198 1.4053152502329136 1.2686758284289774
530 1.105517349557316 1.400410493308447 1.2667467352450101
531 1.103328981033274 1.395505737433428 1.2648138147577062
532 1.1011372699762216 1.3906009826158012 1.262877045879875
533 1.098942199462843 1.3856962288629768 1.2609364073381637
533 1.096743752430847 1.3807914761829592 1.258991877658334
534 1.096743752430847 1.3807914761829592 1.258991877658334
535 1.0945419116623307 1.3758867245836701 1.2570434351792414
536 1.0923366597967932 1.3709819740732896 1.25509105803364
537 1.0901279793187468 1.366077224659577 1.253134724157139
538 1.0879158525622366 1.3611724763510316 1.2511744112793528
539 1.0857002617043736 1.3562677291559144 1.249210096925641
540 1.0834811887667566 1.3513629830825702 1.2472417584108892
541 1.0812586156112272 1.346458238139513 1.245269372839513
542 1.07903252394231 1.3415534943354306 1.2432929170976093
543 1.0768028952943507 1.3366487516786774 1.241312367862176
544 1.0745697110440786 1.3317440101784574 1.2393277015825264
545 1.072332952398618 1.3268392698435412 1.2373388944876103
546 1.0700926003956952 1.3219345306826389 1.235345922580736
547 1.0678486359018544 1.3170297927052683 1.2333487616369592
548 1.0656010396097082 1.312125055920242 1.231347387199272
549 1.0633497920385526 1.3072203203372526 1.2293417745737032
550 1.0610948735286854 1.302315585965274 1.2273318988286184
551 1.0588362643130333 1.297410852814637 1.225317734707915
552 1.056573944395774 1.2925061208951485 1.2232992567636123
553 1.0543078935692467 1.2876013902162122 1.221276439330427
554 1.0520380914395522 1.2826966607881578 1.2192492564912596
555 1.0497645174211545 1.2777919326205802 1.217217682075592
556 1.0474871507374328 1.272887205723648 1.2151816896536947
557 1.045205970417177 1.2679824801079251 1.2131412525340155
558 1.0429209552886696 1.2630777557833526 1.2110963437624531
559 1.0406320839837142 1.2581730327606 1.2090469361122353
560 1.0383393349311238 1.2532683110501468 1.2069930020837358
561 1.0360426863535503 1.248363590663056 1.2049345139019212
562 1.0337421162634706 1.2434588716098431 1.2028714435128247
563 1.031437602465112 1.2385541539015237 1.2008037625750778
564 1.0291291225482435 1.233649437549538 1.1987314424596967
565 1.0268166538862271 1.2287447225648636 1.1966544542439905
566 1.0245001736308494 1.2238400089591015 1.1945727687109975
566 1.0221796587133836 1.2189352967436997 1.1924863563397186
567 1.0221796587133836 1.2189352967436997 1.1924863563397186
568 1.0198550858382156 1.2140305859304255 1.1903951873050842
569 1.0175264314803933 1.2091258765311115 1.1882992314725045
570 1.0151936718828816 1.204221168557768 1.1861984583929652
571 1.0128567830533428 1.1993164620225858 1.1840928372984227
572 1.0105157407603114 1.1944117569378525 1.1819823370976665
573 1.008170520532719 1.1895070533160885 1.1798669263683201
574 1.0058210976491329 1.1846023511699286 1.1777465733604657
575 1.003467447144503 1.1796976505121781 1.1756212459797883
576 1.0011095437970332 1.1747929513556676 1.1734909117936123
577 0.9987473621294798 1.1698882537138868 1.171355538020655
578 0.9963808764060427 1.164983557599781 1.169215091523926
579 0.9940100606291172 1.160078863027102 1.167069538806155
580 0.9916348885287084 1.1551741700091702 1.164918846011061
581 0.9892553335670168 1.1502694785601533 1.162762978909154
582 0.9868713689317566 1.1453647886940386 1.1606019028942383
583 0.9844829675262435 1.1404601004249815 1.1584355829849133
583 0.9820901019757446 1.1355554137674648 1.1562639838065596
584 0.9820901019757446 1.1355554137674648 1.1562639838065596
585 0.9796927446138826 1.1306507287361174 1.1540870695962238
586 0.9772908674847425 1.1257460453456936 1.151904804188983
587 0.9748844423359514 1.1208413636111663 1.1497171510148247
588 0.9724734406130674 1.1159366835479512 1.1475240730939054
589 0.9700578334568464 1.1110320051711136 1.1453255330271384
590 0.9676375916963649 1.1061273284965918 1.1431214929935087
591 0.9652126858504847 1.1012226535402287 1.1409119147350417
592 0.9627830860676241 1.0963179803185772 1.138696759616292
593 0.9603487622052381 1.0914133088480917 1.1364759885168088
594 0.9579096838077277 1.086508639145373 1.134249561844348
595 0.9554658200837062 1.081603971227261 1.1320174395484959
596 0.9530171398986926 1.0766993051104565 1.1297795811153108
597 0.9505636117787277 1.071794640812573 1.1275359455502336
598 0.9481052038958877 1.0668899783509906 1.1252864913798604
599 0.9456418840667682 1.0619853177434622 1.1230311766398868
600 0.9431736197461941 1.0570806590080595 1.120769958867719
601 0.9407003780240665 1.0521760021630597 1.1185027950909798
602 0.9382221256113858 1.047271347227034 1.1162296418287803
603 0.9357388288460038 1.0423666942187477 1.1139504550690094
604 0.9332504536760312 1.0374620431573285 1.1116651902721424
605 0.9307569656991282 1.0325573940627688 1.1093738023085051
606 0.928258330138496 1.0276527469552645 1.1070762454692316
607 0.9257545117480498 1.0227481018550506 1.1047724735619742
608 0.9232454748731831 1.0178434587822967 1.102462439820902
609 0.920731183439832 1.0129388177575969 1.1001460969023327
610 0.9182116009455642 1.0080341788018303 1.097823396876894
611 0.9156866904620705 1.0031295419362036 1.0954942912078454
612 0.9131564146163491 0.9982249071822099 1.0931587307543595
613 0.9106207355918492 0.99332027456176 1.0908166657507101
614 0.9080796151151481 0.9884156440970684 1.088468045802056
615 0.9055330144523805 0.9835110158106197 1.0861128198681924
616 0.9029808944021815 0.978606389725385 1.083750936251283
616 0.9004232152791729 0.9737017658646281 1.081382342594016
617 0.9004232152791729 0.9737017658646281 1.081382342594016
618 0.897859936916926 0.9687971442519179 1.079006985854137
619 0.8952910186525216 0.9638925249113104 1.0766248123007411
620 0.8927164193174301 0.9589879078671782 1.0742357675020913
621 0.890136097233026 0.9540832931442124 1.0718397963075144
622 0.8875500101997449 0.9491786807679135 1.069436842836945
623 0.8849581154854279 0.9442740707635426 1.0670268504691638
624 0.8823603698197221 0.9393694631572489 1.0646097618246098
625 0.8797567293816793 0.9344648579753212 1.0621855187536815
626 0.8771471497921248 0.9295602552450142 1.0597540623204564
627 0.8745315861003885 0.9246556549932538 1.0573153327901772
628 0.8719099927746427 0.9197510572478615 1.0548692696146036
629 0.8692823236959355 0.9148464620374264 1.052415811410688
630 0.8666485321412188 0.9099418693902819 1.0499548959508402
631 0.8640085707752193 0.9050372793356979 1.0474864601443319
632 0.8613623916381612 0.9001326919036441 1.045010440021358
633 0.8587099461340022 0.8952281071239305 1.0425267707149972
633 0.8560511850213374 0.8903235250277106 1.0400353864418972
634 0.8560511850213374 0.8903235250277106 1.0400353864418972
635 0.8533860583959844 0.8854189456458218 1.0375362204885865
636 0.8507145157129433 0.8805143690110008 1.0350292051536039
637 0.8480365057671214 0.875609795157461 1.0325142717357398
638 0.845351976530365 0.8707052241191983 1.0299913506949996
639 0.8426608753306951 0.8658006559300537 1.027460371398254
640 0.8399631487688123 0.8608960906240343 1.0249212621838288
641 0.8372587427083066 0.8559915282360154 1.022373950335966
642 0.8345476022548075 0.8510869688009769 1.0198183620700398
643 0.8318296717459241 0.8461824123552828 1.0172544225060327
644 0.8291048947341298 0.8412778589354427 1.0146820556465492
645 0.8263732139714957 0.836373308578788 1.012101184353777
646 0.8236345713917046 0.8314687613232086 1.0095117303275243
647 0.8208889080958872 0.8265642172077595 1.006913614078471
648 0.8181361643372548 0.821659676271573 1.004306754899623
649 0.8153762794972839 0.8167551385549132 1.0016910708494973
650 0.8126091920742229 0.8118506040986124 0.9990664787169413
651 0.8098348397429195 0.8069460729468887 0.9964328939009987
652 0.8070531591235798 0.8020415451445556 0.9937902306404865
653 0.8042640859214183 0.7971370207355832 0.9911384017879279
654 0.8014675549052229 0.7922324997644123 0.9884773187831631
655 0.7986634998580049 0.7873279822756964 0.9858068916579714
656 0.7958518535600289 0.782423468315599 0.9831270290012373
657 0.7930325477666693 0.7775189579308869 0.9804376379261208
658 0.790205513184576 0.7726144511694177 0.9777386240393778
659 0.7873706794526862 0.7677099480795471 0.9750298914015878
660 0.7845279751134256 0.7628054487112829 0.9723113424999252
661 0.7816773275930915 0.7579009531152402 0.9695828782049205
662 0.7788186631745396 0.7529964613430891 0.9668443977366994
663 0.7759519069739811 0.7480919734476381 0.9640957986236676
664 0.773076982911285 0.7431874894826551 0.9613369766668375
665 0.770193813686988 0.7382830095034265 0.9585678258946256
666 0.7673023207487234 0.7333785335656651 0.9557882385264312
666 0.7644024242699203 0.7284740617271173 0.9529981049221316
667 0.7644024242699203 0.7284740617271173 0.9529981049221316
668 0.761494043114744 0.723569594045872 0.9501973135420083
669 0.7585770948083811 0.7186651305821946 0.9473857509021303
670 0.7556514955086185 0.7137606713966463 0.9445633015206619
671 0.7527171599693876 0.7088562165519848 0.9417298478764765
672 0.7497740015124356 0.7039517661118494 0.9388852703505935
673 0.746821931987567 0.6990473201413587 0.9360294471815223
674 0.743860861741247 0.6941428787071059 0.9331622544063415
675 0.7408906995814054 0.6892384418771811 0.9302835658034211
676 0.7379113527300981 0.6843340097211655 0.9273932528470946
677 0.7349227267992295 0.6794295823100708 0.92449118462992
678 0.7319247257398128 0.6745251597169424 0.9215772278155349
679 0.728917251803712 0.6696207420161947 0.918651246570461
680 0.7259002055017353 0.6647163292836631 0.9157131024976326
681 0.7228734855597605 0.6598119215976183 0.9127626545697547
682 0.719836988869679 0.6549075190377202 0.9097997590622371
683 0.716790610446097 0.6500031216855697 0.9068242694767418
683 0.7137342433781921 0.6450987296247662 0.903836036465666
684 0.7137342433781921 0.6450987296247662 0.903836036465666
685 0.7106677787766488 0.6401943429408842 0.900834907758055
686 0.7075911057218033 0.6352899617215885 0.897820728079303
687 0.7045041112117851 0.6303855860565153 0.8947933390654286
688 0.7014066801060912 0.6254812160378566 0.8917525791788146
689 0.6982986950688437 0.6205768517597667 0.8886982836171353
690 0.6951800365053902 0.6156724933188431 0.8856302842264795
691 0.6920505825058565 0.6107681408141229 0.8825484093988957
692 0.6889102087780155 0.6058637943471118 0.8794524839772503
693 0.6857587885830201 0.6009594540219066 0.8763423291499715
694 0.6825961926655382 0.596055119945219 0.8732177623458808
695 0.6794222891836126 0.5911507922269373 0.8700785971229448
696 0.6762369436339065 0.5862464709790728 0.8669246430529951
697 0.6730400187754796 0.5813421563172959 0.8637557056042261
698 0.6698313745512242 0.5764378483599844 0.8605715860147459
699 0.6666108680063384 0.571533547228768 0.8573720811634498
700 0.6633783532006063 0.5666292530484793 0.8541569834388762
700 0.6633783532006063 0.5666292530484793 0.8541569834388762
701 0.660133681123013 0.5617249659477856 0.8509260805965614
702 0.6568766995954864 0.5568206860581063 0.8476791556177956
703 0.6536072531827726 0.5519164135153196 0.8444159865542121
704 0.6503251830865708 0.547012148458656 0.8411363463774062
705 0.6470303270483057 0.5421078910313935 0.8378400028085872
706 0.6437225192379549 0.5372036413808376 0.8345267181530089
707 0.6404015901420721 0.5322993996585094 0.8311962491230223
708 0.637067366449589 0.5273951660206612 0.8278483466510976
709 0.6337196709274805 0.5224909406277306 0.8244827557002277
710 0.6303583223007571 0.5175867236450891 0.8210992150558737
711 0.6269831351119622 0.5126825152429884 0.8176974571276739
712 0.6235939195903412 0.5077783155967568 0.8142772077225074
713 0.6201904815091097 0.5028741248874945 0.810838185816478
714 0.6167726220320308 0.49796994330110944 0.8073801033199046
715 0.613340137560537 0.4930657710300218 0.8039026648265881
716 0.6098928195717632 0.4881616082721471 0.8004055673501947
716 0.6064304544474219 0.48325745523220337 0.7968885000548769
717 0.6064304544474219 0.48325745523220337 0.7968885000548769
718 0.6029528232960152 0.47835331212114074 0.7933511439688488
719 0.5994597017698649 0.4734491791564374 0.7897931716821168
720 0.5959508598675276 0.4685450565632815 0.7862142470394844
721 0.5924260617346028 0.46364094457424665 0.7826140248062723
722 0.5888850654486827 0.45873684342905546 0.7789921503265416
723 0.5853276227972525 0.4538327533762383 0.7753482591636347
724 0.5817534790478639 0.4489286746724237 0.7716819767148965
725 0.5781623726962339 0.44402460758318696 0.7679929178242755
726 0.5745540352177143 0.4391205523832286 0.764280686353258
727 0.5709281907939348 0.4342165093573084 0.7605448747477075
728 0.5672845560313041 0.4293124788000672 0.7567850635728866
729 0.5636228396645785 0.4244084610166591 0.7530008210264008
730 0.5599427422444212 0.4195044563238191 0.74919170242714
731 0.5562439558091448 0.41460046504959436 0.7453572496738279
732 0.5525261635392115 0.409696487534421 0.7414969906766158
733 0.5487890393930712 0.40479252413150696 0.7376104387565465
733 0.545032247728162 0.39988857520794785 0.7336970920065534
734 0.545032247728162 0.39988857520794785 0.7336970920065534
735 0.5412554428899278 0.39498464114472465 0.729756432629631
736 0.5374582694562622 0.39008072233826824 0.7257879253265683
737 0.533640362985082 0.3851768192025837 0.7217910149224439
738 0.5298013474605695 0.3802729321671308 0.7177651283633866
739 0.5259408314186117 0.37536906167739725 0.7137096784536017
740 0.5220584098364651 0.37046520819530354 0.7096240597126897
741 0.5181536654755133 0.3655613722035855 0.705507644856873
742 0.5142261691607433 0.360657554206695 0.7013597825939428
743 0.510275477610899 0.35575375473017934 0.6971797986370271
744 0.5063011326858137 0.35084997432316933 0.6929669946855326
745 0.5023026606852771 0.34594621355915045 0.6887206472033932
746 0.4982795715809074 0.3410424730366554 0.6844400061487954
747 0.4942313582204152 0.33613875338213134 0.6801242935949475
748 0.49015749546651644 0.3312350552509027 0.6757727022732635
749 0.4860574392848234 0.32633137932879247 0.6713843940110265
750 0.48193062576969176 0.3214277263343075 0.6669584980638137
751 0.4777764701065152 0.3165240970210101 0.6624941093278294
752 0.4735943654595377 0.3116204921790582 0.6579902864272611
753 0.46938368178782175 0.30671691263848644 0.6534460496586532
754 0.46514376456809803 0.301813359271027 0.6488603787933631
755 0.4608739334338676 0.2969098329933223 0.6442322107069804
756 0.4565734807160884 0.2920063347707788 0.6395604368278179
757 0.4522416698623051 0.28710286561915466 0.6348439004007955
758 0.4478777337561442 0.2821994266100993 0.6300813935165357
759 0.44348087289146726 0.2772960188742256 0.6252716539188559
760 0.43905025341219467 0.2723926436054888 0.6204133615423694
761 0.434585004989653 0.2674893020660445 0.615505134771995
762 0.43008421853769385 0.26258599559188417 0.610545526373157
763 0.4255469437280284 0.2576827255982842 0.6055330190856029
764 0.4209721863018203 0.2527794935857848 0.6004660208229338
765 0.4163589051524259 0.24787630114788647 0.5953428594427224
766 0.41170600914790817 0.24297314997838979 0.5901617770439198
766 0.40701235367542776 0.23807004187947686 0.5849209237253913
767 0.40701235367542776 0.23807004187947686 0.5849209237253913
768 0.4022767368670451 0.23316697877204015 0.5796183507601217
769 0.39749789547691533 0.22826396270514654 0.5742520030987257
770 0.39267450036413853 0.2233609958684459 0.5688197111381481
771 0.38780515153920825 0.2184580806046905 0.5633191816499212
772 0.38288837272059684 0.2135552194243599 0.5577479877671722
773 0.3779226053359382 0.20865241502150458 0.5521035579124247
774 0.3729062019031543 0.20374967029259525 0.5463831635213997
775 0.3678374187048622 0.1988469883564431 0.5405839054019402
776 0.36271440766507707 0.19394437257759195 0.5347026985392765
777 0.3575352073243057 0.18904182659252403 0.5287362551152951
778 0.3522977327675972 0.18413935433879586 0.5226810655073628
779 0.3469997643845019 0.179236960090303 0.5165333769267201
780 0.3416389352632076 0.17433464849435246 0.5102891693537227
781 0.336212717014685 0.16943242461730687 0.5039441283534389
782 0.33071840379386347 0.16453029399576438 0.4974936142299356
783 0.32515309421695576 0.159628262694795 0.49093262691907313
783 0.3195136708245673 0.15472633737822625 0.4842557658923476
784 0.3195136708245673 0.15472633737822625 0.4842557658923476
785 0.3137967766804966 0.1498245253879174 0.47745718414586075
786 0.3079987885833196 0.14492283483782048 0.4705305352154529
787 0.30211578629360963 0.1400212747258529 0.46346891184882993
788 0.2961435169996813 0.13511985506467905 0.45626477470659765
789 0.2900773541061956 0.13021858703818998 0.448909869022446
790 0.283912249182699 0.1253174831894644 0.4413951266640206
791 0.27764267564116796 0.12041655764790044 0.4337105503317137
792 0.27126256230289014 0.11551582640394945 0.42584507579400205
793 0.264765214566112 0.11061530764774438 0.4177864068322452
794 0.2581432202012385 0.10571502218517745 0.40952081601355284
795 0.2513883359383917 0.10081499395972339 0.40103290227606403
796 0.24449134980572923 0.09591525070565415 0.39230529334419234
797 0.2374419125920117 0.09101582478403099 0.38331827683859826
798 0.23022832943201701 0.08611675425557533 0.37404933818539615
799 0.2228372993965217 0.0812180842851514 0.36447257485664514
800 0.21525358620273252 0.07631986899995262 0.35455794417321435
801 0.2074595963570372 0.07142217399256623 0.3442702832104663
802 0.199434830738411 0.06652507975581164 0.3335680107105732
803 0.1911551598183006 0.06162868649264775 0.32240137567423177
804 0.18259184769337025 0.056733121017358626 0.3107100439261208
805 0.17371020957751362 0.05183854693038085 0.29841969022119713
806 0.16446771892572623 0.046945180113783104 0.28543704758855193
807 0.15481126073895693 0.04205331323604688 0.2716424699037705
808 0.1446730081106257 0.03716335631591983 0.2568782995616051
809 0.1339639747520567 0.03227590772971936 0.24092975585008045
810 0.12256342075564797 0.027391887525265633 0.22349153896313195
811 0.11030033951964727 0.022512811487052045 0.2041046436039478
812 0.09691849566351417 0.017641427960345648 0.18202333661465323
813 0.08200355601658839 0.012783481032077076 0.15588934984101327
814 0.06481276250397548 0.007954134286413846 0.12272481497646323
815 0.04389388844517298 0.003216460572358411 0.0732780960241431
816 0.0357856282954247 0.00036816963041003386 0.010288198026611298
816 0.03135485340946548 3.468856301622891e-05 0.0011063219643615697
817 0.03135485340946548 3.468856301622891e-05 0.0011063219643615697
818 0.02762161103221465 3.2194182159031884e-06 0.00011655432451598973
819 0.024379127364430344 2.988112385261676e-07 1.2256847181582859e-05
820 0.02150922116849972 2.7737738011259373e-08 1.289574261846418e-06
821 0.018967639592551943 2.5745971685952415e-09 1.3573629739391575e-07
