1 2.165745729471414 6.4951102669864875 2.999017926528118
2 2.1648303306050294 6.490190520315918 2.9980134833486147
3 2.1639220005014304 6.485285067105278 2.997005005542015
4 2.1630118651991688 6.480380129279878 2.9959984193998714
5 2.1620946346366017 6.475475158494296 2.9950007991128818
6 2.161169831149353 6.470570182234174 2.994012820729131
7 2.1602435635388733 6.465665203939454 2.9930260240412494
8 2.159317114165655 6.460760221791463 2.9920386308279023
9 2.1583903941592224 6.455855242561473 2.99105076636346
10 2.1574633721503185 6.450950263976129 2.990062472090334
11 2.1565360478173874 6.446045285460792 2.9890737472182676
12 2.155608420906463 6.44114030702012 2.9880845911297436
13 2.15468049110837 6.436235328660798 2.9870950032828265
14 2.153752258056753 6.431330350382538 2.9861049832097573
15 2.152823721432364 6.426425372184703 2.985114530375452
16 2.1518948808717164 6.421520394068348 2.9841236443050776
16 2.1509657360332985 6.41661541603422 2.9831323244913306
17 2.1509657360332985 6.41661541603422 2.9831323244913306
18 2.150036286569433 6.411710438082288 2.9821405704332182
19 2.149106532122232 6.406805460212602 2.981148381642074
20 2.148176472366037 6.401900482425495 2.9801557575827724
21 2.1472461069215267 6.396995504721756 2.9791626977929555
22 2.146315435470031 6.392090527103248 2.9781692017247297
23 2.145384457652005 6.387185549568419 2.9771752688834203
24 2.144453173102981 6.382280572118233 2.9761808987804574
25 2.143521581482269 6.377375594752555 2.975186090891854
26 2.142589682421993 6.372470617473363 2.974190844730426
27 2.1416574756100215 6.367565640280012 2.9731951597284714
28 2.1407249606561716 6.3626606631730604 2.9721990354252648
29 2.139792137220193 6.357755686153054 2.971202471288835
30 2.138859004935335 6.352850709219508 2.9702054668215854
31 2.1379255634777135 6.347945732373386 2.9692080214651306
32 2.136991812448097 6.343040755615335 2.968210134763628
33 2.136057751510079 6.338135778945774 2.96721180617193
33 2.1351233802995613 6.333230802365362 2.9662130351815077
34 2.1351233802995613 6.333230802365362 2.9662130351815077
35 2.1341886984693033 6.32832582587381 2.9652138212580046
36 2.1332537056496195 6.323420849471396 2.9642141638965462
37 2.1323184014933294 6.318515873159237 2.9632140625594108
38 2.131382785612694 6.313610896937027 2.9622135167625916
39 2.130446857673166 6.308705920805723 2.961212525946774
40 2.1295106172978167 6.303800944764864 2.9602110896088876
41 2.128574064106654 6.298895968815668 2.9592092072489216
42 2.1276371977784674 6.293990992958526 2.958206878282763
43 2.1267000179199997 6.289086017193214 2.957204102224158
44 2.1257625241923197 6.284181041520828 2.9562008785099327
45 2.12482471621188 6.279276065941968 2.9551972066367007
46 2.1238865936108327 6.2743710904563725 2.954193086076821
47 2.1229481560272805 6.269466115064008 2.953188516292455
48 2.122009403104425 6.264561139766244 2.952183496737296
49 2.1210703344466597 6.259656164563042 2.9511780269163244
50 2.120130949697788 6.254751189454338 2.9501721062776407
51 2.119191248495713 6.249846214441497 2.9491657342761717
52 2.1182512304442085 6.2449412395240085 2.9481589104114017
53 2.1173108951985 6.240036264702685 2.9471516341097725
54 2.11637024237315 6.235131289977745 2.9461439048519713
55 2.1154292716209775 6.230226315349851 2.945135722063566
56 2.114487982525275 6.225321340818928 2.944127085264489
57 2.113546374742018 6.2204163663860985 2.9431179938719683
58 2.1126044478930908 6.215511392051641 2.942108447348199
59 2.1116622015998034 6.210606417815208 2.9410984451537887
60 2.110719635465647 6.2057014436777225 2.940087986772663
61 2.1097767491522803 6.200796469639487 2.939077071605325
62 2.108833542245802 6.195891495701111 2.938065699155561
63 2.1078900143918373 6.190986521862323 2.937053868841695
64 2.1069461651971655 6.186081548124351 2.936041580134756
65 2.1060019942841017 6.1811765744863205 2.935028832480998
66 2.1050575012627353 6.176271600949542 2.934015625342613
66 2.1041126857733783 6.171366627513535 2.9330019581366744
67 2.1041126857733783 6.171366627513535 2.9330019581366744
68 2.103167547403745 6.1664616541804325 2.9319878303526603
69 2.102222085801166 6.161556680949195 2.9309732413932847
70 2.101276300577524 6.156651707820704 2.929958190709419
71 2.1003301913372505 6.15174673479464 2.928942677759591
72 2.099383757685273 6.146841761872481 2.92792670200032
73 2.0984369992448713 6.1419367890532595 2.9269102628591916
74 2.097489915630426 6.137031816338873 2.9258933597753742
75 2.096542506446927 6.132126843728165 2.9248759921974883
76 2.0955947713191327 6.1272218712224875 2.923858159545574
77 2.0946467098546946 6.122316898822129 2.92283986126082
78 2.0936983216605864 6.117411926526983 2.9218210967829625
79 2.092749606350625 6.112506954337418 2.920801865540197
80 2.091800563532945 6.107601982254772 2.9197821669668844
81 2.0908511928076408 6.102697010278455 2.918762000505459
82 2.089901493780182 6.097792038409608 2.917741365589445
83 2.0889514660642847 6.092887066647826 2.9167202616378667
83 2.088001109248987 6.08798209499351 2.915698688102344
84 2.088001109248987 6.08798209499351 2.915698688102344
85 2.0870504229630717 6.083077123447409 2.914676644376906
86 2.0860994067788936 6.0781721520102385 2.9136541299321057
87 2.0851480603185637 6.073267180681218 2.912631144166021
88 2.084196383201301 6.068362209461593 2.911607686479458
89 2.083244375004724 6.063457238351324 2.9105837563284314
90 2.0822920353230225 6.058552267350949 2.909559353143804
91 2.0813393637664226 6.053647296461143 2.9085344763318046
92 2.080386359943213 6.048742325682073 2.9075091252988132
93 2.0794330234498792 6.043837355013688 2.9064832994652896
94 2.0784793538677273 6.038932384456341 2.905456998270792
95 2.0775253505669165 6.034027414008824 2.904430221446999
96 2.076571013020098 6.029122443668487 2.9034029685794014
97 2.075616340821895 6.024217473436031 2.9023752390822786
98 2.0746613335665365 6.019312503311793 2.9013470323679447
99 2.0737059908360003 6.01440753329781 2.9003183478643195
100 2.07275031222423 6.0095025633917585 2.899289184978133
101 2.071794297365067 6.004597593596119 2.898259543060254
102 2.070837598867111 5.9996926238316535 2.897229906929396
103 2.069880564176327 5.994787654156379 2.896199789451089
104 2.068923192832853 5.989882684569346 2.895169190098235
105 2.0679654844330426 5.984977715071433 2.8941381082635846
106 2.067007438576222 5.98007274566302 2.8931065433330816
107 2.0660490548561814 5.975167776345139 2.8920744946983232
108 2.0650903328609838 5.970262807118012 2.891041961756118
109 2.064131272186387 5.965357837981972 2.8900089438901304
110 2.063171872428052 5.960452868937219 2.888975440481668
111 2.062212133145043 5.955547899984189 2.887941450960958
112 2.0612520539435457 5.950642931122615 2.8869069746894684
113 2.060291634396816 5.945737962354477 2.8858720110734177
114 2.0593308740921037 5.940832993678685 2.8848365594954806
115 2.0583697726243075 5.935928025095804 2.8838006193259553
116 2.057408329570678 5.93102305660737 2.8827641899578604
116 2.0564465445262634 5.926118088212732 2.8817272707557353
117 2.0564465445262634 5.926118088212732 2.8817272707557353
118 2.0554844170523574 5.921213119912327 2.8806898611294613
119 2.054521946725738 5.9163081517063745 2.8796519604646273
120 2.053559133151229 5.911403183596351 2.878613568105624
121 2.0525959758823706 5.906498215581308 2.877574683465031
122 2.051632474518825 5.901593247662014 2.8765353058890977
123 2.0506686286200084 5.896688279839601 2.875495434778149
124 2.0497044377621307 5.891783312113803 2.874455069505756
125 2.048739901523667 5.886878344485277 2.8734142094402273
126 2.0477750194857576 5.881973376954309 2.872372853943401
127 2.0468097912117598 5.87706840952075 2.8713310023992933
128 2.0458442162910675 5.872163442186505 2.8702886541538395
129 2.0448782942564407 5.867258474950006 2.869245808628166
130 2.043912024707402 5.86235350781311 2.8682024651488316
131 2.042945407230952 5.857448540775725 2.867158623056416
132 2.0419784413653006 5.8525435738385285 2.866114281757755
133 2.0410111266921938 5.847638607000951 2.8650694405953803
133 2.040043462781626 5.842733640264306 2.864024098926629
134 2.040043462781626 5.842733640264306 2.864024098926629
135 2.0390754491903467 5.837828673629209 2.862978256124475
136 2.0381070854998264 5.832923707095174 2.861931911524023
137 2.0371383712360793 5.8280187406624675 2.8608850645359873
138 2.0361693060070714 5.823113774332573 2.8598377144539624
139 2.035199889343819 5.81820880810532 2.858789860676144
140 2.034230120817843 5.81330384198072 2.8577415025412845
141 2.0332599999898022 5.808398875958928 2.8566926394007948
142 2.032289526441774 5.803493910040969 2.8556432705737516
143 2.0313186996913073 5.798588944226973 2.8545933954667797
144 2.0303475193200757 5.793683978518041 2.853543013394197
145 2.0293759848898447 5.788779012914169 2.8524921236950513
146 2.0284040959391927 5.783874047415669 2.851440725738436
147 2.0274318520544528 5.778969082022658 2.8503888188235122
148 2.02645925275749 5.774064116735473 2.849336402337454
149 2.0254862976180936 5.769159151555239 2.848283475597728
150 2.024512986170022 5.764254186481169 2.8472300379687843
151 2.023539318001644 5.759349221514385 2.8461760887364704
152 2.022565292621971 5.7544442566546605 2.8451216272948274
153 2.02159090960338 5.749539291903048 2.8440666529466445
154 2.020616168481164 5.74463432726064 2.84301116504413
155 2.019641068823062 5.739729362726154 2.8419551628898887
156 2.0186656101621137 5.734824398300069 2.840898645833433
157 2.0176897920355557 5.7299194339839294 2.8398416132161097
158 2.0167136140111586 5.725014469777859 2.8387840643327866
159 2.0157370756186537 5.720109505681571 2.8377259985288514
160 2.014760176396542 5.715204541696011 2.8366674151351465
161 2.013782915900992 5.710299577821258 2.8356083134543817
162 2.012805293649498 5.705394614057801 2.8345486928410852
163 2.0118273092027867 5.70048965040547 2.8334885525857407
164 2.0108489620963326 5.695584686865375 2.8324278920121695
165 2.009870251871596 5.690679723438223 2.8313667104327007
166 2.0088911780510235 5.6857747601236035 2.8303050071830183
166 2.0079117401700737 5.680869796922113 2.829242781578105
167 2.0079117401700737 5.680869796922113 2.829242781578105
168 2.006931937779806 5.6759648338342314 2.8281800329080116
169 2.0059517704155376 5.671059870860411 2.8271167604820517
170 2.0049712375994693 5.666154908000712 2.826052963624924
171 2.0039903388602993 5.661249945256137 2.8249886416497287
172 2.003009073739244 5.656344982626307 2.823923793848306
173 2.002027441760428 5.6514400201109725 2.822858419533717
174 2.001045442445918 5.646535057711784 2.8217925180199357
175 2.0000630753413797 5.641630095428953 2.820726088583988
176 1.9990803399648924 5.636725133262741 2.8196591305388616
177 1.9980972358522004 5.631820171213106 2.8185916431695084
178 1.9971137625099 5.626915209280452 2.817523625799238
179 1.9961299194506044 5.622010247465103 2.8164550777398554
180 1.9951457062318347 5.617105285768788 2.815385998237506
181 1.9941611223637001 5.612200324189901 2.814316386600548
182 1.9931761673725161 5.607295362730067 2.813246242113072
183 1.992190840768227 5.602390401388934 2.8121755640782613
183 1.9912051420731538 5.597485440167261 2.8111043517793495
184 1.9912051420731538 5.597485440167261 2.8111043517793495
185 1.9902190708017646 5.592580479065787 2.8100326045076045
186 1.9892326264713451 5.587675518084244 2.808960321546754
187 1.9882458086054542 5.5827705572231245 2.807887502168986
188 1.9872586167066317 5.5778655964825195 2.806814145672893
189 1.9862710502994074 5.572960635863596 2.805740251323472
190 1.9852831089017902 5.568055675365341 2.8046658183907343
191 1.9842947920056224 5.563150714989283 2.8035908461798353
192 1.9833060991383051 5.558245754735651 2.802515333941929
193 1.9823170297929864 5.553340794604591 2.801439280973401
194 1.9813275834920225 5.548435834596184 2.8003626865261997
195 1.9803377597446492 5.543530874711316 2.799285549868077
196 1.97934755804823 5.538625914949647 2.7982078702797932
197 1.9783569779045262 5.5337209553123285 2.7971296470334894
198 1.9773660191267826 5.528815995796267 2.7960508789555445
199 1.9763746812199539 5.523911036399953 2.7949715653057328
200 1.9753829634176214 5.519006077120875 2.7938917057239427
201 1.9743908652187083 5.514101117959499 2.7928112994732115
202 1.973398386123643 5.509196158916182 2.7917303458111795
203 1.972405209080313 5.504291199913021 2.79064929182556
204 1.9714116506423056 5.499386241012923 2.7895676883218012
205 1.9704177102395377 5.4944812822159825 2.7884855346473896
206 1.9694233874252502 5.489576323524006 2.7874028299729248
207 1.9684286816775813 5.4846713649363945 2.786319573570792
208 1.967433592490115 5.479766406453558 2.785235764688759
209 1.9664381193628322 5.474861448075612 2.7841514025621024
210 1.9654422617862455 5.46995648980337 2.7830664864365593
211 1.9644460192612485 5.465051531636707 2.781981015539383
212 1.9634493912687463 5.460146573576896 2.780894989123527
213 1.9624523773048401 5.455241615623164 2.7798084064160538
214 1.9614549768635243 5.450336657776909 2.7787212666447743
215 1.960457189436086 5.4454317000385855 2.777633569037502
216 1.9594590145130075 5.440526742408425 2.776545312819713
216 1.9584604515442043 5.435621784886459 2.7754564972708984
217 1.9584604515442043 5.435621784886459 2.7754564972708984
218 1.9574615000665951 5.430716827473008 2.7743671215440244
219 1.9564621595593563 5.4258118701692855 2.773277184870937
220 1.9554624294768064 5.42090691297488 2.772186686514489
221 1.95446230931215 5.4160019558898025 2.7710956256792185
222 1.9534617985369305 5.411096998915747 2.7700040015978074
223 1.952460896646966 5.406192042052655 2.7689118134641824
224 1.9514596031306144 5.401287085300105 2.7678190604792077
225 1.9504579174415053 5.3963821286594165 2.7667257418904323
226 1.9494558390765695 5.391477172130285 2.765631856879689
227 1.948453367479895 5.386572215713922 2.7645374047010667
228 1.9474505021538595 5.381667259409697 2.7634423845215217
229 1.9464472425590467 5.376762303218924 2.7623467955648002
230 1.945443588181435 5.371857347141913 2.7612506370145775
231 1.944439538475851 5.366952391178217 2.7601539080948245
232 1.9434350929131408 5.362047435328824 2.759056608003977
233 1.9424302509611586 5.357142479594476 2.757958735941041
233 1.9414250120906198 5.352237523975048 2.756860291096951
234 1.9414250120906198 5.352237523975048 2.756860291096951
235 1.9404193757696921 5.3473325684705815 2.7557612726627685
236 1.9394133414595127 5.3424276130820205 2.7546616798364174
237 1.9384069086135467 5.33752265780977 2.7535615118228476
238 1.9374000767162625 5.332617702654294 2.7524607677793904
239 1.9363928452010917 5.327712747615883 2.751359446932168
240 1.9353852135401908 5.322807792694111 2.750257548448288
241 1.9343771811853891 5.317902837890974 2.7491550715213435
242 1.9333687476159864 5.312997883205386 2.7480520153006402
243 1.9323599122772241 5.308092928638557 2.746948378981398
244 1.9313506746043745 5.303187974191142 2.7458441617690523
245 1.930341034089041 5.29828301986268 2.744739362784683
246 1.9293309901579692 5.293378065654266 2.743633981238676
247 1.9283205422538603 5.288473111565748 2.7425280163143797
248 1.9273096898424151 5.283568157598199 2.7414214671593364
249 1.926298432366701 5.278663203751195 2.7403143329487585
250 1.925286769278341 5.273758250025605 2.739206612842604
251 1.9242747000194356 5.268853296421291 2.73809830601009
252 1.9232622240300217 5.263948342939591 2.736989411620358
253 1.9222493407541437 5.259043389580017 2.73587992883211
254 1.9212360496404994 5.25413843634308 2.734769856794136
255 1.920222350129898 5.24923348322921 2.7336591946625934
256 1.9192082416525809 5.244328530238956 2.732547941604919
257 1.9181937236586877 5.23942357737326 2.7314360967565823
258 1.917178795582675 5.234518624631454 2.730323659270685
259 1.9161634568551016 5.22961367201467 2.729210628302953
260 1.9151477069017901 5.224708719523281 2.728097003011584
261 1.9141315451777254 5.219803767156741 2.726982782508862
262 1.9131149711157585 5.214898814916881 2.7258679659359264
263 1.9120979841349917 5.209993862803035 2.724752552448283
264 1.911080583660442 5.205088910815148 2.723636541189401
265 1.91006276911499 5.20018395895524 2.7225199313029367
266 1.9090445399354634 5.195279007222525 2.72140272190724
266 1.9080258955615361 5.190374055617806 2.720284912113453
267 1.9080258955615361 5.190374055617806 2.720284912113453
268 1.9070068354037248 5.185469104141053 2.7191665010698602
269 1.9059873588803589 5.180564152792521 2.718047487909762
270 1.9049674654047373 5.175659201573508 2.71692787177017
271 1.9039471544174975 5.170754250483254 2.7158076517439995
272 1.9029264253286997 5.165849299523182 2.714686826964876
273 1.9019052775496672 5.1609443486933895 2.713565396559879
274 1.9008837105044947 5.156039397993888 2.7124433596337543
275 1.8998617235997346 5.151134447425912 2.711320715312837
276 1.8988393162579833 5.146229496988449 2.7101974626952914
277 1.897816487892707 5.141324546683125 2.709073600889587
278 1.8967932379029515 5.1364195965095645 2.7079491290196
279 1.8957695656860096 5.131514646468883 2.706824046208367
280 1.894745470682188 5.126609696560846 2.7056983515126443
281 1.8937209522892318 5.1217047467855705 2.704572044045971
282 1.892696009902562 5.116799797143793 2.7034451229213565
283 1.8916706429305672 5.111894847636186 2.7023175872290657
283 1.8906448507786795 5.106989898262926 2.701189436059112
284 1.8906448507786795 5.106989898262926 2.701189436059112
285 1.8896186328398439 5.102084949024057 2.700060668515057
286 1.8885919885153393 5.0971799999201775 2.6989312836846113
287 1.8875649171933744 5.092275050952326 2.6978012806701472
288 1.8865374183018708 5.087370102120452 2.696670658512433
289 1.8855094911898442 5.08246515342427 2.6955394163606132
290 1.8844811353029836 5.077560204864676 2.6944075532219722
291 1.8834523499918576 5.072655256442493 2.6932750682354256
292 1.8824231346734863 5.067750308157207 2.6921419604398498
293 1.881393488724998 5.062845360009648 2.6910082289275326
294 1.880363411544935 5.057940412000319 2.6898738727556064
295 1.879332902510094 5.0530354641295245 2.6887388910078345
296 1.8783019610079128 5.04813051639728 2.687603282748217
297 1.87727058667971 5.043225568801374 2.686467046671851
298 1.8762387789463784 5.0383206213421765 2.685330181786083
299 1.87520653719911 5.033415674018841 2.6841926871356634
300 1.8741738608137202 5.028510726832865 2.68305456178415
301 1.8731407491513907 5.023605779783708 2.6819158048105067
302 1.8721072015997693 5.018700832872025 2.680776415251969
303 1.8710732175367961 5.01379588609779 2.6796363921548085
304 1.8700387963236442 5.008890939461804 2.6784957345852436
305 1.8690039373331915 5.00398599296473 2.677354441588134
306 1.8679686399524742 4.999081046605887 2.676212512182793
307 1.8669328614022878 4.994176100375648 2.675070005797868
308 1.8658964001588487 4.989271154216406 2.6739272093518465
309 1.8648594991085488 4.9843662081833875 2.6727837730220663
310 1.8638221573436689 4.97946126227405 2.6716396962308946
311 1.8627843742062744 4.974556316488787 2.670494978039757
312 1.861746149066444 4.969651370828403 2.6693496174655125
313 1.8607074812869986 4.964746425292372 2.668203613530052
314 1.8596683702380834 4.959841479881433 2.667056965240771
315 1.8586288152585313 4.954936534596239 2.665909671645233
316 1.8575888157179294 4.950031589437254 2.664761731742093
316 1.8565483709793758 4.9451266444050255 2.663613144534633
317 1.8565483709793758 4.9451266444050255 2.663613144534633
318 1.855507480396533 4.94022169949911 2.662463909034393
319 1.8544661432959177 4.935316754720765 2.661314024288032
320 1.8534243590623263 4.930411810070363 2.6601634892533346
321 1.8523821270316765 4.925506865548393 2.6590123029534958
322 1.8513394465653303 4.920601921154668 2.6578604643700214
323 1.8502963169990305 4.915696976890348 2.656707972517098
324 1.849252737670836 4.910792032755363 2.655554826400087
325 1.8482087079466993 4.905887088750454 2.6544010249798777
326 1.8471642271637552 4.9009821448754005 2.653246567253339
327 1.8461192946439293 4.896077201130715 2.652091452234698
328 1.84507390972812 4.891172257517524 2.650935678906359
329 1.8440280717722914 4.886267314035962 2.6497792462236114
330 1.8429817800979242 4.881362370686296 2.648622153186415
331 1.8419350340482874 4.876457427469115 2.647464398758635
332 1.8408878329506488 4.871552484384975 2.6463059819221333
333 1.8398401761429393 4.866647541433094 2.645146901637721
333 1.8387920629434276 4.861742598615423 2.6439871568909417
334 1.8387920629434276 4.861742598615423 2.6439871568909417
335 1.8377434926760448 4.85683765593092 2.642826746652547
336 1.8366944646905734 4.851932713381547 2.6416656698526877
337 1.8356449782855253 4.847027770966841 2.640503925488859
338 1.8345950328047052 4.842122828687842 2.6393415124891444
339 1.8335446275539804 4.837217886544578 2.6381784298305377
340 1.8324937618653732 4.832312944537309 2.637014676447407
341 1.8314424350420224 4.827408002666242 2.635850251310507
342 1.8303906464173885 4.822503060932551 2.634685153342323
343 1.8293383952812359 4.817598119336187 2.6335193815223823
344 1.8282856809764887 4.812693177877872 2.632352934748911
345 1.8272325027857497 4.807788236557706 2.631185812001418
346 1.8261788600311335 4.802883295375948 2.630018012197374
347 1.8251247520227116 4.797978354333439 2.628849534266649
348 1.8240701780640824 4.7930734134301325 2.6276803771426738
349 1.8230151374596666 4.788168472666724 2.6265105397528057
350 1.8219596295183058 4.7832635320436845 2.6253400210125926
350 1.8219596295183058 4.7832635320436845 2.6253400210125926
351 1.820903653530513 4.778358591561539 2.6241688198586877
352 1.819847208783728 4.773453651220714 2.6229969352267717
353 1.8187902945964247 4.7685487110209515 2.6218243660020493
354 1.8177329102511355 4.7636437709635375 2.620651111116979
355 1.8166750550528943 4.758738831048974 2.6194771694657404
356 1.815616728292703 4.753833891276718 2.6183025399567335
357 1.814557929248556 4.748928951647841 2.6171272215125505
358 1.813498657211085 4.744024012163025 2.615951213031881
359 1.812438911474037 4.739119072821697 2.614774513402729
360 1.8113786913116792 4.734214133624943 2.6135971215366025
361 1.8103179960176259 4.729309194573804 2.6124190363115396
362 1.8092568248652352 4.724404255667421 2.6112402566282014
363 1.8081951771326734 4.719499316906946 2.6100607813758483
364 1.807133052103999 4.714594378293041 2.6088806094293715
365 1.8060704490580042 4.709689439825456 2.607699739665138
366 1.805007367261439 4.704784501505007 2.606518170971854
366 1.8039438059856978 4.699879563332207 2.6053359022256974
367 1.8039438059856978 4.699879563332207 2.6053359022256974
368 1.802879764508488 4.69497462530699 2.6041529322877297
369 1.8018152420829137 4.690069687430734 2.6029692600496452
370 1.8007502379850557 4.685164749703254 2.601784884363367
371 1.7996847514834038 4.680259812124457 2.6005998040860865
372 1.7986187818270958 4.675354874695357 2.5994140180978085
373 1.7975523282900099 4.670449937416409 2.5982275252366938
374 1.7964853901341877 4.665545000288198 2.5970403243522657
375 1.7954179666033867 4.660640063310514 2.5958524143142117
376 1.7943500569502058 4.655735126484139 2.594663793974142
377 1.79328166043357 4.650830189809739 2.5934744621685843
378 1.7922127763104378 4.645925253287671 2.5922844177308373
379 1.7911434038349383 4.641020316917733 2.591093659492059
380 1.7900735422450111 4.636115380701012 2.5899021863016047
381 1.7890031907840043 4.63121044463801 2.5887099969947234
382 1.787932348700285 4.626305508728816 2.5875170903931854
383 1.7868610152256887 4.621400572973259 2.586323465336533
383 1.785789189613446 4.616495637372941 2.585129120628305
384 1.785789189613446 4.616495637372941 2.585129120628305
385 1.7847168710953007 4.611590701927752 2.583934055096127
386 1.7836440589045115 4.606685766637966 2.582738267559575
387 1.782570752277882 4.601780831504163 2.581541756827164
388 1.7814969504461073 4.596875896526709 2.5803445217100136
389 1.7804226526468372 4.591970961706031 2.5791465610030575
390 1.7793478580858106 4.587066027042694 2.577947873541363
391 1.7782725660157521 4.582161092537203 2.576748458085707
392 1.7771967756489686 4.5772561581898765 2.575548313449098
393 1.7761204862088917 4.5723512240009265 2.5743474384221288
394 1.7750436969096286 4.567446289971585 2.5731458318032177
395 1.7739664069688967 4.562541356100992 2.5719434923780873
396 1.7728886156073589 4.557636422390062 2.5707404189228775
397 1.7718103220413788 4.552731488839511 2.5695366102135093
398 1.7707315254679095 4.547826555449778 2.568332065047541
399 1.7696522253668592 4.542921622218375 2.5671267818040358
400 1.7685724209358265 4.538016689145264 2.565920759266396
401 1.7674921113835274 4.53311175623168 2.5647139961961853
402 1.7664112959052662 4.528206823477528 2.563506491367217
403 1.7653299737123438 4.52330189088325 2.5622982435239106
404 1.7642481440064772 4.518396958448983 2.5610892514179087
405 1.7631658059679944 4.513492026175379 2.5598795138256607
406 1.7620829588075613 4.508587094062573 2.5586690294727266
407 1.7609996017127776 4.503682162111231 2.5574577971118644
408 1.7599157338675455 4.498777230321922 2.5562458154945435
409 1.7588313544619694 4.493872298694499 2.555033083356184
410 1.7577464626887263 4.488967367229891 2.5538195994224155
411 1.7566610577239616 4.484062435927866 2.5526053624355365
412 1.755575138760571 4.479157504789514 2.5513903711075456
413 1.754488704961707 4.474252573814502 2.550174624186113
414 1.7534017555121777 4.4693476430035455 2.5489581203812732
415 1.7523142895889114 4.46444271235783 2.547740858407984
416 1.751226306361359 4.459537781876402 2.546522836984036
416 1.750137551599826 4.454632851493901 2.5453044233133886
417 1.750137551599826 4.454632851493901 2.5453044233133886
418 1.7490482783540984 4.449727921265486 2.5440852470080473
419 1.7479584857541832 4.444822991191165 2.5428653068229927
420 1.7468681729741986 4.439918061272119 2.5416446014428002
421 1.7457773391784708 4.435013131508262 2.540423129558603
422 1.7446859835269182 4.4301082019001505 2.539200889861336
423 1.7435941051816302 4.425203272448208 2.5379778810316833
424 1.742501703304238 4.420298343152999 2.5367541017440383
425 1.74140877703017 4.415393414014956 2.5355295507037976
426 1.7403153255341983 4.410488485034013 2.534304226551698
427 1.739221347944594 4.405583556211169 2.5330781279896737
428 1.738126843214251 4.400678627544183 2.5318512539661246
429 1.7370318104870501 4.395773699034093 2.5306236031460774
430 1.7359362488963836 4.390868770680718 2.5293951742019325
431 1.7348401576081895 4.385963842485388 2.5281659657523043
432 1.7337435357408375 4.38105891444765 2.5269359764768216
433 1.7326463824375187 4.376153986568642 2.525705205012571
433 1.7315486968391716 4.371249058848796 2.5244736499921854
434 1.7315486968391716 4.371249058848796 2.5244736499921854
435 1.730450478052545 4.366344131288338 2.523241310090675
436 1.729351725239448 4.361439203887415 2.522008183895341
437 1.7282524375226973 4.356534276647262 2.5207742700435496
438 1.7271526140111826 4.351629349567782 2.5195395671847716
439 1.7260522538407173 4.3467244226496895 2.5183040739222093
440 1.7249513561193248 4.3418194958937315 2.517067788892119
441 1.7238499199670105 4.336914569299832 2.515830710705273
442 1.72274794451381 4.3320096428688855 2.514592837950798
443 1.721645428859491 4.3271047166014025 2.51335416925418
444 1.7205423721144035 4.322199790497516 2.5121147032176205
445 1.719438773400485 4.317294864558479 2.510874438419397
446 1.7183346317974961 4.31238993878402 2.5096333734907987
447 1.7172299464276588 4.3074850131749685 2.5083915069940392
448 1.7161247163856608 4.302580087731551 2.507148837523439
449 1.7150189407776184 4.297675162454711 2.5059053636492625
450 1.7139126186964089 4.292770237344139 2.504661083952572
451 1.712805749231104 4.287865312401089 2.5034159970130623
452 1.7116983314649998 4.2829603876260025 2.5021701014105235
453 1.710590364499168 4.278055463018981 2.5009233956906587
454 1.7094818474085025 4.273150538580673 2.499675878429816
455 1.7083727792938523 4.268245614311619 2.4984275481583578
456 1.7072631592214444 4.263340690212467 2.4971784034493307
457 1.7061529862755394 4.258435766283103 2.4959284428409263
458 1.705042259514752 4.253530842524694 2.4946776649015323
459 1.7039309780372849 4.248625918937441 2.493426068132951
460 1.7028191408988107 4.2437209955221045 2.4921736510913965
461 1.7017067471703224 4.238816072278648 2.490920412302031
462 1.700593795920037 4.233911149208227 2.489666350286573
463 1.6994802862023162 4.2290062263111325 2.488411463578276
464 1.6983662170837692 4.224101303587412 2.48715575068405
465 1.6972515876046972 4.219196381038169 2.485899210141645
466 1.6961363968347845 4.214291458663621 2.4846418404369177
466 1.6950206438223026 4.209386536464169 2.483383640078817
467 1.6950206438223026 4.209386536464169 2.483383640078817
468 1.6939043276201393 4.204481614440487 2.482124607561277
469 1.6927874472797986 4.199576692593045 2.4808647413716924
470 1.6916700018372715 4.194671770922004 2.4796040400115262
471 1.6905519903295465 4.1897668494285005 2.4783425019728447
472 1.6894334117954508 4.184861928112421 2.4770801257357316
473 1.6883142652784606 4.179957006974899 2.4758169097656006
474 1.6871945498039511 4.175052086016317 2.4745528525453393
475 1.6860742644019378 4.170147165236971 2.4732879525423224
476 1.6849534080988042 4.1652422446374535 2.4720222082207317
477 1.683831979933037 4.160337324217719 2.4707556180178782
478 1.6827099789154232 4.155432403979095 2.4694881804037583
479 1.681587404055878 4.150527483921457 2.468219893839986
480 1.6804642543815334 4.145622564046138 2.466950756754933
481 1.6793405289009584 4.140717644352935 2.4656807675944203
482 1.6782162266327312 4.135812724842558 2.4644099247812
483 1.6770913465760646 4.130907805515578 2.463138226757418
483 1.675965887738174 4.126002886371967 2.461865671944122
484 1.675965887738174 4.126002886371967 2.461865671944122
485 1.6748398491210608 4.121097967413177 2.460592258761868
486 1.673713229721595 4.116193048639141 2.459317985628773
487 1.6725860285361118 4.111288130050437 2.458042850955019
488 1.671458244560519 4.106383211647694 2.456766853142297
489 1.6703298767810775 4.101478293431544 2.4554899905972922
490 1.6692009241876709 4.096573375402068 2.4542122617118105
491 1.6680713857677996 4.091668457560028 2.4529336648723024
492 1.6669412604899896 4.086763539906037 2.4516541984837255
493 1.665810547342466 4.08185862244058 2.4503738609126544
494 1.6646792453092234 4.076953705164695 2.4490926505228208
495 1.6635473533465104 4.072048788077991 2.4478105657084948
496 1.662414870433159 4.067143871181442 2.4465276048220783
497 1.6612817955384758 4.062238954474963 2.4452437662198414
498 1.6601481276142034 4.057334037959928 2.4439590482752385
499 1.6590138656321314 4.052429121636611 2.4426734493219686
500 1.6578790085527888 4.047524205505317 2.4413869677006885
501 1.6567435553122893 4.042619289566736 2.440099601778574
502 1.6556075048728214 4.037714373821746 2.4388113498748067
503 1.654470856195231 4.032809458269719 2.437522210299871
504 1.6533336084164414 4.027904542910456 2.436232181095243
505 1.6521957604989077 4.0229996277436 2.434941260549409
506 1.6510573113658953 4.018094712769879 2.433649446999371
507 1.6499182599524522 4.013189797989886 2.4323567387547667
508 1.648778605190421 4.008284883403923 2.4310631341198157
509 1.647638346013213 4.0033799690122525 2.4297686313863855
510 1.6464974813537305 3.998475054816038 2.4284732288375803
511 1.645356010116917 3.9935701408152555 2.4271769247869206
512 1.6442139312282111 3.9886652270103946 2.4258797175078683
513 1.6430712436098531 3.983760313402209 2.4245816052685734
514 1.641927946173315 3.978855399991493 2.4232825863428613
515 1.6407840378239593 3.973950486778172 2.421982659002768
516 1.639639517465787 3.9690455737629424 2.4206818215124906
516 1.6384943840034136 3.9641406609462653 2.419380072124804
517 1.6384943840034136 3.9641406609462653 2.419380072124804
518 1.637348636349828 3.9592357483283593 2.418077409069554
519 1.6362022733807189 3.9543308359106564 2.416773830621946
520 1.6350552939985796 3.949425923692869 2.415469335006049
521 1.6339076970922144 3.9445210116758895 2.414163920456315
522 1.632759481559351 3.9396160998599874 2.4128575851830276
523 1.6316106462666862 3.9347111882458754 2.4115503274319456
524 1.6304611901031265 3.929806276834292 2.410242145405333
525 1.6293111119399715 3.924901365625121 2.408933037320208
526 1.6281604106537353 3.9199964546193735 2.407623001375783
527 1.6270090851112087 3.9150915438175895 2.4063120357745187
528 1.6258571341727386 3.910186633219752 2.4050001387171793
529 1.6247045567114893 3.9052817228268033 2.4036873083752255
530 1.623551351583507 3.900376812639236 2.402373542934174
531 1.6223975176464174 3.895471902657886 2.4010588405663835
532 1.621243053751603 3.8905669928828326 2.399743199441903
533 1.6200877383148053 3.8856620832500366 2.39842694401962
533 1.6189317910788792 3.8807571738153666 2.3971097455743795
534 1.6189317910788792 3.8807571738153666 2.3971097455743795
535 1.6177752108625991 3.875852264578989 2.39579160229089
536 1.6166179964974412 3.8709473555416047 2.3944725123241146
537 1.6154601468315395 3.866042446703625 2.3931524737928287
538 1.6143016606951945 3.861137538065925 2.391831484831117
539 1.6131425369179562 3.8562326296289817 2.390509543562491
540 1.6119827743180246 3.851327721393117 2.389186648115693
541 1.6108223717276748 3.8464228133590708 2.3878627965873234
542 1.6096613279562892 3.841517905527448 2.3865379870962307
543 1.6084996418198807 3.8366129978983823 2.385212217739496
544 1.6073373121215515 3.831708090473131 2.3838854866223413
545 1.6061743376771604 3.8268031832514637 2.382557791818392
546 1.6050107172892718 3.8218982762350566 2.3812291314103633
547 1.6038464497578198 3.816993369423776 2.379899503471882
548 1.6026815338763287 3.812088462818395 2.3785689060747335
549 1.6015159684393785 3.8071835564193046 2.3772373372769255
550 1.600349752224346 3.802278650227067 2.3759047951500807
551 1.5991828840239166 3.797373744242399 2.3745712777311136
552 1.5980153626235536 3.7924688384661915 2.3732367830556256
553 1.5968471867966672 3.7875639328987014 2.3719013091645236
554 1.595678355313876 3.782659027540704 2.3705648540909365
555 1.594508866935197 3.7777541223922984 2.369227415871016
556 1.5933387204385436 3.77284921745465 2.3678889925026283
557 1.5921679144422645 3.7679443127268706 2.3665495822070874
558 1.5909964476933172 3.763039408209393 2.3652091830030044
559 1.589824318945103 3.758134503902832 2.363867792886996
560 1.5886515269451293 3.753229599807737 2.3625254098518047
561 1.5874780704338274 3.7483246959249623 2.361182031888237
562 1.5863039481570151 3.7434197922546937 2.3598376569659547
563 1.5851291588582332 3.738514888798088 2.358492283045841
564 1.5839537012690972 3.7336099855556437 2.357145908093271
565 1.582777574116919 3.7287050825280774 2.35579853006727
566 1.5816007761328599 3.7238001797160485 2.354450146908145
566 1.5804233060372563 3.718895277119777 2.353100756559021
567 1.5804233060372563 3.718895277119777 2.353100756559021
568 1.5792451625457504 3.713990374740336 2.351750356957476
569 1.5780663443737155 3.709085472578224 2.35039894602799
570 1.5768868502360354 3.7041805706343593 2.3490465216828342
571 1.5757066788326142 3.6992756689091864 2.3476930818430306
572 1.5745258288679405 3.694370767403065 2.3463386244093942
573 1.5733442990343942 3.6894658661172395 2.344983147287958
574 1.5721620880276634 3.6845609650518836 2.3436266483656936
575 1.5709791945402982 3.6796560642080687 2.3422691255213053
576 1.5697956172513627 3.6747511635859844 2.34091057663946
577 1.5686113548486487 3.669846263186737 2.3395509995787522
578 1.5674264060048546 3.6649413630105823 2.338190392206032
579 1.5662407693887754 3.660036463058706 2.3368287523807934
580 1.5650544436740423 3.6551315633313717 2.3354660779408865
581 1.5638674275156512 3.650226663829398 2.334102366738415
582 1.5626797195802715 3.6453217645533056 2.3327376165938993
583 1.5614913185175083 3.6404168655039295 2.3313718253394895
583 1.5603022229768 3.6355119666819666 2.330004990793391
584 1.5603022229768 3.6355119666819666 2.330004990793391
585 1.5591124316076521 3.630607068088007 2.3286371107594652
586 1.5579219430463296 3.625702169722661 2.327268183047114
587 1.5567307559310346 3.620797271586878 2.3258982054487554
588 1.5555388688979854 3.6158923736810857 2.324527175745051
589 1.5543462805740642 3.6109874760064797 2.3231550917166537
590 1.553152989586285 3.6060825785629538 2.3217819511286586
591 1.5519589945469763 3.601177681351805 2.3204077517544235
592 1.5507642940709125 3.5962727843733804 2.31903249134838
593 1.549568886768132 3.5913678876287576 2.3176561676577774
594 1.5483727712416446 3.5864629911183723 2.3162787784251573
595 1.5471759460930707 3.581558094842912 2.3149003213804247
596 1.5459784099207716 3.576653198802811 2.313520794243244
597 1.5447801613211853 3.57174830299911 2.3121401947215223
598 1.5435811988665107 3.56684340743278 2.310758520544303
599 1.5423815211472969 3.561938512103787 2.3093757693973456
600 1.5411811267415727 3.5570336170136456 2.3079919389709045
601 1.539980014213848 3.5521287221624656 2.3066070269592487
602 1.5387781821374278 3.5472238275513885 2.305221031028751
603 1.5375756290698301 3.542318933180775 2.3038339488534505
604 1.5363723535791012 3.537414039051402 2.302445778076334
605 1.5351683542089758 3.5325091451640476 2.3010565163611902
606 1.5339636295147978 3.5276042515196955 2.299666161338844
607 1.5327581780337487 3.5226993581188673 2.2982747106512607
608 1.5315519983094652 3.5177944649620927 2.296882161914876
609 1.530345088869777 3.512889572050275 2.2954885127541327
610 1.5291374482420477 3.5079846793842364 2.2940937607781065
611 1.5279290750145147 3.503079786963824 2.2926979034877952
612 1.5267199678171532 3.4981748947890092 2.291300938305384
613 1.5255101251652277 3.493270002860393 2.289902862809277
614 1.5242995455647732 3.4883651111787297 2.288503674575488
615 1.523088227519613 3.48346021974464 2.287103371166844
616 1.5218761695289988 3.478555328559022 2.285701950136712
616 1.5206633700782624 3.4736504376223296 2.284299409042486
617 1.5206633700782624 3.4736504376223296 2.284299409042486
618 1.5194498276594817 3.468745546935557 2.2828957454151126
619 1.5182355407513444 3.463840656499186 2.281490956788563
620 1.5170205078364398 3.458935766314222 2.280085040674449
621 1.5158047273886501 3.4540308763810765 2.2786779945801476
622 1.5145881978625195 3.4491259867005204 2.277269816025333
623 1.5133709177252581 3.444221097273662 2.275860502493769
624 1.5121528854359128 3.4393162081011095 2.2744500514639747
625 1.5109340994457772 3.4344113191831553 2.2730384604086473
626 1.5097145581934162 3.429506430520925 2.2716257268028253
627 1.5084942601163391 3.4246015421153735 2.2702118481055797
628 1.5072732036536303 3.4196966539664277 2.2687968217553944
629 1.5060513872417052 3.4147917660758216 2.2673806451783336
630 1.504828809290617 3.4098868784437535 2.265963315821412
631 1.5036054682222773 3.4049819910709256 2.2645448310963237
632 1.5023813624490792 3.4000771039582025 2.263125188411303
633 1.50115649038176 3.3951722171065257 2.2617043851591365
633 1.4999308504212419 3.3902673305163797 2.2602824187290063
634 1.4999308504212419 3.3902673305163797 2.2602824187290063
635 1.4987044409641552 3.385362444188851 2.258859286498784
636 1.4974772603840922 3.3804575581244056 2.2574349858623846
637 1.4962493070844263 3.375552672324123 2.256009514150877
638 1.4950205794318618 3.3706477867887785 2.254582868731943
639 1.4937910758072037 3.3657429015187743 2.253155046933199
640 1.4925607945774528 3.3608380165150074 2.2517260460847544
641 1.4913297340974734 3.355933131778371 2.2502958635162753
642 1.4900978927254447 3.3510282473095487 2.2488644965334412
643 1.488865268812883 3.3461233631093923 2.2474319424331504
644 1.4876318607056234 3.3412184791789614 2.2459981985019684
645 1.4863976667363568 3.3363135955185874 2.2445632620266696
646 1.485162685243428 3.331408712129444 2.2431271302668123
647 1.4839269145512364 3.3265038290120206 2.241689800483206
648 1.4826903529672733 3.3215989461672706 2.2402512699430686
649 1.4814529988166192 3.3166940635957998 2.2388115358672644
650 1.4802148504066512 3.3117891812987055 2.2373705954840784
651 1.4789759060390604 3.3068842992767924 2.2359284460104356
652 1.477736164012355 3.30197941753066 2.2344850846480693
653 1.4764956226163592 3.297074536061283 2.2330405085921265
654 1.4752542801285027 3.292169654869194 2.231594715036128
655 1.4740121348313666 3.2872647739558527 2.2301477011462527
656 1.472769184991346 3.2823598933215634 2.2286994640920943
657 1.4715252426715515 3.277455012906473 2.227250282812858
658 1.4702804927880486 3.2725501327645317 2.2257998720767174
659 1.4690349335693211 3.2676452528965316 2.224348229049338
660 1.4677885632622334 3.2627403733034117 2.2228953508479505
661 1.4665413801157698 3.257835493986111 2.221441234565734
662 1.465293382359078 3.2529306149455057 2.219985877304916
663 1.464044568217049 3.248025736182526 2.2185292761531534
664 1.4627949359176187 3.2431208576977144 2.2170714281720483
665 1.4615444836718074 3.238215979492368 2.2156123304280593
666 1.4602932096829495 3.2333111015671387 2.214151979977457
666 1.4590411121541356 3.2284062239229634 2.212690373855558
667 1.4590411121541356 3.2284062239229634 2.212690373855558
668 1.4577881892857483 3.2235013465608504 2.211227509080193
669 1.4565344392620225 3.2185964694814952 2.209763382671714
670 1.455279860262814 3.2136915926861374 2.2082979916356194
671 1.4540244504700723 3.208786716175323 2.206831332951762
672 1.452768208041866 3.2038818399499847 2.205363403614388
673 1.4515111311435958 3.198976964011254 2.2038942005845246
674 1.450253217930942 3.194072088360096 2.202423720815485
675 1.4489944665492014 3.189167212996896 2.200951961253474
676 1.4477348751330779 3.1842623379231885 2.1994789188389805
677 1.4464744418192221 3.1793574631395627 2.1980045904861645
678 1.4452131647411626 3.1744525886471298 2.1965289730914357
679 1.4439510420147157 3.1695477144470385 2.195052063555169
680 1.4426880717495187 3.1646428405399343 2.1935738587636866
681 1.4414242520546554 3.1597379669261745 2.192094355580722
682 1.4401595810258485 3.1548330936077416 2.1906135508680946
683 1.4388940567531106 3.1499282205852492 2.189131441471874
683 1.4376276773237164 3.1450233478596714 2.187648024218926
684 1.4376276773237164 3.1450233478596714 2.187648024218926
685 1.4363604408111394 3.140118475431578 2.186163295933084
686 1.4350923452855937 3.135213603302571 2.1846772534199816
687 1.43382338880903 3.1303087314729865 2.1831898934729335
688 1.432553569432187 3.1254038599444334 2.181701212879063
689 1.4312828852035804 3.1204989887173187 2.1802112084037604
690 1.4300113341710174 3.1155941177928197 2.1787198767896063
691 1.428738914354471 3.1106892471717784 2.1772272147967926
692 1.4274656237821812 3.105784376855663 2.1757332191486656
693 1.426191460475289 3.100879506844966 2.1742378865538674
694 1.4249164224448687 3.095974637141021 2.1727412137119972
695 1.4236405076823622 3.0910697677448282 2.171243197327241
696 1.4223637141914591 3.086164898657268 2.1697438340597675
697 1.4210860399557854 3.081260029879085 2.168243120574848
698 1.41980748295802 3.0763551614117675 2.1667410535141736
699 1.4185280411544323 3.0714502932562158 2.1652376295336366
700 1.4172477125231218 3.066545425413098 2.163732845229813
700 1.4172477125231218 3.066545425413098 2.163732845229813
701 1.4159664950118778 3.0616405578837225 2.1622266972200075
702 1.414684386569289 3.0567356906693006 2.160719182094109
703 1.4134013851360843 3.0518308237708807 2.159210296427611
704 1.4121174886447228 3.046925957188819 2.1577000367817134
705 1.410832695009159 3.0420210909250684 2.156188399720436
706 1.4095470021015375 3.0371162249799206 2.1546753818438047
707 1.408260407777662 3.0322113593540085 2.1531609797502296
708 1.4069729099376778 3.027306494048251 2.1516451899435265
709 1.4056845064788928 3.0224016290641775 2.150128008905077
710 1.4043951952775193 3.0174967644025883 2.148609433120645
711 1.4031049742079296 3.0125919000646615 2.1470894590515637
712 1.4018138411419794 3.0076870360514683 2.145568083135257
713 1.4005217939263466 3.002782172364193 2.1440453018199226
714 1.3992288304187472 2.997877309003916 2.1425211115087883
715 1.3979349484540644 2.9929724459715215 2.1409955086117294
716 1.3966401458688227 2.988067583268408 2.139468489508147
716 1.3953444204827563 2.9831627208957032 2.1379400505744663
717 1.3953444204827563 2.9831627208957032 2.1379400505744663
718 1.3940477701133904 2.9782578588544752 2.136410188161792
719 1.3927501925640475 2.9733529971457604 2.1348788986141365
720 1.391451685636298 2.9684481357709855 2.1333461782494747
721 1.3901522472090257 2.9635432747303376 2.1318120232371456
722 1.3888518751126209 2.958638414024694 2.130276429791896
723 1.3875505671055215 2.9537335536551272 2.1287393942094073
724 1.3862483209553067 2.9488286936226342 2.1272009127415967
725 1.3849451344116852 2.943923833928525 2.125660981638152
726 1.3836410052226387 2.9390189745738677 2.124119597121189
727 1.3823359311199062 2.934114115560038 2.1225767554077475
728 1.38102990982291 2.9292092568877126 2.1210324527028717
729 1.3797229390481265 2.9243043985588084 2.1194866851864416
730 1.378415016503116 2.9193995405738047 2.1179394490202186
731 1.3771061398770787 2.9144946829341434 2.1163907403639146
732 1.3757963068709052 2.9095898256411354 2.1148405553280427
733 1.3744855151519264 2.9046849686958733 2.113288890043202
733 1.3731737623881646 2.899780112099491 2.1117357406074513
734 1.3731737623881646 2.899780112099491 2.1117357406074513
735 1.3718610462445606 2.894875255853277 2.110181103091989
736 1.3705473643637986 2.8899703999581345 2.108624973570063
737 1.3692327143809553 2.8850655444158635 2.107067348095194
738 1.3679170939330212 2.8801606892273104 2.1055082226849744
739 1.3666005006363269 2.875255834393538 2.1039475933564633
740 1.3652829321016688 2.8703509799161746 2.1023854561029753
741 1.3639643859326525 2.8654461257963524 2.1008218068956515
742 1.3626448597120424 2.8605412720350425 2.09925664170453
743 1.3613243510225372 2.8556364186338357 2.0976899564669282
744 1.3600028574316676 2.850731565593831 2.096121747109685
745 1.3586803765018158 2.8458267129162014 2.0945520095339347
746 1.357356905785291 2.840921860602487 2.0929807396227065
747 1.3560324428123258 2.836017008653549 2.0914079332584614
748 1.354706985115901 2.8311121570710536 2.0898335862857014
749 1.3533805302168023 2.826207305856064 2.0882576945327602
750 1.3520530756178581 2.8213024550099317 2.086680253821145
751 1.3507246188206026 2.8163976045339587 2.0851012599393663
752 1.3493951573097218 2.811492754429393 2.083520708666721
753 1.3480646885644425 2.806587904697655 2.081938595755666
754 1.3467332100415157 2.801683055339786 2.080354916957471
755 1.3454007192050408 2.7967782063575894 2.0787696679767844
756 1.3440672134925864 2.791873357752179 2.077182844522662
757 1.3427326903431507 2.7869685095248133 2.0755944422657735
758 1.3413971471784487 2.7820636616767076 2.0740044568669447
759 1.340060581404112 2.7771588142097223 2.0724128839756055
760 1.3387229904193054 2.7722539671245348 2.0708197192133295
761 1.3373843716137075 2.7673491204229963 2.0692249581800275
762 1.3360447223671859 2.762444274106497 2.067628596452996
763 1.3347040400470656 2.7575394281762287 2.0660306295911037
764 1.3333623220057336 2.7526345826334166 2.0644310531384433
765 1.3320195655871314 2.7477297374799483 2.062829862614515
766 1.330675768123323 2.7428248927167638 2.061227053518094
766 1.3293309269274847 2.737920048345586 2.0596226213391486
767 1.3293309269274847 2.737920048345586 2.0596226213391486
768 1.3279850393147432 2.7330152043676694 2.0580165615253763
769 1.3266381025857432 2.7281103607842723 2.0564088695077634
770 1.3252901140188413 2.7232055175971075 2.0547995407127835
771 1.3239410708902657 2.7183006748074345 2.053188570530221
772 1.3225909704598855 2.71339583241687 2.051575954335587
773 1.3212398099807448 2.7084909904266 2.0499616874744886
774 1.3198875866831554 2.7035861488385313 2.0483457652879182
775 1.318534297793631 2.6986813076536627 2.046728183081396
776 1.3171799405264197 2.6937764668739423 2.0451089361392465
777 1.3158245120816106 2.68887162650042 2.0434880197258782
778 1.3144680096494816 2.6839667865348495 2.0418654290799827
779 1.3131104303980938 2.6790619469786194 2.040241159432731
780 1.3117517715012896 2.6741571078332322 2.0386152059643727
781 1.310392030098823 2.669252269100113 2.036987563865763
782 1.3090312033304212 2.6643474307810235 2.0353582282854856
783 1.3076692883223875 2.6594425928773027 2.0337271943498108
783 1.3063062821910172 2.6545377553907277 2.032094457157761
784 1.3063062821910172 2.6545377553907277 2.032094457157761
785 1.3049421820301186 2.6496329183224723 2.0304600117994482
786 1.3035769849291876 2.644728081674383 2.0288238533285003
787 1.3022106879553064 2.639823245448264 2.0271859767893923
788 1.3008432881757714 2.6349184096451808 2.0255463771814055
789 1.2994747826295003 2.6300135742666884 2.0239050495037922
790 1.2981051683540965 2.6251087393149155 2.0222619887134132
791 1.296734442363088 2.6202039047910213 2.0206171897587026
792 1.295362457807211 2.6152990706440016 2.0189708717289667
793 1.2939893496293187 2.6103942369203557 2.0173228146492392
794 1.2926151211318757 2.6054894036237193 2.015673003532736
795 1.2912397692898692 2.6005845707561335 2.014021433204735
796 1.2898632910544203 2.595679738318686 2.012368098480269
797 1.2884856833626162 2.590774906313621 2.010712994150129
798 1.2871069431327584 2.5858700747423646 2.009056114986434
799 1.2857270672824186 2.5809652436067507 2.0073974557150893
800 1.284346052700856 2.5760604129081504 2.0057370110578403
801 1.2829638962742536 2.5711555826488124 2.0040747756936006
802 1.281580594860732 2.5662507528299363 2.002410744295647
803 1.2801961453181165 2.5613459234535854 2.000744911489415
804 1.2788105444783169 2.556441094521428 1.999077271891211
805 1.2774237891653941 2.551536266035407 1.9974078200801753
806 1.2760358761880997 2.546631437996912 1.995736550608954
807 1.2746468023397752 2.5417266104080514 1.9940634580045165
808 1.2732565643949456 2.5368217832703466 1.9923885367721232
809 1.2718651591175598 2.531916956585797 1.9907117813829267
810 1.2704725832535773 2.527012130356351 1.9890331862848059
811 1.2690788335347347 2.522107304583261 1.9873527458956164
812 1.2676839066765695 2.5172024792688252 1.9856704546073027
813 1.2662877993782946 2.51229765441479 1.9839863067844807
814 1.2648905083267215 2.5073928300228885 1.9823002967583565
815 1.2634920301936337 2.5024880060951684 1.9806124188307348
816 1.262092361628017 2.4975831826333077 1.978922667285291
816 1.260691499268853 2.4926783596393873 1.9772310363677665
817 1.260691499268853 2.4926783596393873 1.9772310363677665
818 1.2592894397374095 2.487773537115194 1.975537520297122
819 1.2578861796402256 2.4828687150626534 1.9738421132608288
820 1.2564817155624084 2.4779638934836066 1.9721448094248277
821 1.2550760440797077 2.4730590723800914 1.9704456029144253
822 1.253669161745672 2.4681542517540622 1.9687444878338398
823 1.252261065100486 2.4632494316074713 1.9670414582520068
824 1.250851750668834 2.4583446119422123 1.9653365082054917
825 1.2494412149538512 2.4534397927600744 1.9636296317075579
826 1.2480294544434907 2.4485349740635263 1.961920822738397
827 1.24661646561301 2.443630155854238 1.9602100752396285
828 1.2452022449120097 2.43872533813398 1.9584973831349854
829 1.2437867887802763 2.4338205209054533 1.9567827403056657
830 1.2423700937072089 2.428915704169714 1.9550661404943157
831 1.2409521561326786 2.4240108879288296 1.9533475774626579
832 1.2395329724441957 2.4191060721848086 1.951627044994737
833 1.2381125390091214 2.414201256939541 1.949904536845786
833 1.2366908521742392 2.4092964421953114 1.9481800467428878
834 1.2366908521742392 2.4092964421953114 1.9481800467428878
835 1.2352679082698181 2.4043916279542112 1.9464535683776727
836 1.2338437036056973 2.399486814218159 1.94472509541206
837 1.2324182344792913 2.3945820009893763 1.9429946214655858
838 1.2309914971626439 2.3896771882700536 1.9412621401350907
839 1.229563487911906 2.3847723760623123 1.9395276449792995
840 1.2281342029669782 2.3798675643680767 1.9377911295188202
841 1.2267036385438836 2.3749627531898128 1.9360525872483192
842 1.2252717908438095 2.370057942529267 1.9343120116207657
843 1.2238386560504173 2.365153132389115 1.9325693960525463
844 1.2224042303242724 2.360248322771297 1.9308247339304314
845 1.2209685098075225 2.3553435136781324 1.929078018604621
846 1.2195314906235568 2.3504387051116344 1.9273292433882419
847 1.2180931688723653 2.345533897074384 1.9255784015649093
848 1.21665354064021 2.340629089568304 1.9238254863719477
849 1.215212601988197 2.3357242825958107 1.9220704910189015
850 1.2137703489637321 2.3308194761593244 1.9203134086685207
851 1.2123267775831137 2.325914670260938 1.9185542324635156
852 1.2108818838531117 2.321009864903174 1.9167929554925347
853 1.2094356637557662 2.316105060088053 1.9150295708129275
854 1.2079881132536587 2.3112002558182208 1.9132640714428162
855 1.2065392282843475 2.306295452095997 1.9114964503685976
856 1.2050890047690945 2.30139064892363 1.9097267005308014
857 1.2036374386061306 2.2964858463038187 1.9079548148346555
858 1.2021845256730226 2.2915810442384803 1.9061807861447706
859 1.2007302618253484 2.2866762427305445 1.904404607288187
860 1.1992746428992316 2.2817714417820425 1.9026262710482134
861 1.1978176647038843 2.2768666413955696 1.9008457701769157
862 1.1963593230325849 2.2719618415735576 1.899063097376537
863 1.1948996136528431 2.2670570423187097 1.897278245314893
864 1.1934385323100747 2.2621522436333024 1.8954912066183889
865 1.1919760747278887 2.257247445520063 1.893701973871716
866 1.1905122366104048 2.252342647981292 1.8919105396128497
866 1.1890470136346025 2.2474378510198116 1.8901168963454087
867 1.1890470136346025 2.2474378510198116 1.8901168963454087
868 1.187580401452627 2.242533054638089 1.8883210365336638
869 1.1861123956980741 2.237628258838463 1.8865229525921363
870 1.1846429919815753 2.2327234636238162 1.8847226368925682
871 1.183172185892172 2.2278186689969317 1.8829200817605793
872 1.1816999729862818 2.2229138749598807 1.8811152794920867
873 1.1802263488055726 2.2180090815159867 1.8793082223258988
874 1.178751308862473 2.2131042886674352 1.8774989024641178
875 1.1772748486503188 2.208199496417291 1.8756873120570532
876 1.1757969636300365 2.203294704767985 1.8738734432225066
877 1.1743176492478558 2.1983899137222327 1.8720572880176756
878 1.1728369009205002 2.1934851232832466 1.8702388384622717
879 1.1713547140333087 2.1885803334534595 1.8684180865397746
880 1.169871083957677 2.1836755442355904 1.8665950241698515
881 1.1683860060340314 2.178770755632562 1.8647696432347556
882 1.166899475577774 2.1738659676471275 1.8629419355688441
883 1.1654114878816737 2.16896118028221 1.8611118929543522
883 1.163922038207102 2.1640563935406774 1.859279507134495
884 1.163922038207102 2.1640563935406774 1.859279507134495
885 1.1624311217926089 2.1591516074254122 1.8574447697991259
886 1.1609387338500539 2.154246821939443 1.8556076725903126
887 1.1594448695664286 2.1493420370853915 1.853768207098223
888 1.1579495240954147 2.1444372528664704 1.851926364874752
889 1.1564526925755565 2.139532469285595 1.8500821374029608
890 1.1549543701102527 2.134627686345869 1.848235516128742
891 1.1534545517736 2.1297229040500127 1.846386492450233
892 1.151953232617722 2.124818122401436 1.8445350577062543
893 1.150450407664283 2.1199133414028335 1.8426812031879023
894 1.1489460719048055 2.115008561057775 1.8408249201386464
895 1.1474402203089225 2.1101037813687986 1.8389661997386677
896 1.1459328478109112 2.105199002339352 1.8371050331273233
897 1.144423949320053 2.1002942239724813 1.8352414113846083
898 1.1429135197159597 2.0953894462714446 1.8333753255383638
899 1.1414015538486582 2.0904846692393413 1.8315067665630014
900 1.1398880465419174 2.0855798928794282 1.8296357253736097
901 1.138372992587866 2.0806751171949904 1.8277621928336394
902 1.1368563867470791 2.0757703421891613 1.8258861597537615
903 1.1353382237499947 2.070865567865311 1.824007616889082
904 1.1338184982995412 2.0659607942267644 1.8221265549338062
905 1.132297205065437 2.061056021276921 1.820242964529626
906 1.1307743386890476 2.056151249018952 1.8183568362567646
907 1.1292498937761954 2.0512464774564334 1.8164681606452002
908 1.127723864908641 2.0463417065928025 1.8145769281548194
909 1.1261962466282096 2.041436936431201 1.8126831291998964
910 1.1246670334536721 2.0365321669753778 1.810786754121808
911 1.1231362198607042 2.031627398228845 1.8088877932196108
912 1.1216038003056634 2.0267226301949757 1.806986236710901
913 1.1200697692031132 2.0218178628771413 1.8050820747671703
914 1.1185341209353838 2.0169130962793025 1.80317529749798
915 1.1169968498530147 2.0120083304047185 1.8012658949481175
916 1.1154579502788258 2.007103565257102 1.7993538570910679
916 1.1139174164920165 2.0021988008403517 1.797439173853425
917 1.1139174164920165 2.0021988008403517 1.797439173853425
918 1.1123752427406688 1.9972940371577372 1.7955218350929911
919 1.1108314232417802 1.9923892742132823 1.7936018305989396
920 1.109285952178071 1.9874845120106375 1.7916791500949174
921 1.107738823693148 1.9825797505534228 1.789753783246124
922 1.1061900318981523 1.9776749898456236 1.7878257196478782
923 1.104639570867451 1.9727702298909535 1.7858949488309361
924 1.1030874346424826 1.9678654706931917 1.7839614602544982
925 1.1015336172253147 1.9629607122562884 1.782025243315631
926 1.0999781125840407 1.9580559545841512 1.7800862873392413
927 1.0984209146434685 1.9531511976808487 1.7781445815922154
928 1.0968620173006747 1.9482464415502783 1.7762001152568125
929 1.0953014144108493 1.9433416861961934 1.774252877452455
930 1.0937390997883725 1.9384369316229844 1.7723028572335509
931 1.0921750672158719 1.9335321778346388 1.770350043572703
932 1.0906093104337484 1.9286274248348976 1.7683944253766357
933 1.089041823179382 1.923722672628174 1.7664359914222572
933 1.0874725991505045 1.9188179212186605 1.764474730413965
934 1.0874725991505045 1.9188179212186605 1.764474730413965
935 1.0859016319773345 1.9139131706100936 1.7625106310274352
936 1.0843289152416467 1.9090084208069429 1.7605436818785871
937 1.082754442488651 1.9041036718135864 1.7585738715023045
938 1.081178207222631 1.8991989236340174 1.7566011883579737
939 1.0796002029063723 1.8942941762726215 1.7546256208298465
940 1.078020422960805 1.8893894297340754 1.752647157226232
941 1.0764388607670416 1.8844846840224434 1.7506657857740382
942 1.074855509663739 1.8795799391422807 1.748681494622746
943 1.0732703629484592 1.8746751950979728 1.7466942718402434
944 1.0716834138754245 1.869770451893885 1.744704105415251
945 1.0700946556318114 1.8648657095348584 1.7427109832950185
946 1.0685039705872519 1.859960967972045 1.7407150737585062
947 1.0669114631165015 1.8550562272595503 1.7387161834786542
948 1.0653171262781933 1.850151487402046 1.736714300150004
949 1.0637209531139633 1.8452467484042687 1.7347094113380463
950 1.0621229366126725 1.8403420102710941 1.7327015045361147
950 1.0621229366126725 1.8403420102710941 1.7327015045361147
951 1.060523069721428 1.8354372730069552 1.7306905671453967
952 1.0589213453371409 1.8305325366169976 1.728676586488291
953 1.0573177563141827 1.8256278011059794 1.726659549793367
954 1.055712295458451 1.820723066478846 1.7246394442040514
955 1.0541049555232318 1.8158183327405106 1.722616256783636
956 1.052495729225902 1.8109135998957349 1.7205899744863002
957 1.050884609228909 1.8060088679499775 1.7185605841873963
958 1.0492715881464338 1.8011041369080838 1.7165280726697099
959 1.0476566585414717 1.7961994067753 1.7144924266275707
960 1.0460398129340764 1.7912946775563823 1.712453632650857
961 1.0444210437886108 1.7863899492571076 1.7104116772456284
962 1.0428003435204762 1.7814852218822443 1.7083665468194806
963 1.0411777044976742 1.7765804954374502 1.7063182276790858
964 1.0395531190356917 1.771675769927717 1.7042667060353354
965 1.037926579395054 1.7667710453589045 1.7022119680070729
966 1.0362980777848574 1.7618663217358734 1.7001539996117305
966 1.034667606363759 1.7569615990645835 1.6980927867639137
967 1.034667606363759 1.7569615990645835 1.6980927867639137
968 1.0330351572369458 1.75205687735008 1.696028315276605
969 1.0314007224526938 1.7471521565984676 1.6939605708668704
970 1.0297642940105687 1.7422474368150307 1.6918895391387008
971 1.0281258638481696 1.737342718005346 1.6898152056039621
972 1.0264854238558825 1.7324380001756186 1.6877375556565632
973 1.0248429658603837 1.7275332833311714 1.6856565745961478
974 1.0231984816351056 1.7226285674779964 1.6835722476104324
975 1.0215519629000709 1.7177238526219738 1.6814845597727102
976 1.0199034013143597 1.7128191387689995 1.679393496052344
977 1.0182527884765733 1.7079144259249743 1.6772990413119482
978 1.0166001159314915 1.7030097140960847 1.6752011802946225
979 1.014945375161368 1.6981050032883318 1.6730998976357196
980 1.0132885575902495 1.693200293507826 1.6709951778538856
981 1.0116296545837251 1.6882955847608694 1.6688870053493887
982 1.0099686574404023 1.683390877053618 1.6667753644156567
983 1.0083055574005286 1.678486170392437 1.664660239223191
983 1.0066403456454929 1.673581464783728 1.6625416138179612
984 1.0066403456454929 1.673581464783728 1.6625416138179612
985 1.0049730132876535 1.668676760233803 1.6604194721357932
986 1.0033035513795199 1.663772056749249 1.6582937979852657
987 1.00163195090873 1.6588673543366277 1.6561645750533631
988 0.9999582028001422 1.6539626530025184 1.6540317868996866
989 0.9982822979089265 1.6490579527536102 1.6518954169655666
990 0.9966042270272899 1.6441532535965002 1.6497554485603025
991 0.9949239808795893 1.6392485555380796 1.6476118648671607
992 0.9932415501217076 1.634343858585238 1.6454646489416118
993 0.9915569253435728 1.629439162744904 1.6433137837046585
994 0.9898700970654057 1.6245344680240157 1.6411592519464444
995 0.9881810557368202 1.6196297744296937 1.6390010363253165
996 0.9864897917369096 1.6147250819687635 1.636839119364552
997 0.9847962953755428 1.6098203906487876 1.634673483448572
998 0.9831005568897908 1.6049157004768473 1.6325041108249156
999 0.9814025664430726 1.6000110114603225 1.6303309836036923
1000 0.9797023141278416 1.595106323606652 1.6281540837500832
1001 0.9779997899599648 1.5902016369230354 1.6259733930905358
1002 0.9762949838822313 1.5852969514172646 1.6237888933049112
1003 0.974587885760614 1.580392267096853 1.6216005659288912
1004 0.9728784853846645 1.5754875839695222 1.619408392350863
1005 0.9711667724703046 1.5705829020430777 1.617212353804147
1006 0.969452736646307 1.5656782213250462 1.615012431386085
1007 0.9677363674700553 1.5607735418237125 1.61280860602979
1008 0.966017654421025 1.5558688635469926 1.6106008585106968
1009 0.964296586888996 1.550964186502981 1.6083891694636048
1010 0.9625731541906255 1.54605951069949 1.6061735193513536
1011 0.9608473455537835 1.541154836145109 1.6039538884887754
1012 0.9591191501286989 1.536250162848099 1.6017302570196394
1013 0.9573885569786915 1.5313454908165942 1.5995026049289591
1014 0.9556555550805538 1.5264408200593405 1.5972709120397195
1015 0.9539201333269396 1.5215361505847964 1.595035158004487
1016 0.9521822805219663 1.516631482401778 1.5927953223099178
1016 0.9504419853833561 1.5117268155186467 1.590551384268761
1017 0.9504419853833561 1.5117268155186467 1.590551384268761
1018 0.9486992365377828 1.5068221499445131 1.588303323025287
1019 0.9469540225231623 1.5019174856883386 1.5860511175468417
1020 0.9452063317856666 1.4970128227587776 1.5837947466249493
1021 0.9434561526883177 1.4921081611653246 1.5815341888583356
1022 0.9417034735615765 1.4872035009174767 1.579269422563334
1023 0.9399482825720944 1.4822988420241332 1.5770004259893313
1024 0.9381905677913479 1.477394184495097 1.5747271772014524
1025 0.936430317194928 1.4724895283396755 1.5724496540762478
1026 0.9346675186597959 1.4675848735671613 1.5701678343027332
1027 0.9329021599660315 1.4626802201875992 1.5678816953761343
1028 0.931134228793212 1.4577755682106186 1.5655912145985176
1029 0.9293637127186747 1.4528709176461472 1.5632963690782082
1030 0.9275905992216606 1.4479662685039396 1.5609971357179828
1031 0.9258148756753499 1.4430616207942866 1.558693491224823
1032 0.9240365293478977 1.4381569745273397 1.556385412102985
1033 0.9222555474042862 1.433252329713487 1.5540728746467456
1033 0.9204719168985361 1.4283476863627764 1.5517558549482868
1034 0.9204719168985361 1.4283476863627764 1.5517558549482868
1035 0.9186856247811687 1.4234430444861044 1.5494343288817316
1036 0.9168966578901498 1.4185384040941098 1.5471082721124498
1037 0.915105002956518 1.4136337651972446 1.544777660082812
1038 0.9133106465879115 1.408729127806688 1.542442468036082
1039 0.9115135752795036 1.4038244919333782 1.540102670991942
1040 0.9097137754183853 1.3989198575883903 1.5377582437344262
1041 0.9079112332765774 1.3940152247831619 1.5354091608188114
1042 0.9061059350098367 1.3891105935286499 1.5330553965674771
1043 0.9042978666536222 1.3842059638366926 1.5306969250729108
1044 0.9024870141238808 1.3793013357187318 1.5283337201895746
1045 0.9006733632143206 1.3743967091866043 1.5259657555339055
1046 0.8988568995938958 1.3694920842520992 1.523593004482512
1047 0.8970376088090907 1.3645874609272421 1.5212154401629512
1048 0.8952154762782746 1.3596828392242546 1.5188330354574902
1049 0.8933904872934277 1.35477821915517 1.5164457629938954
1050 0.8915626270160928 1.349873600732613 1.5140535951472176
1051 0.8897318804763198 1.3449689839690753 1.511656504034725
1052 0.8878982325712735 1.34006436887729 1.509254461512536
1053 0.8860616680638899 1.3351597554700843 1.5068474391714821
1054 0.8842221715838179 1.330255143760439 1.5044354083292069
1055 0.8823797276185562 1.3253505337615352 1.502018340038826
1056 0.8805343205182558 1.3204459254865581 1.4995962050739644
1057 0.8786859344909206 1.315541318949259 1.4971689739308698
1058 0.8768345536007703 1.3106367141628985 1.4947366168232026
1059 0.8749801617681006 1.3057321111413769 1.4922991036766389
1060 0.8731227427661452 1.3008275098986368 1.4898564041265008
1061 0.8712622802193253 1.2959229104487555 1.4874084875136901
1062 0.8693987575991738 1.291018312806005 1.4849553228844319
1063 0.867532158229325 1.2861137169847137 1.4824968789741857
1064 0.8656624652740624 1.2812091229998068 1.4800331242202875
1065 0.8637896617410408 1.2763045308657723 1.4775640267484484
1066 0.8619137304828558 1.2713999405975303 1.4750895543632594
1066 0.8600346541880056 1.2664953522105824 1.4726096745558854
1067 0.8600346541880056 1.2664953522105824 1.4726096745558854
1068 0.8581524153837474 1.2615907657197865 1.4701243544896743
1069 0.8562669964299193 1.2566861811411163 1.467633561004554
1070 0.8543783795198234 1.2517815984899008 1.4651372606051025
1071 0.8524865466783362 1.2468770177820845 1.4626354194567264
1072 0.8505914797572687 1.2419724390340792 1.4601280033847717
1073 0.8486931604339284 1.2370678622617204 1.4576149778669358
1074 0.8467915702089823 1.2321632874818218 1.4550963080297699
1075 0.8448866904041882 1.2272587147109897 1.452571958642025
1076 0.8429785021603109 1.2223541439662575 1.4500418941096556
1077 0.8410669864325285 1.2174495752644 1.4475060784734122
1078 0.8391521239895955 1.2125450086230773 1.444964475401973
1079 0.8372338954135711 1.2076404440597666 1.4424170481812906
1080 0.8353122810908987 1.202735881592201 1.439863759720443
1081 0.8333872612156135 1.1978313212385847 1.4373045725361555
1082 0.8314588157847221 1.1929267630167824 1.4347394487493774
1083 0.8295269245937846 1.188022206945574 1.4321683500838056
1083 0.8275915672386321 1.1831176530434424 1.4295912378506583
1084 0.8275915672386321 1.1831176530434424 1.4295912378506583
1085 0.825652723105867 1.178213101329719 1.427008072955445
1086 0.8237103713744279 1.173308551823297 1.4244188158825002
1087 0.8217644910443338 1.16840400454411 1.4218234266355945
1088 0.8198150609066787 1.163499459512471 1.419221864777274
1089 0.8178620594950521 1.1585949167481822 1.416614089500005
1090 0.8159054651232134 1.1536903762717834 1.4140000595504771
1091 0.8139452558807178 1.1487858381034342 1.4113797332234672
1092 0.8119814096271276 1.1438813022639778 1.4087530683605958
1093 0.8100139039942493 1.1389767687747772 1.4061200223334231
1094 0.8080427163772685 1.13407223765674 1.403480552044542
1095 0.8060678239351993 1.1291677089317802 1.4008346139152619
1096 0.8040892035841334 1.1242631826218639 1.398182163882555
1097 0.8021068319965526 1.1193586587488717 1.3955231573862004
1098 0.8001206855947113 1.1144541373357024 1.392857549367511
1099 0.7981307405498431 1.109549618405047 1.3901852942547523
1100 0.7961369727784234 1.1046451019800567 1.3875063459557424
1101 0.7941393579325817 1.0997405880842412 1.3848206578594024
1102 0.7921378714037715 1.09483607674145 1.3821281828140068
1103 0.7901324883136578 1.0899315679757757 1.3794288731272966
1104 0.7881231835127974 1.085027061811775 1.376722680553092
1105 0.7861099315737587 1.0801225582742677 1.37400955628675
1106 0.7840927067895253 1.0752180573883086 1.3712894509512767
1107 0.7820714831667871 1.0703135591797888 1.368562314592834
1108 0.7800462344220955 1.0654090636743405 1.3658280966687297
1109 0.7780169339801211 1.0605045708982144 1.3630867460338738
1110 0.7759835549647068 1.0556000808783548 1.3603382109384592
1111 0.7739460701961444 1.0506955936418068 1.357582439013515
1112 0.771904452185905 1.0457911092157264 1.3548193772612918
1113 0.7698586731320901 1.040886627628279 1.3520489720451416
1114 0.7678087049124868 1.035982148907689 1.349271169080804
1115 0.7657545190859708 1.0310776730826434 1.3464859134143548
1116 0.7636960868760528 1.026173200182251 1.3436931494305246
1116 0.7616333791760606 1.0212687302361143 1.3408928208227018
1117 0.7616333791760606 1.0212687302361143 1.3408928208227018
1118 0.7595663665370601 1.0163642632742442 1.3380848705926143
1119 0.757495019166739 1.0114597993270107 1.3352692410303086
1120 0.7554193069167379 1.006555338425696 1.3324458737147928
1121 0.7533391992872867 1.0016508806012512 1.3296147094813138
1122 0.7512546654118788 0.996746425886007 1.326775688427221
1123 0.7491656740547614 0.9918419743118992 1.3239287498901064
1124 0.7470721936043851 0.9869375259122048 1.3210738324371918
1125 0.7449741920679224 0.9820330807203013 1.318210873848319
1126 0.742871637063852 0.9771286387698034 1.3153398111036192
1127 0.7407644958137947 0.9722242000954967 1.312460580373015
1128 0.7386527351390846 0.967319764732155 1.3095731169938922
1129 0.7365363214636218 0.9624153327160125 1.3066773554405722
1130 0.7344152208407562 0.9575109040842051 1.303773229247686
1131 0.732289398841659 0.9526064788734208 1.300860671177626
1132 0.7301588206041806 0.9477020571213433 1.297939613106575
1133 0.7280234508313245 0.9427976388654217 1.295009985995435
1133 0.725883253775333 0.937893224144523 1.292071719889558
1134 0.725883253775333 0.937893224144523 1.292071719889558
1135 0.7237381932163313 0.9329888129983712 1.2891247439244833
1136 0.72158823245805 0.9280844054672359 1.2861689863009105
1137 0.7194333343668223 0.92318000159181 1.2832043741819474
1138 0.7172734613268168 0.918275601413471 1.2802308337392536
1139 0.7151085717055489 0.913371204971137 1.2772482964268315
1140 0.7129385812648901 0.9084668122724907 1.2742567678981491
1141 0.7107634891180663 0.9035624233884587 1.2712561030809593
1142 0.7085832670147146 0.8986580383712716 1.2682462036640356
1143 0.7063978748054718 0.8937536572660338 1.2652269905429092
1144 0.7042072718059141 0.8888492801182449 1.2621983834941424
1145 0.7020114167846428 0.8839449069742036 1.2591603011570007
1146 0.6998102679531812 0.8790405378811443 1.256112661010504
1147 0.6976037829572203 0.8741361728870164 1.2530553793465047
1148 0.6953919188624408 0.8692318120406569 1.249988371251988
1149 0.6931746321475271 0.8643274553916823 1.2469115505769535
1150 0.6909518786876072 0.8594231029909 1.2438248299191061
1150 0.6909518786876072 0.8594231029909 1.2438248299191061
1151 0.6887236137478694 0.8545187548898013 1.2407281205877556
1152 0.6864897919679904 0.8496144111405052 1.237621332583662
1153 0.6842503673876358 0.844710071797937 1.2345043745068227
1154 0.6820052933957149 0.8398057369173698 1.23137715359358
1155 0.6797545226820036 0.8349014065544448 1.2282395757519962
1156 0.677498007261554 0.8299970807653155 1.2250915454647058
1157 0.6752356984575225 0.8250927596072841 1.2219329657660105
1158 0.6729675468745803 0.8201884431397534 1.2187637382350778
1159 0.6706935023697034 0.8152841314239406 1.2155837629906472
1160 0.6684135141131756 0.8103798245205569 1.2123929385176129
1161 0.6661275305269596 0.8054755224915136 1.2091911617199167
1162 0.6638354992821962 0.8005712254002634 1.2059783278627298
1163 0.6615373673128787 0.7956669333138401 1.202754330485951
1164 0.6592330807009198 0.7907626462972644 1.1995190615381404
1165 0.6569225847137032 0.7858583644178027 1.196272411246588
1166 0.6546058237885545 0.7809540877431376 1.1930142680725602
1166 0.6522827415126388 0.7760498163429213 1.189744518678001
1167 0.6522827415126388 0.7760498163429213 1.189744518678001
1168 0.6499532806068321 0.7711455502882373 1.1864630478797697
1169 0.6476173829073786 0.766241289650882 1.1831697386054705
1170 0.645274989342605 0.761337034505055 1.1798644718598066
1171 0.6429260399169894 0.7564327849254873 1.1765471266697383
1172 0.6405704736879678 0.7515285409892487 1.1732175800462048
1173 0.6382082287461603 0.7466243027745577 1.1698757069325074
1174 0.6358392421934331 0.7417200703613649 1.1665213801568433
1175 0.6334634501191874 0.7368158438311881 1.1631544703842895
1176 0.6310807875789434 0.7319116232674805 1.1597748460626747
1177 0.6286911885704088 0.727007408755245 1.1563823733690288
1178 0.6262945860069011 0.7221032003813421 1.1529769161590442
1179 0.6238909116949516 0.7171989982345163 1.1495583359053436
1180 0.621480096305402 0.7122948024052895 1.1461264916443281
1181 0.6190620693505768 0.7073906129866141 1.1426812399097521
1182 0.6166367591509562 0.7024864300726216 1.139222434679164
1183 0.6142040928124601 0.6975822537603961 1.1357499273020872
1183 0.6117639961946215 0.6926780841485813 1.1322635664361955
1184 0.6117639961946215 0.6926780841485813 1.1322635664361955
1185 0.6093163938781075 0.687773921338488 1.1287631979849138
1186 0.6068612091395877 0.6828697654330539 1.125248665013919
1187 0.6043983639117828 0.677965616538218 1.1217198076948682
1188 0.6019277787572905 0.673061474761977 1.1181764632154798
1189 0.5994493728276682 0.66815734021472 1.114618465714542
1190 0.5969630638336816 0.663253213009898 1.1110456461920823
1191 0.5944687680057643 0.6583490932627579 1.107457832429599
1192 0.5919664000574244 0.6534449810921298 1.1038548489048392
1193 0.5894558731447781 0.6485408766189976 1.1002365167031043
1194 0.5869370988269884 0.6436367799678132 1.0966026534259647
1195 0.5844099870238627 0.6387326912652825 1.0929530730952441
1196 0.5818744459742965 0.6338286106418832 1.089287586054057
1197 0.5793303821906551 0.6289245382307708 1.085605998864728
1198 0.576777700412771 0.6240204741689043 1.0819081142046996
1199 0.5742163035581929 0.6191164185958443 1.0781937307586411
1200 0.5716460926771746 0.6142123716554376 1.074462643099533
1201 0.5690669668967879 0.6093083334947379 1.0707146415779367
1202 0.5664788233693852 0.6044043042644083 1.0669495121979042
1203 0.563881557220818 0.5995002841193885 1.0631670364856818
1204 0.5612750614883213 0.594596273218306 1.0593669913671695
1205 0.5586592270655311 0.5896922717238529 1.0555491490247624
1206 0.5560339426380084 0.5847882798034237 1.0517132767632769
1207 0.5533990946231498 0.5798842976280956 1.0478591368548975
1208 0.5507545671021542 0.5749803253742836 1.0439864863937405
1209 0.5481002417520736 0.5700763632225839 1.0400950771345416
1210 0.5454359977747989 0.5651724113588961 1.036184655330076
1211 0.542761711825206 0.5602684699739114 1.0322549615554741
1212 0.5400772579314458 0.5553645392635744 1.0283057305369245
1213 0.5373825074182005 0.550460619429722 1.0243366909621863
1214 0.5346773288212976 0.5455567106791033 1.0203475652909941
1215 0.5319615878052137 0.5406528132249878 1.016338069550534
1216 0.5292351470716691 0.5357489272866144 1.0123079131289503
1216 0.5264978662662437 0.5308450530894563 1.008256798558447
1217 0.5264978662662437 0.5308450530894563 1.008256798558447
1218 0.523749601882183 0.5259411908651315 1.0041844212865703
1219 0.5209902071615121 0.5210373408530059 1.0000904694384767
1220 0.5182195319854795 0.5161335032988295 0.995974623575731
1221 0.5154374227699848 0.5112296784559248 0.9918365564311427
1222 0.5126437223478525 0.5063258665851845 0.987675932646297
1223 0.5098382698521479 0.501422067955776 0.9834924084870826
1224 0.507020900592021 0.49651828284487803 0.9792856315491538
1225 0.5041914459221133 0.49161451153827795 0.9750552404536864
1226 0.5013497331064636 0.486710754330979 0.9708008645286823
1227 0.498495585180787 0.48180701152748817 0.966522123466256
1228 0.49562882079875104 0.47690328344142136 0.9622186269814742
1229 0.4927492540861468 0.47199957039727974 0.9578899744306069
1230 0.4898566944724178 0.4670958727300228 0.9535357544375122
1231 0.48695094652364995 0.46219219078556295 0.9491555444858664
1232 0.48403180976681925 0.4572885249213733 0.9447489104934458
1233 0.4810990785022452 0.4523848755073142 0.9403154063725836
1233 0.4781525416134731 0.4474812429256511 0.9358545735544455
1234 0.4781525416134731 0.4474812429256511 0.9358545735544455
1235 0.47519198235773086 0.44257762757184516 0.9313659405108962
1236 0.4722171781592865 0.43767402985542886 0.9268490222263671
1237 0.4692279003787329 0.4327704502004169 0.9223033196685667
1238 0.46622391408261027 0.4278668890458057 0.9177283192084221
1239 0.46320497779294983 0.42296334684656484 0.9131234920269514
1240 0.4601708432285262 0.4180598240741086 0.9084882934803742
1241 0.4571212550316552 0.4131563212180486 0.903822162435737
1242 0.4540559504782034 0.4082528387856339 0.8991245205699199
1243 0.4509746591779124 0.4033493773035117 0.8943947716237151
1244 0.44787710275147313 0.39844593731890315 0.8896323006268991
1245 0.44476299449503964 0.39354251939989104 0.8848364730674106
1246 0.4416320390255318 0.3886391241373419 0.8800066340179494
1247 0.4384839319049794 0.38373575214527195 0.8751421072105066
1248 0.43531835924309764 0.37883240406301816 0.8702421940616208
1249 0.4321349972777286 0.3739290805555687 0.8653061726339384
1250 0.4289335119342886 0.36902578231587796 0.8603332965329407
1251 0.42571355835189545 0.3641225100660363 0.8553227937482134
1252 0.422474780388297 0.35921926455855113 0.8502738654089419
1253 0.4192168100923107 0.3543160465789056 0.8451856844692985
1254 0.41593926714431917 0.34941285694654683 0.8400573943053817
1255 0.4126417582589796 0.34450969651776814 0.834888107232107
1256 0.40932387655555846 0.3396065661868983 0.8296769029079658
1257 0.40598520088678436 0.3347034668900933 0.8244228266424688
1258 0.40262529511584294 0.3298003996056723 0.819124887597493
1259 0.399243707363505 0.3248973653592951 0.8137820568414902
1260 0.39583996918646386 0.31999436522475694 0.8083932652945939
1261 0.3924135947108145 0.3150914003285807 0.8029574015160823
1262 0.3889640797030235 0.310188471852322 0.7974733093327098
1263 0.3854909005769025 0.30528558103747944 0.7919397852987123
1264 0.38199351332704684 0.3003827291880345 0.7863555759672269
1265 0.37847135238854923 0.2954799176760582 0.7807193749573688
1266 0.37492382941390345 0.29057714794525924 0.7750298197889997
1266 0.37135033195631145 0.2856744215175026 0.7692854884834507
1267 0.37135033195631145 0.2856744215175026 0.7692854884834507
1268 0.3677502220512081 0.2807717399966959 0.763484895891101
1269 0.3641228346917436 0.2758691050761433 0.7576264897247834
1270 0.3604674761852104 0.2709665185447517 0.7517086462622425
1271 0.35678342237565835 0.2660639822937594 0.7457296656951169
1272 0.35306991672296373 0.2611614983258354 0.739687767085395
1273 0.3493261682220375 0.2562590687628071 0.7335810828804687
1274 0.3455513491449518 0.25135669585526754 0.7274076529500931
1275 0.341744592593481 0.24645438199372918 0.7211654180784556
1276 0.3379049898307709 0.24155212972026108 0.7148522128697623
1277 0.3340315873773263 0.23664994174033152 0.7084657579793756
1278 0.33012338384031564 0.23174782093872387 0.7020036516129462
1279 0.3261793264443551 0.2268457703936265 0.6954633601903812
1280 0.32219830723897463 0.22194379339606693 0.6888422080735859
1281 0.3181791589275615 0.21704189346781513 0.6821373662541743
1282 0.31412065028273956 0.21214007438504126 0.6753458398678797
1283 0.31002148110394573 0.20723834020169984 0.6684644543460387
1283 0.30588027663085504 0.20233669527776552 0.6614898400982917
1284 0.30588027663085504 0.20233669527776552 0.6614898400982917
1285 0.30169558137574654 0.1974351443108871 0.654418415445706
1286 0.2974658522699109 0.1925336923703553 0.6472463676121603
1287 0.293189451051103 0.18763234493858313 0.6399696314649423
1288 0.2888646357636963 0.18273110795575231 0.6325838657011453
1289 0.2844895512609385 0.17782998787154902 0.6250844260654074
1290 0.28006221854826324 0.17292899170467504 0.6174663351632135
1291 0.27558052280215184 0.16802812711115425 0.6097242482981537
1292 0.2710421998447907 0.16312740246281907 0.601852414702331
1293 0.26644482082695675 0.1582268269378136 0.5938446333718544
1294 0.26178577493177246 0.15332641062747038 0.5856942023203164
1295 0.2570622508447396 0.14842616466231534 0.577393857614519
1296 0.25227121291216426 0.1435261013556066 0.5689357089093613
1297 0.24740937388187936 0.13862623436975313 0.5603111644263626
1298 0.2424731628320202 0.13372657891657297 0.5515108449722151
1299 0.23745869260851576 0.12882715200428005 0.5425244727371166
1300 0.23236171946784273 0.12392797273169233 0.533340745693884
1301 0.2271775957620244 0.11902906264101681 0.5239471887258789
1302 0.2219012121565744 0.11413044614404984 0.5143299806019939
1303 0.2165269301070974 0.10923215104878682 0.5044737437267457
1304 0.21104850120682203 0.1043342092107977 0.4943612895338825
1305 0.2054589699346963 0.09943665734775767 0.483973308049597
1306 0.1997505554452918 0.09453953806866582 0.47328798589778415
1307 0.19391450658690382 0.08964290118723488 0.46228053158602106
1308 0.18794092230600792 0.08474680541899625 0.45092257917629225
1309 0.18181852677574303 0.07985132060575012 0.43918143008737287
1310 0.17553438445476863 0.07495653067358694 0.42701907609959805
1311 0.16907353417122914 0.07006253763396555 0.4143909215442894
1312 0.1624185122070522 0.06516946709842289 0.4012440836506643
1313 0.15554872020073346 0.06027747604642336 0.38751508831854176
1314 0.14843957133353444 0.05538676403939131 0.3731266773530402
1315 0.14106131176883355 0.05049758987473413 0.35798327154002263
1316 0.1333773526666845 0.04561029716142854 0.34196433089664446
1316 0.12534184324036163 0.04072535519463891 0.32491428354489715
1317 0.12534184324036163 0.04072535519463891 0.32491428354489715
1318 0.11689600187562947 0.035843427375107824 0.30662663222000647
1319 0.10796234807914595 0.03096549271686551 0.28681751803105526
1320 0.09843520202261438 0.026093078361332685 0.26507873022232525
1321 0.08816402000757138 0.02122874904269778 0.240786990439804
1322 0.07692195067028536 0.016377281399152833 0.21290777543268039
1323 0.06434149388017031 0.011549067380883696 0.1794964133470804
1324 0.0497784940560737 0.006773403115049576 0.13607087244181348
1325 0.032273503077202226 0.002185540964239655 0.06771935971783322
1326 0.027463556237141567 0.00023291970701623651 0.00848104684641085
1327 0.024140635185596136 2.182153353788023e-05 0.0009039336939609761
1328 0.021276525990098386 2.0249579464203217e-06 9.517333550424028e-05
1329 0.018773196789367282 1.8795712977786917e-07 1.0011993795554516e-05
1330 0.016560103547494882 1.744799967869635e-08 1.053616580877949e-06
1331 0.014602936556786085 1.6194735186788486e-09 1.1090053787340931e-07
