1 0.599447637089076 2.995111072564088 4.996451545139754
2 0.5988945958590098 2.990191983833918 4.9928518382187255
3 0.5983460441158711 2.985287557480904 4.989232546681292
4 0.5977992739586964 2.980383472492463 4.985592325591192
5 0.5972530723030205 2.975479352260929 4.981940638308343
6 0.5967065141312233 2.970575231577759 4.9782852394409955
7 0.5961589701796658 2.965671111309092 4.974631364542449
8 0.5956096611034702 2.960766989813173 4.97098550135644
9 0.5950581841295313 2.9558628664494417 4.967351000765355
10 0.5945043206592174 2.9509587405363655 4.963729678640836
11 0.5939480270484515 2.946054612142339 4.960121892789811
12 0.5933897063575667 2.941150482147882 4.956524271716291
13 0.5928305706024517 2.9362463528474736 4.952926685045231
14 0.592271035856137 2.9313422248737506 4.9493256421638945
15 0.5917110988711847 2.9264380989706007 4.94572115438329
16 0.5911507547909683 2.921533974985385 4.942113244900521
16 0.5905900026023218 2.916629852737713 4.938501904681999
17 0.5905900026023218 2.916629852737713 4.938501904681999
18 0.590028841330567 2.911725732232125 4.934887124612294
19 0.5894672699829665 2.906821613476209 4.931268895659305
20 0.5889052875649383 2.901917496476618 4.927647208731548
21 0.588342893076615 2.8970133812399226 4.924022054707931
22 0.5877800855134938 2.8921092677724776 4.9203934244316665
23 0.5872168638672725 2.8872051560812086 4.91676130870417
24 0.5866532271263581 2.8823010461728193 4.9131256982790035
25 0.5860891742739217 2.877396938053699 4.909486583877565
26 0.585524704288839 2.872492831730831 4.905843956182304
27 0.5849598161461858 2.867588727211135 4.902197805830997
28 0.5843945088167976 2.8626846245008464 4.898548123418922
29 0.5838287812680394 2.857780523607243 4.894894899494888
30 0.5832626324417169 2.8528764245361815 4.891238124741786
31 0.5826960613179862 2.8479723272923603 4.887577789440691
32 0.5821290668570264 2.8430682318820106 4.8839138839639515
33 0.5815616480075434 2.83816413831245 4.88024639870275
33 0.5809938037148282 2.8332600465901754 4.876575323995773
34 0.5809938037148282 2.8332600465901754 4.876575323995773
35 0.5804255329202588 2.828355956722472 4.87290065013567
36 0.5798568345587007 2.8234518687163774 4.869222367388601
37 0.5792877075627784 2.818547782579125 4.865540465958661
38 0.578718150858214 2.8136436983177795 4.861854936025884
39 0.5781481633677666 2.808739615939607 4.858165767713311
40 0.577577744009413 2.803835535451491 4.854472951100754
41 0.5770068916969306 2.7989314568611117 4.85077647622142
42 0.5764356053378359 2.794027380175365 4.847076333076005
43 0.5758638838371316 2.7891233054018154 4.84337251160319
44 0.5752917260939218 2.7842192325476947 4.839665001705838
45 0.5747191310021117 2.779315161620219 4.835953793245151
46 0.5741460974521817 2.7744110926269774 4.832238876025882
47 0.5735726243288192 2.7695070255755416 4.828520239815057
48 0.5729987105125178 2.7646029604732894 4.824797874327666
49 0.5724243548782896 2.7596988973276537 4.821071769237402
50 0.5718495562973442 2.7547948361463943 4.817341914162447
51 0.5712743136339997 2.7498907769370007 4.813608298689905
52 0.5706986257499913 2.744986719707293 4.8098709123399965
53 0.5701224915015904 2.7400826644648126 4.806129744588701
54 0.5695459097389294 2.735178611217137 4.802384784873441
55 0.568968879308334 2.7302745599723193 4.79863602257363
56 0.5683913990492535 2.7253705107381947 4.794883447034761
57 0.567813467799028 2.72046646352222 4.791127047527345
58 0.5672350843868091 2.7155624183327403 4.787366813299833
59 0.5666562476393304 2.710658375177448 4.783602733526637
60 0.5660769563763294 2.705754334064335 4.779834797347841
61 0.5654972094130106 2.700850295001537 4.776062993847547
62 0.5649170055587382 2.6959462579968343 4.772287312063432
63 0.5643363436195313 2.691042223058437 4.768507740966449
64 0.5637552223936614 2.686138190194576 4.7647242694966785
65 0.5631736406752887 2.6812341594135707 4.760936886532124
66 0.5625915972528243 2.6763301307232528 4.757145580900902
66 0.5620090909103438 2.671426104132226 4.753350341370889
67 0.5620090909103438 2.671426104132226 4.753350341370889
68 0.5614261204252252 2.6665220796486815 4.749551156666977
69 0.5608426565118464 2.661618057144996 4.745748252636301
70 0.5602587260794045 2.656714036752261 4.741941380089686
71 0.5596743278832798 2.6518100184783107 4.738130527636684
72 0.5590894606832357 2.64690600233191 4.734315683749889
73 0.558504123228424 2.6420019883220816 4.730496836889998
74 0.5579183142648635 2.6370979764568276 4.726673975439538
75 0.5573320325313336 2.6321939667452794 4.722847087740818
76 0.5567452767623408 2.627289959196076 4.719016162067224
77 0.5561580456867798 2.6223859538179575 4.715181186634936
78 0.5555703380250111 2.617481950620094 4.71134214962761
79 0.5549821524936855 2.6125779496109236 4.707499039152703
80 0.5543934878040919 2.6076739507995295 4.703651843257244
81 0.5538043426608428 2.6027699541952076 4.699800549937505
82 0.5532147157625654 2.5978659598065916 4.69594514713085
83 0.552624605802119 2.592961967643006 4.692085622715613
83 0.5520340114868706 2.5880579777127535 4.688221964335085
84 0.5520340114868706 2.5880579777127535 4.688221964335085
85 0.5514429315213273 2.5831539900245355 4.684354159546664
86 0.550851364579003 2.578250004586846 4.680482196059032
87 0.5502593093287904 2.573346021409448 4.676606061510219
88 0.5496667644325541 2.568442040501432 4.672725743483784
89 0.5490737285459781 2.563538061872203 4.668841229502639
90 0.5484802003190079 2.558634085530832 4.664952507023362
91 0.5478861783949925 2.553730111487017 4.661059563444459
92 0.5472916614116254 2.5488261397502194 4.657162386096018
93 0.5466966479989427 2.54392217032991 4.653260962256403
94 0.5461011367813193 2.539018203235888 4.649355279135067
95 0.5455051263763144 2.5341142384773954 4.645445323879958
96 0.5449086153954182 2.529210276064536 4.641531083572959
97 0.5443116024436254 2.5243063160066876 4.637612545229791
98 0.5437140861053967 2.519402358313496 4.633689695920662
99 0.5431160649534805 2.5144984029945006 4.6297625226936985
100 0.5425175375735225 2.5095944500592102 4.625831012364476
101 0.5419185025433207 2.504690499518145 4.6218951516938125
102 0.5413189584348216 2.4997865513812907 4.617954927367063
103 0.540718903812841 2.4948826056586055 4.614010326005097
104 0.5401183372367981 2.489978662360662 4.610061334149831
105 0.5395172572557634 2.4850747214976936 4.606107938303853
106 0.538915662415268 2.4801707830798145 4.602150124871837
107 0.5383135512523695 2.47526684711767 4.598187880202978
108 0.5377109222974089 2.4703629136218557 4.594221190574019
109 0.5371077740729513 2.465458982602732 4.590250042197057
110 0.53650410509523 2.460555054070852 4.5862744212070865
111 0.5358999138733906 2.455651128037072 4.582294313667744
112 0.535295198908704 2.4507472045120116 4.578309705576105
113 0.534689958695993 2.4458432835064685 4.57432058285032
114 0.5340841917210628 2.440939365031484 4.570326931350775
115 0.5334778964639582 2.436035449097805 4.56632873685027
116 0.5328710713972981 2.4311315357165704 4.562325985048581
116 0.532263714985595 2.426227624898532 4.558318661575859
117 0.532263714985595 2.426227624898532 4.558318661575859
118 0.5316558256852834 2.421323716655281 4.5543067519937175
119 0.5310474019466316 2.416419810997842 4.5502902417752225
120 0.5304384422114962 2.411515907937197 4.546269116324112
121 0.5298289449133254 2.4066120074849677 4.54224336097505
122 0.5292189084790732 2.40170810965258 4.538212960974637
123 0.5286083313273798 2.3968042144510906 4.534177901495639
124 0.5279972118690239 2.391900321892885 4.530138167635296
125 0.5273855485063729 2.3869964319884653 4.5260937444129095
126 0.5267733396347413 2.3820925447504924 4.5220446167647905
127 0.5261605836410569 2.3771886601901318 4.517990769547712
128 0.5255472789037706 2.3722847783195546 4.513932187543355
129 0.5249334237935518 2.367380899150562 4.509868855448641
130 0.5243190166733274 2.3624770226950544 4.5058007578751935
131 0.5237040307981959 2.3575731488379508 4.501728094864363
132 0.5230884896951501 2.3526692777067235 4.497650634747922
133 0.5224723916970293 2.3477654093140257 4.49356836193451
133 0.5218557351356619 2.3428615436717193 4.4894812606834105
134 0.5218557351356619 2.3428615436717193 4.4894812606834105
135 0.5212385183311788 2.3379576807923685 4.485389315198119
136 0.5206207395962023 2.3330538206887383 4.481292509588216
137 0.5200023972348504 2.328149963372949 4.477190827875124
138 0.5193834895561097 2.3232461088575724 4.473084253877865
139 0.5187640148703934 2.318342257154818 4.468972771239783
140 0.5181439714554027 2.31343840827714 4.4648563637225696
141 0.5175233575795343 2.308534562237417 4.460735015003909
142 0.5169021715028033 2.303630719048803 4.456608708668019
143 0.5162804114756393 2.2987268787238726 4.452477428213133
144 0.5156580757394199 2.2938230412761045 4.44834115704852
145 0.5150351625267392 2.288919206718343 4.444199878487924
146 0.5144116700608472 2.2840153750641425 4.440053575755732
147 0.5137875965561816 2.2791115463267144 4.435902231979044
148 0.5131629402171753 2.2742077205194136 4.431745830197612
149 0.5125376992384595 2.2693038976560223 4.427584353361337
150 0.5119118718063361 2.26440007774986 4.423417784314477
151 0.5112854560972173 2.259496260814678 4.419246105809531
152 0.5106584502765723 2.254592446864411 4.415069300514513
153 0.5100308525022157 2.2496886359128436 4.410887350982499
154 0.5094026609217351 2.2447848279738754 4.406700239673002
155 0.5087738736718195 2.2398810230617947 4.402507948956931
156 0.5081444888793692 2.234977221190561 4.3983104611041695
157 0.5075145046625933 2.2300734223743195 4.39410775827367
158 0.5068839191287315 2.2251696266277805 4.389899822532469
159 0.506252730374893 2.2202658339652435 4.385686635845065
160 0.5056209364884814 2.215362044401073 4.381468180069203
161 0.5049885355455231 2.210458257950254 4.3772444369699715
162 0.5043555256127442 2.205554474627046 4.373015388197653
163 0.5037219047468061 2.2006506944469106 4.368781015296643
164 0.5030876709924685 2.195746917424425 4.364541299715723
165 0.5024528223851511 2.1908431435745945 4.360296222786906
166 0.50181735694828 2.1859393729127383 4.356045765746666
166 0.5011812726952617 2.181035605454 4.351789909716273
167 0.5011812726952617 2.181035605454 4.351789909716273
168 0.5005445676288679 2.1761318412141 4.347528635707035
169 0.49990723974077683 2.17122808020806 4.343261924620124
170 0.49926928701183704 2.1663243224516577 4.3389897572455665
171 0.49863070741089643 2.1614205679605005 4.334712114268933
172 0.4979914988971209 2.1565168167506235 4.330428976250725
173 0.4973516594165775 2.151613068837679 4.326140323652778
174 0.49671118690529553 2.1467093242379467 4.321846136811984
175 0.49607007927818575 2.1418055829671725 4.317546396032672
176 0.4954283344341538 2.13690184504151 4.313241081542381
177 0.49478595027602634 2.1319981104771912 4.308930173315982
178 0.4941429246930655 2.1270943792909462 4.304613651226881
179 0.4934992555627252 2.1221906514994804 4.300291495028899
180 0.49285494075135267 2.1172869271193187 4.295963684348045
181 0.4922099781120231 2.1123832061673706 4.2916301987007035
182 0.49156436548734345 2.107479488660859 4.287291017467216
183 0.4909181007070541 2.102575774616822 4.282946119909915
183 0.49027118158733407 2.0976720640523574 4.278595485177809
184 0.49027118158733407 2.0976720640523574 4.278595485177809
185 0.48962360593407694 2.092768356984995 4.274239092276866
186 0.4889753715393506 2.0878646534322236 4.269876920098012
187 0.4883264761828655 2.0829609534114644 4.265508947402331
188 0.4876769176319266 2.0780572569408227 4.261135152821059
189 0.4870266936405678 2.0731535640378893 4.256755514858708
190 0.48637580195091334 2.068249874720579 4.252370011880882
191 0.48572424029057476 2.063346189007216 4.247978622135186
192 0.48507200637554226 2.0584425069162435 4.243581323723306
193 0.4844190979367433 2.053538828465073 4.239178094364127
194 0.4837655126663606 2.0486351536727283 4.2347689118666345
195 0.48311124823900486 2.0437314825574298 4.230353753937757
196 0.48245630231642234 2.0388278151380415 4.225932598142043
197 0.4818006571766254 2.0339241513492574 4.221505556401996
198 0.48114431925547474 2.029020491248638 4.217072529066445
199 0.4804872928201623 2.0241168348912595 4.212633435134048
200 0.4798295754775451 2.019213182296601 4.20818825160371
201 0.4791711648196071 2.0143095334841448 4.203736955337179
202 0.4785120584254143 2.0094058884733563 4.19927952303957
203 0.47785225385837415 2.0045022472842886 4.194815931282356
204 0.4771917486682161 1.9995986099366894 4.190346156481802
205 0.4765305403900911 1.994694976450927 4.185870174906432
206 0.47586862654369416 1.9897913468471073 4.181387962680505
207 0.47520600463409957 1.9848877211456193 4.176899495775413
208 0.4745426721526697 1.9799840993672697 4.172404749999532
209 0.47387862657410834 1.9750804815324923 4.167903701019982
210 0.4732138653585022 1.9701768676624325 4.163396324344482
211 0.4725483859505837 1.9652732577778627 4.15888259532301
212 0.471882185778736 1.9603696519003033 4.154362489156381
213 0.47121526225764737 1.9554660500509509 4.149835980868032
214 0.4705476127844285 1.9505624522516647 4.145303045337675
215 0.46987923474149956 1.9456588585235024 4.140763657270131
216 0.46921012549484703 1.9407552688890413 4.136217791212937
216 0.46854028239367446 1.9358516833699047 4.131665421551467
217 0.46854028239367446 1.9358516833699047 4.131665421551467
218 0.4678697027718739 1.9309481019883867 4.127106522496686
219 0.4671983839463015 1.9260445247671896 4.122541068097025
220 0.46652632321686066 1.9211409517285678 4.1179690322330265
221 0.4658535178680094 1.9162373828956252 4.113390388603986
222 0.46517996516585786 1.9113338182908144 4.108805110747486
223 0.46450566236066543 1.9064302579377697 4.104213172018389
224 0.46383060668483483 1.9015267018595043 4.0996145455997475
225 0.46315479535351534 1.8966231500795294 4.095009204496913
226 0.46247822556469165 1.891719602621668 4.090397121533354
227 0.4618008944982847 1.8868160595097307 4.085778269354866
228 0.46112279931640787 1.8819125207675302 4.081152620424264
229 0.46044393716413673 1.8770089864199238 4.0765201470137225
230 0.45976430516665817 1.8721054564907824 4.071880821222453
231 0.459083900432872 1.867201931005071 4.0672346149461545
232 0.45840272005189936 1.8622984099874882 4.062581499901752
233 0.4577207610950185 1.85739489346319 4.057921447608561
233 0.4570380206137145 1.8524913814576038 4.053254429401875
234 0.4570380206137145 1.8524913814576038 4.053254429401875
235 0.4563544956417733 1.8475878739960323 4.048580416410189
236 0.4556701831929632 1.8426843711041838 4.043899379573537
237 0.4549850802623917 1.8377808728081122 4.039211289627907
238 0.45429918382466783 1.83287737913367 4.034516117116888
239 0.45361249083621213 1.827973890107369 4.02981383236954
240 0.452924998232405 1.8230704057556428 4.025104405520555
241 0.4522367029295394 1.8181669261053732 4.02038780649047
242 0.45154760182274906 1.8132634511834531 4.0156640049994845
243 0.4508576917871174 1.8083599810172988 4.010932970555056
244 0.4501669696778839 1.8034565156342874 4.006194672445087
245 0.4494754323287354 1.7985530550617748 4.001449079749384
246 0.4487830765523364 1.7936495993283754 3.9966961613339773
247 0.44808989916733116 1.7887461484615568 3.9919358856013436
248 0.4473958969447739 1.7838427024899906 3.987168220968701
249 0.4467010666328312 1.7789392614422945 3.9823931356414355
250 0.4460054049587203 1.7740358253471384 3.977610597592047
251 0.4453089086277279 1.7691323942337995 3.9728205745660703
252 0.4446115743221848 1.7642289681316008 3.968023034085847
253 0.44391339870294005 1.759325547069856 3.9632179434330825
254 0.44321437840775 1.754422131078919 3.9584052696613536
255 0.4425145100515945 1.7495187201883908 3.9535849795849805
256 0.4418137902260081 1.7446153144289553 3.948757039784802
257 0.44111221550071383 1.7397119138312367 3.9439214165866177
258 0.44040978241991946 1.734808518425956 3.9390780760901913
259 0.4397064875059592 1.7299051282446165 3.934226984133755
260 0.4390023272560366 1.7250017433183749 3.929368106316012
261 0.4382972981435649 1.720098363679273 3.9245014079823335
262 0.4375913966177716 1.7151949893590586 3.9196268542209283
263 0.43688461910258203 1.7102916203902812 3.9147444098706043
264 0.43617696199774897 1.705388256805305 3.9098540395035952
265 0.43546842167768673 1.7004848986372176 3.904955707433217
266 0.43475899449131494 1.695581545919045 3.900049377708544
266 0.434048676762034 1.690678198684524 3.8951350141114096
267 0.434048676762034 1.690678198684524 3.8951350141114096
268 0.433337464787027 1.685774856967095 3.890212580155296
269 0.4326253361245817 1.6808715206822296 3.885282206861307
270 0.4319123058125195 1.67596818997562 3.88034368880221
271 0.4311983700655414 1.6710648648817479 3.8753969886939714
272 0.4304835250768731 1.66616154543602 3.8704420689235133
273 0.4297677670105548 1.6612582316737146 3.8654788916101173
274 0.4290510920013068 1.6563549236304342 3.8605074186022335
275 0.4283334961502095 1.651451621342741 3.8555276115123256
276 0.42761497553880334 1.6465483248465622 3.8505394315806614
277 0.42689552621913346 1.6416450341791045 3.845542839763604
278 0.42617514421621766 1.6367417493772913 3.840537796701957
279 0.4254538255251111 1.631838470478479 3.8355242627432076
280 0.4247315661116895 1.626935197520611 3.8305021979289013
281 0.4240083619127545 1.6220319305419488 3.8254715619870345
282 0.42328420883468604 1.6171286695807874 3.8204323143374292
283 0.4225591027547283 1.6122254146762558 3.815384414075826
283 0.4218330395184193 1.6073221658673833 3.8103278199885997
284 0.4218330395184193 1.6073221658673833 3.8103278199885997
285 0.42110601494114513 1.6024189231939052 3.805262490534274
286 0.42037802480755176 1.5975156866959688 3.8001883838416823
287 0.4196490648702644 1.5926124564138444 3.795105457714304
288 0.41891913085012117 1.587709232388294 3.7900136696224
289 0.41818821843672993 1.5828060146604719 3.7849129766910052
290 0.417456323286084 1.5779028032720006 3.7798033357148584
291 0.416723441022352 1.5729995982650036 3.774684703135363
292 0.41598956723639513 1.56809639968171 3.769557035046038
293 0.41525469748505317 1.5631932075647266 3.7644202871925194
294 0.4145188272922005 1.5582900219577727 3.75927441495754
295 0.4137819521463173 1.553386842903923 3.7541193733713896
296 0.413044067502455 1.5484836704478115 3.7489551170919744
297 0.4123051687803129 1.5435805046335702 3.7437816004097457
298 0.411565251364925 1.5386773455061447 3.738598777236994
299 0.4108243106274331 1.5337741931116473 3.7334066009121623
300 0.4100823418795969 1.528871047495795 3.728205024601333
301 0.40933934039782705 1.5239679087047062 3.72299400107402
302 0.40859530142060196 1.519064776785203 3.7177734827192745
303 0.40785022015009526 1.514161651784626 3.7125434215222213
304 0.40710409174998985 1.5092585337504003 3.7073037690745294
305 0.40635691134577934 1.5043554227308622 3.7020544765652286
306 0.4056086740253615 1.4994523187748559 3.6967954947657247
307 0.404859374836587 1.4945492219312349 3.691526774042168
308 0.40410900878839673 1.4896461322497725 3.6862482643384835
309 0.4033575708496183 1.4847430497807526 3.680959915177349
310 0.4026050559485498 1.4798399745747401 3.6756616756543012
311 0.40185145897367724 1.474936906683115 3.6703534944232437
312 0.4010967747710562 1.470033846157417 3.665035319709325
313 0.4003409981454944 1.4651307930500843 3.659707099290434
314 0.3995841238594569 1.4602277474140062 3.6543687804964007
315 0.39882614663306737 1.4553247093025943 3.6490203101993184
316 0.3980670611429053 1.4504216787697388 3.643661634814442
316 0.3973068620218409 1.445518655869812 3.638292700291566
317 0.3973068620218409 1.445518655869812 3.638292700291566
318 0.39654554385906116 1.4406156406583062 3.6329134521060835
319 0.3957831011988601 1.4357126331906223 3.6275238352565546
320 0.3950195285393406 1.4308096335233254 3.6221237942691458
321 0.3942548203343146 1.4259066417129296 3.6167132731663485
322 0.3934889709901444 1.421003657817521 3.6112922154890903
323 0.3927219748670896 1.4161006818946293 3.605860564267853
324 0.391953826277673 1.4111977140035519 3.600418262032255
325 0.3911845194866047 1.4062947542033104 3.594965250795069
326 0.3904140487097246 1.4013918025541747 3.5895014720541436
327 0.38964240811412265 1.3964888591169136 3.5840268667775375
328 0.3888695918169891 1.391585923952711 3.5785413754018163
329 0.38809559388518816 1.3866829971237487 3.573044937825232
330 0.3873204083348308 1.3817800786927394 3.567537493398019
331 0.386544029130175 1.3768771687232868 3.562018980920802
332 0.3857664501837544 1.371974267279276 3.556489338628996
333 0.3849876653551069 1.3670713744258378 3.5509485041939497
333 0.3842076684498935 1.3621684902282598 3.5453964147149946
334 0.3842076684498935 1.3621684902282598 3.5453964147149946
335 0.3834264532202181 1.3572656147533513 3.5398330067065453
336 0.38264401336293447 1.3523627480678455 3.5342582160958607
337 0.3818603425198644 1.3474598902397747 3.528671978210672
338 0.3810754342765553 1.3425570413375458 3.523074227774076
339 0.3802892821618571 1.3376542014309183 3.517464898896603
340 0.37950187964647303 1.3327513705899199 3.511843925072127
341 0.3787132201434237 1.3278485488853646 3.5062112391600455
342 0.3779232970061061 1.322945736389476 3.5005667733897368
343 0.3771321035290357 1.3180429331748706 3.4949104593356197
344 0.3763396329450057 1.3131401393148863 3.489242227928661
345 0.37554587842665615 1.3082373548841477 3.4835620094274193
346 0.37475083309065393 1.3033345799578808 3.4778697333612016
347 0.37395448999722974 1.2984318146132596 3.4721653285213354
348 0.37315684212878436 1.2935290589269646 3.466448723136477
349 0.37235786725775794 1.2886263128616648 3.460719985190045
350 0.3715575734633174 1.2837235766058774 3.4549789004169362
350 0.3715575734633174 1.2837235766058774 3.4549789004169362
351 0.37075595353005314 1.2788208502398524 3.4492253949367595
352 0.36995300017872734 1.273918133844041 3.4434593941084426
353 0.3691487060616077 1.269015427500366 3.4376808225587507
354 0.36834306376184134 1.264112731291616 3.431889604167897
355 0.3675360657931052 1.2592100453016384 3.4260856620543945
356 0.36672770459750353 1.2543073696152849 3.420268918575244
357 0.3659179725465804 1.2494047043182381 3.4144392952964133
358 0.36510686193793157 1.2445020494974592 3.4085967130056996
359 0.36429436499701806 1.2395994052409152 3.4027410916747556
360 0.36348047387357374 1.2346967716378063 3.39687235047256
361 0.36266518064228603 1.229794148778318 3.39099040773733
362 0.36184847730060726 1.2248915367534465 3.385095180975053
363 0.3610303557684488 1.2199889356561402 3.3791865868436695
364 0.3602108078874006 1.2150863455796335 3.3732645411335382
365 0.3593898254183953 1.2101837666188706 3.367328958770594
366 0.35856740004165416 1.2052811988698733 3.3613797537920567
366 0.3577435233559722 1.200378642429955 3.3554168393302257
367 0.3577435233559722 1.200378642429955 3.3554168393302257
368 0.35691818687584015 1.19547609739731 3.349440127614388
369 0.3560913820317247 1.1905735638721209 3.343449529946925
370 0.3552631001686932 1.1856710419550853 3.337444956687258
371 0.35443333254487563 1.180768531748677 3.3314263172445187
372 0.35360207032991753 1.1758660333565765 3.325393520064718
373 0.352769304604592 1.1709635468837485 3.3193464726083373
374 0.3519350263592816 1.1660610724367475 3.313285081338693
375 0.3510992264916834 1.1611586101234017 3.307209251715359
376 0.35026189580664385 1.1562561600529224 3.3011188881682236
377 0.34942302501463474 1.151353722335814 3.295013894083231
378 0.3485826047296937 1.1464512970846368 3.2888941717950773
379 0.3477406254687701 1.1415488844126602 3.282759622560064
380 0.34689707765009165 1.136646484435605 3.2766101465464583
381 0.3460519515915148 1.131744097269788 3.2704456428141078
382 0.34520523750906285 1.1268417230337957 3.2642660093018203
383 0.34435692551521 1.121939361847524 3.2580711428089706
383 0.3435070056183526 1.1170370138328412 3.251860938969918
384 0.3435070056183526 1.1170370138328412 3.251860938969918
385 0.3426554677197145 1.112134679112892 3.245635292248121
386 0.34180230161299585 1.1072323578124446 3.239394095906655
387 0.3409474969957085 1.1023300500596631 3.233137241871402
388 0.3400910434444603 1.097427755983323 3.2268646209218446
389 0.33923293041868086 1.0925254757137035 3.2205761226226177
390 0.33837314726289885 1.0876232093828535 3.2142716352660963
391 0.33751168320592706 1.0827209571248388 3.2079510458434557
392 0.3366485273576156 1.077818719075542 3.2016142400367453
393 0.3357836687077946 1.0729164953727839 3.1952611021903405
394 0.334917096124502 1.0680142861564241 3.188891515288311
395 0.3340487983509437 1.0631120915683479 3.1825053609427076
396 0.33317876400568175 1.058209911752123 3.176102519349274
397 0.3323069815790222 1.0533077468540886 3.1696828692827603
398 0.33143343943024484 1.0484055970222608 3.1632462880768357
399 0.3305581257879394 1.0435034624068829 3.1567926515783618
400 0.32968102874593314 1.0386013431604768 3.150321834141294
401 0.3288021362619521 1.033699239437678 3.1438337085928914
402 0.3279214361551553 1.0287971513959233 3.1373281462122846
403 0.32703891610375907 1.0238950791942774 3.130805016701523
404 0.32615456364341017 1.018993022994653 3.124264188155693
405 0.32526836616391247 1.014090982961339 3.117705527042578
406 0.3243803109070349 1.0091889592609167 3.111128898172069
407 0.3234903849645701 1.0042869520630737 3.104534164664792
408 0.3225985752757657 0.9993849615392362 3.0979211879188733
409 0.32170486862421194 0.994482987864274 3.0912898275902183
410 0.3208092516350296 0.9895810312154342 3.084639941560153
411 0.31991171077388225 0.9846790917724163 3.077971385887778
412 0.3190122323413312 0.9797771697181256 3.0712840148079352
413 0.31811080247346685 0.9748752652386141 3.0645776806649847
414 0.31720740713625173 0.9699733785220995 3.0578522339027914
415 0.3163020321240638 0.9650715097602054 3.0511075230198754
416 0.3153946630563456 0.9601696591479534 3.044343394537459
416 0.31448528537434095 0.9552678268826217 3.037559692961592
417 0.31448528537434095 0.9552678268826217 3.037559692961592
418 0.31357388434724964 0.9503660131667301 3.030756260665831
419 0.31266044505698426 0.9454642182053341 3.0239329379609163
420 0.3117449523858972 0.9405624422068122 3.017089563145599
421 0.3108273910308886 0.9356606853819726 3.0102259722953146
422 0.3099077454951492 0.9307589479454589 3.0033419992725783
423 0.3089860000832506 0.9258572301151052 2.9964374756967955
424 0.3080621388992614 0.9209555321125806 2.989512230887094
425 0.30713614584117366 0.9160538541631187 2.9825660918361225
426 0.3062080045988912 0.91115219649573 2.9755988831489524
427 0.3052776986486775 0.9062505593435835 2.968610427014923
428 0.3043452112509429 0.9013489429434656 2.961600543142021
429 0.303410525444938 0.8964473475363857 2.9545690487229654
430 0.30247362404585204 0.8915457733672776 2.9475157583727962
431 0.301534489639089 0.886644220685772 2.940440484095233
432 0.30059310457666716 0.8817426897453424 2.9333430352207275
433 0.29964945097360085 0.8768411808041247 2.9262232183478103
433 0.29870351070173357 0.8719396941246659 2.9190808373033477
434 0.29870351070173357 0.8719396941246659 2.9190808373033477
435 0.2977552653868287 0.8670382299744294 2.911915693071008
436 0.29680469640202045 0.8621367886251878 2.904727583748971
437 0.2958517848644868 0.8572353703540736 2.8975163044790326
438 0.29489651162896097 0.85233397544282 2.8902816473978072
439 0.2939388572974622 0.8474326041806776 2.8830234014385074
440 0.2929788021876503 0.8425312568598928 2.8757413525100666
441 0.2920163263384909 0.8376299337781924 2.868435283331567
442 0.2910514095055622 0.8327286352383078 2.861104973354866
443 0.2900840311555331 0.8278273615489986 2.853750198697239
444 0.2891141703884806 0.8229261130237224 2.846370732773017
445 0.2881417952205377 0.8180248898697118 2.8389664513737505
446 0.2871668952196953 0.8131236925253397 2.8315370123121757
447 0.286189448632715 0.8082225213236416 2.824082177679739
448 0.2852094333932421 0.8033213766037213 2.8166017057932122
449 0.28422682712165354 0.7984202587134418 2.809095351058137
450 0.2832416070913265 0.7935191680050209 2.8015628641351547
451 0.28225375023576676 0.7886181048370243 2.7940039917212474
452 0.2812632331412005 0.7837170695751616 2.786418476465845
453 0.2802700320390993 0.7788160625925028 2.778806056881078
454 0.2792741227984275 0.7739150842694648 2.771166467249297
455 0.278275480918403 0.7690141349938517 2.7634994375208537
456 0.2772740815198988 0.7641132151612464 2.7558046932216027
457 0.2762698993372317 0.759212325175463 2.7480819553516493
458 0.27526290870995535 0.7543114654483455 2.7403309402763156
459 0.27425308357310685 0.7494106364000049 2.7325513596285114
460 0.2732403974501234 0.7445098384596114 2.724742920180799
461 0.2722248234411414 0.7396090720646085 2.7169053237517176
462 0.2712063342153933 0.7347083376620451 2.7090382670728346
463 0.2701849020005749 0.7298076357083404 2.701141441673849
464 0.26916049857259977 0.7249069666690913 2.693214533757317
465 0.2681330952453378 0.7200063310203834 2.685257224072203
466 0.26710266286038153 0.7151057292479475 2.6772691877719828
466 0.2660691717754596 0.7102051618483836 2.669250094286527
467 0.2660691717754596 0.7102051618483836 2.669250094286527
468 0.26503259185255745 0.7053046293288815 2.661199607183616
469 0.26399289244734264 0.7004041322078971 2.653117384012917
470 0.2629500423960187 0.6955036710149273 2.6450030761640133
471 0.26190401000338365 0.6906032462914841 2.6368563287082236
472 0.2608547630300024 0.6857028585912858 2.6286767802373583
473 0.25980226867852174 0.6808025084800602 2.620464062700247
474 0.2587464935804374 0.6759021965367055 2.612217801230166
475 0.2576874037817336 0.6710019233531876 2.6039376139686663
476 0.25662496472820107 0.6661016895351525 2.5956231118848474
477 0.25555914125059814 0.66120149570227 2.5872738985842183
478 0.2544898975485498 0.6563013424882777 2.578889570117702
479 0.2534171971750854 0.6514012305425311 2.570469714778194
480 0.25234100302071466 0.6465011605289921 2.5620139128793147
481 0.25126127729423475 0.6416011331279067 2.5535217365649694
482 0.25017798150661413 0.6367011490357952 2.5449927495676206
483 0.24909107646943263 0.6318012089661221 2.5364265068068548
483 0.24800052307297543 0.6269013136593508 2.527822546063267
484 0.24800052307297543 0.6269013136593508 2.527822546063267
485 0.24690627979117538 0.6220014638542865 2.5191804128285167
486 0.24580830515172772 0.6171016603182916 2.5104996348165667
487 0.2447065568862751 0.6122019038374786 2.501779730087058
488 0.24360099190893458 0.6073021952184002 2.493020206770866
489 0.24249156629231472 0.6024025352876644 2.4842205627947083
490 0.24137823524497337 0.5975029248931639 2.4753802855786136
491 0.2402609530883237 0.5926033649046276 2.4664988517163557
492 0.2391396732297671 0.5877038562143558 2.4575757266745355
493 0.23801434813785158 0.5828043997384602 2.448610364451287
494 0.23688492931497773 0.5779049964165556 2.4396022072309007
495 0.23575136726936274 0.5730056472142186 2.4305506850338596
496 0.23461361148739188 0.5681063531221149 2.421455215323877
497 0.2334716104013555 0.5632071151585368 2.412315202650724
498 0.23232531136001228 0.5583079343692275 2.4031300382250267
499 0.23117466059553365 0.5534088118291653 2.393899099509946
500 0.23001960318957362 0.5485097486429926 2.3846217497859574
501 0.22886008303866068 0.543610745946491 2.3752973376954527
502 0.22769604281798878 0.5387118049076371 2.3659251967688437
503 0.22652742394319914 0.5338129267281863 2.356504644938874
504 0.22535416653095003 0.5289141126441839 2.3470349840261022
505 0.2241762093583374 0.5240153639278541 2.3375154992037306
506 0.22299348981996683 0.519116681889036 2.3279454584442956
507 0.22180594388357536 0.514218067876521 2.3183241119382765
508 0.2206135060442349 0.5093195232793931 2.3086506914824616
509 0.21941610927556543 0.5044210495287037 2.2989244098536066
510 0.21821368497926089 0.49952264809978775 2.2891444601527287
511 0.21700616293310973 0.4946243205129416 2.2793100151049868
512 0.21579347123646897 0.48972606833636434 2.269420226340939
513 0.2145755362527146 0.48482789318749986 2.259474223643546
514 0.21335228254949198 0.4799297967354345 2.24947111416117
515 0.21212363283724808 0.47503178070256047 2.2394099815697044
516 0.21088950790266583 0.47013384686770765 2.229289885226029
516 0.2096498265417325 0.46523599706758495 2.2191098592441523
517 0.2096498265417325 0.46523599706758495 2.2191098592441523
518 0.20840450548791664 0.4603382332005731 2.2088689115565385
519 0.20715345933781942 0.4554405572279889 2.198566022908025
520 0.20589660047309677 0.4505429711780257 2.1882001458149154
521 0.20463383897858275 0.4456454771483599 2.177770203465722
522 0.2033650825553989 0.44074807730928056 2.167275088579751
523 0.20209023643283694 0.4358507739070344 2.156713662175787
524 0.20080920327325727 0.43095356926787975 2.1460847523081226
525 0.19952188307263555 0.42605646580081313 2.1353871527250377
526 0.19822817305625431 0.4211594660025449 2.1246196214653397
527 0.19692796757072534 0.41626257246119275 2.1137808793547563
528 0.19562115796771776 0.41136578786121686 2.102869608455657
529 0.19430763248275876 0.40646911498754373 2.0918844504145273
530 0.19298727610893432 0.4015725567310667 2.080824004709997
531 0.19165997046182498 0.3966761160937979 2.0696868268212962
532 0.19032559363894658 0.3917797961949166 2.0584714262766717
533 0.18898402006867948 0.38688360027668095 2.0471762646179394
533 0.18763512035609453 0.3819875317101448 2.035799753186971
534 0.18763512035609453 0.3819875317101448 2.035799753186971
535 0.1862787611134677 0.3770915940038048 2.0243402508679322
536 0.18491480478638045 0.37219579080923826 2.0127960616198948
537 0.1835431094669584 0.3673001259295838 2.0011654319047345
538 0.18216352869844496 0.36240460332875746 1.9894465479348782
539 0.18077591126514453 0.357509227138974 1.9776375327717985
540 0.17938010097418136 0.3526140016715888 1.9657364432097262
541 0.17797593641950152 0.347718931426912 1.953741266500852
542 0.17656325073419213 0.3428240211054618 1.9416499168423649
543 0.1751418713261518 0.3379292756193342 1.9294602316429363
544 0.17371161959877518 0.3330347001061904 1.9171699675324345
545 0.17227231064976903 0.3281402999416588 1.9047767961316233
546 0.17082375295620564 0.3232460807553332 1.892278299483353
547 0.16936574803319526 0.31835204844552817 1.879671965214194
548 0.1678980900733073 0.31345820919782674 1.8669551813303253
549 0.16642056555999885 0.3085645695030587 1.8541252306453275
550 0.164932952853852 0.30367113617727365 1.8411792848113153
551 0.16343502175233351 0.29877791638433765 1.828114397886521
552 0.1619265330149662 0.2938849176587802 1.814927499445799
553 0.16040723785566005 0.2889921479322732 1.8016153871580176
554 0.1588768773976444 0.2840996155618021 1.7881747187839325
555 0.15733518208789407 0.27920732935906317 1.7746020035308199
556 0.15578187106597466 0.27431529862502124 1.760893592739343
557 0.15421665148502542 0.2694235331855289 1.747045669784175
558 0.15263921777878628 0.26453204343165326 1.7330542391472985
559 0.15104925086997106 0.2596408403631282 1.7189151145584753
560 0.14944641731311037 0.2547499356353407 1.7046239061161652
561 0.14783036836820448 0.24985934161387977 1.690176006269222
562 0.14620073899184682 0.2449690714304885 1.675566574558489
563 0.14455714674836645 0.24007913904832176 1.660790520901968
564 0.1428991906151372 0.2351895593326624 1.6458424874223812
565 0.1412264496892894 0.23030034812801 1.6307168284318625
566 0.13953848177196135 0.2254115223473384 1.6154075885368582
566 0.13783482181846135 0.22052310006620293 1.5999084785457782
567 0.13783482181846135 0.22052310006620293 1.5999084785457782
568 0.13611498024385682 0.21563510063329458 1.5842128489235605
569 0.1343784410610053 0.2107475447889749 1.5683136604725119
570 0.13262465983353064 0.20586045480169446 1.552203451907728
571 0.13085306141714736 0.20097385461961387 1.5358743039181022
572 0.12906303746888564 0.19608777004112876 1.5193177991677236
573 0.12725394389140787 0.1912022289142869 1.5025249753944703
574 0.12542509875990215 0.1863172613809413 1.4854862640977733
575 0.12357577551510371 0.18143290003587015 1.4681914742561741
576 0.12170520136353183 0.17654918026806085 1.4506297043189698
577 0.11981255385942083 0.17166614060778043 1.4327892618765206
578 0.11789695532191148 0.16678382307654452 1.4146575933292764
579 0.115957467480624 0.16190227361686255 1.3962211932915467
580 0.11399308543066478 0.15702154258751508 1.3774655014757184
581 0.11200273079190368 0.1521416853422891 1.3583747848520042
582 0.10998524393787418 0.14726276290189497 1.3389320024154987
583 0.10793937513348459 0.142384842744619 1.319118649413497
583 0.10586377439635349 0.1375079997369824 1.2989145769746797
584 0.10586377439635349 0.1375079997369824 1.2989145769746797
585 0.10375697984048439 0.13263231723763408 1.2782977823905681
586 0.10161740422120992 0.1277578884119544 1.257244163941046
587 0.0994433193337479 0.12288481781070214 1.2357272326990691
588 0.09723283782837945 0.1180132232746225 1.2137177717976453
589 0.09498389190551838 0.11314323825048378 1.191183431007741
590 0.09269420821693551 0.10827501463033527 1.1680882410358957
591 0.09036127811425412 0.10340872625934572 1.1443920273968924
592 0.08798232215937699 0.09854457330880355 1.1200496973732224
593 0.08555424749493787 0.09368278778266109 1.0950103650692993
594 0.08307359626667453 0.08882364052678247 1.069216267484674
595 0.08053648271019519 0.08396745025267457 1.0426014077970784
596 0.07793851576847607 0.07911459530973981 1.0150898375426778
597 0.07527470303430522 0.07426552926530017 0.9865934539981494
598 0.07253933034351837 0.06942080184844557 0.9570091358673336
599 0.0697258092884538 0.06458108762262374 0.9262149594485668
600 0.06682648195773609 0.05974722601968582 0.894065111155672
601 0.06383236812676318 0.054920278543162386 0.8603829084657725
602 0.06073283454405089 0.050101612664239216 0.8249510012232245
603 0.057515160309806836 0.045293028776362085 0.7874972186879088
604 0.054163945312101815 0.04049695800651401 0.7476737112328817
605 0.05066033896591029 0.03571678600259168 0.7050246155404875
606 0.04698103518739743 0.030957407527641024 0.6589341295728897
607 0.04309705638516378 0.02622623416827611 0.6085388740680797
608 0.03897270764106647 0.021535164805625392 0.5525704039853078
609 0.03456651637922074 0.01690479515037936 0.4890511663055951
610 0.02984222447322148 0.012374392862505313 0.41466053824537474
611 0.024827328616172005 0.008027923477646515 0.32335027266756733
612 0.019913194623235483 0.0040598386583747936 0.2038768130974634
613 0.017168514496827627 0.0008528443912769041 0.04967490876595592
614 0.01519120787099837 8.461002717934352e-05 0.005569670818663015
615 0.013394129522365692 7.880920836357297e-06 0.0005883861898750219
616 0.011808553024931678 7.312967254316967e-07 6.192941030858672e-05
616 0.010412646395436882 6.78133105837244e-08 6.512591324856871e-06
617 0.010412646395436882 6.78133105837244e-08 6.512591324856871e-06
618 0.009183635135210439 6.295026706352156e-09 6.854613248099069e-07
