1 1.2994474686093989 6.495110385781404 4.9983631833398645
2 1.2988981930563877 6.490190760637485 4.996689344347816
3 1.2983531786512967 6.4852854295085045 4.995008704985256
4 1.297806981481418 6.480380613493941 4.9933316016660125
5 1.297256608332605 6.475475763520544 4.9916691284722985
6 1.2967017676154204 6.470570906996681 4.990022431214686
7 1.2961461179538651 6.465666048372831 4.988377435855553
8 1.2955903307464478 6.460761186009351 4.986731556021274
9 1.2950343738553618 6.455856326644063 4.985084918962233
10 1.2944782357793985 6.450951468025356 4.983437565592806
11 1.2939219163110223 6.446046609576815 4.9817894946509025
12 1.2933654152893734 6.441141751302785 4.980140705139904
13 1.2928087325093318 6.436236893209416 4.978491196231889
14 1.2922518677587158 6.431332035297998 4.9768409671192915
15 1.2916948208381454 6.426427177569501 4.975190016941903
16 1.2911375915326664 6.421522320024262 4.973538344895904
16 1.290580179641019 6.416617462664125 4.971885950122787
17 1.290580179641019 6.416617462664125 4.971885950122787
18 1.290022584957376 6.411712605489766 4.970232831777606
19 1.2894648072658503 6.406807748502591 4.968578989051613
20 1.2889068463622197 6.401902891703458 4.966924421087558
21 1.2883487020454822 6.396998035093773 4.9652691270130545
22 1.2877903740910048 6.392093178674413 4.96361310604322
23 1.2872318622946985 6.3871883224467325 4.961956357311214
24 1.2866731664402693 6.382283466411254 4.960298879993419
25 1.2861142863318973 6.377378610569856 4.958640673185164
26 1.2855552217454531 6.372473754922666 4.956981736086363
27 1.284995972471703 6.367568899471929 4.95532206783796
28 1.2844365383009049 6.36266404421825 4.953661667578371
29 1.283876919011708 6.3577591891623015 4.952000534487623
30 1.2833171143933584 6.352854334305971 4.950338667702606
31 1.2827571242443745 6.347949479649573 4.948676066319974
32 1.2821969483380122 6.343044625195209 4.947012729531983
33 1.2816365864644268 6.338139770942886 4.945348656460822
33 1.2810760384067965 6.333234916893864 4.943683846253309
34 1.2810760384067965 6.333234916893864 4.943683846253309
35 1.2805153039519135 6.3283300630489245 4.942018298038684
36 1.2799543828787463 6.323425209410385 4.940352010974301
37 1.2793932749759203 6.318520355978035 4.938684984174985
38 1.278831980020158 6.313615502753869 4.937017216799934
39 1.2782704977983044 6.308710649738513 4.935348707964902
40 1.2777088280932558 6.3038057969331955 4.933679456798041
41 1.277146970678339 6.298900944339218 4.932009462461195
42 1.2765849253475208 6.293996091956622 4.930338724032188
43 1.2760226918718178 6.289091239787678 4.928667240675877
44 1.2754602700356574 6.28418638783252 4.926995011500308
45 1.2748976596141888 6.279281536093368 4.92532203564764
46 1.2743348603934093 6.274376684569942 4.923648312212799
47 1.2737718721471867 6.269471833264512 4.921973840336194
48 1.273208694660844 6.264566982177125 4.920298619108844
49 1.2726453277012943 6.25966213130947 4.918622647690802
50 1.2720817710458814 6.254757280662413 4.916945925197773
51 1.271518024479539 6.249852430236297 4.915268450712292
52 1.2709540877697754 6.244947580033293 4.913590223382265
53 1.2703899606936682 6.240042730053905 4.911911242313871
54 1.2698256430370638 6.235137880299134 4.910231506576326
55 1.2692611345617082 6.2302330307702345 4.908551015328782
56 1.2686964350062753 6.225328181466602 4.906869767814718
57 1.2681315439574796 6.220423332383413 4.905187763858654
58 1.2675664611831847 6.215518483520885 4.9035050025851366
59 1.267001186450399 6.21061363488128 4.9018214831201465
60 1.2664357195454026 6.205708786465399 4.900137204510457
61 1.2658700602332231 6.200803938274464 4.898452165881885
62 1.2653042084329504 6.195899090304862 4.896766365756688
63 1.2647380346192199 6.190994242423206 4.895080303556424
64 1.2641716681575716 6.186089394730256 4.89339347696819
65 1.2636051087884046 6.1811845472292815 4.891705885200203
66 1.2630383563005438 6.1762796999197995 4.890017527266713
66 1.2624714104660895 6.171374852803424 4.888328402244788
67 1.2624714104660895 6.171374852803424 4.888328402244788
68 1.2619042710576918 6.166470005881757 4.886638509205773
69 1.2613369378466361 6.161565159154973 4.884947847221571
70 1.2607694106032685 6.156660312624562 4.883256415365159
71 1.2602016890992689 6.151755466292262 4.881564212700936
72 1.2596337731076546 6.14685062015778 4.879871238282875
73 1.2590656623929906 6.141945774222863 4.878177491195678
74 1.2584973567354791 6.13704092848872 4.87648297045939
75 1.25792885589422 6.1321360829569285 4.874787675172453
76 1.2573601596448916 6.127231237627571 4.873091604364216
77 1.2567912677527457 6.122326392502969 4.871394757102531
78 1.2562221799799937 6.117421547582758 4.86969713246122
79 1.2556528960976114 6.1125167028685885 4.867998729478035
80 1.255083415874292 6.107611858361609 4.866299547195468
81 1.2545137390727532 6.1027070140635775 4.864599584675942
82 1.2539438654572763 6.097802169974729 4.862898840970876
83 1.2533737948009551 6.092897326096559 4.86119731509478
83 1.2528035268643376 6.087992482430426 4.859495006106953
84 1.2528035268643376 6.087992482430426 4.859495006106953
85 1.252233061415062 6.083087638976359 4.857791913034369
86 1.251662398205711 6.078182795735638 4.856088034959638
87 1.2510915370103415 6.073277952710452 4.854383370879001
88 1.2505204775814647 6.068373109900128 4.852677919866215
89 1.2499492196860749 6.0634682673075115 4.85097168093785
90 1.2493777630826977 6.058563424932688 4.849264653137311
91 1.2488061075361505 6.053658582776777 4.847556835480591
92 1.2482342528026575 6.048753740841235 4.845848227013465
93 1.2476621986563126 6.04384889912684 4.844138826707941
94 1.2470899448340602 6.038944057634526 4.842428633676521
95 1.2465174911048718 6.034039216365626 4.840717646903818
96 1.2459448372304212 6.029134375321849 4.839005865399192
97 1.2453719829618763 6.024229534503213 4.837293288207551
98 1.2447989280577696 6.019324693910431 4.835579914341862
99 1.2442256722771956 6.014419853546155 4.833865742810544
100 1.2436522153715215 6.009515013409729 4.832150772645455
101 1.2430785571068639 6.004610173502907 4.83043500281914
102 1.2425046972271425 5.999705333827188 4.82871843238624
103 1.2419306354887072 5.99480049438271 4.827001060348044
104 1.2413563716497875 5.98989565517076 4.825282885695482
105 1.240781905464731 5.984990816192388 4.823563907430394
106 1.2402072366757413 5.980085977449383 4.821844124598434
107 1.239632365046991 5.975181138941947 4.820123536154564
108 1.2390572903215826 5.9702763006717126 4.818402141132795
109 1.2384820122604872 5.965371462639562 4.816679938493026
110 1.2379065306036756 5.960466624845903 4.8149569272723935
111 1.2373308451087386 5.955561787292354 4.813233106436436
112 1.2367549555202588 5.950656949980042 4.811508474996821
113 1.2361788615952227 5.945752112909807 4.809783031912657
114 1.2356025630743976 5.940847276082346 4.808056776201943
115 1.2350260597055518 5.935942439498433 4.806329706851407
116 1.2344493512301373 5.93103760315973 4.804601822868966
116 1.2338724371861791 5.92613276706062 4.802873124044367
117 1.2338724371861791 5.92613276706062 4.802873124044367
118 1.2332953173168104 5.921227931201427 4.8011436093699
119 1.2327179913752957 5.91632309558381 4.799413277795352
120 1.2321404593223517 5.911418260201537 4.797682127452156
121 1.2315627209103635 5.9065134250555404 4.7959501572843015
122 1.2309846530577533 5.90160859001764 4.794217844518292
123 1.2304063785261432 5.89670375518979 4.792484709200895
124 1.2298278970435133 5.891798920572237 4.790750750357858
125 1.2292492083666455 5.886894086167398 4.789015966900283
126 1.228670312234714 5.8819892519749635 4.787280357801404
127 1.2280912083884588 5.877084417997207 4.785543922026205
128 1.22751189658005 5.872179584233835 4.783806658488781
129 1.2269323765513962 5.867274750687434 4.782068566141269
130 1.2263526480498133 5.862369917358162 4.780329643908461
131 1.2257727108113992 5.857465084247392 4.778589890755561
132 1.2251925645843933 5.85256025135568 4.7768493055954595
133 1.2246122091098877 5.8476554186846395 4.775107887365439
133 1.2240316441210506 5.842750586235378 4.7733656350289255
134 1.2240316441210506 5.842750586235378 4.7733656350289255
135 1.2234508693673618 5.837845754008736 4.771622547481164
136 1.2228698845830093 5.832940922005592 4.769878623672695
137 1.2222886895075702 5.8280360902272035 4.76813386252897
138 1.2217072838848295 5.823131258674991 4.76638826295476
139 1.2211256674437432 5.8182264273498605 4.764641823907861
140 1.2205438399317314 5.813321596251915 4.762894544268947
141 1.2199618010785596 5.80841676538392 4.761146422985326
142 1.2193795506243843 5.803511934746237 4.75939745895734
143 1.2187970882990373 5.798607104339279 4.757647651121205
144 1.2182144138408642 5.7937022741646445 4.755896998376411
145 1.2176315269954356 5.7887974442232295 4.754145499589162
146 1.217048427487593 5.783892614516285 4.75239315370238
147 1.2164651150429162 5.778987785044572 4.750639959651201
148 1.2158815894042747 5.774082955809847 4.748885916299529
149 1.2152978503009781 5.769178126812351 4.7471310225584356
150 1.2147138974650298 5.764273298053548 4.745375277324919
151 1.214129730625906 5.759368469534867 4.743618679501249
152 1.2135453495160984 5.754463641257099 4.7418612279728105
153 1.2129607538649434 5.74955881322127 4.740102921632906
154 1.212375943395299 5.744653985428296 4.738343759395458
155 1.2117909178470803 5.739749157879144 4.736583740103144
156 1.21120567694082 5.734844330575129 4.7348228626700335
157 1.2106202204065846 5.7299395035164356 4.733061125967354
158 1.2100345479655354 5.725034676705179 4.73129852889807
159 1.2094486593505063 5.720129850142203 4.729535070313779
160 1.2088625542835063 5.7152250238279425 4.727770749103367
161 1.2082762324880567 5.710320197764381 4.72600556414638
162 1.2076896936876667 5.705415371951683 4.724239514316184
163 1.2071029376125677 5.700510546390715 4.722472598455687
164 1.2065159639851402 5.695605721083523 4.720704815434727
165 1.2059287725232142 5.690700896030709 4.718936164134987
166 1.2053413629491558 5.685796071232806 4.717166643415561
166 1.2047537349846205 5.6808912466914965 4.7153962521344805
167 1.2047537349846205 5.6808912466914965 4.7153962521344805
168 1.204165888349596 5.6759864224079095 4.713624989151033
169 1.2035778227646798 5.671081598383307 4.7118528533174056
170 1.2029895379436133 5.666176774618079 4.710079843507056
171 1.202401033611543 5.6612719511129335 4.708305958544201
172 1.2018123094855937 5.656367127869852 4.706531197280648
173 1.2012233652839484 5.651462304889258 4.7047555585578795
174 1.200634200722158 5.646557482172128 4.702979041223242
175 1.2000448155198495 5.641652659719488 4.701201644103241
176 1.1994552093884117 5.636747837532459 4.6994233660518026
177 1.1988653820390003 5.631843015612309 4.697644205918942
178 1.1982753331827798 5.626938193954813 4.6958641625451065
179 1.1976850625416564 5.622033372552778 4.69408323472118
180 1.1970945698375945 5.617128551407407 4.692301421239812
181 1.1965038547803222 5.612223730518827 4.690518720935696
182 1.1959128008444244 5.60731890977221 4.688735588257711
183 1.1953215241710695 5.602414089258946 4.686951565725467
183 1.1947300244491865 5.597509268979608 4.685166652240334
184 1.1947300244491865 5.597509268979608 4.685166652240334
185 1.1941383014063855 5.592604448935616 4.683380846547655
186 1.1935463547422238 5.587699629127551 4.681594147496981
187 1.1929541841864677 5.582794809557511 4.679806553815547
188 1.1923617894367557 5.577889990224987 4.678018064349289
189 1.1917691702031203 5.572985171132473 4.676228677892914
190 1.1911763262044475 5.568080352280106 4.674438393199252
191 1.1905832571464399 5.563175533669616 4.67264720906902
192 1.1899899627367856 5.558270715301867 4.670855124289232
193 1.1893964426856851 5.5533658971774065 4.669062137631567
194 1.1888026966935297 5.548461079298828 4.667268247902711
195 1.1882087244732187 5.543556261665791 4.665473453852542
196 1.187614525723147 5.538651444279808 4.663677754284189
197 1.187020100151746 5.533746627141734 4.66188114795555
198 1.186425447462989 5.528841810252525 4.6600836336368285
199 1.1858305673660865 5.523936993613712 4.658285210072829
200 1.1852354595547914 5.519032177225434 4.656485876062585
201 1.1846401237426771 5.514127361089396 4.65468563032325
202 1.184044559621611 5.509222545207672 4.652884471652209
203 1.1834487668997202 5.50431772958035 4.651082398775916
204 1.1828527452698678 5.499412914208571 4.649279410476305
205 1.1822564944383707 5.49450809909348 4.64747550547704
206 1.1816600141041864 5.48960328423614 4.645670682525206
207 1.1810633039597596 5.484698469637601 4.643864940388049
208 1.180466363708156 5.479793655298515 4.642058277785263
209 1.179869193041455 5.474888841220693 4.640250693475248
210 1.1792717916587752 5.469984027405154 4.63844218618256
211 1.178674159253385 5.465079213852367 4.636632754648788
212 1.1780762955205606 5.4601744005639885 4.634822397603105
213 1.1774782001520228 5.455269587540474 4.633011113782108
214 1.17687987284805 5.450364774783399 4.631198901884108
215 1.1762813132954997 5.4454599622937 4.629385760654109
216 1.175682521190317 5.440555150072653 4.627571688796032
216 1.175083496212959 5.435650338120581 4.625756685068347
217 1.175083496212959 5.435650338120581 4.625756685068347
218 1.174484238070522 5.430745526438688 4.623940748119771
219 1.1738847464363538 5.4258407150288575 4.622123876726802
220 1.173285021010801 5.420935903891554 4.62030606955277
221 1.1726850614761242 5.416031093028046 4.618487325327216
222 1.1720848675228928 5.411126282439222 4.616667642740924
223 1.171484438844006 5.406221472126054 4.614847020469849
224 1.1708837751116739 5.401316662089512 4.613025457265694
225 1.1702828760216724 5.396411852330846 4.611202951781814
226 1.1696817412485307 5.391507042851321 4.6093795027494995
227 1.169080370491249 5.386602233651701 4.607555108797392
228 1.1684787634198028 5.38169742473244 4.605729768662421
229 1.1678769197232126 5.376792616095823 4.603903481002198
230 1.1672748390805558 5.371887807742159 4.602076244505973
231 1.1666725211741606 5.366982999672748 4.600248057845159
232 1.1660699656806794 5.362078191888466 4.5984189197072896
233 1.1654671722832077 5.357173384389814 4.596588828748258
233 1.1648641406620823 5.352268577178771 4.594757783630169
234 1.1648641406620823 5.352268577178771 4.594757783630169
235 1.1642608704951676 5.347363770255982 4.592925783017782
236 1.163657361454545 5.342458963622554 4.591092825593097
237 1.163053613224796 5.3375541572794 4.589258909982642
238 1.1624496255688188 5.3326493512247435 4.587424034495543
239 1.1618453982620547 5.327744545455907 4.585588197384444
240 1.1612409309709677 5.3228397399741745 4.583751397329321
241 1.1606362233736802 5.317934934779558 4.581913632956971
242 1.1600312749562942 5.3130301298686815 4.5800749036433155
243 1.1594260854008969 5.3081253252413605 4.5782352079873725
244 1.1588205448606235 5.303220520779137 4.576394977029837
245 1.1582147627020611 5.298315716578723 4.574553776380815
246 1.1576087385863882 5.293410912641288 4.572711604704476
247 1.1570024721896905 5.288506108967273 4.570868460599298
248 1.1563959631847505 5.283601305557744 4.569024342671123
249 1.155789211240856 5.278696502414929 4.567179249534365
250 1.1551822160249798 5.273791699538558 4.565333179804178
251 1.1545749772118585 5.268886896930433 4.563486132060542
252 1.153967494465484 5.263982094591708 4.561638104919044
253 1.153359767453577 5.259077292523216 4.559789096973938
254 1.1527517958404188 5.254172490726266 4.5579391068271455
255 1.1521435792977925 5.249267689201678 4.5560881330441445
256 1.151535117486064 5.244362887950897 4.554236174229715
257 1.1509264100635173 5.239458086974657 4.552383228989855
258 1.1503174567064263 5.23455328627491 4.550529295854044
259 1.149708257073877 5.22964848585154 4.548674373411496
260 1.1490988108212234 5.224743685706322 4.546818460261366
261 1.1484891176067138 5.2198388858398515 4.5449615549838605
262 1.147879177099567 5.214934086254319 4.543103656110643
263 1.1472689889531364 5.2100292869495926 4.541244762227606
264 1.1466585528287856 5.205124487927254 4.539384871883882
265 1.1460478683902886 5.200219689188461 4.537523983612102
266 1.1454369352867948 5.1953148907344096 4.535662095996237
266 1.1448257531771604 5.190410092565859 4.533799207574822
267 1.1448257531771604 5.190410092565859 4.533799207574822
268 1.1442143217111873 5.185505294684319 4.531935316916265
269 1.1436026405446023 5.180600497091174 4.530070422558737
270 1.1429907093329223 5.175695699786453 4.528204523033365
271 1.1423785277303098 5.1707909027722305 4.526337616871716
272 1.141766095386063 5.1658861060491095 4.52446970261661
273 1.1411534119557296 5.160981309617868 4.522600778779501
274 1.1405404770794612 5.156076513480378 4.520730843927037
275 1.139927290416034 5.151171717637159 4.518859896544068
276 1.139313851612577 5.146266922089235 4.51698793515522
277 1.1387001603121636 5.141362126838341 4.515114958294979
278 1.1380862161663035 5.136457331885314 4.513240964456727
279 1.1374720188127183 5.131552537231025 4.511365952181652
280 1.1368575679042168 5.126647742876888 4.509489919944678
281 1.136242863085543 5.1217429488235435 4.507612866245083
282 1.13562790399291 5.116838155072318 4.505734789609629
283 1.1350126902741293 5.111933361624469 4.50385568851202
283 1.13439722157333 5.107028568480917 4.501975561433255
284 1.13439722157333 5.107028568480917 4.501975561433255
285 1.1337814975238134 5.102123775641926 4.500094406889687
286 1.1331655177712028 5.097218983109623 4.498212223343352
287 1.1325492819549503 5.09231419088471 4.4963290092724355
288 1.131932789706278 5.087409398968679 4.494444763181386
289 1.131316040668854 5.0825046073623685 4.492559483517534
290 1.1306990344770085 5.07759981606702 4.490673168758479
291 1.1300817707611253 5.072695025084294 4.4887858173906885
292 1.129464249165452 5.0677902344134464 4.48689742783623
293 1.1288464693233886 5.062885444056682 4.4850079985556315
294 1.128228430858291 5.0579806540150125 4.483117528041013
295 1.1276101334093924 5.053075864289777 4.481226014714429
296 1.1269915766050165 5.048171074882064 4.479333457033749
297 1.1263727600744702 5.043266285792301 4.477439853445023
298 1.12575368344983 5.038361497021992 4.475545202376884
299 1.125134346450282 5.033456708569088 4.473649501901068
300 1.1245147487817937 5.0285519204324 4.47175275013504
301 1.1238948900754262 5.023647132612363 4.4698549454880245
302 1.1232747699533003 5.018742345109548 4.467956086397454
303 1.122654388042434 5.013837557925888 4.4660561712750155
304 1.1220337439660861 5.008932771061658 4.464155198538355
305 1.1214128373412586 5.004027984518115 4.462253166623357
306 1.1207916677977467 4.99912319829581 4.460350073906804
307 1.1201702324069653 4.994218412388952 4.4584459289349505
308 1.11954843293545 4.989313626672391 4.4565411195212326
309 1.118926369429034 4.984408841252105 4.4546352444938355
310 1.118304041483126 4.979504056130288 4.4527283023374675
311 1.117681448729377 4.974599271307305 4.45082029138322
312 1.1170585907839858 4.96969448678509 4.448911210017378
313 1.1164354672635761 4.964789702564876 4.447001056616157
314 1.1158120777912217 4.95988491864681 4.445089829521319
315 1.1151884219804535 4.954980135032583 4.443177527106205
316 1.1145644994424249 4.950075351722962 4.441264147744971
316 1.1139403097974678 4.945170568719236 4.4393496897678
317 1.1139403097974678 4.945170568719236 4.4393496897678
318 1.1133158526600688 4.940265786023293 4.437434151520804
319 1.1126911276367397 4.935361003635937 4.435517531372987
320 1.1120661343375302 4.930456221557437 4.433599827670827
321 1.1114408723805225 4.925551439789845 4.431681038722401
322 1.1108153413707211 4.92064665833368 4.429761162878532
323 1.1101895409172886 4.915741877190769 4.427840198466616
324 1.1095634706303346 4.910837096361937 4.425918143801298
325 1.1089371301139617 4.905932315848482 4.4239949972135175
326 1.108310518973772 4.901027535651567 4.42207075701999
327 1.1076836368114604 4.896122755771919 4.4201454215444835
328 1.1070564832306735 4.891217976210793 4.418218989095272
329 1.1064290578447573 4.886313196969686 4.416291457933928
330 1.105801360242247 4.881408418049559 4.414362826412325
331 1.1051733900340592 4.87650363945143 4.412433092784785
332 1.1045451468102465 4.871598861176802 4.410502255381066
333 1.1039166301762635 4.866694083226335 4.4085703124603395
333 1.1032878397289976 4.861789305601776 4.406637262308615
334 1.1032878397289976 4.861789305601776 4.406637262308615
335 1.1026587750598456 4.8568845283036 4.404703103224294
336 1.1020294357688991 4.851979751333441 4.402767833463683
337 1.1013998214470888 4.847074974691524 4.400831451309961
338 1.100769931689468 4.842170198380567 4.398893955023624
339 1.100139766091625 4.837265422400828 4.396955342852279
340 1.0995093242391092 4.832360646753356 4.395015613075845
341 1.0988786057269224 4.827455871439696 4.393074763928333
342 1.0982476101472984 4.822551096460841 4.391132793645719
343 1.0976163370828516 4.817646321818162 4.389189700494145
344 1.096984786119825 4.812741547512127 4.38724548271577
345 1.0963529568498531 4.807836773544508 4.3853001385236805
346 1.0957208488550845 4.802931999916048 4.3833536661592385
347 1.0950884617228787 4.79802722662871 4.381406063835317
348 1.0944557950319544 4.79312245368228 4.379457329788579
349 1.0938228483669774 4.788217681078849 4.377507462225183
350 1.0931896213088903 4.7833129088193855 4.375556459356303
350 1.0931896213088903 4.7833129088193855 4.375556459356303
351 1.0925561134347288 4.778408136905243 4.373604319400217
352 1.0919223243223468 4.773503365337131 4.371651040562427
353 1.0912882535545336 4.768598594116707 4.369696621020591
354 1.0906539007065705 4.763693823244603 4.3677410589724985
355 1.0900192653519745 4.758789052722815 4.365784352615245
356 1.089384347068822 4.75388428255143 4.363826500116861
357 1.0887491454332214 4.74897951273192 4.361867499645445
358 1.0881136600071148 4.7440747432657275 4.359907349416703
359 1.087477890370536 4.739169974153869 4.357946047564326
360 1.0868418360903995 4.734265205397425 4.3559835922654395
361 1.0862054967669814 4.729360436996641 4.354019981553462
362 1.0855688720930403 4.724455668948196 4.3520552130784385
363 1.0849319616355357 4.719550901254009 4.3500892849900765
364 1.0842947649592283 4.714646133914453 4.348122195436158
365 1.0836572816344732 4.709741366930902 4.3461539425335936
366 1.083019511219241 4.7048366003036985 4.344184524438615
366 1.0823814532789255 4.699931834034932 4.342213939269872
367 1.0823814532789255 4.699931834034932 4.342213939269872
368 1.0817431073722847 4.695027068124758 4.34024218516139
369 1.0811044730571353 4.690122302574565 4.338269260242619
370 1.0804655498932645 4.685217537385179 4.336295162625051
371 1.0798263374410038 4.6803127725574125 4.334319890408416
372 1.07918683525406 4.675408008092574 4.332343441709886
373 1.07854694708309 4.6705032438676355 4.330366199170953
374 1.0779067684468218 4.665598479986433 4.328387775789914
375 1.077266298758968 4.660693716446338 4.32640817021339
376 1.0766255375855567 4.655788953248834 4.324427380470575
377 1.075984484475169 4.650884190394793 4.322445404650371
378 1.0753431389816324 4.645979427885561 4.320462240811226
379 1.0747015006558316 4.64107466572223 4.3184778870133105
380 1.0740595690482144 4.636169903906577 4.316492341309293
381 1.0734173437045051 4.631265142438958 4.3145056017595635
382 1.0727748241770338 4.626360381321144 4.31251766638931
383 1.0721320100082699 4.621455620554257 4.310528533252738
383 1.0714889007406874 4.616550860139578 4.308538200394142
384 1.0714889007406874 4.616550860139578 4.308538200394142
385 1.070845495923593 4.61164610007826 4.306546665820137
386 1.0702017950969998 4.606741340371271 4.304553927564409
387 1.0695577978032298 4.601836581020443 4.302559983642005
388 1.0689135035829929 4.596931822026757 4.3005648320634595
389 1.068268911976477 4.592027063391566 4.29856847083151
390 1.0676240225189888 4.58712230511571 4.296570897957781
391 1.0669788347425118 4.582217547200473 4.29457211145737
392 1.066333348192382 4.577312789647663 4.2925721092817675
393 1.0656875623961273 4.572408032458245 4.290570889442954
394 1.065041476888717 4.567503275632886 4.288568449912238
395 1.0643950911967648 4.562598519173745 4.286564788685501
396 1.0637484048607433 4.5576937630814545 4.284559903690862
397 1.0631014174030904 4.552789007357452 4.282553792919265
398 1.0624541283526383 4.5478842520031435 4.280546454325282
399 1.061806537237886 4.542979497019378 4.278537885853658
400 1.0611586435791782 4.538074742407153 4.276528085471458
401 1.0605104469093056 4.5331699881684795 4.274517051085828
402 1.0598619467431052 4.528265234304474 4.272504780664663
403 1.0592131426015772 4.523360480816054 4.270491272140036
404 1.0585640340094549 4.518455727704396 4.2684765234183635
405 1.0579146204814556 4.513550974971259 4.2664605324361125
406 1.0572649015381208 4.508646222617366 4.264443297094358
407 1.0566148766990469 4.5037414706442656 4.2624248152877895
408 1.0559645454727111 4.498836719053292 4.2604050849447335
409 1.0553139073773188 4.4939319678454135 4.258384103942871
410 1.0546629619241785 4.489027217022235 4.256361870177213
411 1.0540117086244831 4.484122466584372 4.254338381531157
412 1.0533601469879705 4.479217716533691 4.252313635883971
413 1.0527082765220037 4.474312966871219 4.2502876311124895
414 1.0520560967347492 4.469408217598103 4.248260365079142
415 1.051403607131008 4.464503468715712 4.24623183564884
416 1.0507508072188383 4.459598720225359 4.244202040661926
416 1.050097696493834 4.454693972128611 4.242170977997921
417 1.050097696493834 4.454693972128611 4.242170977997921
418 1.0494442744653736 4.449789224426132 4.240138645468357
419 1.0487905406346405 4.444884477119507 4.2381050409072465
420 1.048136494497694 4.439979730209856 4.236070162157324
421 1.0474821355501605 4.435074983698514 4.234034007051696
422 1.0468274632923482 4.430170237586694 4.231996573392799
423 1.0461724772169922 4.425265491875561 4.229957859001956
424 1.0455171768155498 4.42036074656697 4.227917861694595
425 1.044861561652937 4.41545600165947 4.22587657897412
426 1.044205631292548 4.410551257152133 4.223834008338592
427 1.0435493852213493 4.405646513045902 4.221790147585025
428 1.042892822930609 4.400741769342357 4.2197449944817285
429 1.0422359439033002 4.395837026042788 4.217698546818338
430 1.0415787476278564 4.390932283147945 4.21565080234987
431 1.0409212335849551 4.386027540659012 4.213601758851089
432 1.0402634012622 4.381122798577271 4.21155141405672
433 1.03960525013288 4.376218056904081 4.209499765747357
433 1.0389467796802503 4.3713133156402915 4.207446811650565
434 1.0389467796802503 4.3713133156402915 4.207446811650565
435 1.0382879893813552 4.366408574787125 4.205392549507165
436 1.0376288787139623 4.361503834345554 4.203336977042509
437 1.036969447153538 4.356599094316551 4.201280091978925
438 1.03630969417068 4.351694354701958 4.199221892046911
439 1.0356496192389124 4.346789615502311 4.197162374951404
440 1.0349891329844698 4.34188487660268 4.19510189839629
441 1.0343283239029888 4.336980138101948 4.193040099430478
442 1.0336671914425928 4.3320754000011465 4.1909769758245625
443 1.0330057350760187 4.327170662301682 4.18891252523709
444 1.0323439542725465 4.322265925005081 4.186846745328031
445 1.031681848388451 4.317361188109655 4.184779634199858
446 1.0310194168693487 4.312456451615492 4.182711189581766
447 1.0303566591811264 4.307551715524015 4.1806414091091835
448 1.0296935747796079 4.302646979836982 4.178570290445783
449 1.029030163126565 4.2977422445560265 4.176497831218022
450 1.0283664236825916 4.292837509681452 4.174424029042832
451 1.0277023559014677 4.287932775215396 4.172348881553511
452 1.0270379592386845 4.283028041159031 4.170272386362354
453 1.0263732331457929 4.278123307513856 4.168194541084805
454 1.0257081770802494 4.273218574281157 4.166115343298885
455 1.0250427904882997 4.268313841462353 4.164034790614991
456 1.0243770728169983 4.2634091090589425 4.161952880626982
457 1.0237110235194384 4.258504377071817 4.159869610890202
458 1.0230446420373887 4.253599645503087 4.157784978993744
459 1.0223779278167493 4.248694914353735 4.155698982495316
460 1.0217108803012196 4.243790183625181 4.153611618948436
461 1.0210434989308772 4.238885453318658 4.15152288590755
462 1.0203757831437257 4.233980723435754 4.149432780922216
463 1.019707732379996 4.229075993977881 4.14734130151904
464 1.019039346074141 4.224171264946101 4.145248445233996
465 1.0183706236577987 4.219266536342044 4.143154209601235
466 1.0177015645708354 4.214361808167265 4.141058592107462
466 1.0170321682395416 4.209457080423048 4.138961590280392
467 1.0170321682395416 4.209457080423048 4.138961590280392
468 1.0163624340932595 4.204552353110588 4.13686320162123
469 1.015692361563457 4.199647626231429 4.134763423608803
470 1.0150219500763817 4.194742899787162 4.132662253729096
471 1.0143511990534384 4.189838173778751 4.130559689473015
472 1.0136801079203797 4.184933448207972 4.128455728300314
473 1.013008676100919 4.180028723076128 4.126350367664275
474 1.0123369030147458 4.175123998384839 4.124243605020515
475 1.0116647880786154 4.170219274135238 4.122135437821698
476 1.0109923307069497 4.165314550328796 4.120025863515844
477 1.0103195303168835 4.160409826967259 4.117914879525649
478 1.0096463863191305 4.155505104051504 4.115802483284505
479 1.008972898129188 4.150600381583534 4.113688672192755
480 1.008299065156213 4.14569565956427 4.111573443660774
481 1.0076248868068935 4.1407909379956855 4.109456795095265
482 1.0069503624844223 4.135886216878547 4.10733872390113
483 1.0062754916011283 4.130981496214246 4.105219227431708
483 1.0056002735557152 4.12607677600493 4.103098303081682
484 1.0056002735557152 4.12607677600493 4.103098303081682
485 1.0049247077504375 4.121172056251409 4.100975948214877
486 1.004248793578642 4.116267336955413 4.0988521602172785
487 1.0035725304448344 4.111362618118374 4.096726936413862
488 1.0028959177425598 4.106457899742005 4.094600274159377
489 1.0022189548669032 4.101553181827252 4.09247217078622
490 1.0015416412483855 4.0966484643742165 4.090342623465852
491 1.0008639763680092 4.091743747382624 4.0882116291476205
492 1.0001859596105966 4.086839030853241 4.086079185159102
493 0.9995075903636376 4.081934314787547 4.08394528880213
494 0.9988288680112622 4.077029599186657 4.081809937376266
495 0.9981497919404118 4.072124884052279 4.079673128154476
496 0.9974703615281841 4.067220169385894 4.077534858433959
497 0.9967905761600511 4.06231545518804 4.075395125460906
498 0.9961104352073098 4.05741074146128 4.073253926525581
499 0.995429938049823 4.052506028206135 4.071111258865212
500 0.9947490840602095 4.047601315423927 4.068967119731409
501 0.994067872610236 4.042696603116261 4.066821506363441
502 0.9933863030709116 4.037791891284766 4.064674415987527
503 0.9927043748110776 4.032887179930554 4.06252584582198
504 0.992022087197699 4.027982469054693 4.06037579307643
505 0.991339439592936 4.023077758659024 4.058224254964557
506 0.990656431362633 4.018173048744672 4.056071228667779
507 0.9899730618695582 4.013268339313189 4.053916711364
508 0.9892893304721093 4.008363630365545 4.0517607002318226
509 0.9886051547350511 4.003458921799173 4.0496035273780375
510 0.9879206159759725 3.998554213703332 4.047444854415896
511 0.9872357135382129 3.9936495060787354 4.045284678535035
512 0.9865504467760783 3.988744798927426 4.043122996864619
513 0.985864815036989 3.9838400922509085 4.0409598065445085
514 0.985178817677576 3.9789353860505416 4.0387951046596156
515 0.9844924540410487 3.97403068032755 4.036628888332598
516 0.9838057234704194 3.969125975083714 4.0344611546702955
516 0.9831186253060149 3.964221270319871 4.03229190077233
517 0.9831186253060149 3.964221270319871 4.03229190077233
518 0.982431158878619 3.959316566037443 4.030121123760717
519 0.9817433234309174 3.9544118622359474 4.02794882109958
520 0.9810551183073793 3.949507158916077 4.025774989819315
521 0.9803665428414663 3.9446024560800077 4.0235996269794
522 0.979677596365482 3.9396977537294293 4.021422729625912
523 0.9789882782083422 3.934793051865451 4.019244294800507
524 0.9782985877027082 3.929888350490247 4.017064319512733
525 0.9776085241748218 3.924983649604662 4.014882800779234
526 0.9769180869537595 3.9200789492111117 4.012699735588641
527 0.9762272753582796 3.9151742493109047 4.010515120952771
528 0.9755360887095033 3.9102695499053195 4.008328953855572
529 0.9748445263298032 3.905364850996668 4.0061412312586855
530 0.9741525875333106 3.9004601525858265 4.003951950137845
531 0.9734602716371415 3.8955554546746254 4.001761107439111
532 0.9727675779536783 3.8906507572649507 3.9995687001095934
533 0.9720745057924811 3.8857460603585263 3.9973747250892897
533 0.971381054464081 3.880841363956945 3.9951791792954388
534 0.971381054464081 3.880841363956945 3.9951791792954388
535 0.9706872232732774 3.875936668061439 3.992982059649761
536 0.9699930115247829 3.8710319726740754 3.990783363056397
537 0.9692984185220371 3.8661272777963545 3.98858308640525
538 0.968603443562464 3.861222583429757 3.9863812265919867
539 0.9679080859445872 3.8563178895761956 3.984177780489138
540 0.9672123449677813 3.8514131962369156 3.9819727449458986
541 0.9665162199220895 3.8465085034140727 3.9797661168315814
542 0.9658197100988692 3.841603811109156 3.977557892990088
543 0.9651228147884234 3.836699119323597 3.9753480702501967
544 0.9644255332771948 3.8317944280593976 3.973136645437678
545 0.9637278648503773 3.826889737318033 3.9709236153633194
546 0.9630298087883724 3.821985047101537 3.9687089768385615
547 0.9623313643718994 3.817080357410957 3.966492726652751
548 0.9616325308792403 3.812175668248585 3.964274861586717
549 0.9609333075872878 3.807270979616171 3.96205537840651
550 0.9602336937668092 3.802366291514766 3.9598342738826684
551 0.9595336886949215 3.7974616039468034 3.9576115447408595
552 0.9588332916316726 3.7925569169133375 3.9553871877554863
553 0.9581325018486695 3.7876522304163442 3.953161199633929
554 0.9574313186114851 3.782747544457854 3.9509335770881027
555 0.9567297411778474 3.7778428590390396 3.9487043168408964
556 0.9560277688091233 3.7729381741614394 3.9464734155799706
557 0.955325400827869 3.7680334898256698 3.9442408697186897
558 0.9546226365373377 3.7631288060316566 3.9420066757284267
559 0.9539194751834104 3.7582241227814164 3.93977083029867
560 0.9532159160207062 3.7533194400762127 3.9375333300610573
561 0.9525119582956084 3.7484147579181677 3.935294171661057
562 0.9518076012504315 3.7435100763085636 3.933053351738891
563 0.9511028441341648 3.738605395249216 3.930810866886483
564 0.9503976861812335 3.733700714741572 3.9285667137341744
565 0.9496921266317006 3.7287960347872806 3.9263208888677483
566 0.9489861647206573 3.7238913553882456 3.924073388872225
566 0.9482797996787953 3.7189866765460304 3.921824210328786
567 0.9482797996787953 3.7189866765460304 3.921824210328786
568 0.94757303074091 3.714081998262478 3.9195733497801504
569 0.9468658571343326 3.7091773205390037 3.917320803777572
570 0.9461582780803456 3.704272643377589 3.915066568875943
571 0.945450292807759 3.699367966779635 3.912810641576307
572 0.9447419005322039 3.6944632907471155 3.9105530184126525
573 0.9440331004740385 3.6895586152818844 3.90829369587698
574 0.9433238918441099 3.6846539403851533 3.9060326704775807
575 0.9426142738613125 3.6797492660589786 3.9037699386678106
576 0.9419042457323525 3.674844592304872 3.901505496928294
577 0.9411938066660035 3.6699399191246735 3.899239341708722
578 0.9404829558690808 3.6650352465198823 3.8969714694436957
579 0.9397716925423684 3.660130574492674 3.894701876570582
580 0.9390600158867107 3.6552259030445313 3.892430559502708
581 0.9383479244648382 3.6503212321760095 3.8901575172747074
582 0.9376353443001274 3.645416561778606 3.8878830495661707
583 0.9369223485611178 3.640511891950719 3.885606846225463
583 0.936208936424832 3.6356072226940883 3.883328903671483
584 0.936208936424832 3.6356072226940883 3.883328903671483
585 0.9354951070845631 3.6307025540109694 3.881049218232604
586 0.9347808597227002 3.625797885902584 3.8787677862575896
587 0.9340661935260568 3.62089321837137 3.876484604054307
588 0.9333511076697255 3.615988551418328 3.874199667953764
589 0.932635601331387 3.611083885046192 3.871912974254015
590 0.9319196736884708 3.6061792192563127 3.869624519228482
591 0.9312033239114172 3.6012745540507622 3.8673342991560684
592 0.9304865511702235 3.596369889431073 3.865042310292513
593 0.9297693546308845 3.5914652253993187 3.862748548886212
594 0.929051733452338 3.5865605619571825 3.8604530111898008
595 0.9283336868022006 3.5816558991071386 3.858155693395924
596 0.927615213815257 3.576751236850212 3.8558565918072087
597 0.926896313579692 3.571846575186326 3.853555702893869
598 0.9261769852446428 3.566941914117859 3.851253022850355
599 0.9254572279630041 3.5620372536463374 3.8489485478293037
600 0.9247370408813038 3.5571325937742024 3.8466422739854154
601 0.9240164231434697 3.5522279345034344 3.8443341974581866
602 0.9232953738891742 3.547323275835975 3.842024314379128
603 0.9225738922596933 3.54241861777347 3.8397126208469836
604 0.9218519773898127 3.537513960318607 3.837399112962731
605 0.9211296284110139 3.532609303472558 3.8350837868134295
606 0.9204068444520201 3.5277046472379143 3.832766638473004
607 0.9196836246418862 3.5227999916166564 3.83044766398705
608 0.9189599681042581 3.51789533661064 3.82812685939713
609 0.9182358739586128 3.5129906822219445 3.8258042207358627
610 0.9175113413229972 3.508086028452977 3.8234797440155064
611 0.9167863693163332 3.5031813753054815 3.821153425217128
612 0.916060957044838 3.498276722781508 3.818825260348127
613 0.9153351036195725 3.4933720708831686 3.816495245368704
614 0.9146088081455312 3.488467419612722 3.8141633762372886
615 0.9138820697246974 3.483562768972013 3.811829648897061
616 0.9131548874583993 3.478658118963191 3.809494059266773
616 0.9124272604457273 3.4737534695886483 3.8071566032471393
617 0.9124272604457273 3.4737534695886483 3.8071566032471393
618 0.9116991877772526 3.468848820850158 3.804817276745969
619 0.9109706685419325 3.4639441727501197 3.8024760756505875
620 0.9102417018278962 3.459039525290058 3.800132995822768
621 0.9095122867205289 3.4541348784728645 3.7977880331090423
622 0.9087824222985587 3.449230232299956 3.79544118335378
623 0.9080521076414559 3.4443255867740605 3.7930924423712162
624 0.9073213418244737 3.4394209418968296 3.7907418059633877
625 0.906590123940421 3.4345162976704686 3.7883892698308026
626 0.9058584531328471 3.429611654094426 3.786034829429872
627 0.9051263284665149 3.4247070111712943 3.7836784805205137
628 0.9043937489986676 3.4198023689029813 3.781320218864117
629 0.90366071378906 3.414897727291729 3.7789600401825845
630 0.9029272218952572 3.4099930863396475 3.776597940177308
631 0.9021932723649068 3.4050884460487585 3.7742339145613966
632 0.901458864247638 3.400183806421377 3.771867959010184
633 0.9007239965878996 3.395279167459278 3.7695000691901077
633 0.8999886684281304 3.3903745291649807 3.7671302407467175
634 0.8999886684281304 3.3903745291649807 3.7671302407467175
635 0.8992528788068087 3.3854698915404398 3.7647584693112317
636 0.8985166267566785 3.380565254587976 3.762384750508846
637 0.8977799113105036 3.3756606183092206 3.7600090799333157
638 0.8970427314935734 3.370755982706991 3.7576314531802653
639 0.8963050863329204 3.3658513477830274 3.755251865805911
640 0.8955669748498958 3.360946713539665 3.752870313359854
641 0.8948283960602386 3.356042079979413 3.750486791384176
642 0.8940893489775343 3.3511374471040107 3.7481012953977313
643 0.8933498326138423 3.3462328149159686 3.7457138208950727
644 0.8926098459744584 3.341328183417174 3.743324363366685
645 0.8918693880658108 3.3364235526103534 3.7409329182673545
646 0.8911284578862791 3.331518922497229 3.7385394810524373
647 0.8903870544277906 3.326614293080283 3.73614404717299
648 0.8896451766902542 3.321709664361894 3.7337466120140688
649 0.8889028236573892 3.3168050363442547 3.7313471709958868
650 0.8881599943167339 3.311900409029319 3.72894571948963
651 0.8874166876496262 3.30699578241977 3.7265422528604204
652 0.8866729026340685 3.3020911565179136 3.7241367664538774
653 0.8859286382458075 3.297186531325465 3.7217292555911663
654 0.8851838934536754 3.292281906845582 3.719319715590688
655 0.8844386672281904 3.2873772830796124 3.716908141728102
656 0.8836929585283373 3.282472660030648 3.7144945292957083
657 0.8829466992790291 3.2775680375991887 3.7120791552598695
658 0.8821999556379077 3.2726634158762993 3.709661732537583
659 0.881452726546757 3.267758794864411 3.7072422563901064
660 0.8807050109583913 3.2628541745658515 3.7048207219976907
661 0.8799568078171996 3.25794955498341 3.7023971245418323
662 0.8792081160639303 3.2530449361189135 3.6999714591833603
663 0.8784589346371106 3.2481403179748978 3.6975437210581705
664 0.8777092624711772 3.243235700554064 3.695113905284288
665 0.8769590984931297 3.238331083858537 3.6926820069749318
666 0.8762084416319044 3.233426467891304 3.6902480212004947
666 0.8754572908074449 3.2285218526545596 3.687811943032486
667 0.8754572908074449 3.2285218526545596 3.687811943032486
668 0.8747056449361752 3.2236172381508035 3.685373767521555
669 0.8739535029341909 3.218712624382238 3.6829334896831556
670 0.873200863708706 3.2138080113518894 3.6804911045346773
671 0.8724477261671345 3.2089033990616858 3.6780466070547786
672 0.8716940892087375 3.2039987875145584 3.6755999922208065
673 0.8709399517339105 3.199094176712945 3.6731512549677268
674 0.8701853126363662 3.1941895666596967 3.670700390221924
675 0.8694301708030758 3.189284957356745 3.668247392899725
676 0.8686745251179803 3.1843803488072533 3.6657922578940165
677 0.8679183744659517 3.179475741013618 3.6633349800550263
678 0.8671617177198848 3.1745711339780884 3.6608755542452984
679 0.8664045537537748 3.169666527703781 3.65841397528547
680 0.8656468814168641 3.164761922192442 3.6559502380606483
681 0.8648886995234287 3.159857317445863 3.653484337565063
682 0.8641300069333159 3.154952713466482 3.6510162685624072
683 0.8633708025018086 3.150048110257164 3.648546025797027
683 0.8626110850823924 3.1451435078206016 3.646073603981327
684 0.8626110850823924 3.1451435078206016 3.646073603981327
685 0.8618508535170412 3.1402389061597136 3.643598997837069
686 0.8610901066523976 3.1353343052769116 3.6411222020259193
687 0.8603288433265547 3.1304297051752172 3.638643211206394
688 0.8595670623750866 3.1255251058570406 3.636162020006724
689 0.8588047626260674 3.120620507325633 3.633678623047394
690 0.8580419429035994 3.115715909583265 3.6311930149238805
691 0.857278602029313 3.1108113126331642 3.6287051902023277
692 0.8565147388194866 3.1059067164779117 3.6262151434296475
693 0.8557503520828794 3.101002121120641 3.6237228691438608
694 0.854985440630103 3.096097526563574 3.621228361832486
695 0.854220003297217 3.091192932809295 3.6187316158338034
696 0.8534540389297678 3.0862883398592915 3.616232625402418
697 0.8526875463218511 3.08138374771644 3.6137313849701247
698 0.8519205242609836 3.0764791563835003 3.61122788895391
699 0.851152971530996 3.071574565863114 3.6087221317434572
700 0.8503848869075584 3.066669976158464 3.6062141077206467
700 0.8503848869075584 3.066669976158464 3.6062141077206467
701 0.8496162691690728 3.061765387272254 3.603703811211936
702 0.8488471170827614 3.056860799207366 3.6011912365478724
703 0.8480774294136395 3.05195621196669 3.5986763780246007
704 0.8473072049205317 3.0470516255530233 3.596159229920397
705 0.8465364423592124 3.042147039969266 3.5936397864823237
706 0.8457651404808109 3.0372424552182786 3.591118041932575
707 0.84499329802825 3.0323378713033025 3.588593990483845
708 0.84422091374156 3.027433288226983 3.586067626315363
709 0.8434479863568197 3.0225287059921504 3.583538943578049
710 0.8426745146033505 3.0176241246019027 3.581007936406274
711 0.8419004972070832 3.0127195440594368 3.5784745989030995
712 0.8411259328864582 3.0078149643675953 3.575938925156899
713 0.8403508203583724 3.0029103855293644 3.5734009092164105
714 0.8395751583321603 2.9980058075477096 3.5708605451158566
715 0.838798945510932 2.9931012304255047 3.568317826868913
716 0.838022180595343 2.9881966541663214 3.565772748453345
716 0.8372448622822001 2.9832920787728114 3.563225303814727
717 0.8372448622822001 2.9832920787728114 3.563225303814727
718 0.8364669892572751 2.978387504247956 3.5606754868982433
719 0.8356885602062687 2.9734829305950483 3.5581232916017407
720 0.8349095738069906 2.9685783578175475 3.5555687118085504
721 0.8341300287334555 2.9636737859179476 3.553011741368423
722 0.8333499236528217 2.9587692148994296 3.550452374112258
723 0.8325692572299102 2.9538646447655053 3.5478906038321436
724 0.8317880281202571 2.9489600755188463 3.545326424309266
725 0.8310062349777433 2.9440555071632586 3.5427598292834817
726 0.83022387644696 2.939150939701354 3.540190812482765
727 0.8294409511691351 2.934246373136794 3.5376193676003567
728 0.8286574577809566 2.929341807472328 3.535045488297116
729 0.827873394910431 2.924437242711609 3.532469168221077
730 0.8270887611831824 2.919532678857474 3.5298904009782093
731 0.8263035552166528 2.914628115913654 3.527309180158922
732 0.8255177756254771 2.909723553883118 3.5247254993128196
733 0.8247314210167688 2.9048189927688526 3.5221393519694586
733 0.8239444899898734 2.8999144325749957 3.5195507316404737
734 0.8239444899898734 2.8999144325749957 3.5195507316404737
735 0.8231569811429306 2.8950098733043643 3.5169596317882448
736 0.8223688909033526 2.8901053149566827 3.514366055094777
737 0.8215801628845734 2.8852007574397054 3.511770229833382
738 0.8207908529627428 2.880296200845416 3.5091719046924585
739 0.8200009596993794 2.875391645177088 3.506571073076836
740 0.8192104816650708 2.8704870904381394 3.503967728298331
741 0.8184194174231552 2.8655825366318877 3.5013618636448705
742 0.8176277655266568 2.860677983761903 3.498753472393713
743 0.8168355245250936 2.8557734318316945 3.4961425477816177
744 0.8160426929609159 2.850868880844864 3.493529083019931
745 0.8152492693746685 2.845964330804849 3.4909130712718417
746 0.8144552522969876 2.841059781715395 3.48829450568687
747 0.813660640251687 2.8361552335798086 3.4856733793864105
748 0.8128654317579364 2.8312506864019396 3.4830496854552666
749 0.8120696253292748 2.8263461401850485 3.480423416944123
750 0.8112732194704212 2.821441594932952 3.477794566884284
751 0.8104762126815149 2.816537050649464 3.475163128268456
752 0.8096786034567638 2.811632507337838 3.4725290940554996
753 0.8088803902840962 2.8067279650020778 3.4698924571731733
754 0.8080815716428539 2.801823423645803 3.467253210526275
755 0.807282146010142 2.796918883272709 3.464611346969602
756 0.8064821118502065 2.792014343886481 3.4619668593530584
757 0.805681467627217 2.787109805491203 3.4593197404669342
758 0.804880211795635 2.7822052680901295 3.456669983081348
759 0.8040783428014644 2.777300731687329 3.454017579942548
760 0.8032758590872175 2.772396196286903 3.451362523750242
761 0.8024727590892781 2.767491661891924 3.4487048071672053
762 0.8016690412328855 2.7625871285067856 3.446044422843381
763 0.8008647039419792 2.7576825961351656 3.443381363370652
764 0.8000597456287161 2.752778064781156 3.4407156213289083
765 0.7992541647029232 2.7478735344487593 3.438047189244392
766 0.7984479595783149 2.74296900514137 3.435376059561874
766 0.7976411287056232 2.738064476861858 3.4327022245017234
767 0.7976411287056232 2.738064476861858 3.4327022245017234
768 0.7968336704703087 2.733159949613981 3.430025676501358
769 0.7960255832527803 2.728255423401867 3.4273464079552096
770 0.7952168654243447 2.723350898229605 3.4246644112312263
771 0.7944075153507508 2.7184463741008784 3.421979678654747
772 0.7935975313905324 2.7135418510200635 3.419292202516592
773 0.7927869118887619 2.708637328990811 3.4166019750977767
774 0.79197565514383 2.7037328080165195 3.4139089888129166
775 0.7911637594936077 2.698828288101504 3.4112132358399685
776 0.790351223266205 2.693923769249419 3.408514708329939
777 0.7895380447847071 2.6890192514646567 3.4058133983877927
778 0.7887242223640613 2.6841147347513066 3.4031092980841233
779 0.7879097543104883 2.679210219113909 3.400402399458205
780 0.7870946389247147 2.6743057045561773 3.397692694501981
781 0.7862788744986287 2.6694011910826085 3.394980175176084
782 0.7854624593169093 2.6644966786973696 3.3922648334009424
783 0.7846453916537789 2.6595921674049308 3.3895466610711495
783 0.7838276697796487 2.6546876572097524 3.386825650025909
784 0.7838276697796487 2.6546876572097524 3.386825650025909
785 0.7830092919551828 2.6497831481157834 3.3841017920735603
786 0.7821902564357602 2.644878640127565 3.3813750789732366
787 0.78137056146694 2.6399741332495035 3.378645502453066
788 0.7805502052844813 2.6350696274859997 3.3759130542097746
789 0.7797291861189971 2.6301651228414 3.3731777258880262
790 0.7789075021933629 2.625260619320389 3.3704395090916344
791 0.7780851517185112 2.6203561169271268 3.3676983954001685
792 0.7772621329018725 2.6154516156665157 3.3649543763335634
793 0.7764384439393031 2.6105471155427793 3.3622074433847264
794 0.7756140830217289 2.6056426165605906 3.359457587991725
795 0.7747890483282177 2.6007381187244487 3.356704801566476
796 0.7739633380327428 2.5958336220391276 3.353949075465523
797 0.7731369502984679 2.5909291265088945 3.3511904010132643
798 0.7723098832807095 2.5860246321388205 3.3484287694902966
799 0.7714821351278408 2.5811201389335645 3.3456641721273974
800 0.7706537039777642 2.5762156468974573 3.342896600120395
801 0.7698245879595838 2.5713111560357826 3.3401260446240486
802 0.7689947851965598 2.5664066663528957 3.3373524967362505
803 0.76816429379808 2.561502177853571 3.3345759475340677
804 0.7673331118704017 2.5565976905430516 3.3317963880266475
805 0.7665012375091731 2.551693204425663 3.3290138091853057
806 0.765668668798722 2.5467887195064365 3.3262282019481892
807 0.7648354038179942 2.5418842357905795 3.3234395571932294
808 0.764001440633526 2.536979753282641 3.320647865767012
809 0.7631667773042773 2.5320752719877846 3.3178531184648743
810 0.762331411880439 2.5271707919110455 3.315055306034532
811 0.7614953424035563 2.522266313057228 3.3122544191748275
812 0.7606585669043866 2.5173618354313962 3.3094504485451015
813 0.7598210834064527 2.512457359038968 3.306643384749267
814 0.7589828899208864 2.5075528838847623 3.3038332183563988
815 0.758143984450848 2.502648409973909 3.301019939882093
816 0.757304364991486 2.4977439373117214 3.2982035397878664
816 0.7564640295254164 2.4928394659030597 3.2953840084993797
817 0.7564640295254164 2.4928394659030597 3.2953840084993797
818 0.7556229760294048 2.4879349957533545 3.2925613363780744
819 0.7547812024676354 2.483030526867908 3.2897355137489384
820 0.7539387067935736 2.4781260592519834 3.286906530891891
821 0.7530954355946925 2.473221592819548 3.284074601868398
822 0.7522514383261449 2.468317127658684 3.281239492410946
823 0.7514067129027376 2.4634126637742333 3.2784011926881713
824 0.7505612572448306 2.458508201172112 3.2755596927515733
825 0.7497150692571903 2.4536037398573898 3.2727149826245245
826 0.7488681468375218 2.4486992798359304 3.2698670522665623
827 0.748020487870234 2.443794821113081 3.267015891598184
828 0.7471720902313659 2.4388903636944534 3.264161490479707
829 0.7463229517830487 2.43398590758581 3.2613038387346203
830 0.7454730703819653 2.429081452792682 3.2584429261114285
831 0.7446224438722592 2.424176999320657 3.2555787423143094
832 0.7437710700839837 2.4192725471756598 3.2527112770095847
833 0.7429189468424207 2.4143680963632335 3.249840519783299
833 0.742066071958177 2.4094636468893134 3.2469664601848436
834 0.742066071958177 2.4094636468893134 3.2469664601848436
835 0.7412124432315363 2.404559198759671 3.2440890877064597
836 0.74035805845457 2.3996547519804516 3.2412083917739913
837 0.7395029154057265 2.394750306556846 3.2383243617680284
838 0.738647011867285 2.3898458624952874 3.2354369869496993
839 0.7377903456411116 2.3849414198006396 3.2325462563869913
840 0.736932914470963 2.3800369784792164 3.22965215929841
841 0.7360747160910559 2.375132538536878 3.2267546848369983
842 0.7352157482246466 2.3702280999797636 3.22385382209677
843 0.7343560085834757 2.365323662813619 3.2209495601134557
844 0.7334954948662054 2.360419227044677 3.2180418878717636
845 0.7326342047611674 2.3555147926795175 3.2151307942923517
846 0.7317721359459423 2.3506103597238517 3.2122162682312037
847 0.7309092860844838 2.345705928183959 3.2092982984933993
848 0.730045652829352 2.340801498066512 3.206376873822265
849 0.7291812338221977 2.3358970693773355 3.203451982894717
850 0.7283160266906876 2.3309926421232334 3.200523614336438
851 0.7274500290520932 2.326088216310189 3.1975917567028045
852 0.7265832385103093 2.3211837919449656 3.194656398493331
853 0.7257156526597957 2.316279369033833 3.1917175281317367
854 0.7248472690783195 2.3113749475833996 3.1887751339981336
855 0.723978085333419 2.3064705276002924 3.1858292043992966
856 0.7231080989812239 2.3015661090910355 3.1828797275727894
857 0.7222373075622935 2.296661692062196 3.179926691704592
858 0.7213657086059236 2.291757276520729 3.17697008490973
859 0.7204932996282315 2.286852862473177 3.1740098952386844
860 0.7196200781346116 2.281948449926199 3.171046110666383
861 0.7187460416146236 2.277044038886842 3.168078719114177
862 0.7178711875463547 2.27213962936209 3.1651077084290593
863 0.7169955133935417 2.267235221358443 3.1621330663948126
864 0.7161190166068497 2.2623308148832857 3.159154780727333
865 0.7152416946242468 2.2574264099432804 3.156172839069767
866 0.7143635448690632 2.25252200654594 3.153187229002298
866 0.7134845647523007 2.2476176046979655 3.1501979380286484
867 0.7134845647523007 2.2476176046979655 3.1501979380286484
868 0.71260475166824 2.2427132044064626 3.147204953596183
869 0.711724103002665 2.2378088056790517 3.1442082630587436
870 0.7108426161228604 2.2329044085225456 3.1412078537179537
871 0.7099602883844214 2.2280000129447486 3.138203712794646
872 0.7090771171264817 2.2230956189523114 3.1351958274458975
873 0.7081930996762357 2.218191226553202 3.1321841847474814
874 0.7073082333456205 2.2132868357547406 3.1291687717047054
875 0.7064225154319799 2.208382446564333 3.1261495752494515
876 0.7055359432193068 2.203478058989533 3.123126582233685
877 0.7046485139741301 2.198573673037894 3.1200997794463676
878 0.7037602249503352 2.1936692887173606 3.117069153591579
879 0.7028710733862203 2.1887649060351873 3.1140346912989028
880 0.7019810565056556 2.183860524999645 3.1109963791195985
881 0.7010901715178409 2.1789561456179523 3.1079542035235956
882 0.7001984156144851 2.174051767898538 3.1049081509140777
883 0.6993057859738724 2.169147391849065 3.101858207605491
883 0.6984122797593699 2.1642430174775114 3.0988043598305244
884 0.6984122797593699 2.1642430174775114 3.0988043598305244
885 0.6975178941110188 2.1593386447918843 3.095746593775841
886 0.6966226261368922 2.1544342737998234 3.092684895618735
887 0.6957264729526351 2.1495299045100524 3.089619251352524
888 0.6948294316565302 2.1446255369302327 3.086549646892864
889 0.6939314993327715 2.1397211710691044 3.0834760680650573
890 0.6930326730471387 2.134816806934595 3.080398500619305
891 0.6921329498513608 2.1299124445353157 3.0773169302122168
892 0.6912323267789787 2.1250080838797674 3.0742313424227885
893 0.6903308008469258 2.1201037249764325 3.0711417227442315
894 0.6894283690564451 2.115199367833821 3.0680480565786588
895 0.6885250283906194 2.1102950124605937 3.064950329246949
896 0.6876207758170955 2.1053906588655598 3.0618485259752912
897 0.6867156082859093 2.1004863070572988 3.058742631902981
898 0.685809522727885 2.0955819570448004 3.055632632089135
899 0.6849025160596165 2.0906776088369203 3.052518511488341
900 0.683994585176301 2.0857732624426277 3.0494002549815735
901 0.6830857269580831 2.0808689178708772 3.046277847346337
902 0.6821759382661109 2.075964575130815 3.043151273273141
903 0.6812652159465057 2.0710602342314255 3.0400205173458454
904 0.6803535568224056 2.0661558951822654 3.0368855640767953
905 0.6794409577015589 2.0612515579921444 3.0337463978695545
906 0.678527415372946 2.056347222670873 3.030603003035068
907 0.6776129266059168 2.0514428892276433 3.0274553637916544
908 0.6766974881522485 2.04653855767199 3.024303464255721
909 0.6757810967449916 2.041634228013454 3.0211472884449027
910 0.6748637491348618 2.036729900261447 3.017986820113575
911 0.6739454420259199 2.0318255744253513 3.014822043038919
912 0.6730261720923454 2.0269212505152328 3.0116529409455426
913 0.6721058930994893 2.0220169284519445 3.0084796893049006
914 0.6711846447296479 2.017112608327428 3.0053020791915133
915 0.6702624235890724 2.0122082901513823 3.002120094061899
916 0.6693392262782957 2.0073039739340244 2.998933717205204
916 0.6684150493716837 2.002399659685498 2.9957429318322077
917 0.6684150493716837 2.002399659685498 2.9957429318322077
918 0.6674898894241388 1.9974953474158503 2.9925477210435987
919 0.6665637429693302 1.9925910371357833 2.989348067837326
920 0.6656366065224473 1.9876867288552713 2.9861439550924707
921 0.6647084765759211 1.9827824225849926 2.9829353655888347
922 0.6637793496007821 1.9778781183355574 2.9797222819979496
923 0.6628492220484995 1.9729738161171706 2.976504686872532
924 0.661918090347003 1.9680695159410737 2.9732825626647186
925 0.6609859509053055 1.9631652178177423 2.9700558917007758
926 0.6600528001074817 1.9582609217580138 2.96682465620801
927 0.6591186343179533 1.9533566277730847 2.963588838289166
928 0.6581834498780552 1.948452335873885 2.9603484199350256
929 0.6572472431067906 1.943548046071588 2.957103383019892
930 0.6563100103007988 1.9386437583772616 2.953853709299277
931 0.6553717477328975 1.9337394728022457 2.9505993804150954
932 0.6544324516551958 1.928835189358082 2.9473403778795757
933 0.6534921182942522 1.923930908056039 2.944076683094344
933 0.6525507438537826 1.9190266289079254 2.9408082773374673
934 0.6525507438537826 1.9190266289079254 2.9408082773374673
935 0.6516083245165185 1.9141223519253026 2.9375351417518285
936 0.6506648564373598 1.909218077119941 2.934257257374624
937 0.6497203357499143 1.904313804503609 2.930974605105486
938 0.6487747585617903 1.8994095340883372 2.927687165725999
939 0.6478281209580353 1.8945052658860329 2.924394919881464
940 0.6468804189981859 1.8896009999092085 2.921097848093169
941 0.6459316487168443 1.8846967361696814 2.917795930751602
942 0.6449818061237269 1.879792474679969 2.914489148116169
943 0.6440308872028995 1.8748882154524604 2.911177480315139
944 0.643078887913958 1.8699839584996574 2.90786090733841
945 0.6421258041891835 1.8650797038344145 2.904539409048454
946 0.641171631934974 1.8601754514691529 2.9012129651703105
947 0.6402163670334702 1.8552712014170776 2.89788155528377
948 0.6392600053393134 1.8503669536909375 2.8945451588337354
949 0.6383025426784588 1.8454627083037787 2.8912037551343737
950 0.6373439748529791 1.8405584652687474 2.887857323344624
950 0.6373439748529791 1.8405584652687474 2.887857323344624
951 0.6363842976357541 1.8356542245991885 2.884505842489938
952 0.6354235067728427 1.8307499863085979 2.881149291448974
953 0.6344615979834063 1.8258457504101167 2.8777876489506142
954 0.6334985669563462 1.820941516917596 2.874420893588344
955 0.6325344093554264 1.8160372858449532 2.871049003793415
956 0.631569120813979 1.8111330572057618 2.867671957855598
957 0.6306026969359885 1.806228831013981 2.8642897339167717
958 0.6296351332986323 1.8013246072838953 2.8609023099566104
959 0.6286664254482418 1.7964203860294166 2.8575096638071
960 0.6276965689023536 1.7915161672650635 2.854111773142028
961 0.6267255591476799 1.7866119510052607 2.8507086154823122
962 0.6257533916414193 1.7817077372644061 2.8473001681873313
963 0.6247800618112113 1.77680352605742 2.843886408453146
964 0.623805565052902 1.7718993173990076 2.8404673133186003
965 0.622829896731285 1.7669951113041122 2.8370428596597512
966 0.621853052180864 1.7620909077877736 2.833613024183204
966 0.6208750267038263 1.7571867068652214 2.830177783432487
967 0.6208750267038263 1.7571867068652214 2.830177783432487
968 0.6198958155709876 1.752282508551631 2.82673711378032
969 0.6189154140200259 1.7473783128629015 2.823290991434837
970 0.6179338172573834 1.7424741198141207 2.8198393924253233
971 0.6169510204557344 1.7375699294212672 2.8163822926133504
972 0.6159670187546069 1.732665741700101 2.8129196676849544
973 0.6149818072619786 1.727761556666985 2.8094514931414367
974 0.6139953810493408 1.7228573743375708 2.805977744316486
975 0.6130077351562657 1.7179531947285496 2.802498396354844
976 0.6120188645858075 1.713049017856266 2.799013424227694
977 0.6110287643088183 1.7081448437373128 2.795522802710486
978 0.6100374292663652 1.7032406723882951 2.792026506368016
979 0.6090448543904292 1.698336503826438 2.7885245094570923
980 0.6080510345430994 1.6934323380685212 2.7850167861995287
981 0.6070559645520391 1.6885281751318728 2.781503310617955
982 0.6060596392066624 1.6836240150337072 2.7779840565486036
983 0.6050620532619032 1.678719857791747 2.7744589976213683
983 0.6040632014323117 1.6738157034233512 2.770928107281686
984 0.6040632014323117 1.6738157034233512 2.770928107281686
985 0.6030630783959332 1.6689115519464663 2.7673913587705403
986 0.6020616787947628 1.664007403379084 2.763848725117628
987 0.6010589972311988 1.659103257739203 2.7603001791536697
988 0.600055028267542 1.6541991150451838 2.75674569350936
989 0.5990497664282419 1.6492949753156538 2.7531852406009025
990 0.5980432061981503 1.6443908385691488 2.7496187926333717
991 0.5970353420211614 1.6394867048244421 2.746046321603407
992 0.5960261683017694 1.6345825741006186 2.74246779928801
993 0.5950156794036144 1.6296784464166552 2.7388831972463072
994 0.5940038696487268 1.6247743217921924 2.7352924868200397
995 0.5929907333170078 1.6198702002466376 2.731695639130112
996 0.5919762646486147 1.6149660817996838 2.7280926250620796
997 0.5909604578376702 1.6100619664713283 2.724483415290695
998 0.5899433070381638 1.6051578542814258 2.720867980247443
999 0.5889248063593117 1.600253745250627 2.717246290138929
1000 0.5879049498675254 1.595349639399133 2.7136183149310424
1001 0.5868837315830621 1.5904455367477004 2.709984024361397
1002 0.5858611454824685 1.5855414373173267 2.7063433879227494
1003 0.5848371854978147 1.5806373411291097 2.702696374861437
1004 0.5838118455146862 1.5757332482040545 2.699042954181401
1005 0.5827851193717294 1.5708291585638994 2.695383094642721
1006 0.5817570008615728 1.5659250722304519 2.6917167647511624
1007 0.5807274837294149 1.5610209892252978 2.6880439327590744
1008 0.5796965616727547 1.5561169095708764 2.684364566663278
1009 0.5786642283409009 1.5512128332893458 2.680678634200108
1010 0.5776304773346282 1.546308760403578 2.676986102843363
1011 0.5765953022041939 1.5414046909359562 2.6732869398059846
1012 0.5755586964517257 1.536500624909824 2.6695811120259845
1013 0.5745206535272475 1.531596562348325 2.6658685861772713
1014 0.5734811668310813 1.5266925032748722 2.662149328653645
1015 0.572440229711001 1.5217884477134451 2.6584233055767705
1016 0.5713978017593153 1.5168843956019504 2.654690639221069
1016 0.5703539100783945 1.5119803470456972 2.650951138106298
1017 0.5703539100783945 1.5119803470456972 2.650951138106298
1018 0.5693085478523179 1.5070763020692952 2.6472047675283457
1019 0.5682617082202545 1.502172260697129 2.643451492450195
1020 0.5672133842645316 1.4972682229544227 2.639691277553036
1021 0.5661635690123098 1.492364188866427 2.6359240872207716
1022 0.5651122554347541 1.4874601584585105 2.632149885537649
1023 0.564059436447251 1.4825561317566083 2.6283686362815635
1024 0.5630051049077501 1.4776521087866619 2.624580302924214
1025 0.5619492536168329 1.4727480895749592 2.6207848486247083
1026 0.5608918753166116 1.4678440741480017 2.616982236227677
1027 0.5598329626906984 1.4629400625328552 2.6131724282571653
1028 0.5587725083629617 1.4580360547565985 2.6093553869144586
1029 0.557710504896816 1.453132050846649 2.605531074074888
1030 0.5566469447943011 1.4482280508306022 2.601699451284636
1031 0.5555818204967587 1.443324054736657 2.597860479751024
1032 0.5545151243821728 1.4384200625930639 2.5940141203465217
1033 0.5534468487656324 1.4335160744284667 2.590160333599652
1033 0.5523769858985642 1.428612090271601 2.5862990796903773
1034 0.5523769858985642 1.428612090271601 2.5862990796903773
1035 0.551305527967652 1.423708110151942 2.5824303184485364
1036 0.550232467094113 1.4188041340987727 2.5785540093476476
1037 0.5491577953322608 1.413900162142355 2.5746701115057338
1038 0.5480815046705699 1.408996194312422 2.570778583669438
1039 0.5470035870294625 1.4040922306398633 2.566879384219169
1040 0.5459240342687938 1.3991882711553443 2.5629724711230306
1041 0.544842838196279 1.3942843158909393 2.5590578018915795
1042 0.5437599905241695 1.3893803648776515 2.5551353337679874
1043 0.5426754828925016 1.3844764181475924 2.5512050236141643
1044 0.5415893068702705 1.3795724757331878 2.5472668278948194
1045 0.5405014539530578 1.3746685376665586 2.5433207026783458
1046 0.5394119155632323 1.3697646039808986 2.539366603629149
1047 0.5383206830486613 1.3648606747097058 2.5354044860028715
1048 0.5372277476813088 1.3599567498861989 2.53143430464233
1049 0.5361331006558483 1.355052829544842 2.527456013977153
1050 0.5350367330905171 1.3501489137198313 2.523469568007051
1051 0.5339386360251764 1.3452450024463214 2.5194749203031828
1052 0.5328388004204324 1.3403410957589834 2.5154720239993735
1053 0.5317372171554764 1.3354371936941902 2.5114608317960134
1054 0.5306338770291141 1.3305332962875012 2.507441295939911
1055 0.5295287707564322 1.3256294035754808 2.503413368232699
1056 0.5284218889712403 1.3207255155950168 2.4993770000070876
1057 0.5273132222208654 1.3158216323837144 2.495332142141093
1058 0.5262027609673587 1.3109177539789443 2.491278745039239
1059 0.5250904955873614 1.3060138804190624 2.4872167586239913
1060 0.5239764163678379 1.3011100117429664 2.4831461323434283
1061 0.5228605135075952 1.2962061479893041 2.4790668151506434
1062 0.5217427771162589 1.291302289198018 2.4749787554994356
1063 0.520623197210366 1.2863984354089242 2.4708819013478087
1064 0.5195017637151779 1.2814945866627874 2.4667762001389084
1065 0.5183784664620035 1.276590743000503 2.4626615987994085
1066 0.5172532951876612 1.2716869044634085 2.4585380437296904
1066 0.5161262395318296 1.2667830710938432 2.454405480804315
1067 0.5161262395318296 1.2667830710938432 2.454405480804315
1068 0.514997289036423 1.2618792429341152 2.4502638553595752
1069 0.5138664331464018 1.2569754200272292 2.4461131121773696
1070 0.512733661205503 1.2520716024169782 2.441953195491781
1071 0.5115989624559142 1.247167790147291 2.4377840489752023
1072 0.510462326037551 1.2422639832627842 2.4336056157284363
1073 0.5093237409852919 1.2373601818087858 2.4294178382792446
1074 0.5081831962295228 1.232456385830978 2.4252206585641107
1075 0.5070406805924478 1.2275525953756123 2.4210140179310424
1076 0.5058961827884648 1.2226488104898108 2.4167978571228885
1077 0.5047496914217721 1.2177450312209603 2.4125721162717952
1078 0.5036011949851035 1.2128412576170187 2.408336734889786
1079 0.5024506818579596 1.2079374897269906 2.404091651861801
1080 0.5012981403055248 1.2030337275998868 2.399836805432147
1081 0.5001435584767411 1.1981299712859939 2.3955721331992565
1082 0.4989869244019668 1.1932262208357827 2.3912975721074416
1083 0.4978282259924866 1.188322476300368 2.3870130584325335
1083 0.4966674510392019 1.1834187377319625 2.382718527771121
1084 0.4966674510392019 1.1834187377319625 2.382718527771121
1085 0.4955045872083243 1.1785150051829798 2.37841391504111
1086 0.49433962204261944 1.173611278706647 2.374099154458358
1087 0.4931725429579283 1.1687075583570323 2.3697741795344287
1088 0.4920033372424442 1.1638038441890324 2.3654389230606894
1089 0.49083199205256683 1.158900136257695 2.361093317107129
1090 0.489658494414618 1.153996434619349 2.3567372929962964
1091 0.48848283123258746 1.1490927393316157 2.3523707812455004
1092 0.4873049892790797 1.1441890504523506 2.347993711587207
1093 0.4861249551718502 1.1392853680402217 2.3436060130619554
1094 0.4849427153880297 1.134381692154512 2.3392076139278224
1095 0.4837582562624947 1.1294780228550452 2.3347984416459715
1096 0.4825715639870434 1.1245743602029874 2.3303784228636837
1097 0.4813826246062986 1.119670704259413 2.3259474834081137
1098 0.4801914240166699 1.1147670550875817 2.3215055482725204
1099 0.4789979479629004 1.109863412750242 2.3170525416033803
1100 0.4778021820385904 1.1049597773119386 2.312588386678182
1101 0.47660411167999295 1.1000561488378775 2.3081130059081194
1102 0.4754037221668383 1.095152527394055 2.30362632080891
1103 0.4742009986179991 1.0902489130473139 2.2991282519959073
1104 0.4729959259905751 1.085345305865856 2.294618719163096
1105 0.47178848907596843 1.0804417059183773 2.290097641073227
1106 0.47057867249734336 1.0755381132749493 2.2855649355443775
1107 0.4693664607081443 1.0706345280063059 2.2810205194274302
1108 0.46815183798941445 1.0657309501844656 2.276464308591614
1109 0.4669347884453424 1.0608273798823313 2.2718962179158937
1110 0.4657152960019776 1.05592381717383 2.2673161612655006
1111 0.4644933444033572 1.0510202621341005 2.262724051480519
1112 0.463268917210665 1.0461167148395785 2.258119800348858
1113 0.46204199779668986 1.0412131753671645 2.253503318599459
1114 0.4608125693440285 1.036309643795489 2.2488745158811243
1115 0.4595806148430619 1.03140612020429 2.244233300737664
1116 0.45834611708606493 1.0265026046741672 2.239579580602006
1116 0.4571090586668988 1.0215990972873592 2.234913261764544
1117 0.4571090586668988 1.0215990972873592 2.234913261764544
1118 0.4558694219754023 1.0166955981268888 2.230234249363072
1119 0.4546271891956412 1.0117921072775273 2.2255424473570575
1120 0.45338234230175606 1.0068886248248465 2.220837758508679
1121 0.45213486305515177 1.001985150856153 2.216120084360604
1122 0.45088473299938586 0.9970816854598261 2.211389325220697
1123 0.4496319334578448 0.9921782287254747 2.2066453801340074
1124 0.4483764455304906 0.9872747807448826 2.2018881468601714
1125 0.44711825008709943 0.9823713416101167 2.1971175218608257
1126 0.44585732776839365 0.9774679114155239 2.192333400255972
1127 0.4445936589765663 0.9725644902567673 2.1875356758248983
1128 0.44332722388896323 0.96766107823157 2.182724240896004
1129 0.44205800243937565 0.9627576754397199 2.177898986393202
1130 0.4407859742981829 0.9578542819811596 2.1730598018828755
1131 0.43951111888306255 0.9529508979579842 2.1682065754780795
1132 0.43823341535363564 0.9480475234734261 2.1633391938138544
1133 0.43695284260866907 0.9431441586328209 2.158457542013274
1133 0.4356693792797116 0.9382408035428176 2.153561503665929
1134 0.4356693792797116 0.9382408035428176 2.153561503665929
1135 0.43438300372788685 0.933337458312223 2.1486509607933444
1136 0.43309369403682624 0.9284341230512829 2.143725793828662
1137 0.4318014280096281 0.9235307978724474 2.1387858815785457
1138 0.43050618315289585 0.9186274828904266 2.133831101246164
1139 0.4292079366851694 0.9137241782217685 2.128861328330933
1140 0.42790664367574494 0.9088208839077562 2.1238765448952317
1141 0.42660230154503637 0.9039176001381475 2.118876520038467
1142 0.42529488783034836 0.8990143270395802 2.113861117931425
1143 0.42398437853749366 0.8941110647359484 2.1088302069527325
1144 0.42267074935177174 0.8892078133538083 2.103783653630019
1145 0.4213539756322584 0.8843045730214638 2.098721322599436
1146 0.42003403240624476 0.8794013438696974 2.0936430765666287
1147 0.41871089436319453 0.8744981260316765 2.08854877626644
1148 0.4173845358473002 0.8695949196425694 2.0834382804271168
1149 0.41605493085179696 0.8646917248402195 2.0783114457264578
1150 0.4147220530119336 0.8597885417650217 2.0731681267508613
1150 0.4147220530119336 0.8597885417650217 2.0731681267508613
1151 0.4133858756057121 0.8548853705603052 2.0680081759147857
1152 0.41204637154969753 0.8499822113729841 2.0628314434033705
1153 0.41070351336162725 0.8450790643510604 2.0576377772716117
1154 0.40935727317141213 0.8401759296451746 2.0524270233092055
1155 0.4080076227144597 0.835272807408861 2.047199024988361
1156 0.4066545333225256 0.830369697798127 2.0419536234200657
1157 0.4052979759171976 0.8254666009722986 2.036690657297883
1158 0.40393792099925885 0.8205635170933127 2.031409962856194
1159 0.4025743386430571 0.8156604463263656 2.0261113738041105
1160 0.40120719846825736 0.8107573888417027 2.020794721373495
1161 0.39983646966070896 0.8058543448111566 2.0154598341041376
1162 0.39846212097344313 0.8009513144115072 2.010106537742616
1163 0.39708412068599797 0.796048297821991 2.004734655333855
1164 0.395702436594471 0.7911452952238127 1.9993440071601192
1165 0.39431703601057677 0.7862423068026692 1.9939344106390062
1166 0.3929278857498013 0.7813393327465998 1.9885056802614445
1166 0.39153495212315903 0.776436373248616 1.9830576275202745
1167 0.39153495212315903 0.776436373248616 1.9830576275202745
1168 0.39013820092505624 0.7715334285047227 1.9775900608434158
1169 0.3887375974219074 0.7666304987152274 1.9721027855280553
1170 0.3873331063400365 0.7617275840844211 1.9665956036706733
1171 0.3859246918553352 0.7568246848204947 1.9610683140849465
1172 0.3845123175796875 0.751921801136164 1.9555207122339675
1173 0.3830959465491657 0.747018933248519 1.949952590147409
1174 0.3816755412105345 0.7421160813786957 1.9443637363425916
1175 0.38025106340838405 0.7372132457531779 1.9387539357422434
1176 0.37882247437137584 0.7323104266025604 1.9331229695856038
1177 0.37738973469703085 0.7274076241622207 1.9274706153472478
1178 0.37595280433962225 0.7225048386732893 1.9217966466360081
1179 0.3745116425918693 0.7176020703812165 1.916100833114115
1180 0.37306620807269486 0.712699319537147 1.9103829403875465
1181 0.3716164587097343 0.7077965863976121 1.9046427299132749
1182 0.3701623517217389 0.7028938712246958 1.8988799589026824
1183 0.36870384360512626 0.6979911742863542 1.893094380198237
1183 0.3672408901138587 0.6930884958561104 1.8872857421765494
1184 0.3672408901138587 0.6930884958561104 1.8872857421765494
1185 0.36577344624114244 0.6881858362139959 1.8814537886391498
1186 0.36430146620275944 0.683283195646057 1.8755982586843658
1187 0.3628249034174106 0.6783805744450484 1.869718886590891
1188 0.3613437104857088 0.6734779729098744 1.8638154016977433
1189 0.3598578391716159 0.6685753913470895 1.857887528269869
1190 0.35836724037964124 0.6636728300695522 1.8519349853699836
1191 0.35687186413497424 0.6587702893977795 1.845957486714679
1192 0.35537165955931066 0.6538677696597682 1.8399547405401337
1193 0.3538665748492983 0.6489652711911952 1.8339264494465775
1194 0.35235655725132853 0.6440627943357795 1.8278723102530006
1195 0.35084155303719355 0.6391603394454057 1.8217920138372174
1196 0.34932150747913054 0.6342579068806091 1.8156852449702126
1197 0.3477963648217761 0.6293554970102512 1.8095516821538848
1198 0.3462660682571207 0.6244531102130157 1.803390997437631
1199 0.34473055989438117 0.6195507468760751 1.7972028562419695
1200 0.3431897807302683 0.6146484073970977 1.790986917178002
1201 0.3416436706210655 0.6097460921829913 1.7847428318357226
1202 0.3400921682493198 0.6048438016513055 1.7784702445952758
1203 0.3385352110915028 0.5999415362305862 1.7721687924167742
1204 0.33697273538435335 0.5950392963597091 1.7658381046199578
1205 0.335404676089916 0.5901370824893752 1.7594778026623876
1206 0.3338309668609343 0.585234895081895 1.7530874998953867
1207 0.3322515400002051 0.5803327346122413 1.74666680133938
1208 0.33066632642378035 0.575430601567308 1.740215303416892
1209 0.32907525562023127 0.570528496447388 1.733732593695241
1210 0.32747825560855476 0.5656264197665821 1.7272182506147629
1211 0.3258752528937706 0.5607243720527935 1.7206718432086017
1212 0.3242661724240769 0.5558223538481206 1.7140929307951784
1213 0.32265093753983376 0.5509203657103839 1.7074810626960244
1214 0.3210294699289598 0.5460184082126077 1.7008357778911556
1215 0.31940168957306464 0.5411164819441986 1.6941566047051722
1216 0.3177675146968243 0.5362145875113118 1.6874430604490944
1216 0.31612686171120413 0.5313127255376193 1.6806946510701675
1217 0.31612686171120413 0.5313127255376193 1.6806946510701675
1218 0.31447964515740356 0.5264108966647535 1.6739108707696295
1219 0.31282577858781285 0.5215091015582248 1.6670911966157955
1220 0.3111651733914022 0.5166073409017855 1.6602350940218038
1221 0.30949773645537987 0.5117056153872852 1.6533420284353437
1222 0.30782337421097816 0.5068039257370082 1.6464114430428254
1223 0.3061419909028839 0.5019022726941059 1.6394427671090772
1224 0.3044534885100799 0.49700065702567653 1.6324354155305458
1225 0.302757766665434 0.49209907952171505 1.625388788342843
1226 0.3010547225807383 0.4871975409977191 1.6183022701697036
1227 0.29934425096075684 0.4822960422950713 1.6111752296799542
1228 0.29762624391418485 0.47739458428144754 1.6040070190150826
1229 0.29590059086756193 0.4724931678533499 1.5967969731592275
1230 0.2941671784660266 0.46759179393649386 1.5895444093213007
1231 0.29242589047593104 0.46269046348656206 1.5822486262537179
1232 0.29067660767836945 0.45778917749236614 1.5749089035706134
1233 0.28891920776321495 0.452887936974841 1.5675245009878587
1233 0.2871535652108841 0.44798674299075103 1.5600946575806987
1234 0.2871535652108841 0.44798674299075103 1.5600946575806987
1235 0.2853795511760923 0.4430855966327647 1.5526185909492882
1236 0.2835970333610374 0.43818449903217466 1.545095496377557
1237 0.28180587588193445 0.43328345135972646 1.537524545944014
1238 0.28000593913119337 0.4283824548284345 1.529904887580692
1239 0.27819707963311646 0.42348151069474144 1.5222356440737073
1240 0.2763791498902661 0.4185806202612264 1.514515912026722
1241 0.27455199822259807 0.41367978487872226 1.5067447607623083
1242 0.27271546859747653 0.40877900594833755 1.4989212311667166
1243 0.2708694004522871 0.40387828492428335 1.491044334464887
1244 0.2690136285080976 0.3989776233166644 1.4831130509235697
1245 0.267147982568938 0.39407702269411937 1.4751263285038176
1246 0.26527228731613794 0.3891764846870687 1.4670830814048363
1247 0.26338636208518973 0.38427601099036623 1.4589821885541512
1248 0.26149002063607124 0.3793756033677189 1.4508224919822654
1249 0.2595830709052565 0.37447526365425826 1.4426027951219342
1250 0.25766531474668636 0.36957499376178193 1.4343218609967556
1251 0.25573654765572784 0.36467479568145744 1.425978410298954
1252 0.25379655848044275 0.35977467148954473 1.4175711193391478
1253 0.25184512910794676 0.354874623351535 1.4090986179027007
1254 0.24988203414067245 0.34997465352753865 1.4005594869238118
1255 0.2479070405472254 0.3450747643777999 1.3919522560395552
1256 0.24591990729342997 0.3401749583684984 1.3832754009727402
1257 0.243920384946805 0.3352752380783162 1.374527340760938
1258 0.24190821526169376 0.33037560620508233 1.3657064347636374
1259 0.2398831307314785 0.3254760655733644 1.3568109795002523
1260 0.2378448541139833 0.32057661914230673 1.3478392052521582
1261 0.23579309792468672 0.3156772700140693 1.3387892724277193
1262 0.23372756389512184 0.31077802144379996 1.3296592676730767
1263 0.23164794239369269 0.3058788768484048 1.3204471996930343
1264 0.22955391180567072 0.3009798398188523 1.3111509947765443
1265 0.22744513786851225 0.29608091413083487 1.3017684919780588
1266 0.2253212729604306 0.2911821037584503 1.2922974379324836
1266 0.22318195533501597 0.2862834128872487 1.2827354812691367
1267 0.22318195533501597 0.2862834128872487 1.2827354812691367
1268 0.22102680829781074 0.2813848459303157 1.2730801665976137
1269 0.21885543932072543 0.2764864075439174 1.2633289279995261
1270 0.21666743908960984 0.2715881026464362 1.2534790819866206
1271 0.21446238047217073 0.2666899364371541 1.2435278198908204
1272 0.21223981740673456 0.26179191441884275 1.2334721995974345
1273 0.20999928369512855 0.25689404242090924 1.2233091365866813
1274 0.20774029170141595 0.25199632662532007 1.2130353941521999
1275 0.2054623309338845 0.24709877359626364 1.2026475727844113
1276 0.20316486650663285 0.24220139031054064 1.192142098558332
1277 0.20084733746392683 0.23730418419346258 1.181515210457214
1278 0.19850915495187926 0.2324071631577095 1.1707629464950746
1279 0.19614970022554384 0.2275103356457674 1.1598811284654698
1280 0.19376832246357603 0.22261371067764874 1.1488653452088122
1281 0.19136433637649622 0.21771729790572372 1.13771093416999
1282 0.188937019574852 0.21282110767205323 1.126412961054141
1283 0.18648560967939135 0.20792515107698933 1.1149661973085063
1283 0.18400930112661953 0.20302944005323656 1.1033650951890144
1284 0.18400930112661953 0.20302944005323656 1.1033650951890144
1285 0.18150724164343277 0.19813398745044167 1.0916037600288797
1286 0.17897852833887168 0.1932388071299703 1.0796759193599956
1287 0.17642220336278827 0.18834391407343715 1.0675748884403937
1288 0.17383724907699705 0.18344932450454837 1.0552935316141243
1289 0.17122258265801696 0.17855505602916705 1.042824218962958
1290 0.1685770500616722 0.17366112779419615 1.0301587774294543
1291 0.16589941924283325 0.16876756067084872 1.0172884356142156
1292 0.16318837252271484 0.16387437746576805 1.004203761165384
1293 0.16044249796168467 0.1589816031639487 0.9908945895489307
1294 0.15766027958326181 0.15408926521295055 0.9773499426757938
1295 0.1548400862458699 0.14919739385143999 0.9635579356015735
1296 0.1519801589378617 0.14430602249759603 0.9495056690695836
1297 0.14907859619993277 0.13941518820408116 0.9351791052359268
1298 0.14613333734193942 0.1345249321975259 0.9205629231798705
1299 0.14314214301504843 0.12963530052191513 0.9056403501538095
1300 0.14010257262787973 0.12474634480906402 0.8903929633069428
1301 0.1370119579396306 0.11985812320747366 0.8748004554484567
1302 0.13386737202138846 0.11497070151190389 0.8588403565099837
1303 0.13066559255121402 0.11008415454659902 0.8424877000687985
1304 0.12740305811139233 0.1051985678715035 0.8257146212261658
1305 0.12407581581330537 0.10031403990902754 0.8084898676787123
1306 0.1206794580249905 0.09543068461877195 0.7907782002054567
1307 0.11720904531176461 0.09054863489904807 0.7725396504868507
1308 0.11365901175438979 0.08566804696232462 0.7537285925681639
1309 0.11002304744264199 0.08078910603895399 0.734292567937382
1310 0.10629395108845507 0.07591203391798342 0.7141707796223643
1311 0.1024634443207875 0.07103709910535147 0.6932921255599415
1312 0.09852193005036895 0.0661646306634517 0.6715726197164965
1313 0.0944581743263499 0.06129503747872973 0.6489119434698938
1314 0.0902588955410806 0.05642883600500277 0.6251886383799107
1315 0.08590820225603124 0.05156669080551571 0.6002534036486072
1316 0.08138681856486854 0.04670947588848165 0.5739194222373041
1316 0.07667099457894377 0.04185837095160656 0.5459479322197571
1317 0.07667099457894377 0.04185837095160656 0.5459479322197571
1318 0.071730936310254 0.03701501908326878 0.516025873734168
1319 0.06652846241586825 0.032181798403193025 0.48372977872275424
1320 0.06101345350312611 0.027362322489694564 0.4484637554288353
1321 0.05511832727597725 0.022562439076522806 0.4093454970712874
1322 0.048749509829550945 0.017792445539615943 0.3649769116002584
1323 0.04177610209189064 0.013072753126791776 0.31292419522618387
1324 0.03403153332265641 0.008451462879440205 0.24834211257280212
1325 0.025496037113425817 0.004073067477067526 0.15975296313491447
1326 0.02068799017400164 0.0006468728113255543 0.03126803550682618
1327 0.01820536836382063 6.256467234142241e-05 0.003436605680869201
1328 0.016042732653109758 5.8158613458200435e-06 0.0003625231107178417
1329 0.014146729240315932 5.397129477303324e-07 3.815107637687984e-05
1330 0.012477789693127255 5.007945960904431e-08 4.013488032790614e-06
1331 0.011004542803421348 4.648656703334325e-09 4.2243069851925544e-07
