1 0.6657459945150943 1.9951109075347415 2.9968049736264795
2 0.6648221300915731 1.9901916043663428 2.9935700306670183
3 0.6639036834256267 1.9852870645584884 2.9903239191485653
4 0.6629877699784674 1.9803828158603356 2.9870578395807432
5 0.6620734077751418 1.9754785305341664 2.9837756770395663
6 0.6611598561382669 1.9705742473997445 2.98048078555399
7 0.6602461440297875 1.965669967226984 2.977177504179867
8 0.6593315939875601 1.9607656893057916 2.9738688501901005
9 0.6584158066283395 1.9558614131774206 2.9705565897531057
10 0.6574982501260835 1.950957138329285 2.967243088411512
11 0.6565783311505177 1.9460528642442951 2.9639309918044967
12 0.6556555544043602 1.941148590433844 2.9606225058175686
13 0.6547298090940237 1.9362443167847525 2.957318102659802
14 0.6538009128885199 1.9313400430448229 2.9540185780898978
15 0.6528686946954897 1.9264357691664316 2.9507246783596472
16 0.6519331912498475 1.9215314952135034 2.9474362112621657
16 0.6509947326176485 1.9166272214863422 2.9441516581548792
17 0.6509947326176485 1.9166272214863422 2.9441516581548792
18 0.6500536838523533 1.9117229483545826 2.940869340244816
19 0.6491112677962606 1.906818677091977 2.9375836958825965
20 0.6481678076134251 1.9019144078779404 2.934293227059287
21 0.6472232940437447 1.8970101410310278 2.9309979391792598
22 0.646277719949564 1.8921058764657623 2.927697827202559
23 0.645331081375903 1.8872016141374734 2.9243928715068126
24 0.6443833743638425 1.8822973540584302 2.9210830523315394
25 0.6434345949164462 1.8773930962414376 2.9177683498432785
26 0.6424847390131772 1.8724888406992375 2.9144487440671076
27 0.6415338026073384 1.867584587444046 2.9111242148952403
28 0.6405817816257595 1.8626803364888596 2.907794742088176
29 0.6396286719697803 1.857776087846564 2.904460305266515
30 0.638674469514296 1.8528718415299632 2.9011208839129727
31 0.6377191701082907 1.8479675975521792 2.8977764573681815
32 0.6367627695729333 1.8430633559261955 2.894427004836211
33 0.6358052637021876 1.8381591166655713 2.891072505380466
33 0.6348466482642492 1.833254879783579 2.88771293791332
34 0.6348466482642492 1.833254879783579 2.88771293791332
35 0.6338869189982825 1.8283506452936473 2.8843482812091303
36 0.6329260716175978 1.8234464132094084 2.880978513887323
37 0.6319641018053557 1.8185421835445577 2.877603614429142
38 0.6310010052177184 1.8136379563128322 2.8742235611606683
39 0.6300367774814175 1.8087337315284284 2.870838332261922
40 0.6290714141948174 1.8038295092052676 2.867447905758183
41 0.6281049109268881 1.798925289357548 2.864052259522843
42 0.6271372632180187 1.7940210719995175 2.860651371270602
43 0.6261684665786773 1.7891168571455687 2.8572452185609514
44 0.6251985164888146 1.7842126448106037 2.8538337787986814
45 0.624227408399641 1.7793084350088406 2.850417029221019
46 0.6232551377297133 1.774404227755328 2.8469949469150353
47 0.6222816998680079 1.7695000230648514 2.8435675087989574
48 0.6213070901733382 1.7645958209527275 2.8401346916231454
49 0.6203313039707716 1.759691621433912 2.8366964719820493
50 0.6193543365558009 1.7547874245237156 2.8332528262932697
51 0.6183761831918168 1.7498832302377088 2.8298037308058888
52 0.6173968391090233 1.7449790385915147 2.826349161602003
53 0.6164162995047399 1.740074849600603 2.8228890945918654
54 0.6154345595453108 1.7351706632812434 2.8194235055035013
55 0.6144516143622504 1.7302664796489422 2.8159523698946005
56 0.6134674590538082 1.7253622987202286 2.812475663144986
57 0.6124820886855349 1.72045812051121 2.808993360448358
58 0.6114954982865868 1.7155539450383739 2.805505436827195
59 0.6105076828529876 1.7106497723182352 2.802011867113826
60 0.6095186373458065 1.7057456023677429 2.7985126259560116
61 0.6085283566906079 1.7008414352033543 2.7950076878144685
62 0.6075368357775685 1.6959372708423237 2.7914970269609145
63 0.6065440694612901 1.69103310930213 2.7879806174744117
64 0.605550052559731 1.686128950599639 2.7844584332412725
65 0.6045547798534698 1.6812247947524617 2.7809304479570103
66 0.6035582460879829 1.6763206417784562 2.777396635111324
66 0.602560445969918 1.6714164916953886 2.773856968000903
67 0.602560445969918 1.6714164916953886 2.773856968000903
68 0.6015613741683353 1.6665123445209542 2.770311419719932
69 0.6005610253142407 1.6616082002737667 2.7667599631600104
70 0.5995593940004096 1.6567040589716124 2.7632025710041344
71 0.5985564747805531 1.6517999206332876 2.7596392157296137
72 0.5975522621689551 1.6468957852773585 2.7560698696036505
73 0.5965467506601491 1.6419916529226204 2.7524945045892273
74 0.5955399347075786 1.6370875235885034 2.7489130924399627
75 0.5945318087045615 1.6321833972937325 2.7453256047815726
76 0.5935223670047419 1.6272792740580497 2.741732013016198
77 0.5925116039190765 1.622375153900592 2.738132288329278
78 0.5914995137175052 1.6174710368415408 2.734526401680239
79 0.590486090627583 1.6125669229001751 2.7309143238010907
80 0.5894713288341006 1.607662812096963 2.727296025197215
81 0.5884552224790466 1.6027587044521452 2.723671476140592
82 0.5874377656598576 1.5978545999859253 2.7200406466735854
83 0.5864189524318776 1.592950498719376 2.7164035065944154
83 0.585398776803179 1.5880464006728665 2.7127600254737034
84 0.585398776803179 1.5880464006728665 2.7127600254737034
85 0.5843772327393448 1.5831423058678882 2.709110172630616
86 0.5833543141599156 1.5782382143254299 2.7054539171416594
87 0.5823300149379596 1.5733341260669638 2.7017912278393963
88 0.5813043289006833 1.5684300411143681 2.6981220733044577
89 0.5802772498274542 1.5635259594893616 2.6944464218686446
90 0.5792487714510407 1.558621881214124 2.690764241605063
91 0.578218887456101 1.5537178063108081 2.6870755003290485
92 0.5771875914796755 1.5488137348023299 2.6833801655919145
93 0.5761548771080403 1.5439096667109276 2.679678204687686
94 0.5751207378792834 1.5390056020598821 2.675969584638619
95 0.5740851672808347 1.5341015408725966 2.6722542721995373
96 0.5730481587503559 1.5291974831721715 2.668532233847304
97 0.5720097056731879 1.5242934289825936 2.664803435789049
98 0.5709698013838591 1.5193893783275154 2.661067843947215
99 0.5699284391639329 1.5144853312315123 2.657325423965884
100 0.5688856122428697 1.5095812877185018 2.6535761411980103
101 0.5678413137960567 1.504677247813481 2.649819960711583
102 0.566795536945151 1.4997732115413147 2.646056847279742
103 0.5657482747567892 1.494869178927106 2.6422867653811912
104 0.5646995202427931 1.4899651499961912 2.6385096791928904
105 0.5636492663585454 1.485061124774441 2.634725552591729
106 0.5625975060035451 1.480157103287673 2.630934349144353
107 0.561544232019576 1.47525308556245 2.6271360321105055
108 0.5604894371906978 1.4703490716247605 2.6233305644339864
109 0.5594331142432583 1.4654450615017296 2.619517908738792
110 0.5583752558428353 1.4605410552203326 2.615698027334198
111 0.5573158545962326 1.45563705280778 2.611870882199051
112 0.5562549030498426 1.4507330542919141 2.608036434982979
113 0.5551923936884677 1.44582905970059 2.6041946470035406
114 0.5541283189352062 1.440925069061997 2.6003454792399507
115 0.5530626711493204 1.4360210824045627 2.5964888923354112
116 0.55199544262854 1.4311170997573042 2.5926248465793233
116 0.550926625605062 1.4262131211492703 2.5887533019173183
117 0.550926625605062 1.4262131211492703 2.5887533019173183
118 0.5498562122466867 1.4213091466098027 2.584874217938541
119 0.5487841628462916 1.4164051760855454 2.580987703324567
120 0.547710501402114 1.4115012096853579 2.5770935668970725
121 0.546635219877638 1.4065972474396795 2.5731917671798397
122 0.5455583101751011 1.4016932893791674 2.569282262292518
123 0.5444797641257645 1.3967893355352161 2.5653650099888456
124 0.5433995734921182 1.3918853859390863 2.561439967636035
125 0.5423177299659708 1.3869814406225525 2.557507092216185
126 0.5412342251664948 1.3820774996180345 2.5535663403268316
127 0.5401490506415701 1.377173562957809 2.5496176681640934
128 0.5390621978661899 1.3722696306747653 2.545661031522378
129 0.5379736582412599 1.3673657028024746 2.5416963857908175
130 0.5368834230912786 1.362461779373933 2.537723685952385
131 0.5357914836664658 1.3575578604238803 2.533742886568481
132 0.5346978311398103 1.3526539459861386 2.5297539417781048
133 0.5336024566189609 1.347750036096088 2.5257568052361874
133 0.5325053511401026 1.342846130789241 2.521751430129642
134 0.5325053511401026 1.342846130789241 2.521751430129642
135 0.5314065056401578 1.3379422301011061 2.5177377692983955
136 0.5303059109748108 1.333038334067382 2.5137157751400214
137 0.5292035579176985 1.3281344427250852 2.5096853996050346
138 0.5280994371604673 1.3232305561106206 2.5056465941821227
139 0.5269935393097029 1.3183266742611202 2.5015993099041913
140 0.5258858548880603 1.3134227972144283 2.4975434973317596
141 0.5247763743315422 1.3085189250088067 2.4934791065538957
142 0.523665087990068 1.3036150576823795 2.4894060871728465
143 0.5225519861242206 1.2987111952745338 2.4853243883103437
144 0.5214370589050541 1.2938073378244832 2.481233958593776
145 0.5203202964147278 1.288903485372397 2.4771347461430957
146 0.5192016886419484 1.2839996379586107 2.4730266985785594
147 0.5180812254829611 1.2790957956239681 2.468909763004017
148 0.5169588967406403 1.274191958409809 2.464783885998338
149 0.5158346921216443 1.2692881263582627 2.460649013616437
150 0.5147086012357991 1.2643842995114127 2.456505091377269
151 0.5135806135963634 1.2594804779124935 2.4523520642513046
152 0.5124507186155012 1.2545766616047864 2.4481898766661945
153 0.5113189056060494 1.2496728506321653 2.4440184724853258
154 0.5101851637789495 1.2447690450393412 2.439837795006263
155 0.5090494822409275 1.2398652448713985 2.435647786956365
156 0.5079118499952944 1.234961450173709 2.431448390473958
157 0.5067722559372008 1.2300576609927223 2.4272395471174946
158 0.5056306888563569 1.2251538773750983 2.4230211978354594
159 0.504487137432775 1.2202500993680696 2.4187932829718046
160 0.5033415902354735 1.2153463270199043 2.4145557422571424
161 0.5021940357217358 1.2104425603789633 2.4103085147942016
162 0.5010444622344155 1.2055387994943458 2.40605153905549
163 0.4998928580024978 1.2006350444159288 2.401784752863842
164 0.4987392111374916 1.195731295194488 2.397508093392823
165 0.49758350963183323 1.1908275518806082 2.3932214971547445
166 0.49642574135901024 1.1859238145263644 2.388924899985627
166 0.49526589406948335 1.1810200831839686 2.384618237043953
167 0.49526589406948335 1.1810200831839686 2.384618237043953
168 0.4941039553904492 1.1761163579068257 2.3803014427954516
169 0.4929399128245587 1.171212638748424 2.3759744509981853
170 0.49177375374578997 1.1663089257635748 2.371637194705736
171 0.4906054654002612 1.1614052190073378 2.3672896062415525
172 0.4894350349033217 1.1565015185356173 2.362931617194224
173 0.4882624492362243 1.1515978244052503 2.3585631584133973
174 0.48708769524726975 1.1466941366735857 2.354184159982664
175 0.48591075964688735 1.1417904553991585 2.3497945512235634
176 0.4847316290070468 1.136886780640495 2.3453942606744307
177 0.4835502897589976 1.1319831124579094 2.340983216083051
178 0.48236672819123666 1.127079450911827 2.336561344390633
179 0.4811809304479675 1.1221757960637284 2.3321285717183566
180 0.47999288252542227 1.1172721479758172 2.3276848233611926
181 0.4788025702707637 1.1123685067113709 2.3232300237701824
182 0.4776099794089791 1.107464872335907 2.318764096400048
183 0.47641509548134586 1.1025612449137667 2.314286963975804
183 0.475217903872748 1.0976576245114376 2.309798548342076
184 0.475217903872748 1.0976576245114376 2.309798548342076
185 0.4740183898098874 1.092754011194982 2.3052987704406327
186 0.47281653835788473 1.0878504050327589 2.300787550306335
187 0.4716123344179922 1.082946806092865 2.2962648070460436
188 0.4704057627270024 1.078043214445257 2.2917304588185794
189 0.46919680785040063 1.0731396301602703 2.2871844228369764
190 0.4679854541847387 1.068236053309821 2.282626615330936
191 0.4667716859513308 1.0633324839663296 2.278056951546116
192 0.46555548719464834 1.0584289222036949 2.273475345724293
193 0.4643368417796885 1.0535253680965087 2.2688817110841475
194 0.46311573338906403 1.0486218217208951 2.264275959806243
195 0.4618921455199431 1.0437182831535616 2.2596580030142492
196 0.4606660614817114 1.0388147524728888 2.255027750756347
197 0.4594374643911524 1.0339112297580833 2.250385111993914
198 0.4582063371708078 1.0290077150894241 2.2457299945762994
199 0.4569726625463033 1.0241042085487604 2.241062305220483
200 0.45573642304121353 1.0192007102191232 2.236381949500126
201 0.4544976009761624 1.0142972201844862 2.2316888318134036
202 0.45325617846274646 1.0093937385301777 2.226982855376875
203 0.4520121374019375 1.0044902653431178 2.222263922196201
204 0.45076545948044366 0.9995868007114181 2.217531933044628
205 0.44951612616578185 0.9946833447244358 2.2127867874479676
206 0.44826411870449406 0.9897798974728313 2.208028383653247
207 0.44700941811689443 0.9848764590490978 2.2032566186145757
208 0.4457520051935847 0.9799730295466224 2.1984713879661224
209 0.444491860492464 0.9750696090607045 2.1936725859960626
210 0.4432289643329068 0.9701661976880476 2.188860105630103
211 0.44196329679304036 0.9652627955267422 2.184033838399819
212 0.44069483769552964 0.9603594026770385 2.1791936744685407
213 0.4394235666169041 0.9554560192408839 2.1743395025371144
214 0.43814946288489715 0.9505526453210833 2.1694712098067677
215 0.43687250556765533 0.945649281022379 2.1645886819854656
216 0.4355926734896879 0.9407459264525764 2.159691803160797
216 0.4343099451960989 0.9358425817201378 2.1547804559197643
217 0.4343099451960989 0.9358425817201378 2.1547804559197643
218 0.4330242989494102 0.930939246935143 2.1498545213138343
219 0.4317357127348271 0.92603592220906 2.144913878778041
220 0.43044416425405047 0.9211326076556134 2.139958406108059
221 0.4291496309205162 0.916229303390087 2.1349879794252553
222 0.4278520898533471 0.9113260095299722 2.130002473149876
223 0.42655151787357454 0.906422726194749 2.1250017599595163
224 0.42524789149694164 0.9015194535056977 2.119985710763204
225 0.42394118692983573 0.8966161915861671 2.114954194659462
226 0.4226313800616352 0.891712940561979 2.109907078911023
227 0.4213184464596809 0.886809700560927 2.104844228902739
228 0.4200023613636421 0.8819064717128092 2.0997655081020987
229 0.4186830996786634 0.8770032541500032 2.094670778025427
230 0.41736063596959416 0.8721000480072117 2.089559898194967
231 0.4160349444532231 0.8671968534212033 2.084432726104109
232 0.41470599899239374 0.8622936705315419 2.0792891171737247
233 0.4133737730889107 0.8573904994799786 2.074128924709421
233 0.41203823987641525 0.8524873404111575 2.0689519998601305
234 0.41203823987641525 0.8524873404111575 2.0689519998601305
235 0.4106993721133581 0.8475841934718187 2.0637581915705363
236 0.40935714217615876 0.842681058812262 2.0585473465359274
237 0.4080115220749897 0.8377779365866441 2.053319309038205
238 0.4066624833998152 0.8328748269509175 2.0480739211245766
239 0.40530999733074413 0.8279717300629154 2.042811022466015
240 0.40395403462795715 0.8230686460846781 2.0375304503214746
241 0.40259456561969365 0.8181655751816201 2.032232039501723
242 0.40123156021883793 0.8132625175210304 2.026915622184517
243 0.3998649878966379 0.8083594732734334 2.021581027950335
244 0.39849481767419986 0.8034564426122424 2.016228083721605
245 0.3971210181270122 0.7985534257159828 2.0108566136395716
246 0.3957435573622927 0.7936504227665991 2.005466439065825
247 0.3943624029950594 0.7887474339477661 2.000057378587501
248 0.39297752215077053 0.7838444594470493 1.9946292478945347
249 0.39158888145659637 0.7789414994556337 1.9891818597050015
250 0.3901964421878803 0.7740385541497886 1.9837150482707058
251 0.3888001590089799 0.7691356236831844 1.9782286757383247
252 0.3874000129143455 0.7642327083205013 1.9727224647498238
253 0.3859959684201437 0.7593298082683189 1.967196215484338
254 0.3845879894911867 0.7544269237382336 1.9616497247777993
255 0.383176039520801 0.7495240549453926 1.956082786081159
256 0.38176008132263956 0.7446212021098876 1.9504951893610392
257 0.38034007711441864 0.7397183654558028 1.9448867210311669
258 0.378915988506945 0.7348155452127563 1.9392571638588645
259 0.3774877764878062 0.7299127416144464 1.933606296886343
260 0.3760554014095382 0.7250099548995166 1.9279338953303693
261 0.3746188229738106 0.7201071853123838 1.9222397304972743
262 0.37317800021546205 0.7152044331017874 1.9165235696875198
263 0.37173289148786925 0.7103016985227164 1.910785176097057
264 0.3702834544471125 0.7053989818350712 1.905024308710567
265 0.368829646033223 0.7004962833043731 1.8992407222093928
266 0.3673714224568484 0.6955936032025896 1.8934341668459371
266 0.3659087391778553 0.6906909418074139 1.8876043883491216
267 0.3659087391778553 0.6906909418074139 1.8876043883491216
268 0.3644415508883948 0.6857882994024259 1.8817511278027657
269 0.362969811495895 0.680885676278027 1.8758741215196828
270 0.3614934741017225 0.6759830727311112 1.8699731009276612
271 0.36001249098080657 0.6710804890649872 1.864047792443859
272 0.3585268135621451 0.666177925590634 1.8580979173407413
273 0.3570363924073156 0.6612753826253889 1.8521231916072862
274 0.3555411771886186 0.6563728604948907 1.8461233258129128
275 0.3540411166655638 0.6514703595316468 1.840098024962005
276 0.35253615866189847 0.6465678800764585 1.8340469883446837
277 0.3510262500416925 0.6416654224782101 1.8279699093785649
278 0.34951133668273066 0.636762987094112 1.8218664754560863
279 0.34799136345275905 0.6318605742900543 1.8157363677671599
280 0.3464662741810162 0.6269581844410536 1.809579261136079
281 0.3449360116306157 0.6220558179307973 1.8033948238403796
282 0.34340051747079164 0.617153475153221 1.7971827174247452
283 0.3418597322460223 0.6122511565117704 1.790942596512533
283 0.3403135953454077 0.6073488624197487 1.7846741086065294
284 0.3403135953454077 0.6073488624197487 1.7846741086065294
285 0.33876204497111195 0.6024465933017071 1.7783768938845583
286 0.33720501810534176 0.5975443495922128 1.7720505849813357
287 0.3356424504767177 0.592642131737859 1.7656948067686937
288 0.33407427652289945 0.5877399401964855 1.7593091761322672
289 0.3325004293551573 0.5828377754377123 1.7528933017261144
290 0.3309208407201384 0.5779356379442563 1.7464467837280147
291 0.32933544096023737 0.5730335282109672 1.739969213578058
292 0.3277441589720934 0.5681314467467576 1.7334601737177948
293 0.3261469221638765 0.5632293940739349 1.7269192373090478
294 0.324543656411819 0.5583273707291873 1.7203459679418787
295 0.322934286013103 0.5534253772641434 1.7137399193397764
296 0.32131873363917657 0.5485234142457788 1.707100635040286
297 0.3196969202843618 0.5436214822570644 1.7004276480784606
298 0.3180687652165588 0.5387195818973954 1.6937204806344481
299 0.316434185921584 0.5338177137838157 1.6869786436921257
300 0.31479309804752714 0.5289158785504237 1.6802016366653898
301 0.31314541534694956 0.5240140768506852 1.6733889470171666
302 0.31149104961643725 0.519112309356834 1.6665400498539416
303 0.3098299106319232 0.5142105767612368 1.6596544075181852
304 0.3081619060856551 0.5093088797769656 1.6527314691368789
305 0.3064869415145287 0.5044072191392003 1.6457706701846198
306 0.3048049202313592 0.4995055956046962 1.6387714319885367
307 0.30311574324757484 0.4946040099549208 1.6317331612530093
308 0.30141930919727294 0.489702462994584 1.6246552495217996
309 0.2997155142541039 0.4848009555543122 1.6175370726497984
310 0.29800425204890924 0.47989948849127956 1.6103779902191369
311 0.2962854135779884 0.4749980626904024 1.6031773449602276
312 0.29455888711222394 0.47009667906474606 1.5959344621153597
313 0.29282455809831753 0.46519533855820955 1.588648648799523
314 0.29108230905923405 0.46029404214544184 1.5813191932999746
315 0.2893320194862239 0.45539279083436796 1.5739453643707444
316 0.2875735657270414 0.4504915856666228 1.5665264104775876
316 0.2858068208706721 0.4455904277201429 1.5590615590023762
317 0.2858068208706721 0.4455904277201429 1.5590615590023762
318 0.2840316546242683 0.4406893181098698 1.5515500154123183
319 0.28224793318399616 0.43578825798992754 1.5439909623920582
320 0.28045551909961114 0.43088724855576815 1.536383558929811
321 0.27865427113594154 0.42598629104521263 1.5287269393311942
322 0.27684404411986335 0.4210853867415443 1.5210202122290544
323 0.27502468878696407 0.4161845369751122 1.5132624594931965
324 0.2731960516163557 0.4112837431254435 1.5054527351039535
325 0.2713579746559732 0.4063830066243592 1.4975900639720292
326 0.2695102960510249 0.4014823289620821 1.4896734367657392
327 0.2676528501492096 0.3965817116922076 1.4817018069156502
328 0.2657854626714972 0.39168115640712226 1.4736741147172083
329 0.26390795550978036 0.3867806647707616 1.4655892582837564
330 0.26202014561898507 0.381880238517167 1.4574460968069065
331 0.2601218442691514 0.3769798794506557 1.4492434516979273
332 0.25821285679250344 0.372079589449208 1.440980104829584
333 0.25629298231665176 0.3671793704698786 1.432654796674167
333 0.2543620134819691 0.3622792245513992 1.424266224316077
334 0.2543620134819691 0.3622792245513992 1.424266224316077
335 0.25241973614291313 0.35737915382022223 1.4158130393492052
336 0.2504659290506198 0.35247916049488925 1.4072938456377924
337 0.24850036351510943 0.347579246891463 1.3987071969427094
338 0.2465228030489137 0.34267941542928587 1.3900515943804732
339 0.2445330029871647 0.33777966863733705 1.3813254837224027
340 0.24253071008048283 0.33288000916010363 1.3725272525266543
341 0.24051566206719324 0.32798043976605684 1.3636552270530657
342 0.2384875872139865 0.32308096335398784 1.3547076689743969
343 0.23644620382569834 0.3181815829623462 1.3456827718701754
344 0.23439121972205904 0.31328230177704985 1.336578657462254
345 0.23232233168121982 0.3083831231426226 1.3273933715755286
346 0.2302392248401635 0.30348405057092426 1.3181248798140661
347 0.22814157205659358 0.29858508775462794 1.3087710629107083
348 0.22602903321980014 0.293686238577186 1.2993297117348335
349 0.22390125451848877 0.2887875071281383 1.289798521893907
350 0.22175786764618569 0.283888897716787 1.2801750879465132
350 0.22175786764618569 0.283888897716787 1.2801750879465132
351 0.21959848895286818 0.27899041488801646 1.2704568971232557
352 0.21742271852474976 0.27409206343977605 1.2606413225790638
353 0.21523013919958836 0.26919384844222566 1.2507256160467164
354 0.21302031549660944 0.2642957752582563 1.2407068999128537
355 0.2107927924617993 0.2593978495656617 1.2305821586033157
356 0.2085470944210805 0.25450007738350183 1.2203482292092596
357 0.20628272362086816 0.2496024650976731 1.210001791310567
358 0.2039991587599495 0.24470501949264956 1.199539355849009
359 0.20169585338364435 0.23980774778405187 1.1889572530175676
360 0.19937223414615685 0.23491065765591368 1.178251618947622
361 0.19702769890129562 0.23001375730124385 1.1674183811915357
362 0.19466161462450518 0.22511705546831928 1.1564532427338665
363 0.19227331513263843 0.22022056150979025 1.1453516644151718
364 0.1898620985846892 0.21532428544085 1.1341088455566777
365 0.18742722473007128 0.21042823800142957 1.1227197025644693
366 0.18496791188281952 0.20553243072688854 1.1111788452101736
366 0.1824833335755659 0.2006368760283602 1.099480550344489
367 0.1824833335755659 0.2006368760283602 1.099480550344489
368 0.17997261485880492 0.1957415872820173 1.0876187326365387
369 0.17743482819793102 0.19084657893029053 1.0755869119302695
370 0.17486898890921931 0.18595186659798887 1.0633781767590769
371 0.17227405007202679 0.18105746722159688 1.0509851434147963
372 0.16964889684056994 0.17616339920023702 1.0383999099374586
373 0.1669923400727895 0.1712696825659824 1.0256140041592834
374 0.164303109158411 0.16637633917979192 1.0126183249483247
375 0.1615798439379523 0.16148339296021624 0.9994030754369766
376 0.1588210855523406 0.15659087014434675 0.9859576869139403
377 0.15602526605283656 0.15169879959541435 0.9722707317418893
378 0.15319069655756043 0.1468072131592806 0.9583298232743444
379 0.1503155536966614 0.14191614608516945 0.9441215003708661
380 0.1473978640362319 0.1370256375221793 0.9296310934905881
381 0.1444354860939293 0.13213573110785312 0.9148425686878817
382 0.14142608948849003 0.12724647567336667 0.8997383448385782
383 0.13836713062488862 0.12235792608877405 0.8842990783734954
383 0.13525582419350438 0.1174701442885704 0.8685034081823434
384 0.13525582419350438 0.1174701442885704 0.8685034081823434
385 0.13208910958265235 0.11258320052075589 0.8523276512081339
386 0.12886361101618662 0.10769717488278298 0.835745436849935
387 0.12557558995655402 0.10281215922604034 0.8187272642844898
388 0.12222088783607352 0.09792825953946276 0.801239962115209
389 0.11879485661108767 0.09304559896222565 0.7832460227368234
390 0.11529227383180367 0.08816432163773531 0.7647027741542812
391 0.11170723778651556 0.08328459770151402 0.7455613382964473
392 0.10803303671646158 0.07840662982659313 0.7257653048518434
393 0.10426198385532028 0.07353066194443193 0.705249020069167
394 0.10038520675718333 0.06865699106252511 0.6839353454597749
395 0.096392374528249 0.06378598358380234 0.661732672278024
396 0.09227133925504792 0.05891809834082785 0.6385308679434236
397 0.08800765883989928 0.05405391996513063 0.6141956356714794
398 0.08358394419125226 0.049194208489246376 0.5885605060307139
399 0.07897893703607389 0.044339975343349915 0.5614151950803983
400 0.0741662251979185 0.03949260571213156 0.5324877409729616
401 0.06911234997311119 0.03465406341960861 0.5014163667288277
402 0.06377395569097691 0.029827254838586434 0.46770275601402844
403 0.05809340427406232 0.02501672393056529 0.4306293329367653
404 0.051991944216596295 0.02023010742814635 0.38910080653780815
405 0.04535959190984978 0.01548157531699085 0.34130764112163553
406 0.03804556761267151 0.01080142280981423 0.28390752162721555
407 0.029900588150078126 0.006269400794225531 0.20967483190490854
408 0.02174512320513261 0.0021756113438803296 0.10005054114233804
409 0.01892685601253957 0.00024110837226685444 0.012738955276413232
410 0.01668049029633202 2.2673937281783e-05 0.0013593088020181826
411 0.01470225305782495 2.104309508774619e-06 0.00014312836954296924
412 0.012968199029332411 1.9531695136489786e-07 1.506122406998195e-05
413 0.011438427613636708 1.813064336254692e-08 1.5850643090954093e-06
414 0.010086797317276575 1.6828549201785548e-09 1.6683738824573943e-07
