1 0.33287342839630085 1.9951130300652122 5.993608560698753
2 0.3324119729794804 1.9901958794614125 5.987136569188097
3 0.33195320135016004 1.9852935021766314 5.980642735487431
4 0.33149562453552495 1.9803914315344497 5.974110319885142
5 0.3310387947708268 1.9754893376140006 5.967546308225301
6 0.33058235101579586 1.9705872569745737 5.960957234769062
7 0.3301258006549931 1.9656851874532288 5.954351897225753
8 0.3296687351234367 1.9607831257884394 5.947737582862598
9 0.3292109724692092 1.9558810705762602 5.941117502574103
10 0.32875229989287796 1.9509790201897084 5.934495426573209
11 0.32829245505816523 1.9460769727217386 5.9278760225450275
12 0.3278312097327698 1.9411749264685896 5.92126334783967
13 0.32736845899358485 1.9362728806887088 5.91465923944326
14 0.32690416820301027 1.9313708351299699 5.90806426772317
15 0.32643830414956415 1.9264687897600736 5.901478978635497
16 0.32597087629864546 1.9215667447891542 5.894903147815783
16 0.32550201871782375 1.916664701354188 5.888334299443273
17 0.32550201871782375 1.916664701354188 5.888334299443273
18 0.3250319538114769 1.911762661244856 5.881768357931064
19 0.3245612204441951 1.906860628670364 5.8751955210811415
20 0.32408996460753137 1.9019586046844976 5.868613077815428
21 0.32361818304463047 1.897056589610669 5.862021014279795
22 0.32314587299054137 1.8921545834089613 5.855419306142108
23 0.32267303248091583 1.8872525860710692 5.848807914193104
24 0.3221996595453713 1.882350597645498 5.842186799022457
25 0.3217257521988322 1.8774486181826484 5.835555921001785
26 0.3212513084434167 1.8725466477324881 5.828915240238803
27 0.3207763262688628 1.8676446863454528 5.822264716567838
28 0.32030080365155517 1.862742734072317 5.815604309562502
29 0.3198247385554705 1.8578407909644954 5.808933978514832
30 0.3193481289310818 1.8529388570736272 5.802253682449187
31 0.3188709727158754 1.848036932451647 5.795563380108321
32 0.3183932678343192 1.8431350171515641 5.788863029951586
33 0.3179150121974048 1.8382331112258907 5.782152590153452
33 0.3174362037024593 1.8333312147284468 5.77543201860766
34 0.3174362037024593 1.8333312147284468 5.77543201860766
35 0.31695684023347076 1.828429327713043 5.768701272912173
36 0.31647691965995883 1.823527450233595 5.761960310385031
37 0.3159964398388847 1.8186255823454944 5.755209088028797
38 0.31551539861184835 1.813723724103635 5.74844756257017
39 0.31503379380700575 1.8088218755637704 5.741675690424123
40 0.31455162323814556 1.8039200367819215 5.7348934277035415
41 0.31406888470450917 1.7990182078149972 5.7281007302191
42 0.31358557599089704 1.7941163887200775 5.7212975534696096
43 0.3131016948676809 1.7892145795546817 5.714483852637134
44 0.31261723909701555 1.7843127803769236 5.707659582468489
45 0.3121322064298545 1.7794109912452687 5.700824697323107
46 0.31164659459134936 1.7745092122187296 5.693979151434585
47 0.3111604012917161 1.769607443356982 5.687122898707012
48 0.3106736242252886 1.7647056847199565 5.680255892725092
49 0.31018626107144276 1.7598039363682363 5.673378086732586
50 0.3096983094932103 1.7549021983629165 5.666489433651203
51 0.3092097671385592 1.7500004707653511 5.659589886050278
52 0.3087206316391977 1.7450987536379845 5.652679396165152
53 0.3082309006103653 1.7401970470433725 5.645757915891618
54 0.3077405716515176 1.735295351044782 5.638825396768982
55 0.30724964234547925 1.7303936657061108 5.631881789988912
56 0.30675811025853206 1.7254919910914044 5.624927046385768
57 0.3062659729400232 1.7205903272660765 5.617961116441178
58 0.3057732279226853 1.7156886742950022 5.610983950265305
59 0.3052798727216923 1.7107870322450507 5.603995497615677
60 0.3047859048354174 1.7058854011823792 5.596995707867618
61 0.30429132174201595 1.700983781174306 5.589984530076191
62 0.3037961208980794 1.696082172289057 5.582961912993207
63 0.3033002997494106 1.6911805745951216 5.575927804860035
64 0.3028038531164974 1.6862789881141762 5.568882201328581
65 0.3023067744897046 1.6813774128338863 5.561825121756071
66 0.3018090678262352 1.6764758489433509 5.554756392901264
66 0.30131073049792967 1.671574296513735 5.547675961461388
67 0.30131073049792967 1.671574296513735 5.547675961461388
68 0.30081175985930864 1.6666727556166792 5.540583773706824
69 0.3003121532459511 1.6617712263248952 5.533479775505221
70 0.2998119079744417 1.6568697087114082 5.526363912312157
71 0.29931102134197957 1.6519682028500406 5.519236129172052
72 0.2988094906264416 1.6470667088151518 5.512096370708124
73 0.2983073130857952 1.6421652266821223 5.504944581126726
74 0.297804485958432 1.6372637565267183 5.497780704200843
75 0.2973010064626269 1.632362298425528 5.490604683273175
76 0.29679687179637093 1.6274608524559095 5.483416461250617
77 0.2962920791371821 1.622559418695984 5.476215980599148
78 0.2957866256422742 1.6176579972242364 5.469003183330676
79 0.29528050844781495 1.6127565881204047 5.461778011010936
80 0.2947737246682674 1.6078551914646817 5.45454040476006
81 0.2942662713976675 1.602953807338035 5.447290305220964
82 0.29375814570832043 1.5980524358223982 5.440027652574928
83 0.29324934465029406 1.5931510770002355 5.432752386540203
83 0.2927398652587232 1.588249730955132 5.425464446229209
84 0.2927398652587232 1.588249730955132 5.425464446229209
85 0.2922297045480756 1.583348397771627 5.418163770244463
86 0.291718859502179 1.5784470775344621 5.410850296851211
87 0.2912073270818873 1.573545770329256 5.403523963827929
88 0.29069510422517714 1.568644476242869 5.396184708455811
89 0.2901821878473825 1.563743195362503 5.388832467501187
90 0.2896685748392479 1.5588419277766266 5.381467177244575
91 0.2891542620688596 1.5539406735742285 5.374088773431847
92 0.2886392463799338 1.5490394328452843 5.366697191297037
93 0.2881235245920867 1.5441382056809576 5.359292365547327
94 0.28760709350055924 1.539236992172884 5.351874230354791
95 0.2870899498759594 1.5343357924136563 5.344442719351841
96 0.2865720904636042 1.5294346064970683 5.336997765633121
97 0.2860535119838463 1.5245334345178372 5.329539301737113
98 0.28553421113119126 1.5196322765714103 5.322067259650374
99 0.28501418457465044 1.5147311327542297 5.314581570790185
100 0.2844934289566398 1.509830003163756 5.307082166013304
101 0.28397194089387334 1.5049288878984135 5.29956897558706
102 0.28344971697589527 1.5000277870579721 5.292041929205861
103 0.2829267537653456 1.4951267007425868 5.284500955970457
104 0.2824030477976094 1.490225629054039 5.276945984386271
105 0.2818785955805413 1.4853245720948063 5.269376942352488
106 0.2813533935941297 1.480423529968353 5.261793757156378
107 0.28082743828992646 1.4755225027797285 5.254196355472922
108 0.28030072609110257 1.4706214906344248 5.24658466334635
109 0.27977325339191206 1.4657204936394266 5.238958606190334
110 0.279245016557383 1.4608195119029959 5.231318108779238
111 0.2787160119231148 1.455918545533684 5.223663095234394
112 0.27818623579480806 1.4510175946424306 5.215993489026216
113 0.2776556844478321 1.4461166593400714 5.208309212958966
114 0.27712435412713626 1.4412157397399106 5.200610189167007
115 0.27659224104680535 1.4363148359553897 5.19289633909989
116 0.2760593413894878 1.431413948101542 5.18516758352322
116 0.27552565130608003 1.4265130762947578 5.177423842508412
117 0.27552565130608003 1.4265130762947578 5.177423842508412
118 0.2749911669157807 1.4216122206526536 5.169665035415626
119 0.27445587634477925 1.416711381127725 5.161891230005992
120 0.2739197836468769 1.411810557997542 5.154102194449651
121 0.2733828848411057 1.406909751383415 5.146297845972079
122 0.2728451759153687 1.4020089614082472 5.1384781010133125
123 0.2723066528326474 1.3971081881966931 5.130642875094645
124 0.2717673115151658 1.3922074318746152 5.122792083097616
125 0.2712271478470121 1.3873066925687865 5.11492563919637
126 0.27068615767724563 1.3824059704073486 5.107043456783147
127 0.2701443368191259 1.3775052655200999 5.099145448465955
128 0.2696016810500001 1.3726045780378613 5.091231526050088
129 0.26905818611061677 1.3677039080937365 5.083301600537209
130 0.2685138477047546 1.3628032558210832 5.075355582105987
131 0.2679686614987143 1.357902621355997 5.067393380111772
132 0.26742262312118514 1.3530020048354436 5.059414903062699
133 0.2668757281624905 1.3481014063977121 5.051420058615838
133 0.26632797217400783 1.3432008261835984 5.043408753572478
134 0.26632797217400783 1.3432008261835984 5.043408753572478
135 0.2657793506676952 1.3383002643345934 5.035380893859864
136 0.26522985911611635 1.3333997209943511 5.027336384515422
137 0.2646794929514082 1.3284991963077344 5.0192751296815805
138 0.2641282475646683 1.323598690421735 5.011197032599361
139 0.2635761183059902 1.318698203484847 5.00310199558348
140 0.2630231004835931 1.3137977356470454 4.994989920016541
141 0.2624691893634476 1.3088972870606954 4.986860706336975
142 0.26191438016842106 1.3039968578794068 4.978714254027925
143 0.26135866807797303 1.2990964482584713 4.970550461601306
144 0.26080204822762837 1.2941960583557508 4.962369226587419
145 0.2602445157082237 1.2892956883301991 4.954170445519431
146 0.2596860655658758 1.2843953383432367 4.945954013914613
147 0.259126692800115 1.2794950085576122 4.9377198262804525
148 0.25856639236501144 1.274594699138801 4.929467776073114
149 0.2580051591672447 1.26969441025356 4.92119775570269
150 0.257442988066026 1.2647941420710263 4.912909656512557
151 0.25687987387216366 1.259893894762349 4.90460336876892
152 0.25631581134796017 1.2549936685008876 4.896278781636212
153 0.25575079520615857 1.2500934634617464 4.887935783167582
154 0.25518482010927634 1.245193279822315 4.879574260291396
155 0.2546178806690772 1.240293117762789 4.87119409879457
156 0.2540499714457561 1.2353929774644394 4.8627951833020235
157 0.2534810869464648 1.2304928591119 4.854377397284003
158 0.25291122162543317 1.2255927628918033 4.845940623018032
159 0.2523403698908639 1.220692688993299 4.837484741427791
160 0.2517685260943485 1.2157926376086052 4.829009632256398
161 0.25119568452825397 1.2108926089309926 4.820515174076543
162 0.25062183942843835 1.2059926031564177 4.812001244212288
163 0.2500469849745676 1.2010926204833425 4.803467718698972
164 0.24947111528903435 1.196192661112875 4.794914472270587
165 0.2488942244353187 1.1912927252485315 4.786341378355761
166 0.24831630641828797 1.186392813096544 4.777748309038027
166 0.2477373551829202 1.181492924865864 4.769135135044503
167 0.2477373551829202 1.181492924865864 4.769135135044503
168 0.24715736461355373 1.1765930607681072 4.76050172572355
169 0.2465763285325731 1.1716932210176976 4.751847949033417
170 0.24599424070035278 1.166793405831522 4.743173671503963
171 0.24541109481358744 1.1618936154299389 4.73447875823424
172 0.24482688450455528 1.1569938500359083 4.725763072863761
173 0.24424160334060477 1.152094109875031 4.717026477542359
174 0.24365524482277112 1.1471943951765355 4.708268832919959
175 0.24306780238531522 1.1422947061724233 4.6994899981102325
176 0.24247926939395648 1.1373950430974527 4.690689830682082
177 0.2418896391457347 1.1324954061903096 4.681868186623731
178 0.24129890486680622 1.1275957956923583 4.673024920335947
179 0.24070705863396777 1.1226962118225463 4.664159905380171
180 0.24011408903488057 1.117796654714161 4.655273079589188
181 0.2395199946932551 1.1128971247528334 4.646364184243081
182 0.23892476854380854 1.1079976221939793 4.637433067098777
183 0.2383284034473291 1.1030981472959371 4.628479574150814
183 0.23773089218738766 1.0981987003209508 4.6195035496493775
184 0.23773089218738766 1.0981987003209508 4.6195035496493775
185 0.237132227469579 1.0932992815351603 4.61050483606416
186 0.23653240192074523 1.0883998912081507 4.601483274045643
187 0.23593140808717963 1.083500529613338 4.592438702408671
188 0.23532923843405312 1.0786011970281162 4.58337095809017
189 0.2347258853436795 1.0737018937337146 4.574279876127119
190 0.23412134111435656 1.0688026200156906 4.565165289624896
191 0.23351559796541124 1.0639033761642516 4.556027029602703
192 0.23290864802669903 1.0590041624738364 4.546864925137686
193 0.2323004833364 1.0541049792424524 4.537678803345309
194 0.2316910958434615 1.0492058267718596 4.528468489271332
195 0.23108047740576737 1.0443067053690527 4.519233805871428
196 0.23046861978911898 1.0394076153446163 4.509974573960153
197 0.22985551466537582 1.0345085570148735 4.500690612191374
198 0.229241153610986 1.0296095306996373 4.491381737010658
199 0.22862552810586087 1.024710536724506 4.482047762619197
200 0.22800862953142706 1.0198115754192578 4.472688500935419
201 0.22739044916911608 1.0149126471192873 4.4633037615597955
202 0.22677097819837833 1.0100137521640702 4.453893351734428
203 0.22615020769574085 1.005114890899586 4.444457076297947
204 0.2255281286323738 1.000216063675835 4.434994737646475
205 0.22490473187143947 0.9953172708492214 4.4255061357186865
206 0.22428000816857588 0.9904185127815839 4.415991067902737
207 0.2236539481691189 0.9855197898394306 4.40644932900633
208 0.22302654240647946 0.980621102396177 4.396880711215687
209 0.2223977812990026 0.9757224508299669 4.387285004062866
210 0.22176765514975458 0.9708238355255561 4.377661994351616
211 0.22113615414304985 0.9659252568737537 4.368011466134616
212 0.22050326834338296 0.961026715271265 4.358333200643029
213 0.21986898769286176 0.9561282111215469 4.348626976248131
214 0.21923330200912663 0.9512297448341004 4.338892568404142
215 0.21859620098347268 0.9463313168255123 4.329129749592772
216 0.21795767417793996 0.9414329275187092 4.31933828927779
216 0.21731771103026096 0.9365345773455708 4.3095179537169
217 0.21731771103026096 0.9365345773455708 4.3095179537169
218 0.2166763008404079 0.9316362667435486 4.299668506108297
219 0.2160334327700961 0.9267379961569905 4.289789706499873
220 0.21538909584293983 0.9218397660376372 4.279881311679009
221 0.2147432789419045 0.9169415768444139 4.2699430751100635
222 0.21409597080616294 0.9120434290443464 4.2599747468862335
223 0.21344716002960645 0.9071453231122032 4.249976073639848
224 0.2127968350568473 0.9022472595305447 4.239946798501562
225 0.21214498418145036 0.8973492387904611 4.2298866610155
226 0.21149159554263 0.8924512613914592 4.219795397077939
227 0.2108366571227994 0.8875533278413629 4.209672738855927
228 0.2101801567442054 0.8826554386570454 4.199518414724848
229 0.20952208206592193 0.8777575943643288 4.189332149191606
230 0.2088624205813526 0.8728597954981935 4.179113662805664
231 0.20820115961398125 0.8679620426032549 4.168862672102855
232 0.20753828631527468 0.8630643362331638 4.158578889497377
233 0.2068737876606577 0.8581666769523753 4.148262023219955
233 0.20620765044624664 0.8532690653345405 4.137911777220735
234 0.20620765044624664 0.8532690653345405 4.137911777220735
235 0.20553986128826385 0.8483715019652699 4.127527851035439
236 0.2048704066188551 0.8434739874411316 4.117109939701281
237 0.20419927267474638 0.8385765223680016 4.106657733809399
238 0.20352644549938395 0.8336791073627384 4.096170919298356
239 0.2028519109377726 0.8287817430537784 4.08564917738447
240 0.20217565463350884 0.8238844300806722 4.075092184438119
241 0.20149766202500902 0.818987169095673 4.064499611881471
242 0.20081791833855794 0.814089960763511 4.0538711261364675
243 0.20013640858501924 0.8091928057623405 4.043206388499723
244 0.19945311755968476 0.8042957047815805 4.032505054933029
245 0.19876802984158315 0.7993986585270001 4.021766775895076
246 0.19808112977535902 0.7945016677146861 4.010991196464394
247 0.1973924014732298 0.7896047330747962 4.0001779560997015
248 0.1967018288092357 0.7847078553517779 3.98932668853221
249 0.19600939541556706 0.7798110353044317 3.978437021608706
250 0.1953150844695521 0.7749142737001914 3.967508581350734
251 0.1946188743394301 0.7700175711769228 3.956541079535553
252 0.19392075290833574 0.7651209286930318 3.945534024688406
253 0.1932207027846373 0.7602243470699774 3.9344870198372024
254 0.1925187063075187 0.7553278271452829 3.923399661427
255 0.1918147455408242 0.7504313697740201 3.912271539177914
256 0.1911088022661788 0.7455349758284303 3.90110223594013
257 0.19040085797714873 0.7406386461987245 3.8898913275254965
258 0.18969089387289617 0.7357423817939751 3.8786383825412565
259 0.18897889089573336 0.7308461835430801 3.867342961316854
260 0.18826482974208641 0.7259500523968309 3.8560046153673357
261 0.18754869054508497 0.721053989318034 3.844622893513081
262 0.1868304532574174 0.7161579952946114 3.8331973337766287
263 0.1861100975010813 0.711262071335856 3.8217274660861618
264 0.1853876025611559 0.706366218472767 3.8102128120446994
265 0.18466294737644687 0.7014704377589783 3.7986528847554206
266 0.18393611053306758 0.696574730270859 3.787047188570569
266 0.1832070702542203 0.6916790971085403 3.7753952189113558
267 0.1832070702542203 0.6916790971085403 3.7753952189113558
268 0.18247580439275246 0.6867835393972496 3.763696462019965
269 0.18174229042172782 0.6818880582865753 3.7519503947280155
270 0.181006505425175 0.6769926549526559 3.740156484223785
271 0.18026842608876906 0.6720973305977344 3.728314187792239
272 0.17952802868959286 0.6672020864523701 3.71642295257402
273 0.17878528908623367 0.6623069237745403 3.7044822152850014
274 0.17804018270872304 0.6574118438523734 3.6924914019432964
275 0.1772926845468951 0.6525168480033433 3.6804499275927443
276 0.17654276913986508 0.6476219375762744 3.6683571960016064
277 0.17579041056410208 0.6427271139523324 3.6562125993667984
278 0.17503558242199554 0.6378323785450293 3.644015517983486
279 0.17427825782851647 0.6329377328027254 3.6317653199489364
280 0.17351840939984797 0.6280431782081949 3.619461360788299
281 0.17275600923927167 0.6231487162812501 3.6071029831337014
282 0.1719910289238008 0.6182543485786803 3.5946895163502557
283 0.1712234394901555 0.6133600766962466 3.5822202761644193
283 0.17045321141982847 0.6084659022695311 3.5696945642805855
284 0.17045321141982847 0.6084659022695311 3.5696945642805855
285 0.1696803146244355 0.6035718269757661 3.5571116679721566
286 0.16890471843021773 0.5986778525346522 3.5444708596580354
287 0.168126391561054 0.5937839807099997 3.5317713964875703
288 0.1673453021223157 0.5888902133115178 3.519012519879927
289 0.1665614175838707 0.5839965521963184 3.5061934550494054
290 0.16577470476056885 0.5791029992696274 3.4933134105473775
291 0.16498512979559868 0.5742095564883821 3.4803715777280937
292 0.16419265813934172 0.5693162258609895 3.467367130251589
293 0.16339725453021886 0.5644230094507392 3.454299223530431
294 0.16259888297403705 0.5595299093766489 3.441166994154516
295 0.16179750672117427 0.5546369278163146 3.427969559333944
296 0.16099308824570863 0.5497440670076001 3.4147060162519365
297 0.16018558922077858 0.544851329250999 3.4013754414577715
298 0.15937497049509688 0.5399587169120177 3.387976890189475
299 0.15856119206707628 0.535066232423087 3.3745093956958745
300 0.15774421305895409 0.5301738782871909 3.36097196851873
301 0.15692399168982527 0.525281657079595 3.3473635957327836
302 0.15610048524687406 0.5203895714509373 3.3336832401765917
303 0.15527365005603438 0.5154976241302774 3.3199298396363273
304 0.1544434414509904 0.5106058179279359 3.3061023060015575
305 0.1536098137414211 0.505714155739228 3.292199524377533
306 0.15277272017957289 0.5008226405472211 3.27822035215804
307 0.15193211292534833 0.49593127542655574 3.2641636180642797
308 0.15108794301013517 0.4910400635475426 3.250028121136066
309 0.15024016029869558 0.4861490081793497 3.235812629677889
310 0.14938871345043758 0.48125811269493907 3.2215158801444876
311 0.14853354987702894 0.4763673805750391 3.207136576008747
312 0.1476746157002264 0.4714768154124382 3.1926733865318964
313 0.14681185570649813 0.46658642091744934 3.1781249455100884
314 0.1459452133003671 0.4616962009226025 3.163489849937005
315 0.14507463045437002 0.45680615938806235 3.148766658631886
316 0.14420004765839523 0.45191630040736497 3.133953890763882
316 0.14332140386536468 0.4470266282133558 3.1190500243305608
317 0.14332140386536468 0.4470266282133558 3.1190500243305608
318 0.14243863643481805 0.4421371471844146 3.1040534945498646
319 0.1415516810736759 0.4372478618515652 3.088962692177305
320 0.1406604717746041 0.4323587769049065 3.0737759617195297
321 0.1397649407502706 0.4274698972013237 3.0584915995859006
322 0.13886501836624526 0.4225812277728933 3.043107852104044
323 0.13796063306763368 0.41769277383430725 3.0276229134838633
324 0.13705171130534413 0.41280454079269246 3.0120349236135056
325 0.13613817745625523 0.40791653425652397 2.9963419657766335
326 0.13521995378158463 0.40302876004769933 2.980542063331093
327 0.1342969611058332 0.39814122424754794 2.9646331604911844
328 0.13336911617773012 0.39325393308963486 2.948613174924077
329 0.13243633420006568 0.3883668930952111 2.93247993793397
330 0.13149852783949975 0.3834801110432633 2.91623121067423
331 0.13055560711796252 0.3785935939851546 2.899864680979035
332 0.12960747929838567 0.37370734925838 2.8833779599865634
333 0.12865404876462733 0.36882138450239454 2.866768578555608
333 0.12769521689349062 0.36393570767585004 2.8500339834921573
334 0.12769521689349062 0.36393570767585004 2.8500339834921573
335 0.12673088192147086 0.3590503270730905 2.8331715334828727
336 0.1257609388004315 0.3541652513441945 2.816178494868069
337 0.12478527904718976 0.3492804895148372 2.7990520370816383
338 0.12380379058482376 0.3443960510080929 2.781789227787263
339 0.12281635757099404 0.33951194566827153 2.76438702777858
340 0.12182286021871881 0.33462818378517345 2.746842285465859
341 0.1208231746045829 0.32974477612202063 2.7291517310414486
342 0.11981717246566496 0.32486173394412227 2.711311970220423
343 0.11880472098169687 0.3199790690497642 2.6933194775909652
344 0.1177856825452335 0.3150967938050608 2.6751705894649245
345 0.11675991451556225 0.310214921179424 2.656861496229318
346 0.11572726895540053 0.3053334647853068 2.638388234176489
347 0.11468759235105791 0.3004524389213555 2.619746676708259
348 0.11364072531181343 0.2955718586176782 2.600932524908412
349 0.11258650224967315 0.2906917396872305 2.581941297390953
350 0.11152475103545452 0.28581209877937225 2.5627683193707425
350 0.11152475103545452 0.28581209877937225 2.5627683193707425
351 0.11045529262909716 0.28093295343952207 2.543408710915099
352 0.10937794068468361 0.2760543221736391 2.5238573742163672
353 0.10829250112460523 0.2711762245194895 2.5041089798772345
354 0.10719877168089971 0.26629868112213795 2.4841579520596886
355 0.10609654140254979 0.26142171382002505 2.463998452391987
356 0.10498559012239993 0.25654534573583976 2.4436243625124203
357 0.10386568788315585 0.251669601379017 2.423029265084479
358 0.10273659431427541 0.2467945067567837 2.402206423174096
359 0.10159805795868007 0.24192008949720184 2.381148757740928
360 0.10044981554227263 0.2370463789846062 2.3598488230657746
361 0.09929159118020288 0.2321734065105329 2.338298779895316
362 0.09812309551337083 0.227301205438457 2.316490365996287
363 0.09694402476809195 0.22242981138994952 2.294414863856156
364 0.09575405972830384 0.21755926244919502 2.27206306517453
365 0.09455286461535185 0.2126895993924694 2.2494252316702052
366 0.0933400858558234 0.20782086594391952 2.226491051925187
366 0.09211535073633527 0.20295310906370564 2.203249593486593
367 0.09211535073633527 0.20295310906370564 2.203249593486593
368 0.09087826591865195 0.1980863792687706 2.179689249859632
369 0.08962841580791645 0.19322073099835507 2.1557976815349313
370 0.08836536075151843 0.1883562230223483 2.131561750220226
371 0.08708863504487266 0.18349291890852754 2.1069674454535003
372 0.085797744725113 0.1786308875492851 2.0819998022279
373 0.08449216511405229 0.17377020376569438 2.056642808609882
374 0.08317133808722904 0.16891094899696185 2.03087930147054
375 0.08183466902176732 0.1640532120913242 2.004690848663266
376 0.08048152338186138 0.1591970902199388 1.9780576153435243
377 0.079111222885243 0.15434268993193695 1.9509582117801803
378 0.07772304118671998 0.14949012838184478 1.923369519505976
379 0.07631619900811318 0.1446395347618659 1.8952664918032573
380 0.07488985923241007 0.13979105203694617 1.8666219094246719
381 0.07344311957553427 0.13494483882742855 1.8374061397084505
382 0.07197500493675951 0.13010107170796056 1.8075868396573676
383 0.07048446097824373 0.12525994816298067 1.7771285532231613
383 0.06897034395333264 0.1204216898651148 1.7459923057161446
384 0.06897034395333264 0.1204216898651148 1.7459923057161446
385 0.06743140989972471 0.11558654671871262 1.7141351024781777
386 0.06586630214084527 0.11075480177387645 1.6815093329065873
387 0.06427353677772081 0.10592677724277076 1.6480620571589308
388 0.06265148577459556 0.10110284192565154 1.6137341465355566
389 0.060998357169295574 0.09628342045776427 1.578459239328989
390 0.059312171830563705 0.09146900493142146 1.5421624619095007
391 0.05759073606276371 0.08666016965830438 1.5047588480873058
392 0.055831609228410614 0.08185759013171884 1.4661513659195153
393 0.05403206539687904 0.07706206768427769 1.426228427846271
394 0.05218904789951251 0.0722745619921618 1.3848607112228408
395 0.05029911560506419 0.06749623457283863 1.341897044528612
396 0.048358379820482786 0.06272850796560604 1.2971590073627035
397 0.04636243130524644 0.05797314775825361 1.250433726750937
398 0.04430626065790824 0.05323237900661763 1.201464041789231
399 0.04218416728151162 0.04850905351518814 1.1499350737794123
400 0.0399896858718325 0.04380690014468905 1.0954549701913332
401 0.03771555805888541 0.039130908009596156 1.0375269523654127
402 0.035353828958539786 0.034487932425375886 0.9755077014662442
403 0.03289627707339748 0.02988769132673314 0.9085432755824727
404 0.03033567943198028 0.02534447127998656 0.8354674019025952
405 0.027669178601095003 0.020880164860425505 0.7546362384461668
406 0.024907246790898178 0.016529860562253106 0.6636566739401157
407 0.0220979578546728 0.012352007334369742 0.5589660101445892
408 0.019395366973797915 0.008444028257193889 0.4353631601093865
409 0.01725308814108372 0.0049464627095536255 0.28670013559919844
410 0.01593155355583427 0.0018617848148747536 0.1168614729473732
411 0.01426673851258871 0.00020905258384273812 0.014653144701451836
412 0.012602673975865099 1.968607344622552e-05 0.001562055281595443
413 0.011108847791130525 1.8270803058354617e-06 0.0001644707300152434
414 0.00979744599773728 1.695834027130575e-07 1.7308939773918916e-05
415 0.008641334575121366 1.574173125715718e-08 1.8216782512365679e-06
416 0.007620276626524422 1.4611271566461814e-09 1.9174200993705863e-07
