1 0.8743094050155213 3.495110610256737 3.9975672115693293
2 0.8736187348098742 3.490191075370058 3.9950964148332155
3 0.8729341056677489 3.485286148395927 3.992610811935072
4 0.8722515849027165 3.4803815845069934 3.990112078609941
5 0.8715692151150394 3.475476984073053 3.9876086991144137
6 0.870885865856785 3.470572381462974 3.9851058761283205
7 0.8702001748281789 3.4656677778466194 3.982609838628125
8 0.8695114032997738 3.4607631729190134 3.980123963625439
9 0.8688191824644678 3.4558585661177497 3.9776499366818303
10 0.8681237485621358 3.450953957797885 3.975186675302529
11 0.867426422847137 3.446049348809576 3.9727281277628994
12 0.8667286606514086 3.4411447400513686 3.9702676238548547
13 0.8660304854290485 3.436240131913097 3.967805048122199
14 0.8653318782622559 3.4313355250657196 3.9653404794891722
15 0.8646328379979433 3.4264309189334066 3.96287391405039
16 0.863933363803094 3.4215263135057223 3.960405347055852
16 0.8632334547830042 3.4166217087878334 3.957934774025514
17 0.8632334547830042 3.4166217087878334 3.957934774025514
18 0.8625331100352012 3.411717104782704 3.955462190481554
19 0.8618323286535226 3.406812501492604 3.9529875919312665
20 0.8611311097334001 3.401907898920209 3.950510973843942
21 0.8604294523618319 3.397003297067022 3.9480323316948684
22 0.8597273556245429 3.39209869593615 3.945551660935557
23 0.8590248186064006 3.387194095529906 3.943068956988885
24 0.8583218403852811 3.382289495850461 3.940584215277836
25 0.8576184200389678 3.3773848969001152 3.938097431193999
26 0.8569145565893213 3.3724802986801667 3.9356086003524826
27 0.8562102490798301 3.367575701192221 3.933117718237264
28 0.8555054965793252 3.3626711044390762 3.9306247801848913
29 0.8548002981522155 3.357766508422794 3.928129781518714
30 0.8540946528583855 3.352861913146488 3.9256327175512884
31 0.8533885597541933 3.3479573186123965 3.9231335835773673
32 0.8526820178939387 3.343052724822892 3.920632374868165
33 0.8519750263274527 3.3381481317810224 3.9181290866829004
33 0.8512675841029538 3.333243539488818 3.9156237142535075
34 0.8512675841029538 3.333243539488818 3.9156237142535075
35 0.8505596902645137 3.328338947949238 3.9131162527983956
36 0.8498513438495088 3.3234343571646643 3.910606697532241
37 0.849142543897854 3.318529767137688 3.9080950436242468
38 0.8484332894404015 3.3136251778711254 3.9055812862513712
39 0.8477235795089839 3.3087205893672462 3.9030654205510174
40 0.8470134131281184 3.3038160016286118 3.9005474416600294
41 0.8463027893212746 3.2989114146583445 3.898027344685978
42 0.8455917071079877 3.294006828458649 3.8955051247185213
43 0.8448801655029857 3.2891022430322012 3.892980776834887
44 0.8441681635196748 3.284197658382036 3.890454296083498
45 0.8434557001645235 3.2792930745103352 3.887925677508232
46 0.842742774443833 3.2743884914199137 3.885394916118791
47 0.8420293853627748 3.2694839091133865 3.882862006893954
48 0.8413155320010391 3.2645793275914277 3.880326944430399
49 0.8406012133501835 3.2596747468560534 3.8777897236963845
50 0.8398864284031872 3.254770166910416 3.875250339618495
51 0.8391711761455938 3.249865587757384 3.8727087871206165
52 0.8384554555602575 3.24496100939914 3.870165061101369
53 0.8377392656242868 3.2400564318382727 3.8676191564493148
54 0.8370226053140692 3.2351518550780374 3.8650710680198865
55 0.8363054735987481 3.2302472791202703 3.8625207906628076
56 0.8355878694486568 3.2253427039686895 3.8599683191868936
57 0.8348697918286234 3.220438129625247 3.857413648386403
58 0.8341512396954434 3.215533556092857 3.854856773055782
59 0.8334322120073527 3.2106289833746278 3.852297687944779
60 0.8327127077158455 3.205724411472393 3.84973638779428
61 0.8319927257686105 3.2008198403898116 3.847172867326255
62 0.8312722651091177 3.195915270129168 3.844607121241623
63 0.8305513246800995 3.1910107006933544 3.842039144206319
64 0.8298299034181373 3.1861061320852007 3.839468930875314
65 0.829108000252051 3.181201564307136 3.8368964758994513
66 0.8283856141140106 3.1762969973624515 3.834321773875347
66 0.8276627439269824 3.1713924312536235 3.8317448194012322
67 0.8276627439269824 3.1713924312536235 3.8317448194012322
68 0.8269393886135837 3.166487865983506 3.8291656070372015
69 0.8262155470861088 3.161583301555198 3.826584131351011
70 0.825491218258975 3.156678737971243 3.8240003868592614
71 0.8247664010399156 3.151774175235001 3.8214143680696164
72 0.8240410943332916 3.1468696133489136 3.818826069463146
73 0.8233152970394835 3.1419650523159834 3.8162354854987046
74 0.8225890080546164 3.137060492139034 3.813642610613083
75 0.8218622262679505 3.1321559328211546 3.811047439233425
76 0.8211349505683063 3.127251374364979 3.8084499657463278
77 0.8204071798389612 3.122346816773653 3.8058501845224497
78 0.8196789129581294 3.117442260050023 3.8032480899130645
79 0.8189501488014439 3.112537704197097 3.8006436762388796
80 0.8182208862383921 3.1076331492178335 3.7980369378060725
81 0.8174911241349708 3.102728595115317 3.795427868893956
82 0.8167608034650837 3.0978240417913057 3.792816732449547
83 0.8160299811247013 3.0929194893375733 3.7902032534083205
83 0.8152986559547984 3.08801493775707 3.787587426034313
84 0.8152986559547984 3.08801493775707 3.787587426034313
85 0.8145668268090249 3.083110387052765 3.7849692444885186
86 0.813834492534276 3.078205837228042 3.782348702919345
87 0.81310165196749 3.073301288285629 3.7797257954759487
88 0.8123683039458393 3.0683967402289625 3.777100516262305
89 0.8116344473003203 3.0634921930610726 3.774472859365371
90 0.8109000808555467 3.058587646784934 3.771842818856235
91 0.8101652034382129 3.053683101404291 3.7692103887515085
92 0.8094298138609093 3.0487785569218615 3.766575563086137
93 0.8086939109390212 3.0438740133409063 3.7639383358364706
94 0.807957493480798 3.0389694706645987 3.761298700965415
95 0.8072205602880705 3.034064928896359 3.75865665241926
96 0.8064831101590683 3.0291603880389903 3.756012184113227
97 0.805745141891539 3.02425584809619 3.753365289918538
98 0.8050066542729204 3.019351309071336 3.7507159637064182
99 0.8042676460867976 3.014446770967096 3.748064199317267
100 0.8035281161142627 3.009542233787265 3.745409990556328
101 0.8027880631289444 3.0046376975350384 3.7427533312144323
102 0.802047485902412 2.999733162213665 3.7400942150433387
103 0.8013063831986763 2.994828627826599 3.7374326357812873
104 0.8005647537786902 2.989924094377287 3.734768587131464
105 0.7998225963977704 2.9850195618687936 3.7321020627732726
106 0.799079909805175 2.98011503030464 3.7294330563650724
107 0.7983366927469329 2.975210499688203 3.7267615615299343
108 0.7975929439627096 2.9703059700230634 3.724087571870415
109 0.7968486621642074 2.9654014413118626 3.7214110810677115
110 0.7961038460477484 2.960496913557798 3.7187320828245745
111 0.7953584943388988 2.955592386763971 3.7160505706557596
112 0.7946126057571254 2.9506878609339555 3.7133665380534344
113 0.7938661790181605 2.945783336071468 3.710679978475415
114 0.7931192128311136 2.9408788121798963 3.7079908853577668
115 0.7923717059276768 2.9359742892621337 3.7052992519777237
116 0.7916236570546944 2.9310697673209853 3.702605071488501
116 0.7908750649057255 2.9261652463597834 3.699908337239828
117 0.7908750649057255 2.9261652463597834 3.699908337239828
118 0.790125928170505 2.92126072638225 3.697209042546263
119 0.78937624553097 2.9163562073919733 3.6945071807048118
120 0.788626015666335 2.911451689392253 3.691802744970664
121 0.7878752372469966 2.9065471723871474 3.6890957285867247
122 0.7871239089418952 2.9016426563800466 3.6863861247470293
123 0.7863720294136389 2.896738141374586 3.683673926620392
124 0.7856195973161857 2.891833627374765 3.6809591273610995
125 0.7848666113014656 2.8869291143840305 3.6782417200763904
126 0.7841130700134589 2.8820246024061382 3.675521697854966
127 0.7833589720912084 2.8771200914446444 3.6727990537518913
128 0.7826043161695517 2.872215581503565 3.6700737807856627
129 0.7818491008775255 2.8673110725867526 3.6673458719445517
130 0.7810933248366692 2.8624065646975887 3.664615320193824
131 0.7803369866633287 2.8575020578402675 3.661882118466234
132 0.7795800849669315 2.8525975520184126 3.659146259668004
133 0.7788226183527327 2.8476930472358295 3.656407736666547
133 0.7780645854221181 2.842788543496576 3.65366654228877
134 0.7780645854221181 2.842788543496576 3.65366654228877
135 0.77730598476884 2.8378840408040498 3.65092266933722
136 0.7765468149791435 2.8329795391629 3.6481761105915917
137 0.775787074633445 2.828075038576626 3.645426858797403
138 0.7750267623081012 2.8231705390493147 3.6426749066595487
139 0.7742658765752276 2.8182660405844775 3.6399202468412737
140 0.7735044159943874 2.813361543186749 3.637162872005068
141 0.7727423791256527 2.8084570468597634 3.6344027747481555
142 0.771979764517351 2.803552551607566 3.6316399476615473
143 0.7712165707167493 2.798648057434338 3.6288743832790638
144 0.770452796263659 2.7937435643439144 3.6261060741063997
145 0.7696884396894171 2.788839072340538 3.6233350126265162
146 0.7689234995206314 2.783934581428244 3.6205611912808324
147 0.7681579742777586 2.7790300916112236 3.6177846024759917
148 0.7673918624751479 2.774125602893582 3.615005238582944
149 0.766625162618999 2.7692211152793993 3.6122230919462526
150 0.7658578732102324 2.7643166287731145 3.6094381548706673
151 0.7650899927440143 2.75941214337871 3.6066504196218925
152 0.7643215197087173 2.7545076591004234 3.6038598784320053
153 0.7635524525856975 2.749603175942308 3.6010665234995174
154 0.7627827898499855 2.7446986939090072 3.598270346986722
155 0.762012529968937 2.7397942130047044 3.595471341024262
156 0.761241671405894 2.73488973323357 3.592669497694021
157 0.7604702126138089 2.729985254600064 3.5898648090591783
158 0.7596981520434547 2.7250807771085537 3.587057267124534
159 0.758925488134796 2.7201763007633444 3.5842468638768428
160 0.758152168248014 2.715271825471255 3.581433832400528
161 0.7573782420339034 2.7103673513238378 3.578617922856187
162 0.7566037079018519 2.705462878325436 3.575799127165253
163 0.7558285642731811 2.7005584064806767 3.5729774371223773
164 0.7550528095529675 2.6956539357942644 3.57015284452784
165 0.7542764421420495 2.690749466270491 3.5673253411297106
166 0.7534994604338873 2.685844997914052 3.564494918639309
166 0.7527218628147283 2.6809405307297447 3.561661568729564
167 0.7527218628147283 2.6809405307297447 3.561661568729564
168 0.7519436476622452 2.6760360647217705 3.5588252830400675
169 0.7511648133500376 2.6711315998952947 3.5559860531573726
170 0.7503853582425748 2.6662271362548613 3.5531438706363434
171 0.7496052806966746 2.6613226738051496 3.550298726993687
172 0.7488245790627592 2.656418212550629 3.5474506137010677
173 0.7480432516823163 2.6515137524965118 3.544599522197913
174 0.7472612968910811 2.646609293647199 3.541745443873781
175 0.7464787130172619 2.641704836007833 3.538888370078338
176 0.7456954983797364 2.636800379582935 3.536028292127595
177 0.7449116512911305 2.63189592437756 3.533165201290358
178 0.7441271700570228 2.6269914703965673 3.5302990887905086
179 0.7433420529728292 2.62208701764521 3.5274299458220653
180 0.7425562983296288 2.61718256612803 3.524557763519547
181 0.7417699044087528 2.6122781158500015 3.5216825329846544
182 0.7409828694835575 2.6073736668163203 3.5188042452770607
183 0.7401951918217761 2.602469219032167 3.515922891402392
183 0.7394068697114243 2.5975647725017383 3.513038462187288
184 0.7394068697114243 2.5975647725017383 3.513038462187288
185 0.7386179014332674 2.5926603272294253 3.510150948411134
186 0.7378282852284844 2.5877558832204137 3.507260340960037
187 0.7370380193296451 2.582851440480027 3.5043666306782875
188 0.7362471019617433 2.5779469990131676 3.5014698083621423
189 0.7354555313438099 2.573042558825079 3.4985698647526196
190 0.7346633056833725 2.5681381199207745 3.4956667905605165
191 0.7338704231819096 2.5632336823054707 3.4927605764404865
192 0.7330768820309012 2.5583292459848392 3.489851213009605
193 0.7322826804146274 2.5534248109636004 3.4869386908315514
194 0.7314878165083518 2.548520377247499 3.484023000427378
195 0.7306922884783663 2.5436159448417914 3.481104132272638
196 0.7298960944838132 2.538711513751725 3.4781820767887743
197 0.7290992326734755 2.533807083982643 3.475256824357953
198 0.7283017011889841 2.5289026555400462 3.4723283653072663
199 0.7275034981610407 2.523998228429485 3.4693966899259787
200 0.7267046217158428 2.5190938026562755 3.4664617884338917
201 0.7259050699650432 2.514189378226229 3.4635236510296075
202 0.7251048410149368 2.50928495514451 3.4605822678445204
203 0.7243039329403804 2.504380533416937 3.457637629068459
204 0.7235023438092419 2.4994761130482464 3.4546897248300503
205 0.7227000717024822 2.494571694044454 3.4517385451034075
206 0.72189711468867 2.4896672764113337 3.4487840798270035
207 0.7210934708286456 2.4847628601544147 3.445826318880749
208 0.7202891381731784 2.479858445279637 3.442865252097425
209 0.7194841147625302 2.4749540317928522 3.4399008692634236
210 0.7186783986301467 2.470049619699943 3.4369331601005917
211 0.7178719877991239 2.4651452090068826 3.4339621142825307
212 0.7170648802822709 2.4602407997192155 3.4309877214328885
213 0.7162570740836458 2.455336391843602 3.4280099711194802
214 0.7154485671959387 2.4504319853854644 3.425028852862834
215 0.7146393576045694 2.4455275803512038 3.422044356118971
216 0.7138294432838881 2.4406231767469184 3.4190564702950885
216 0.7130188221977327 2.435718774578348 3.416065184746105
217 0.7130188221977327 2.435718774578348 3.416065184746105
218 0.7122074923010804 2.4308143738518613 3.413070488767412
219 0.7113954515367605 2.425909974573754 3.410072371608912
220 0.710582697840974 2.4210055767501744 3.40707082244773
221 0.7097692291373643 2.4161011803873693 3.4040658304162297
222 0.7089550433389652 2.4111967854915815 3.401057384591792
223 0.7081401383500286 2.406292392069541 3.398045473987986
224 0.7073245120639384 2.401388000127121 3.395030087561914
225 0.7065081623638286 2.396483609671043 3.3920112142128827
226 0.7056910871212294 2.3915792207078996 3.3889888427867514
227 0.7048732841983257 2.3866748332437284 3.385962962063696
228 0.704054751446864 2.3817704472853456 3.382933560764558
229 0.703235486704738 2.3768660628394285 3.379900627565151
230 0.7024154878036878 2.3719616799125136 3.3768641510584594
231 0.7015947525614783 2.3670572985111655 3.3738241197916436
232 0.7007732787859157 2.3621529186424395 3.3707805222465836
233 0.6999510642727568 2.357248540312602 3.3677333468472734
233 0.6991281068080301 2.352344163529042 3.3646825819505493
234 0.6991281068080301 2.352344163529042 3.3646825819505493
235 0.6983044041660187 2.3474397882979696 3.3616282158516597
236 0.6974799541084676 2.34253541462656 3.3585702367902948
237 0.6966547543887434 2.3376310425218736 3.3555086329281574
238 0.695828802745975 2.3327266719906636 3.3524433923760237
239 0.6950020969076594 2.3278223030399388 3.3493745031811355
240 0.6941746345911426 2.32291793567688 3.346301953319052
241 0.6933464135021178 2.318013569908366 3.3432257306993134
242 0.6925174313327648 2.3131092057419633 3.3401458231749266
243 0.6916876855851282 2.308204843183819 3.337062219390548
244 0.6908571303846719 2.3033004821431033 3.3339751170558474
245 0.6900258072581147 2.2983961227174476 3.33088429235763
246 0.6891937138430426 2.293491764914079 3.327789732911581
247 0.6883608477757442 2.288587408740688 3.3246914262129406
248 0.6875272066767131 2.283683054204399 3.3215893597040234
249 0.6866927881556266 2.278778701313111 3.3184835207511556
250 0.6858575898092981 2.273874350074027 3.315373896651453
251 0.685021609218961 2.2689700004951865 3.3122604746472026
252 0.6841848439578878 2.2640656525837515 3.3091432418855318
253 0.6833472915981613 2.2591613063476212 3.3060221853869716
254 0.6825089497215754 2.25425696179391 3.302897291989384
255 0.6816698158612489 2.2493526189305193 3.2997685486317114
256 0.6808298875347413 2.244448277765064 3.296635942191264
257 0.6799891622485563 2.2395439383057227 3.293499459462124
258 0.6791476374957234 2.2346396005601807 3.290359087164243
259 0.6783053107553392 2.2297352645363584 3.2872148119456654
260 0.6774621794925878 2.2248309302426117 3.284066620381653
261 0.6766182411606807 2.219926597686785 3.280914498962799
262 0.675773493198024 2.215022266877152 3.2777584341090416
263 0.6749279330278899 2.210117937821791 3.274598412169233
264 0.6740815580613773 2.205213610529179 3.271434419406542
265 0.67323436569531 2.2003092850072976 3.268266442006179
266 0.6723863533134099 2.1954049612650772 3.265094466070706
266 0.6715375182830103 2.1905006393103417 3.2619184776317813
267 0.6715375182830103 2.1905006393103417 3.2619184776317813
268 0.6706878579593093 2.1855963191520913 3.2587384626317353
269 0.6698373696822534 2.1806920007985258 3.2555544069345776
270 0.6689860507763833 2.1757876842584993 3.2523662963277284
271 0.6681338985529072 2.1708833695406624 3.2491741165094585
272 0.6672809103061004 2.1659790566535593 3.24597785310532
273 0.6664270833172833 2.161074745605996 3.2427774916481256
274 0.66557241485309 2.1561704364071144 3.2395730175852315
275 0.6647169021639556 2.151266129065514 3.2363644162833305
276 0.6638605424861199 2.1463618235904125 3.23315167301917
277 0.6630033330385893 2.1414575199904036 3.2299347729911982
278 0.6621452710287639 2.1365532182753486 3.2267137012937086
279 0.6612863536432738 2.1316489184538088 3.223488442956304
280 0.6604265780564545 2.1267446205352147 3.220258982904556
281 0.6595659414261211 2.12184032452876 3.2170253059775833
282 0.6587044408929082 2.1169360304440583 3.2137873969309227
283 0.6578420735834569 2.1120317382903955 3.2105452404184867
283 0.6569788366069816 2.107127448077185 3.207298821008617
284 0.6569788366069816 2.107127448077185 3.207298821008617
285 0.6561147270561972 2.102223159814095 3.2040481231783664
286 0.6552497420067357 2.0973188735107615 3.2007931313145055
287 0.6543838785204817 2.0924145891771158 3.1975338296963023
288 0.6535171336399597 2.087510306822459 3.194270202520084
289 0.6526495043915784 2.0826060264569803 3.1910022338842574
290 0.6517809877839392 2.077701748090701 3.1877299077944947
291 0.6509115808083282 2.072797471733113 3.184453208159286
292 0.6500412804432175 2.0678931973949672 3.1811721187691586
293 0.6491700836435957 2.0629889250858353 3.17788662334361
294 0.6482979873481838 2.0580846548161347 3.1745967054973927
295 0.6474249884801633 2.0531803865962814 3.1713023487340877
296 0.6465510839444899 2.0482761204365083 3.1680035364573986
297 0.645676270625839 2.043371856347434 3.164700251980518
298 0.6448005453944387 2.038467594339258 3.1613924784946987
299 0.6439239050990349 2.033563334422798 3.158080199103709
300 0.643046346570429 2.028659076608546 3.1547633968034043
301 0.6421678666215036 2.0237548209075924 3.1514420544813744
302 0.6412884620474116 2.0188505673306327 3.148116154912788
303 0.6404081296211548 2.0139463158885538 3.1447856807813177
304 0.639526866099979 2.009042066592363 3.1414506146459282
305 0.6386446682209661 2.0041378194531387 3.138110938960697
306 0.6377615327006806 1.9992335744820087 3.134766636074781
307 0.6368774562373275 1.9943293316905364 3.131417688220644
308 0.635992435508811 1.9894250910895432 3.1280640775199626
309 0.6351064671734813 1.984520852690807 3.1247057859808076
310 0.6342195478687179 1.9796166165057019 3.121342795500649
311 0.6333316742120739 1.9747123825460664 3.1179750878602435
312 0.6324428428013951 1.9698081508232617 3.114602644719686
313 0.6315530502141834 1.9649039213492756 3.1112254476213876
314 0.6306622930052415 1.9599996941361817 3.107843477998917
315 0.6297705677107813 1.9550954691953388 3.1044567171535484
316 0.6288778708447125 1.9501912465394962 3.1010651462739305
316 0.6279841988987559 1.9452870261804136 3.097668746429772
317 0.6279841988987559 1.9452870261804136 3.097668746429772
318 0.6270895483446484 1.940382808130373 3.0942674985613676
319 0.6261939156330034 1.9354785924017817 3.0908613834825527
320 0.6252972971899388 1.9305743790071008 3.087450381895181
321 0.6243996894211954 1.9256701679588628 3.0840344743667574
322 0.6235010887348564 1.9207659592695228 3.080613641215834
323 0.6226014914921667 1.9158617529515098 3.0771878627528384
324 0.6217008940300988 1.9109575490179551 3.073757119167724
325 0.6207992926645183 1.9060533474816777 3.070321390510531
326 0.6198966836885633 1.9011491483556306 3.0668806566978986
327 0.6189930633719699 1.8962449516530464 3.0634348975144183
328 0.6180884279588421 1.8913407573871577 3.0599840926209674
329 0.6171827736727689 1.8864365655712192 3.056528221527146
330 0.6162760967118925 1.881532376218834 3.053067263613902
331 0.6153683932499517 1.8766281893434746 3.049601198125269
332 0.6144596594374925 1.87172400495884 3.046130004160584
333 0.6135498913991796 1.8668198230787685 3.0426536606852777
333 0.612639055573031 1.8619156436444775 3.039172293550462
334 0.612639055573031 1.8619156436444775 3.039172293550462
335 0.611727171062367 1.857011466719787 3.035685767390019
336 0.6108142406903561 1.8521072923350503 3.0321940271755237
337 0.6099002604828954 1.8472031205046948 3.028697051288601
338 0.6089852264405081 1.8422989512430534 3.025194817961693
339 0.6080691345367752 1.8373947845645402 3.0216873052835687
340 0.607151980719635 1.8324906204839992 3.018174491190847
341 0.6062337609110268 1.8275864590161464 3.0146563534662167
342 0.6053144710060642 1.8226823001757795 3.0111328697402304
343 0.6043941068715979 1.8177781439778586 3.0076040174958907
344 0.6034726643496767 1.8128739904375857 3.0040697740488413
345 0.6025501392534277 1.8079698395703518 3.0005301165650122
346 0.6016265273686818 1.8030656913914325 2.996985022049233
347 0.6007018244538481 1.7981615459163083 2.993434467343558
348 0.5997760262388316 1.7932574031606103 2.989878429129698
349 0.5988491284256964 1.788353263140335 2.986316883923175
350 0.5979211266871781 1.783449125871362 2.9827498080769965
350 0.5979211266871781 1.783449125871362 2.9827498080769965
351 0.5969920166666802 1.778544991369299 2.9791771777784386
352 0.5960617939795283 1.7736408596511366 2.975598969042549
353 0.5951304542118631 1.7687367307326833 2.972015157710318
354 0.5941979929183516 1.7638326046303872 2.9684257194600696
355 0.5932644056249176 1.7589284813610273 2.9648306297901903
356 0.5923296878275254 1.7540243609413986 2.961229864021497
357 0.5913938349900228 1.7491202433881976 2.957623397304617
358 0.5904568425463195 1.744216128718762 2.9540112046071068
359 0.5895187058997146 1.7393120169502547 2.950393260712131
360 0.5885794204202754 1.734407908099692 2.946769540228296
361 0.5876389814476857 1.7295038021849216 2.9431400175736813
362 0.5866973842891511 1.7245996992237713 2.939504666981454
363 0.5857546242196155 1.7196955992335856 2.9358634624945346
364 0.5848106964807306 1.7147915022327114 2.9322163779697785
365 0.5838655962814663 1.709887408239104 2.928563387068986
366 0.5829193187974995 1.704983317271114 2.9249044632597063
366 0.581971859170681 1.7000792293474336 2.921239579814174
367 0.581971859170681 1.7000792293474336 2.921239579814174
368 0.5810232125091269 1.6951751444862715 2.9175687098037293
369 0.5800733738853976 1.6902710627067679 2.913891826106652
370 0.5791223383381412 1.6853669840276317 2.9102089013937675
371 0.5781701008713921 1.680462908468355 2.906519908130214
372 0.5772166564521446 1.6755588360478983 2.9028248185814682
373 0.5762620000137952 1.6706547667858802 2.8991236047941493
374 0.5753061264523016 1.6657507007022956 2.8954162386108404
375 0.5743490306270345 1.6608466378164748 2.891702691659943
376 0.5733907073609286 1.65594257814895 2.8879829353540507
377 0.5724311514392149 1.6510385217193568 2.884256940888509
378 0.5714703576098866 1.6461344685487143 2.8805246792388233
379 0.5705083205821843 1.641230418657249 2.876786121160213
380 0.569545035027647 1.6363263720657835 2.8730412371803973
381 0.568580495578894 1.6314223287954175 2.8692899976007844
382 0.5676146968296597 1.6265182888672396 2.865532372491326
383 0.5666476333335602 1.6216142523029062 2.861768331693242
383 0.5656792996039234 1.6167102191236036 2.857997844813465
384 0.5656792996039234 1.6167102191236036 2.857997844813465
385 0.5647096901137812 1.611806189351389 2.8542208812224072
386 0.5637387992962462 1.6069021630080609 2.8504374100453385
387 0.5627666215766649 1.6019981401164387 2.846647399997231
388 0.5617931513054859 1.5970941206984035 2.842850819713807
389 0.5608183827893847 1.592190104776879 2.8390476375929103
390 0.5598423102926491 1.587286092374819 2.835237821780725
391 0.5588649280366315 1.5823820835148656 2.8314213401688835
392 0.5578862301993126 1.5774780782207023 2.8275981603939684
393 0.5569062109142653 1.572574076515572 2.8237682498349206
394 0.5559248642709289 1.5676700784232824 2.819931575608177
395 0.5549421843132535 1.5627660839676745 2.81608810456825
396 0.5539581650404474 1.5578620931731653 2.8122378032994924
397 0.552972800405662 1.5529581060640612 2.80838063811603
398 0.5519860843157901 1.5480541226648847 2.8045165750577983
399 0.5509980106302592 1.5431501430008336 2.800645579891842
400 0.5500085731617851 1.538246167096972 2.7967676181012853
401 0.549017765674685 1.5333421949785593 2.792882654888669
402 0.5480255818842072 1.5284382266716203 2.7889906551744974
403 0.5470320154584504 1.5235342622015795 2.7850915835789856
404 0.5460370600133205 1.5186303015950533 2.781185404444904
405 0.5450407091177853 1.5137263448782083 2.7772720818016667
406 0.544042956287099 1.508822392078037 2.7733515793958934
407 0.543043794987958 1.503918443221444 2.76942386065712
408 0.5420432186329012 1.4990144983354992 2.7654888887203417
409 0.5410412205836795 1.494110557448121 2.7615466264035535
410 0.5400377941484614 1.489206620586708 2.7575970362128235
411 0.5390329325822805 1.4843026877796321 2.7536400803360217
412 0.5380266290857605 1.4793987590555229 2.749675720641161
413 0.537018876804642 1.474494834442595 2.7457039186706096
414 0.5360096688295549 1.4695909139701382 2.741724635637966
415 0.534998998194743 1.4646869976676347 2.7377378324257715
416 0.5339868578780316 1.4597830855642522 2.733743469577453
416 0.5329732407994258 1.4548791776902872 2.7297415072998064
417 0.5329732407994258 1.4548791776902872 2.7297415072998064
418 0.5319581398218663 1.4499752740758114 2.725731905449094
419 0.5309415477490831 1.4450713747516777 2.721714623536303
420 0.5299234573260143 1.4401674797482649 2.7176896207149013
421 0.528903861235742 1.4352635890970804 2.713656855791714
422 0.5278827521025511 1.4303597028298312 2.7096162872015133
423 0.5268601224887985 1.425455820978239 2.705567873014617
424 0.5258359648942448 1.4205519435745502 2.7015115709330555
425 0.5248102717564129 1.4156480706512145 2.6974473382797615
426 0.5237830354486879 1.4107442022414252 2.693375132000868
427 0.52275424827928 1.4058403383783822 2.689294908661012
428 0.5217239024920499 1.4009364790956367 2.685206624430983
429 0.5206919902655204 1.3960326244274202 2.681110235084528
430 0.5196585037103353 1.3911287744080416 2.6770056960012254
431 0.5186234348698311 1.3862249290721989 2.6728929621549526
432 0.5175867757194637 1.381321088455216 2.668771988107949
433 0.5165485181649201 1.37641725259263 2.66464272801026
433 0.5155086540415346 1.3715134215202458 2.6605051355932092
434 0.5155086540415346 1.3715134215202458 2.6605051355932092
435 0.5144671751146895 1.3666095952746133 2.6563591641584456
436 0.5134240730768939 1.361705773892495 2.6522047665820234
437 0.5123793114012389 1.3568019573243668 2.648042040600404
438 0.5113329099227584 1.3518981456901518 2.6438707923070486
439 0.5102848601086314 1.3469943390277164 2.6396909732751292
440 0.5092351533572008 1.3420905373759195 2.6355025345913536
441 0.5081837809891605 1.3371867407731641 2.631305426887849
442 0.5071307342486518 1.332282949259466 2.627099600329553
443 0.5060760042991297 1.3273791628740819 2.6228850046197785
444 0.5050195822377626 1.3224753816580432 2.6186615889191867
445 0.5039614590895496 1.3175716056522984 2.614429301860913
446 0.5029016257778935 1.3126678348983367 2.610188091692661
447 0.5018400731440259 1.3077640694377606 2.605937906163261
448 0.5007767919460866 1.3028603093126272 2.6016786925159514
449 0.49971177285687357 1.297956554565897 2.5974103974885843
450 0.4986450064645385 1.2930528052406167 2.593132967295789
451 0.49757648327020837 1.2881490613805382 2.5888463476297576
452 0.49650619368638915 1.2832453230299727 2.5845504836552267
453 0.4954341280373842 1.2783415902335162 2.5802453199934905
454 0.4943602765571193 1.2734378630367318 2.5759308007215997
455 0.4932846293879281 1.2685341414853901 2.571606869363431
456 0.49220717657991503 1.2636304256257351 2.567273468879565
457 0.49112790808893814 1.2587267155050292 2.562930541664692
458 0.49004681377531156 1.2538230111706186 2.5585780295380136
459 0.48896388340442115 1.2489193126707971 2.5542158737270544
460 0.4878791066426659 1.2440156200542276 2.5498440148726718
461 0.48679247305811485 1.2391119333701557 2.5454623930108027
462 0.4857039721189559 1.2342082526687512 2.541070947565724
463 0.4846135931899206 1.229304578000441 2.5366696173515613
464 0.48352132553533306 1.2244009094163733 2.532258340541178
465 0.48242715831207944 1.2194972469684655 2.5278370546866675
466 0.481331080573578 1.2145935907094325 2.523405696681923
466 0.4802330812643409 1.2096899406920718 2.5189642027726253
467 0.4802330812643409 1.2096899406920718 2.5189642027726253
468 0.47913314922105316 1.204786296970398 2.5145125085356117
469 0.47803127316909944 1.199882659599051 2.510050548878217
470 0.4769274417217673 1.1949790286330844 2.505578258024033
471 0.4758216433800034 1.1900754041286474 2.501095569497293
472 0.4747138665285666 1.1851717861422726 2.4966024161229194
473 0.4736040994358066 1.180268174731349 2.492098730009674
474 0.4724923302512697 1.175364569953866 2.487584442542827
475 0.4713785470052801 1.1704609718692587 2.483059484368405
476 0.47026273760555126 1.165557380536647 2.4785237853871758
477 0.4691448898364913 1.1606537960167442 2.473977274741842
478 0.46802499135659287 1.155750218370936 2.469419880807943
479 0.46690302969811365 1.1508466476612185 2.464851531174093
480 0.4657789922628322 1.1459430839503972 2.460272152643068
481 0.4646528663233867 1.1410395273024372 2.4556816712033416
482 0.46352463901743896 1.13613597778176 2.4510800120358125
483 0.4623942973490535 1.1312324354541594 2.4464670994854667
483 0.4612618281853669 1.126328900385718 2.4418428570531554
484 0.4612618281853669 1.126328900385718 2.4418428570531554
485 0.4601272182543394 1.1214253726440162 2.4372072073861504
486 0.45899045414320366 1.116521852297118 2.4325600722597307
487 0.4578515222955677 1.1116183394141876 2.4279013725689405
488 0.45671040901017973 1.1067148340653588 2.423231028309431
489 0.45556710043809645 1.1018113363218693 2.4185489585668316
490 0.4544215825808868 1.0969078462557218 2.413855081499068
491 0.4532738413154115 1.0920043639412065 2.40914931418099
492 0.45212386233655005 1.0871008894525294 2.4044315728757484
493 0.4509716311818662 1.082197422865079 2.3997017728786014
494 0.449817133230387 1.0772939642548798 2.394959828493487
495 0.4486603536994178 1.072390513699182 2.3902056530219635
496 0.44750127764181535 1.0674870712765316 2.3854391587479653
497 0.44633988994406865 1.0625836370666013 2.3806602569171105
498 0.44517617532186055 1.057680211150029 2.3758688577288094
499 0.44401011832023657 1.0527767936085983 2.3710648703039165
500 0.4428417033088587 1.0478733845254855 2.366248202678078
501 0.44167091447999485 1.042969983985137 2.361418761778975
502 0.44049773584442337 1.0380665920728516 2.3565764534133264
503 0.4393221512300994 1.0331632088757599 2.3517211822415716
504 0.4381441442789448 1.0282598344818272 2.346852851757354
505 0.43696369844254757 1.0233564689804162 2.3419713642756257
506 0.4357807969808471 1.0184531124624459 2.337076620903072
507 0.4345954229565994 1.0135497650201606 2.332168521529455
508 0.4334075592344673 1.0086464267469175 2.327246964793372
509 0.4322171884769752 1.0037430977379187 2.3223118480661475
510 0.43102429313990664 0.998839778089414 2.317363067434344
511 0.4298288554708019 0.9939364678994749 2.3124005176683458
512 0.4286308575042868 0.9890331672676579 2.3074240922044824
513 0.4274302810579365 0.9841298762948627 2.302433683123793
514 0.4262271077221317 0.9792265950841302 2.2974291811644063
515 0.42502131886614586 0.9743233237401423 2.292410475642496
516 0.4238128956364348 0.9694200623688393 2.2873774544143415
516 0.4226018189476505 0.9645168110775293 2.282330003877736
517 0.4226018189476505 0.9645168110775293 2.282330003877736
518 0.4213880694796333 0.9596135699756374 2.2772680089416197
519 0.4201716276713983 0.9547103391742428 2.272191353007987
520 0.41895247371827965 0.949807118786103 2.267099917936733
521 0.41773058756730325 0.944903908925573 2.261993584018631
522 0.4165059489130691 0.9400007097097882 2.256872229947381
523 0.4152785371943255 0.9350975212566142 2.2517357327789
524 0.4140483316110723 0.9301943436887995 2.2465839677928185
525 0.4128153110707781 0.9252911771284565 2.241416808713796
526 0.41157945421074427 0.920388021699729 2.236234127538484
527 0.4103407393916862 0.9154848775295588 2.231035794512455
528 0.4090991446922846 0.9105817447463058 2.225821678095234
529 0.40785464790519615 0.9056786234806197 2.220591644921355
530 0.40660722653053444 0.9007755138656709 2.2153455597721075
531 0.40535685777135105 0.8958724160366576 2.210083285533042
532 0.4041035185273666 0.8909693301313532 2.204804683161934
533 0.40284718539042846 0.8860662562895923 2.1995096116430384
533 0.40158783463619085 0.8811631946535888 2.1941979279622803
534 0.40158783463619085 0.8811631946535888 2.1941979279622803
535 0.40032544222088506 0.8762601453687003 2.188869487054015
536 0.3990599837742931 0.8713571085820495 2.18352414176132
537 0.3977914345920779 0.866454084443893 2.1781617428047775
538 0.3965197696319168 0.8615510731067976 2.1727821387230253
539 0.39524496350420973 0.8566480747262928 2.1673851758446725
540 0.3939669904665554 0.8517450894606547 2.161970698235341
541 0.3926858244170183 0.8468421174711421 2.156538547650312
542 0.39140143888680085 0.8419391589217092 2.1510885634868875
543 0.39011380703867016 0.8370362139798208 2.145620582705624
544 0.3888229016666853 0.8321332828179584 2.140134439743718
545 0.3875286951507739 0.8272303656097147 2.1346299666605804
546 0.38623115946582576 0.8223274625332843 2.1291069930002497
547 0.3849302661944406 0.8174245737685069 2.1235653456140535
548 0.3836259865046266 0.8125216994986956 2.1180048486858603
549 0.38231829114275895 0.8076188399103205 2.112425323665074
550 0.38100715042400723 0.8027159951937638 2.106826589213494
551 0.3796925342362895 0.7978131655446431 2.101208461075902
552 0.37837441201539934 0.7929103511617637 2.095570752098039
553 0.3770527527280064 0.7880075522467604 2.089913272202533
554 0.3757275248709732 0.7831047690050471 2.084235828274677
555 0.3743986964631839 0.778202001646139 2.0785382240845025
556 0.37306623503446756 0.773299250383775 2.072820260220896
557 0.3717301076137655 0.7683965154356687 2.0670817340252863
558 0.37039028072072533 0.7634937970241995 2.061322439505033
559 0.36904672035184033 0.7585910953761157 2.055542167270564
560 0.36769939197135615 0.7536884107229028 2.049740704443741
561 0.36634826049738833 0.7487857433003594 2.0439178345865177
562 0.3649932902910292 0.7438830933498988 2.038073337613302
563 0.36363444514191784 0.7389804611171845 2.0322069897112693
564 0.3622716882579243 0.7340778468534175 2.0263185632402516
565 0.3609049822503069 0.7291752508149565 2.0204078266484955
566 0.3595342861662502 0.7242726732500754 2.014474560891165
566 0.3581595494180957 0.7193701143679835 2.008518593282656
567 0.3581595494180957 0.7193701143679835 2.008518593282656
568 0.3567807475758156 0.7144675745106843 2.0025395971201068
569 0.3553978409534552 0.7095650539579396 1.9965373229458305
570 0.35401078896731947 0.7046625529949785 1.990511518167401
571 0.35261955034635195 0.6997600719131212 1.9844619256810885
572 0.35122408311892156 0.6948576110101552 1.978388283741016
573 0.34982434459395395 0.6899551705904843 1.9722903258528934
574 0.3484202913445813 0.6850527509652461 1.966167780646683
575 0.34701187918962895 0.6801503524527659 1.9600203717553117
576 0.3455990631757116 0.6752479753781322 1.9538478176800453
577 0.34418179755669476 0.6703456200745286 1.947649831668123
578 0.3427600357750017 0.665443286882446 1.9414261215658863
579 0.34133373044063825 0.6605409761499412 1.9351763896794743
580 0.33990283331088234 0.6556386882340356 1.9289003326264555
581 0.33846729526669844 0.6507364234992004 1.9225976411884833
582 0.33702706629247187 0.6458341823194896 1.916268000146419
583 0.3355820954506159 0.6409319650769126 1.9099110881236865
583 0.3341323308585955 0.6360297721636873 1.9035265774171806
584 0.3341323308585955 0.6360297721636873 1.9035265774171806
585 0.332677719663922 0.6311276039805733 1.8971141338174125
586 0.33121820801747076 0.626225460939091 1.8906734164386867
587 0.3297537410484148 0.6213233434599649 1.884204077517172
588 0.3282842628361542 0.6164212519752515 1.8777057622250561
589 0.3268097163794472 0.6115191869269421 1.8711781084774382
590 0.3253300435700584 0.6066171487689872 1.8646207467105782
591 0.32384518516084904 0.601715137966482 1.8580332996694675
592 0.32235508073352537 0.5968131549964448 1.851415382187818
593 0.3208596686666219 0.5919112003483272 1.84476660095081
594 0.3193588861007497 0.5870092745243444 1.8380865542571994
595 0.31785266890310526 0.5821073780397977 1.8313748317691438
596 0.31634095163145726 0.5772055114239625 1.8246310142495146
597 0.3148236674962639 0.5723036752200804 1.8178546732890473
598 0.3133007483199707 0.5674018699856974 1.8110453710318497
599 0.31177212449791153 0.5625000962942576 1.804202659875789
600 0.3102377249531582 0.557598354734299 1.797326082179364
601 0.30869747709508066 0.5526966459112956 1.7904151699337076
602 0.3071513067716602 0.547794970446832 1.783469444439216
603 0.30559913822244295 0.5428933289808446 1.776488415964306
604 0.30404089402815976 0.5379917221709066 1.7694715833886436
605 0.3024764950602777 0.5330901506935954 1.7624184338269357
606 0.30090586042597195 0.52818861524542 1.7553284422500093
607 0.2993289074134188 0.5232871165428518 1.7482010710716709
608 0.2977455514318814 0.5183856553236837 1.7410357697393863
609 0.29615570595287155 0.513484232347581 1.7338319742834662
610 0.29455928244585333 0.5085828483974106 1.726589106866458
611 0.29295619031239384 0.503681504279369 1.719306575301475
612 0.29134633681764716 0.4987802008248246 1.7119837725538651
613 0.2897296270185967 0.49387893889058365 1.70462007621638
614 0.28810596368878344 0.4889777193603846 1.6972148479667917
615 0.2864752472406181 0.4840765431456824 1.6897674329925394
616 0.2848373756437983 0.47917541118778034 1.6822771593957189
616 0.2831922443387536 0.474274324457243 1.6747433375679512
617 0.2831922443387536 0.474274324457243 1.6747433375679512
618 0.28153974615021354 0.46937328395712596 1.667165259525009
619 0.2798797711893144 0.4644722907233195 1.6595421982432033
620 0.27821220675960784 0.4595713458259112 1.6518734069170755
621 0.2765369372542005 0.4546704503714352 1.644158118210044
622 0.2748538440483018 0.4497696055035886 1.6363955434603552
623 0.27316280538532733 0.4448688124058802 1.6285848718618259
624 0.2714636962610584 0.43996807230250257 1.6207252695748997
625 0.2697563882998131 0.4350673864610292 1.6128158788124265
626 0.26804074962505403 0.4301667561940837 1.6048558168704492
627 0.26631664472143707 0.42526618286116297 1.5968441751208775
628 0.2645839342939508 0.4203656678717259 1.5887800179307288
629 0.26284247511578773 0.4154652126864332 1.5806623815401672
630 0.2610921198720371 0.4105648188212688 1.5724902728680175
631 0.25933271699019883 0.40566448784850795 1.5642626682688847
632 0.257564110467655 0.4007642214008368 1.5559785121971212
633 0.2557861396860538 0.39586402117393976 1.5476367158119453
633 0.2539986393740472 0.39096388893103495 1.5392361545499778
634 0.2539986393740472 0.39096388893103495 1.5392361545499778
635 0.25220144101758707 0.3860638265167705 1.5307756567887678
636 0.25039436802209225 0.38116383583022684 1.5222540300770537
637 0.24857723807345383 0.3762639188456202 1.5136700438132447
638 0.24674986432095497 0.3713640776272123 1.5050224187526517
639 0.24491205394990903 0.36646431432521476 1.4963098321006543
640 0.24306360791244874 0.36156463118110177 1.4875309154109857
641 0.24120432063777045 0.3566650305316354 1.4786842523739803
642 0.23933397972636639 0.3517655148159992 1.4697683764678013
643 0.23745236562705713 0.34686608657990453 1.4607817684355804
644 0.23555925129297453 0.34196674848355596 1.4517228536196956
645 0.23365440181439023 0.33706750330733315 1.4425899991179791
646 0.23173757403042078 0.33216835395942707 1.433381510742071
647 0.22980851611455202 0.32726930348426336 1.4240956297769676
648 0.22786696713082275 0.322370355069707 1.4147305295226407
649 0.2259126565659104 0.31747151205760893 1.4052843115719198
650 0.22394530382301397 0.3125727779530522 1.3957550018556377
651 0.22196461768550674 0.3076741564347179 1.3861405463759533
652 0.21997029574049637 0.3027756513668148 1.3764388066469013
653 0.21796202376463433 0.2978772668122734 1.3666475547774106
654 0.21593947505926972 0.292979007044535 1.3567644682109186
655 0.21390230974622337 0.28808087656464376 1.346787124021367
656 0.21185017400051523 0.28318288011541914 1.336712992809392
657 0.20978269923445442 0.27828502269981026 1.326539432066308
658 0.207699501211744 0.27338730960057034 1.316263679043983
659 0.2056001790952206 0.2684897463997809 1.3058828430078067
660 0.20348431441926185 0.2635923390033813 1.2953938968498184
661 0.20135146997557354 0.25869509366478183 1.2847936679884422
662 0.19920118860804414 0.2537980170133794 1.2740788284790914
663 0.1970329919080249 0.24890111608500085 1.2632458842283023
664 0.19484637879446504 0.24400439835459134 1.2522911632449734
665 0.19264082396764087 0.2391078717738191 1.2412108028253845
666 0.19041577622926972 0.23421154481157355 1.2300007354935318
666 0.18817065664580748 0.22931542649968764 1.2186566736137119
667 0.18817065664580748 0.22931542649968764 1.2186566736137119
668 0.18590485654105082 0.22441952648317628 1.2071740924832741
669 0.18361773529729705 0.21952385507580838 1.1955482117257106
670 0.1813086179416904 0.214628423323699 1.1837739747854918
671 0.17897679249295598 0.20973324307418542 1.1718460262519228
672 0.1766215070381452 0.20483832705579375 1.1597586867580885
673 0.17424196650397364 0.1999436889649877 1.1475059251034563
674 0.1718373290837519 0.1950493435673441 1.1350813272492084
675 0.16940670227341553 0.19015530680902437 1.1224780617128207
676 0.16694913846283949 0.18526159594545755 1.1096888408723005
677 0.16446363002181347 0.18036822968610694 1.09670587753769
678 0.16194910380374725 0.17547522836065504 1.0835208361097137
679 0.15940441498646513 0.17058261411022044 1.0701247774392224
680 0.1568283401409101 0.16569041110429963 1.0565080964029012
681 0.15421956941750883 0.160798645795249 1.0426604509569668
682 0.15157669769461618 0.1559073472096568 1.028570681251848
683 0.14889821453087657 0.1510165472902866 1.0142267169964672
683 0.14618249270478328 0.14612628129401364 0.9996154709792563
684 0.14618249270478328 0.14612628129401364 0.9996154709792563
685 0.14342777509714566 0.14123658826114788 0.9847227161230546
686 0.14063215961142986 0.13634751156957067 0.9695329428652892
687 0.13779358176413617 0.13145909959229396 0.9540291928641127
688 0.13490979448249588 0.12657140648474605 0.9381928641301748
689 0.13197834455252253 0.1216844931322492 0.9220034812894872
690 0.1289965450010161 0.11679842829602159 0.9054384231383995
691 0.12596144252484212 0.11191329001392422 0.8884725974129162
692 0.12286977884721442 0.10702916732321535 0.8710780496830186
693 0.11971794454023099 0.10214616239717206 0.853223489506588
694 0.11650192345783052 0.09726439322550424 0.8348737114259787
695 0.1132172253241681 0.09238399700317936 0.8159888810087139
696 0.10985880326904263 0.08750513447324543 0.7965236455284026
697 0.1064209519813222 0.0826279955529208 0.7764260139997876
698 0.10289718064186237 0.07775280673074238 0.7556359294368233
699 0.09928005260786778 0.07287984093768361 0.7340834238428677
700 0.0955609806232803 0.06800943094741531 0.7116861976911006
700 0.0955609806232803 0.06800943094741531 0.7116861976911006
701 0.09172996235008557 0.06314198794196332 0.6883463845867851
702 0.08777523339600295 0.05827802779005684 0.6639461444338429
703 0.08368279630397217 0.053418208981734126 0.6383415868142843
704 0.07943578679007306 0.0485633894613352 0.6113540436085172
705 0.07501359166500372 0.04371471436102184 0.5827572495960912
706 0.07039059847622302 0.038873757088783586 0.5522578004776392
707 0.06553436587135915 0.03404275692895611 0.5194641998334191
708 0.060402897439635395 0.029225043808131 0.4838351312093516
709 0.054940502215488 0.024425855065540507 0.4445874005617433
710 0.04907154913956645 0.01965405989032082 0.4005184314524468
711 0.04269205770221782 0.014926276923210306 0.34962655178916097
712 0.03566647646259029 0.010278466172475723 0.28818283138387835
713 0.027901353659137866 0.005806152252240869 0.2080957190526603
714 0.020778500981642505 0.0018592809238263013 0.08948099410390327
715 0.018188437003141433 0.00020018262639171573 0.01100603786664797
716 0.01603328868740682 1.877880288308103e-05 0.0011712383684471825
716 0.01413247798873851 1.7426881982220067e-06 0.0001233108729842474
717 0.01413247798873851 1.7426881982220067e-06 0.0001233108729842474
718 0.012465692579816317 1.617556167854486e-07 1.2976063363487187e-05
719 0.01099507402510423 1.5015501867113203e-08 1.3656571872849088e-06
720 0.009695742259223324 1.3937014309652052e-09 1.4374365507080297e-07
