1 0.9990791671938634 2.995110514256178 2.997871052269675
2 0.9981571915258955 2.9901908585994907 2.995711380918218
3 0.9972427597643957 2.985285861789991 2.9935397700909676
4 0.9963313330092457 2.980381202568881 2.991355489711598
5 0.9954208976311347 2.97547650588633 2.9891641947313516
6 0.9945100097014665 2.9705718077541703 2.986970245423554
7 0.993597519369963 2.965667109770519 2.984777087256658
8 0.992682072333086 2.9607624113384694 2.9825887802928013
9 0.9917630278974114 2.9558577122789567 2.980407243598833
10 0.9908399003256387 2.9509530121299528 2.9782339317987945
11 0.9899126279378537 2.946048311019984 2.9760690265736622
12 0.9889818545785833 2.9411436092329777 2.973910588568112
13 0.9880496975552568 2.9362389075728315 2.9717522456997885
14 0.9871168817816907 2.931334206144077 2.9695918084727544
15 0.9861833993169361 2.926429505712789 2.967429291285711
16 0.9852492378279383 2.9215248061063686 2.965264720779796
16 0.9843143955966915 2.9166201071434372 2.9630980916167355
17 0.9843143955966915 2.9166201071434372 2.9630980916167355
18 0.9833788710138923 2.911715408824159 2.960929398271589
19 0.9824426624274877 2.906810711152726 2.958758635308422
20 0.9815057681700261 2.9019060141310167 2.9565857972913308
21 0.9805681865741046 2.897001317761729 2.9544108787408567
22 0.9796299159641904 2.8920966220468194 2.9522338741567564
23 0.9786909546575775 2.8871919269891313 2.9500547780165154
24 0.9777513009653461 2.8822872325908184 2.9478735847705853
25 0.9768109531867522 2.8773825388546292 2.9456902888603413
26 0.9758699096223981 2.8724778457825715 2.943504884676734
27 0.9749281685580405 2.867573153377075 2.94131736661003
28 0.9739857282778457 2.8626684616409332 2.939127729009505
29 0.973042587058248 2.857763770576442 2.9369359662008003
30 0.972098743160846 2.8528590801858575 2.934742072507562
31 0.9711541948515567 2.8479543904723177 2.932546042194293
32 0.9702089403809496 2.843049701437552 2.930347869523071
33 0.9692629779954163 2.8381450130842936 2.9281475487220305
33 0.9683163059352314 2.83324032541549 2.925945073990109
34 0.9683163059352314 2.83324032541549 2.925945073990109
35 0.9673689224285567 2.8283356384333183 2.923740439513861
36 0.9664208257021668 2.8234309521404755 2.9215336394360825
37 0.965472013968879 2.818526266539321 2.9193246678926243
38 0.9645224854393614 2.8136215816325056 2.91711351897705
39 0.963572238314246 2.8087168974224905 2.9149001867636777
40 0.9626212707842596 2.803812213912258 2.9126846653076313
41 0.9616695810401065 2.7989075311041214 2.910466948613396
42 0.9607171672566108 2.7940028490006945 2.9082470306834924
43 0.9597640276037183 2.78909816760483 2.906024905484825
44 0.9588101602440194 2.7841934869191363 2.903800566955353
45 0.9578555633323519 2.7792888069460298 2.9015740090050364
46 0.9569002350143495 2.7743841276884043 2.8993452255206105
47 0.9559441734398906 2.769479449148798 2.897114210323645
48 0.9549873768161119 2.764574771328908 2.894880957008966
49 0.9540298432646946 2.7596700942312977 2.8926454593786013
50 0.9530715708996943 2.7547654178588385 2.8904077112051043
51 0.9521125578292282 2.749860742213973 2.888167706225329
52 0.9511528021497194 2.744956067299607 2.8859254381584925
53 0.9501923019512081 2.7400513931184323 2.8836809006890194
54 0.9492310552683286 2.735146719672533 2.881434087614592
55 0.9482690601616564 2.7302420469645954 2.8791849926002615
56 0.9473063146961415 2.725337374997706 2.8769336092432645
57 0.9463428169268483 2.720432703774333 2.8746799311148794
58 0.9453785649059038 2.7155280332975287 2.8724239517402355
59 0.944413556669236 2.710623363569854 2.870165664637109
60 0.9434477902491913 2.705718694594443 2.8679050632783674
61 0.9424812636648955 2.700814026374163 2.8656421411200093
62 0.9415139749337962 2.6959093589120786 2.8633768915662086
63 0.9405459220582422 2.6910046922107367 2.861109308008992
64 0.9395771030373158 2.6861000262735413 2.8588393837933506
65 0.9386075158544407 2.6811953611031676 2.8565671122528786
66 0.9376371584888579 2.6762906967024924 2.854292486675479
66 0.9366660289089006 2.6713860330746892 2.852015500323548
67 0.9366660289089006 2.6713860330746892 2.852015500323548
68 0.9356941250768219 2.666481370222569 2.849736146418197
69 0.9347214449399405 2.6615767081492963 2.847454418166594
70 0.9337479864415236 2.656672046857907 2.8451703087279236
71 0.9327737475150916 2.651767386351551 2.8428838112305983
72 0.9317987260839972 2.646862726632817 2.8405949187724207
73 0.9308229200613545 2.6419580677053283 2.838303624422125
74 0.9298463273491485 2.6370534095722338 2.836009921220074
75 0.9288689458450305 2.632148752236186 2.8337138021571078
76 0.9278907734339579 2.627244095700533 2.8314152602009095
77 0.9269118079915057 2.6223394399686932 2.8291142882848295
78 0.925932047381816 2.61743478504351 2.826810879313035
79 0.9249514894633929 2.612530130928202 2.824505026143427
80 0.9239701320831624 2.6076254776260908 2.822196721605055
81 0.92298797307936 2.602720825140466 2.8198859584887352
82 0.9220050102744102 2.597816173474036 2.8175727295677766
83 0.9210212414890775 2.592911522630581 2.815257027556113
83 0.9200366645310207 2.588006872613509 2.812938845141263
84 0.9200366645310207 2.588006872613509 2.812938845141263
85 0.9190512771941237 2.5831022234256436 2.8106181749857204
86 0.9180650772651797 2.5781975750707335 2.8082950097077166
87 0.9170780625224269 2.573292927551764 2.805969341883407
88 0.9160902307316121 2.568388280872218 2.803641164059833
89 0.9151015796465596 2.5634836350356123 2.8013104687522326
90 0.9141121070150228 2.5585789900449663 2.798977248425086
91 0.9131218105733897 2.553674345904007 2.7966414955091716
92 0.9121306880438821 2.5487697026161404 2.7943032024085572
93 0.9111387371382651 2.543865060184509 2.791962361488839
94 0.9101459555612141 2.5389604186131036 2.7896189650675645
95 0.9091523410040898 2.5340557779051065 2.7872730054310084
96 0.9081578911486566 2.529151138063897 2.7849244748233977
97 0.9071626036658684 2.5242464990931937 2.7825733654503018
98 0.9061664762168672 2.519341860996304 2.7802196694742496
99 0.9051695064463631 2.514437223777105 2.777863379035627
100 0.9041716919942951 2.5095325874391348 2.7755044862153997
101 0.9031730304855539 2.504627951985987 2.7731429830665744
102 0.9021735195343416 2.499723317420927 2.7707788615998874
103 0.9011731567454424 2.494818683748121 2.76841211378075
104 0.9001719397082167 2.4899140509710853 2.7660427315454537
105 0.8991698660064192 2.4850094190932825 2.7636707067711517
106 0.8981669332073909 2.4801047881186906 2.761296031309163
107 0.897163138867627 2.475200158051048 2.758918696966499
108 0.8961584805336323 2.470295528893842 2.7565386955026794
109 0.8951529557379845 2.4653909006511627 2.7541560186422425
110 0.8941464895229828 2.460486273248344 2.751770881034254
111 0.8931391521035468 2.455581646759952 2.7493830507558603
112 0.8921309409635807 2.450677021190044 2.746992519442376
113 0.8911218535938331 2.4457723965426843 2.744599278627331
114 0.8901118874681427 2.440867772821365 2.7422033198143576
115 0.8891010400473689 2.4359631500305032 2.739804634466204
116 0.8880893087806483 2.4310585281737476 2.7374032139983813
116 0.8870766911042196 2.426153907255254 2.7349990497836374
117 0.8870766911042196 2.426153907255254 2.7349990497836374
118 0.8860631844421222 2.4212492872791715 2.7325921331486356
119 0.8850487862045642 2.4163446682494327 2.730182455378155
120 0.8840334937902427 2.411440050169957 2.727770007707566
121 0.8830173045853418 2.4065354330450597 2.7253547813257755
122 0.8820002159615947 2.401630816878707 2.7229367673797507
123 0.8809822252772427 2.3967262016750883 2.720515956971601
124 0.8799633298809865 2.3918215874386735 2.71809234114581
125 0.878943527106647 2.3869169741732854 2.7156659109040433
126 0.8779228142699503 2.3820123618833713 2.7132366572158952
127 0.8769011886813664 2.3771077505727867 2.7108045709771984
128 0.8758786476311452 2.372203140246478 2.708369643057531
129 0.87485518840065 2.367298530908192 2.7059318642619288
130 0.873830808253266 2.36239392256255 2.7034912253606964
131 0.8728055045084845 2.3574893152132845 2.701047716857482
132 0.8717792744095854 2.3525847088645437 2.6986013293993913
133 0.870752115178226 2.347680103520757 2.6961520536073946
133 0.8697240240240022 2.3427754991862835 2.69369988004566
134 0.8697240240240022 2.3427754991862835 2.69369988004566
135 0.8686949981433228 2.337870895865704 2.6912447992246724
136 0.8676650347156492 2.3329662935634605 2.6887868016117755
137 0.8666341309098963 2.328061692283973 2.686325877610769
138 0.8656022838769627 2.32315709203194 2.6838620175846892
139 0.8645694907542274 2.3182524928116637 2.681395211840383
140 0.8635357486645489 2.313347894627909 2.6789254506318736
141 0.8625010547134184 2.3084432974852875 2.6764527241677514
142 0.8614654059976884 2.3035387013884225 2.6739770225835438
143 0.8604287995933301 2.2986341063419595 2.671498335978965
144 0.8593912325640662 2.29372951235085 2.669016654390707
145 0.858352701956542 2.2888249194194934 2.666531967805672
146 0.8573132048021412 2.2839203275527873 2.664044266155788
147 0.8562727381193272 2.2790157367555315 2.6615535393092657
148 0.8552312989086867 2.2741111470325 2.6590597770852953
149 0.8541888841553754 2.269206558388915 2.656562969246215
150 0.8531454908279692 2.2643019708290693 2.6540631054986727
151 0.8521011158820689 2.2593973843585533 2.651560175484214
152 0.8510557562545427 2.254492798981776 2.6490541687934703
153 0.8500094088662979 2.2495882147041666 2.6465450749593
154 0.8489620706218681 2.2446836315304712 2.6440328834552425
155 0.8479137384109124 2.2397790494659837 2.6415175836914573
156 0.8468644091031179 2.2348744685153052 2.638999165028291
157 0.845814079557411 2.229969888684266 2.636477616748993
158 0.8447627466098979 2.2250653099774036 2.6339529280934473
159 0.8437104070820196 2.2201607324004007 2.6314250882347743
160 0.8426570577796397 2.2152561559583703 2.628894086279254
161 0.8416026954897076 2.21035158065638 2.6263599112764626
162 0.8405473169828119 2.205447006499964 2.6238225522110166
163 0.8394909190092915 2.2005424334943458 2.6212819980128814
164 0.8384334983070483 2.195637861645 2.618738237532729
165 0.8373750515916605 2.190733290957379 2.616191259571551
166 0.8363155755625187 2.1858287214366454 2.6136410528602476
166 0.8352550669025892 2.1809241530886085 2.611087606060529
167 0.8352550669025892 2.1809241530886085 2.611087606060529
168 0.8341935222735026 2.176019585918741 2.6085309077781362
169 0.8331309383216036 2.171115019932538 2.6059709465433976
170 0.8320673116731769 2.166210455135775 2.603407710825478
171 0.8310026389345937 2.1613058915339294 2.6008411890302563
172 0.8299369166969215 2.15640132913275 2.5982713694855804
173 0.8288701415307449 2.151496767937923 2.5956982404560636
174 0.8278023099853842 2.146592207955268 2.5931217901447616
175 0.8267334185963183 2.1416876491904735 2.5905420066685703
176 0.8256634638746123 2.1367830916497534 2.5879588780911003
177 0.8245924423141591 2.1318785353385943 2.5853723923974266
178 0.823520350389608 2.1269739802631604 2.5827825375012137
179 0.8224471845535279 2.122069426429248 2.580189301251278
180 0.8213729412417614 2.117164873843345 2.577592671414997
181 0.8202976168675284 2.1122603225110086 2.574992635693737
182 0.8192212078261734 2.107355772438286 2.5723891817085813
183 0.8181437104919005 2.102451223631885 2.569782297009663
183 0.8170651212155546 2.097546676097366 2.5671719690798063
184 0.8170651212155546 2.097546676097366 2.5671719690798063
185 0.815985436329817 2.092642129841399 2.5645581853198225
186 0.8149046521466491 2.0877375848702417 2.561940933053522
187 0.8138227649574818 2.0828330411898497 2.5593201995260815
188 0.8127397710301293 2.0779284988069615 2.5566959719139057
189 0.8116556666131418 2.073023957728076 2.554068237308492
190 0.8105704479312348 2.0681194179592737 2.5514369827293826
191 0.809484111190869 2.063214879507472 2.5488021951069335
192 0.808396652572826 2.058310342379 2.546163861302695
193 0.8073080682407741 2.0534058065804284 2.5435219680822194
194 0.8062183543286822 2.048501272118623 2.5408765021535125
195 0.8051275069529962 2.043596739000187 2.5382274501267204
196 0.804035522208982 2.0386922072319154 2.5355747985249164
197 0.8029423961650285 2.0337876768205976 2.5329185338005167
198 0.8018481248686904 2.028883147773076 2.5302586423149935
199 0.8007527043442255 2.0239786200962473 2.527595110345309
200 0.7996561305684738 2.019074093797185 2.5249279241588876
201 0.7985583995160764 2.014169568882641 2.5222570698689295
202 0.797459507142735 2.009265045359668 2.519582533486601
203 0.7963594493757956 2.00436052323589 2.5169043009497187
204 0.7952582221218287 1.9994560025178716 2.5142223580953647
205 0.79415582126269 1.994551483213314 2.5115366906736534
206 0.7930522426535471 1.9896469653291196 2.5088472843501144
207 0.7919474821242551 1.9847424488730505 2.506154124701981
208 0.7908415354822143 1.9798379338522756 2.503457197205851
209 0.789734398508262 1.9749334202743123 2.500756487250379
210 0.7886260669586325 1.9700289081466986 2.498051980128165
211 0.7875165365638934 1.9651243974770631 2.4953436610376842
212 0.7864058030677132 1.9602198882729547 2.4926315149586586
213 0.7852938621648957 1.955315380541773 2.489915526846683
214 0.7841807095078074 1.9504108742914623 2.4871956816122673
215 0.7830663407210888 1.945506369529686 2.484471964071602
216 0.781950751401242 1.9406018662642877 2.4817443589468557
216 0.780833937120572 1.9356973645030906 2.4790128508517824
217 0.780833937120572 1.9356973645030906 2.4790128508517824
218 0.7797158934225202 1.9307928642545813 2.476277424305758
219 0.7785966158213898 1.925888365526253 2.4735380637308757
220 0.7774760986500078 1.9209838683248244 2.470794757112634
221 0.7763542816394546 1.9160793725860172 2.4680476657380765
222 0.775231217328662 1.9111748783864397 2.4652965923793424
223 0.7741069011103666 1.906270385734777 2.462541521074742
224 0.7729813283638551 1.9013658946393204 2.459782435707575
225 0.7718544944343773 1.896461405108648 2.4570193200706747
226 0.7707263946388255 1.8915569171509723 2.4542521578456977
227 0.7695970242650816 1.886652430775191 2.451480932604735
228 0.7684663785705843 1.8817479459899535 2.4487056278118136
229 0.7673344527829055 1.876843462803963 2.445926226819585
230 0.766201242099148 1.8719389812258396 2.4431427128691694
231 0.7650667416857698 1.8670345012649574 2.4403550690898945
232 0.7639309466791012 1.862130022929808 2.4375632784935717
233 0.7627938521841542 1.8572255462296392 2.4347673239784666
233 0.7616554532728611 1.8523210711734617 2.431967188331641
234 0.7616554532728611 1.8523210711734617 2.431967188331641
235 0.7605157449882014 1.8474165977707204 2.4291628542146504
236 0.7593747223390438 1.842512126030257 2.42635430417661
237 0.7582323803016316 1.8376076559616963 2.423541520649223
238 0.7570887138209905 1.8327031875745128 2.4207244859389694
239 0.7559437178100414 1.8277987208778443 2.4179031822275765
240 0.7547973871454067 1.8228942558816812 2.4150775915848697
241 0.7536497166738316 1.8179897925954605 2.4122476959442145
242 0.7525007012045742 1.8130853310289006 2.4094134771257796
243 0.7513503355164038 1.8081808711919085 2.406574916811801
244 0.7501986143518521 1.8032764130942878 2.4037319965623527
245 0.7490455324168324 1.7983719567460996 2.400884697814783
246 0.7478910843858426 1.7934675021572086 2.3980330018641394
247 0.7467352648957001 1.788563049338217 2.395176889882164
248 0.7455780685491621 1.783658598298874 2.392316342901203
249 0.7444194899112021 1.7787541490497958 2.3894513418260637
250 0.7432595235096713 1.7738497016014165 2.3865818674280805
251 0.7420981638382607 1.768945255963903 2.3837079003330377
252 0.7409354053523388 1.7640408121482127 2.380829421033476
253 0.7397712424681971 1.7591363701649292 2.3779464098870466
254 0.7386056695657893 1.7542319300247913 2.3750588471058816
255 0.7374386809881078 1.7493274917387625 2.3721667127561115
256 0.73627027103726 1.7444230553175162 2.369269986767179
257 0.7351004339782383 1.7395186207726232 2.3663686489186855
258 0.7339291640359861 1.7346141881146777 2.3634626788446114
259 0.7327564553946667 1.7297097573556213 2.3605520560361217
260 0.7315823021996035 1.724805328506066 2.357636759828935
261 0.7304066985554309 1.7199009015781068 2.354716769410327
262 0.7292296385259112 1.7149964765827643 2.3517920638134164
263 0.7280511161336505 1.7100920535320698 2.348862621918079
264 0.7268711253596367 1.7051876324377269 2.3459284224477135
265 0.7256896601419448 1.700283213311567 2.342989443971121
266 0.7245067143769085 1.6953787961654678 2.3400456648956394
266 0.7233222819185058 1.6904743810118932 2.337097063466867
267 0.7233222819185058 1.6904743810118932 2.337097063466867
268 0.7221363565761992 1.685569967862618 2.334143617770833
269 0.720948932115522 1.6806655567300408 2.331185305730833
270 0.719760002258987 1.6757611476267245 2.3282221051007297
271 0.7185695606830659 1.6708567405652783 2.325253993471386
272 0.7173776010203158 1.6659523355580559 2.3222809482601576
273 0.7161841168576122 1.6610479326180554 2.3193029467146027
274 0.7149891017343902 1.656143531758157 2.316319965913822
275 0.7137925491456593 1.65123913299126 2.313331982755541
276 0.712594452537822 1.6463347363305219 2.3103389739665987
277 0.7113948053103508 1.64143034178908 2.307340916093694
278 0.7101936008149429 1.6365259493807502 2.3043377855036242
279 0.7089908323543285 1.6316215591184116 2.3013295583813487
280 0.707786493183589 1.6267171710161223 2.298316210725113
281 0.7065805765070934 1.6218127850874753 2.2952977183504477
282 0.7053730754775884 1.616908401346543 2.292274056890787
283 0.7041639832016019 1.6120040198069043 2.289245201774809
283 0.7029532927320197 1.6070996404829179 2.2862111282485698
284 0.7029532927320197 1.6070996404829179 2.2862111282485698
285 0.7017409970708289 1.6021952633891652 2.2831718113619783
286 0.7005270891678671 1.5972908885396981 2.2801272259679024
287 0.6993115619455402 1.5923865159491883 2.277077346639376
288 0.6980944082696247 1.5874821456327717 2.2740221477603346
289 0.6968756209289549 1.5825777776048586 2.270961603586071
290 0.6956551926614452 1.577673411880731 2.2678956881567305
291 0.6944331161458625 1.572769048475281 2.2648243753181383
292 0.693209384007578 1.5678646874038782 2.2617476387000823
293 0.6919839888149218 1.5629603286819616 2.258665451723322
294 0.690756923081128 1.5580559723249015 2.2555777875886895
295 0.6895281792608003 1.5531516183487364 2.2524846192852803
296 0.6882977497514257 1.5482472667688998 2.249385919579193
297 0.6870656268913854 1.5433429176017734 2.2462816610177363
298 0.6858318029597306 1.5384385708634074 2.243171815923705
299 0.6845962701755647 1.5335342265701317 2.240056356393611
300 0.6833590206984049 1.5286298847384716 2.2369352542916388
301 0.6821200466259518 1.5237255453850835 2.233808481252033
302 0.6808793399944736 1.5188212085267907 2.2306760086730173
303 0.6796368927763597 1.5139168741805367 2.2275378077197816
304 0.6783926968824576 1.5090125423637628 2.2243938493123596
305 0.6771467441596999 1.5041082130934862 2.221244104126939
306 0.6758990263889639 1.4992038863875308 2.218088542599519
307 0.6746495352859023 1.4942995622634496 2.2149271349163486
308 0.6733982625021967 1.489395240739102 2.211759851005323
309 0.6721451996203901 1.484490921832861 2.2085866605478435
310 0.6708903381559962 1.4795866055626303 2.2054075329649407
311 0.6696336695570302 1.474682291946958 2.202222437414887
312 0.6683751852015254 1.4697779810046507 2.199031342795125
313 0.6671148763971007 1.4648736727544194 2.1958342177374144
314 0.6658527343821661 1.4599693672154415 2.1926310305988657
315 0.6645887503215495 1.4550650644068561 2.189421749469651
316 0.6633229153102193 1.4501607643481154 2.1862063421552564
316 0.6620552203674193 1.4452564670587729 2.1829847761893673
317 0.6620552203674193 1.4452564670587729 2.1829847761893673
318 0.6607856564395698 1.4403521725589001 2.179757018818739
319 0.659514214397623 1.4354478808686648 2.176523037004975
320 0.6582408850371333 1.4305435920079277 2.1732827974172806
321 0.6569656590766599 1.4256393059974386 2.1700362664330433
322 0.6556885271574038 1.4207350228581335 2.166783410131368
323 0.6544094798415567 1.4158307426106709 2.1635241942911136
324 0.6531285076131623 1.41092646527625 2.1602585843824773
325 0.6518456008744318 1.4060221908764527 2.1569865455720114
326 0.6505607499454319 1.401117919432799 2.1537080427159534
327 0.6492739450661564 1.3962136509672298 2.150423040346961
328 0.6479851763922785 1.3913093855018703 2.147131502680544
329 0.6466944339938209 1.3864051230590595 2.1438333936121468
330 0.6454017078578089 1.3815008636613384 2.140528676700841
331 0.6441069878826355 1.3765966073317542 2.1372173151808553
332 0.6428102638794225 1.37169235409349 2.13389927194876
333 0.6415115255723824 1.3667881039695453 2.130574509553888
333 0.6402107625950286 1.361883856983806 2.1272429902045844
334 0.6402107625950286 1.361883856983806 2.1272429902045844
335 0.638907964490085 1.3569796131604346 2.123904675759435
336 0.6376031207073445 1.3520753725231311 2.1205595277249665
337 0.636296220605723 1.347171135096692 2.117207507242854
338 0.6349872534481069 1.3422669009059136 2.1138485750968035
339 0.6336762084034799 1.3373626699752845 2.110482691696304
340 0.6323630745433189 1.332458442330849 2.1071098170827356
341 0.6310478408419928 1.32755421799775 2.103729910915192
342 0.629730496173163 1.3226499970018664 2.100342932475934
343 0.6284110293117365 1.3177457793696927 2.096948840654414
344 0.6270894289307678 1.3128415651275736 2.0935475939469463
345 0.6257656836005591 1.3079373543023123 2.0901391504510807
346 0.6244397817869461 1.3030331469210978 2.0867234678614413
347 0.623111711850618 1.2981289430112612 2.0833005034616794
348 0.6217814620436554 1.2932247426007277 2.079870214126664
349 0.6204489784687083 1.2883205456480917 2.076432696895909
350 0.6191142914280661 1.2834163522480777 2.0729877665846064
350 0.6191142914280661 1.2834163522480777 2.0729877665846064
351 0.6177773888753423 1.2785121624301172 2.0695353786865462
352 0.6164382586259977 1.2736079762232282 2.066075488341721
353 0.6150968883763043 1.2687037936570977 2.0626080502636674
354 0.6137532657088358 1.2637996147614847 2.0591330187089065
355 0.6124073780880673 1.2588954395666014 2.0556503474808983
356 0.6110592128597321 1.253991268103013 2.052159989920429
357 0.6097087572499176 1.249087100401564 2.048661898896701
358 0.6083559983626536 1.2441829364939596 2.045156026804352
359 0.6070009231771383 1.2392787764115138 2.0416423255584752
360 0.6056435185492067 1.2343746201865462 2.038120746579503
361 0.604283771206341 1.2294704678517807 2.0345912407963063
362 0.6029216677480261 1.2245663194396987 2.031053758630999
363 0.6015571946415669 1.2196621749841854 2.0275082500025814
364 0.6001903382240408 1.2147580345183044 2.02395466430327
365 0.598821084697924 1.2098538980770284 2.0203929504041103
366 0.5974494201295576 1.2049497656944774 2.0168230566416527
366 0.596075330446488 1.2000456374057593 2.0132449308158242
367 0.596075330446488 1.2000456374057593 2.0132449308158242
368 0.5946988014387682 1.1951415132466032 2.0096585201704973
369 0.5933198187524419 1.1902373932529133 2.0060637714000427
370 0.5919383678902403 1.1853332774611296 2.0024606306326116
371 0.5905544342093214 1.1804291659080117 1.998849043422151
372 0.5891680029184507 1.175525058631169 1.9952289547432849
373 0.5877790590774163 1.17062095566842 1.9916003089763659
374 0.5863875875935597 1.1657168570581529 1.9879630499036776
375 0.5849935732181721 1.1608127628392246 1.9843171207050199
376 0.5835970005487459 1.155908673050971 1.9806624639333144
377 0.582197854021538 1.151004587733505 1.97699902152323
378 0.5807961179131619 1.1461005069272565 1.9733267347675634
379 0.5793917763360804 1.1411964306731421 1.969645544315049
380 0.577984813235477 1.1362923590129792 1.9659553901635853
381 0.5765752123893607 1.1313882919885034 1.9622562116397018
382 0.575162957405419 1.1264842296425928 1.9585479473925165
383 0.5737480317164192 1.1215801720187917 1.9548305353893467
383 0.5723304185801099 1.1166761191605272 1.9511039128950725
384 0.5723304185801099 1.1166761191605272 1.9511039128950725
385 0.5709101010744684 1.111772071112626 1.9473680164709655
386 0.5694870620967887 1.106868027920084 1.9436227819552523
387 0.5680612843599258 1.1019639896286433 1.939868144456109
388 0.5666327503898042 1.0970599562845116 1.9361040383384303
389 0.5652014425214853 1.092155927934926 1.9323303972165804
390 0.5637673428986608 1.0872519046275382 1.9285471539329222
391 0.5623304334686041 1.0823478864104965 1.9247542405526337
392 0.5608906959793196 1.0774438733331455 1.9209515883516661
393 0.5594481119762846 1.0725398654451184 1.9171391278027659
394 0.5580026627835252 1.0676358627974363 1.9133167886183031
395 0.5565543295348431 1.0627318654411786 1.909484499616396
396 0.5551030931506685 1.0578278734285618 1.90564218877707
397 0.5536489343370352 1.0529238868121475 1.9017897832187958
398 0.5521918336149231 1.048019905646512 1.8979272090745187
399 0.5507317712563469 1.0431159299860577 1.8940543916804882
400 0.5492687273010378 1.0382119598859934 1.8901712554936345
401 0.5478026815598637 1.0333079954021278 1.8862777240516453
402 0.5463336136099397 1.028404036591027 1.882373719961639
403 0.5448615027928795 1.02350008351044 1.8784591648779185
404 0.5433863282086024 1.018596136218606 1.8745339794923468
405 0.541908068712748 1.0136921947747881 1.8705980835139053
406 0.5404267029126817 1.008788259239353 1.8666513956516055
407 0.5389422091632603 1.0038843296732982 1.8626938335965337
408 0.5374545655606129 0.9989804061386969 1.8587253140117463
409 0.5359637499407472 0.9940764886984362 1.8547457525034763
410 0.5344697398728414 0.989172577416685 1.8507550636113175
411 0.5329725126579665 0.9842686723583532 1.8467531607769887
412 0.5314720453200591 0.9793647735892671 1.842739956340472
413 0.5299683146042143 0.974460881176716 1.8387153615107221
414 0.5284612969710519 0.9695569951886778 1.8346792863466561
415 0.5269509685921461 0.9646531156941992 1.8306316397357825
416 0.5254373053435836 0.9597492427637973 1.8265723293785108
416 0.5239202828021909 0.9548453764687659 1.822501261760223
417 0.5239202828021909 0.9548453764687659 1.822501261760223
418 0.5223998762407605 0.9499415168816678 1.8184183421281377
419 0.5208760606203985 0.9450376640761515 1.8143234744759587
420 0.5193488105867585 0.9401338181273086 1.81021656151508
421 0.517818100465422 0.9352299791111722 1.806097504646081
422 0.5162839042531836 0.9303261471053118 1.8019662039455786
423 0.514746195613718 0.925422322188218 1.7978225581344256
424 0.5132049478722074 0.9205185044402913 1.793666464551524
425 0.5116601340078735 0.9156146939424111 1.7894978191291362
426 0.5101117266480556 0.9107108907776665 1.785316516367793
427 0.5085596980625569 0.9058070950299366 1.7811224493029238
428 0.5070040201571895 0.900903306785066 1.7769155094781175
429 0.505444664501535 0.8959995261318341 1.7726955867967482
430 0.5038816022491229 0.891095753159012 1.7684625697416263
431 0.5023148041693424 0.8861919879565042 1.7642163452099804
432 0.5007442406353948 0.8812882306158986 1.7599567984998314
433 0.4991698816219591 0.8763844812303072 1.7556838132594457
433 0.4975916966945471 0.8714807398946812 1.7513972714654251
434 0.4975916966945471 0.8714807398946812 1.7513972714654251
435 0.4960096550033683 0.8665770067057829 1.7470970533827574
436 0.4944237252721576 0.8616732817613882 1.742783037539464
437 0.49283387579412896 0.8567695651617054 1.7384551006790023
438 0.4912400743996252 0.8518658570100984 1.734113117809487
439 0.4896422884830933 0.8469621574105239 1.7297569620352928
440 0.4880404849875433 0.8420584664684705 1.725386504543702
441 0.48643463038833595 0.8371547842916216 1.721001614591656
442 0.4848246906826585 0.8322511109893179 1.7166021594681262
443 0.4832106313824111 0.8273474466729017 1.7121880044442608
444 0.4815924175009547 0.8224437914560602 1.707759012743239
445 0.47997001356502816 0.8175401454560594 1.7033150454206363
446 0.4783433835821882 0.8126365087915159 1.6988559613930356
447 0.4767124910145151 0.8077328815832027 1.6943816174487623
448 0.4750772987843338 0.8028292639529558 1.6898918681387225
449 0.4734377692414458 0.7979256560277314 1.6853865658124159
450 0.4717938641857823 0.7930220579357343 1.6808655604377662
451 0.4701455448532613 0.7881184698060465 1.6763286995562805
452 0.4684927719951475 0.7832148917716233 1.6717758279091135
453 0.4668355057787896 0.7783113239672421 1.667206787686037
454 0.4651737054938778 0.773407766529918 1.662621419473369
455 0.4635073299545674 0.7685042196000206 1.6580195607162216
456 0.461836337337245 0.7636006833204652 1.6534010461867663
457 0.4601606851647384 0.7586971578369823 1.6487657079295406
458 0.45848033029312824 0.753793643298536 1.6441133751945258
459 0.4567952288972496 0.7488901398571364 1.6394438743702155
460 0.45510533645313317 0.7439866476677076 1.6347570289242774
461 0.4534106077249787 0.7390831668883675 1.630052659325224
462 0.45171099674745335 0.7341796976807623 1.6253305829772262
463 0.4500064568084621 0.7292762402099435 1.620590614148339
464 0.4482969404335038 0.7243727946442239 1.6158325638889133
465 0.44658239936742716 0.7194693611553621 1.6110562399558794
466 0.444862784555209 0.71456593991967 1.6062614467382805
466 0.4431380461252308 0.7096625311160395 1.6014479851623684
467 0.4431380461252308 0.7096625311160395 1.6014479851623684
468 0.44140813336690604 0.7047591349281652 1.5966156526217818
469 0.4396729947135454 0.6998557515435195 1.5917642428766583
470 0.4379325777205523 0.6949523811534444 1.586893545967019
471 0.4361868290429188 0.6900490239539411 1.582003348125038
472 0.4344356944174206 0.6851456801449914 1.5770934316614422
473 0.4326791186347342 0.6802423499315153 1.5721635748864806
474 0.43091704551974 0.6753390335226319 1.5672135519914008
475 0.4291494179062929 0.6704357311327052 1.5622431329479245
476 0.4273761776135703 0.6655324429805092 1.5572520833912218
477 0.42559726541747356 0.6606291692903359 1.5522401645187185
478 0.42381262102689155 0.6557259102916759 1.5472071329609345
479 0.4220221830567074 0.6508226662191725 1.5421527406575237
480 0.4202258889969576 0.645919437312962 1.537076734740725
481 0.41842367518465445 0.6410162238195686 1.5319788574025641
482 0.4166154767748723 0.6361130259907742 1.5268588457516965
483 0.41480122770830935 0.6312098440845079 1.521716431679364
483 0.4129808606788723 0.626306678365774 1.5165513417164886
484 0.4129808606788723 0.626306678365774 1.5165513417164886
485 0.41115430710137024 0.6214035291048756 1.5113632968744952
486 0.4093214970751025 0.616500396580101 1.5061520125022538
487 0.40748235934973154 0.6115972810758654 1.5009171981134706
488 0.40563682128725637 0.6066941828837927 1.4956585572249006
489 0.40378480882344564 0.6017911023037447 1.490375787185389
490 0.4019262464287628 0.5968880396419863 1.4850685789881066
491 0.40006105706833767 0.5919849952140225 1.4797366170856783
492 0.3981891621549496 0.587081969342635 1.4743795792065795
493 0.3963104815088775 0.582178962359564 1.468997136141914
494 0.39442493331152184 0.5772759746053302 1.4635889515366673
495 0.3925324340544946 0.5723730064292694 1.458154681683725
496 0.3906328984942115 0.5674700581904728 1.4526939752845258
497 0.3887262395973122 0.5625671302578049 1.4472064732254177
498 0.3868123684891387 0.557664223009945 1.441691808325937
499 0.38489119439745617 0.5527613368362384 1.436149605089255
500 0.38296262459486574 0.5478584721374306 1.4305794794387763
501 0.38102656433945187 0.5429556293243926 1.42498103843668
502 0.3790829168115967 0.5380528088209735 1.419353880007166
503 0.3771315830502575 0.5331500110622994 1.413697592628434
504 0.3751724618840992 0.528247236496506 1.408011755030399
505 0.3732054498628654 0.5233444855848902 1.4022959358637272
506 0.37123044118234133 0.5184417588019212 1.3965496933676096
507 0.369247327609649 0.5135390566370017 1.390772575014791
508 0.36725599840504414 0.5086363795934887 1.3849641171347653
509 0.3652563402351217 0.503733728190616 1.379123844548062
510 0.3632482370913065 0.49883110296293415 1.373251270143253
511 0.36123157019531177 0.493928504462328 1.3673458944777979
512 0.3592062179080716 0.4890259332575531 1.3614072053248953
513 0.3571720556304548 0.4841233899351753 1.3554346772191765
514 0.3551289557017754 0.4792208751008274 1.3494277709735951
515 0.3530767872902561 0.4743183893795529 1.3433859331840667
516 0.3510154162832001 0.4694159334168415 1.3373085956945994
516 0.34894470516765613 0.46451350787938434 1.3311951750527389
517 0.34894470516765613 0.46451350787938434 1.3311951750527389
518 0.3468645129103992 0.45961111345618494 1.3250450719209492
519 0.34477469482681417 0.4547087508594404 1.3188576704791164
520 0.34267510244539695 0.44980642082517736 1.312632337789557
521 0.34056558337178355 0.44490412411547087 1.306368423111576
522 0.3384459811347075 0.44000186151841125 1.3000652572183529
523 0.33631613503283175 0.43509963385008604 1.2937221516523758
524 0.33417587997430404 0.4301974419550757 1.2873383979363056
525 0.33202504630141383 0.4252952867091178 1.2809132667751602
526 0.32986345961311936 0.420393169019371 1.2744460071825765
527 0.3276909405748286 0.4154910898265128 1.2679358455795786
528 0.3255073047196282 0.41058905010624586 1.2613819848371814
529 0.3233123622389729 0.4056870508711476 1.254783603267506
530 0.3211059177610599 0.4007850931724058 1.2481398535627004
531 0.31888777011912917 0.39588317810185214 1.2414498616675054
532 0.31665771210648874 0.39098130679399984 1.2347127255896955
533 0.3144155302147671 0.386079480428656 1.2279275141559882
533 0.3121610043631944 0.3811777002322782 1.2210932656687123
534 0.3121610043631944 0.3811777002322782 1.2210932656687123
535 0.30989390760879854 0.3762759674819738 1.2142089865057113
536 0.3076140058397255 0.37137428350688817 1.2072736496282401
537 0.3053210574541334 0.36647264969217913 1.20028619299287
538 0.30301481301560196 0.3615710674808512 1.1932455178758348
539 0.30069501489046296 0.3566695383786014 1.186150487092474
540 0.298361396863614 0.3517680639560061 1.1789999230926151
541 0.2960136837280766 0.34686664585345434 1.1717926059529469
542 0.29365159075992636 0.34196528578341884 1.1645272715821626
543 0.29127482285427003 0.3370639855353893 1.1572026110338702
544 0.2888830745840423 0.3321627469801924 1.149817265890249
545 0.28647602975458974 0.32726157207745776 1.1423698253491121
546 0.28405336083663096 0.32236046287976744 1.1348588234629908
547 0.28161472835441886 0.31745942153937634 1.1272827362205504
548 0.27915978026030064 0.31255845031422824 1.1196399783048447
549 0.27668815155658405 0.30765755157614155 1.1119288984560083
550 0.2741994632188113 0.30275672781697915 1.1041477771799253
551 0.2716933212700305 0.29785598165631416 1.0962948233839032
552 0.2691693159569862 0.29295531585010254 1.0883681700811596
553 0.26662702086217976 0.28805473329991316 1.0803658697773526
554 0.2640659919486351 0.2831542370639092 1.0722858895021476
555 0.26148576653033795 0.27825383036809576 1.0641261054483144
556 0.25888586216252224 0.2733535166180968 1.0558842971753017
557 0.25626577544259427 0.2684532994139834 1.0475581413489186
558 0.25362498071222594 0.26355318256361465 1.03914520495382
559 0.25096292865572056 0.25865317010005684 1.0306429379252504
560 0.24827904477743057 0.25375326629892475 1.0220486651477234
561 0.24557272774734795 0.24885347569819216 1.013359577754984
562 0.24284334760914392 0.24395380311984521 1.0045727236164137
563 0.24009024381840366 0.2390542536937553 0.9956849969904152
564 0.23731272311651092 0.2341548328841928 0.9866931271494968
565 0.2345100571944924 0.229255546519703 0.977593665970447
566 0.2316814801460006 0.22435640082438144 0.9683829742584386
566 0.22882618567334628 0.21945740245610673 0.9590572067192796
567 0.22882618567334628 0.21945740245610673 0.9590572067192796
568 0.22594332401351244 0.2145585585454105 0.9496122953939499
569 0.22303199856228112 0.2096598767422177 0.9400439313360263
570 0.22009126215065458 0.20476136526573965 0.9303475443090445
571 0.21712011291055416 0.1998630329625899 0.9205182803351176
572 0.2141174894577401 0.19496488936910292 0.9105509777032142
573 0.21108226593735915 0.1900669447857119 0.900440138548239
574 0.20801324648544675 0.1851692103602482 0.890179897140364
575 0.2049091589451247 0.18027169818179295 0.8797639847327188
576 0.20176864783495882 0.17537442138988463 0.8691856900053969
577 0.19859026644797717 0.17047739429686337 0.8584378144309592
578 0.19537246797291227 0.16558063253088712 0.8475126216547785
579 0.19211359557790886 0.16068415320079513 0.8364017794650667
580 0.1888118711717398 0.15578797508763498 0.8250962935796188
581 0.18546538223609713 0.15089211886547924 0.8135864334692596
582 0.18207206704429832 0.14599660736123013 0.8018616459476401
583 0.17862969772053214 0.14110146585967992 0.789910455317651
583 0.17513586075025067 0.13620672246618293 0.7777203474074226
584 0.17513586075025067 0.13620672246618293 0.7777203474074226
585 0.17158793441821613 0.13131240853554796 0.7652776343556681
586 0.1679830626017634 0.12641855918677997 0.7525672959450668
587 0.16431812413626778 0.12152521392234528 0.7395727924788463
588 0.16058969683449276 0.11663241737974435 0.7262758425900029
589 0.15679401574128227 0.1117402202556542 0.7126561541738364
590 0.15292692295788138 0.10684868044036683 0.6986911027418942
591 0.1489838036729224 0.10195786439473768 0.6843553586440508
592 0.14495951302516785 0.09706784891358936 0.6696204125405447
593 0.14084828997123108 0.0921787233860371 0.654453976011104
594 0.13664364772084936 0.08729059266370917 0.6388192508007102
595 0.13233823689604599 0.08240358077480162 0.6226740109854348
596 0.1279236751320634 0.07751783583163024 0.6059694247495928
597 0.12339033078501498 0.0726335365957743 0.588648528078954
598 0.11872704472443271 0.06775090141906961 0.570644216541568
599 0.1139207671240337 0.06287020066233412 0.5518765563954009
600 0.10895607534338367 0.057991774338412495 0.5322491119072236
601 0.10381452186989401 0.05311605783096727 0.5116438131606982
602 0.09847373345460983 0.04824362052120938 0.4899135924753644
603 0.09290613603121943 0.043375225879747834 0.46687148699384473
604 0.08707709910590343 0.03851192892626584 0.44227390808492045
605 0.08094214794421827 0.03365524248103481 0.4157937902046843
606 0.07444262033493262 0.028807438991148356 0.3869750804248665
607 0.06749862259133516 0.02397214344714334 0.3551501130960954
608 0.05999714593733411 0.01915562456075004 0.3192755965551716
609 0.05177161704950179 0.014370028413790667 0.27756576349644757
610 0.042570764301736425 0.009643266722692521 0.22652322270613265
611 0.032078129053439916 0.005059525797469973 0.15772509017097466
612 0.02318451942155444 0.0010910278501280618 0.04705846303261058
613 0.020293789931707034 0.00010865592292040329 0.005354146430314586
614 0.01787719576909445 1.0123350387652733e-05 0.0005662717194803937
615 0.01576132893021954 9.393754713779135e-07 5.960001694887724e-05
616 0.01390180220587428 8.710116759226147e-08 6.265458701135627e-06
616 0.01226131627585279 8.085517292757386e-09 6.594330584784648e-07
617 0.01226131627585279 8.085517292757386e-09 6.594330584784648e-07
