1 0.666206330464124 3.9951109064428962 5.996807180831851
2 0.6657464570930393 3.990191696252746 5.993560542065505
3 0.6652907431613044 3.9852870442624613 5.990293845552876
4 0.6648361385480439 3.9803827816497246 5.9870132666714015
5 0.664381241923207 3.975478483386423 5.983730774635464
6 0.6639250016932878 3.9705741810784003 5.980455881239247
7 0.6634665867782784 3.9656698758419022 5.977196071167297
8 0.6630056419433555 3.960765566924496 5.97395454330521
9 0.6625423938712671 3.955861254709074 5.970729256425066
10 0.6620781911079013 3.950956941819145 5.9675080600491235
11 0.661613742520943 3.9460526290870073 5.964284559826987
12 0.6611490509377259 3.941148317804949 5.961058723770547
13 0.6606841089109198 3.9362440080631163 5.957830610685751
14 0.6602189159013033 3.93133969936407 5.9546002161982425
15 0.6597534714782551 3.926435391702936 5.9513675356725235
16 0.6592877751909936 3.9215310850855523 5.948132564644471
16 0.6588218265819187 3.916626779515948 5.944895298682018
17 0.6588218265819187 3.916626779515948 5.944895298682018
18 0.6583556251942561 3.9117224749980966 5.9416557333187425
19 0.6578891705703273 3.9068181715351824 5.938413864068234
20 0.6574224622517375 3.901913869130648 5.935169686423862
21 0.6569554997731439 3.8970095677883947 5.931923195915229
22 0.6564882826750034 3.892105267511416 5.92867438799089
23 0.6560208104937524 3.887200968303853 5.9254232581099995
24 0.6555530827615551 3.8822966701689925 5.922169801741446
25 0.6550850990139436 3.8773923731107063 5.918914014296904
26 0.654616858782193 3.8724880771323953 5.915655891197979
27 0.6541483615946985 3.867583782237643 5.912395427864643
28 0.65367960698064 3.8626794884300417 5.909132619681744
29 0.6532105944676462 3.8577751957136757 5.905867462020709
30 0.6527413235819625 3.8528709040917484 5.9025999502358095
31 0.6522717938467495 3.847966613567715 5.899330079681156
32 0.6518020047863238 3.8430623241458637 5.896057845673106
33 0.6513319559186878 3.8381580358298084 5.892783243555401
33 0.6508616467661417 3.8332537486222655 5.889506268602697
34 0.6508616467661417 3.8332537486222655 5.889506268602697
35 0.650391076845901 3.828349462527777 5.8862269161094884
36 0.6499202456761413 3.8234451775493614 5.8829451813301485
37 0.6494491527706387 3.8185408936913023 5.879661059531582
38 0.6489777976741757 3.8136366109552973 5.876374545666604
39 0.6485061799422731 3.80873232934233 5.873085634559974
40 0.648034299085508 3.8038280488555194 5.869794321416936
41 0.6475621546127274 3.79892376949866 5.8665006014296734
42 0.6470897460310444 3.794019491275374 5.863204469775904
43 0.6466170728464525 3.7891152141889872 5.859905921612993
44 0.6461441345620295 3.784210938243167 5.856604952095073
45 0.6456709306805793 3.779306663441467 5.8533015563482635
46 0.6451974607041833 3.77440238978729 5.849995729474541
47 0.6447237241313761 3.769498117284216 5.846687466577701
48 0.6442497204607238 3.7645938459357398 5.843376762730385
49 0.643775449186235 3.7596895757459308 5.840063613016573
50 0.6433009098039825 3.754785306718006 5.836748012469174
51 0.642826101806831 3.7498810388554875 5.833429956119494
52 0.6423510246853038 3.74497677216194 5.830109438988836
53 0.6418756779287259 3.740072506641366 5.826786456078594
54 0.6414000610268085 3.735168242297545 5.823461002354702
55 0.6409241734650446 3.7302639791335865 5.820133072788573
56 0.6404479800964421 3.725359716998639 5.816802976625291
57 0.6399715151162686 3.7204554560283505 5.81347039383843
58 0.6394947779998416 3.7155511962272967 5.810135319397741
59 0.6390177682299736 3.710646937598337 5.8067977481698545
60 0.6385404852860566 3.7057426801454003 5.803457675021629
61 0.6380629286451721 3.700838423872729 5.800115094808731
62 0.6375850977839395 3.6959341687841194 5.796770002357509
63 0.6371069921246904 3.6910299148799184 5.793422392949558
64 0.6366286111249414 3.6861256621633687 5.790072261518182
65 0.6361499542583472 3.681221410639012 5.7867196028187236
66 0.6356710209914539 3.6763171603108002 5.783364411636795
66 0.6351918107930378 3.671412911182454 5.78000668270375
67 0.6351918107930378 3.671412911182454 5.78000668270375
68 0.6347123231304245 3.6665086632585697 5.776646410731738
69 0.6342325574656869 3.6616044165426205 5.773283590445008
70 0.6337525132621528 3.656700171039432 5.769918216524424
71 0.6332721899791425 3.651795926752573 5.7665502836510925
72 0.6327915870758435 3.646891683686339 5.763179786474057
73 0.6323107040102749 3.6419874418444445 5.759806719617486
74 0.6318295402377783 3.6370832012316288 5.756431077696802
75 0.6313480952095951 3.6321789618520004 5.753052855328863
76 0.630866368378697 3.6272747237092977 5.749672047079096
77 0.6303843591946828 3.6223704868081965 5.74628864750988
78 0.6299020671056705 3.6174662511525533 5.742902651160371
79 0.6294194915572814 3.612562016746667 5.739514052557586
80 0.6289366319948392 3.607657783594483 5.7361228461949185
81 0.6284534878580084 3.6027535517006983 5.732729026582629
82 0.6279700585898137 3.5978493210692837 5.729332588163056
83 0.6274863436293306 3.592945091704475 5.725933525378687
83 0.6270023424118398 3.5880408636105074 5.722531832670158
84 0.6270023424118398 3.5880408636105074 5.722531832670158
85 0.6265180544121685 3.583136636789505 5.719127504077099
86 0.6260334790909438 3.5782324112439654 5.71572053373228
87 0.6255486158793995 3.5733281869775797 5.712310916001591
88 0.6250634642074784 3.568423963994925 5.70889864522693
89 0.6245780235013646 3.5635197422997593 5.705483715745841
90 0.6240922931864832 3.558615521896576 5.7020661218664275
91 0.6236062726859986 3.553711302789293 5.698645857878784
92 0.6231199614209614 3.5488070849824456 5.695222918055383
93 0.6226333588093657 3.543902868479761 5.691797296657234
94 0.6221464642709511 3.538998653285812 5.688368987892443
95 0.6216592772204166 3.534094439404208 5.684937985975159
96 0.6211717970712888 3.5291902268400506 5.681504285093973
97 0.6206840232327457 3.524286015597165 5.678067879436328
98 0.620195955116463 3.519381805679832 5.674628763128498
99 0.6197075921295234 3.514477597092017 5.671186930299001
100 0.6192189336766918 3.509573389838051 5.667742375058703
101 0.6187299791616563 3.50466918392271 5.664295091489403
102 0.6182407279864539 3.4997649793495085 5.66084507364612
103 0.6177511795495952 3.494860776123635 5.657392315578825
104 0.6172613332470939 3.489956574248874 5.653936811317842
105 0.6167711884753844 3.4850523737297565 5.650478554850404
106 0.6162807122583627 3.480148174420241 5.647017836510292
107 0.615789936435058 3.475243976454727 5.643554353248563
108 0.615298860389032 3.4703397798373303 5.64008809904695
109 0.6148074835101308 3.4654355845728544 5.636619067789455
110 0.6143158051827634 3.4605313906655173 5.633147253367483
111 0.6138238247916527 3.455627198120008 5.629672649628638
112 0.6133315417179027 3.450723006941011 5.6261952504118
113 0.6128389553397888 3.445818817132759 5.622715049538949
114 0.6123460650347825 3.4409146286998245 5.619232040797671
115 0.6118528701776887 3.436010441646944 5.61574621795774
116 0.611359370094694 3.431106255975827 5.612257575187536
116 0.6108655641454326 3.426202071691229 5.608766106310638
117 0.6108655641454326 3.426202071691229 5.608766106310638
118 0.610371451699078 3.42129788879775 5.605271805019641
119 0.6098770321217603 3.4163937073003408 5.6017746649922495
120 0.6093823047789326 3.4114895272037082 5.598274679868337
121 0.6088872690316124 3.4065853485128987 5.594771843285222
122 0.6083919242393069 3.401681171232372 5.591266148849049
123 0.6078962697600607 3.396776995367425 5.5877575901364676
124 0.6074003049493613 3.391872820922509 5.584246160701694
125 0.6069040291598328 3.386968647903388 5.580731854082656
126 0.606407441741785 3.382064476314178 5.577214663790849
127 0.6059105420447073 3.3771603061599875 5.573694583301709
128 0.6054133294131883 3.3722561374461453 5.570171606090648
129 0.6049158031914829 3.367351970177261 5.566645725589258
130 0.604417962721957 3.3624478043583577 5.5631169352012515
131 0.6039198073427231 3.3575436399947405 5.55958522832377
132 0.6034213363909355 3.3526394770911057 5.55605059831535
133 0.6029225492486951 3.347735315649936 5.5525130380702565
133 0.6024234452621104 3.342831155675809 5.548972540770496
134 0.6024234452621104 3.342831155675809 5.548972540770496
135 0.6019240237572342 3.337926997173087 5.545429099735231
136 0.6014242840645709 3.3330228401472324 5.541882708197043
137 0.600924225507796 3.3281186846026785 5.53833335940207
138 0.6004238474070722 3.323214530544581 5.5347810465821246
139 0.5999231490836407 3.318310377978368 5.531225762911396
140 0.599422129854717 3.313406226908462 5.5276675015510985
141 0.5989207890350718 3.308502077340451 5.524106255638274
142 0.5984191259372643 3.3035979292788027 5.520542018279572
143 0.5979171398697125 3.298693782729105 5.516974782572545
144 0.5974148301406783 3.2937896376961686 5.513404541565452
145 0.5969121960548596 3.2888854941850334 5.509831288290123
146 0.5964092369147934 3.283981352201258 5.5062550157492405
147 0.5959059520199746 3.2790772117496134 5.502675716922021
148 0.5954023406677602 3.2741730728353295 5.499093384757698
149 0.5948984021518503 3.2692689354635642 5.49550801218839
150 0.5943941357654439 3.264364799639576 5.491919592099979
151 0.593889540796868 3.2594606653685365 5.4883281173719
152 0.5933846165325344 3.2545565326558394 5.484733580850081
153 0.5928793622582896 3.2496524015063426 5.481135975332908
154 0.5923737772559015 3.2447482719258267 5.477535293605877
155 0.5918678608024388 3.239844143919578 5.473931528444682
156 0.5913616121747545 3.234940017492493 5.470324672573656
157 0.5908550306472243 3.2300358926501342 5.466714718688175
158 0.5903480854466301 3.2251317692453316 5.463101937233092
159 0.5898408059629566 3.2202276474174236 5.459486042441868
160 0.5893331914553751 3.2153235271721647 5.455867026989998
161 0.5888252411909435 3.2104194085148423 5.45224488342505
162 0.5883169544299018 3.205515291450812 5.448619604303364
163 0.5878083304302465 3.2006111759859213 5.444991182148155
164 0.5872993684488143 3.1957070621254275 5.441359609437325
165 0.5867900677361726 3.1908029498753208 5.437724878652754
166 0.5862804275429006 3.1858988392409806 5.4340869822195375
166 0.585770447114796 3.1809947302279857 5.430445912551462
167 0.585770447114796 3.1809947302279857 5.430445912551462
168 0.5852601256976779 3.176090622842303 5.426801662006519
169 0.5847494625318085 3.1711865170894695 5.423154222936916
170 0.5842384568554942 3.166282412975398 5.419503587656756
171 0.5837271078870161 3.1613783105046496 5.415849748606421
172 0.5832154148275241 3.1564742096816993 5.412192698327721
173 0.5827033769069264 3.151570110512516 5.408532429040492
174 0.5821909933533449 3.14666601300274 5.404868932922425
175 0.581678263389354 3.141761917159001 5.401202202145933
176 0.5811651862373 3.136857822986876 5.397532228824942
177 0.5806517611146402 3.1319537304922385 5.393859005060152
178 0.5801379872379414 3.1270496396815832 5.390182522902152
179 0.5796238638190807 3.122145550560528 5.386502774383786
180 0.5791093900667743 3.1172414631356116 5.382819751508739
181 0.5785945651912963 3.112337377412621 5.379133446204447
182 0.5780793884469705 3.1074332933951947 5.3754438499241735
183 0.5775638590335703 3.102529211088886 5.371750954570297
183 0.5770479761483599 3.0976251305002473 5.368054752008772
184 0.5770479761483599 3.0976251305002473 5.368054752008772
185 0.5765317389848686 3.0927210516351598 5.364355234077286
186 0.5760151467343482 3.0878169744997743 5.360652392573005
187 0.5754981985842542 3.0829128991001977 5.356946219265797
188 0.574980893719003 3.0780088254427165 5.35323670589124
189 0.5744632313194771 3.073104753533536 5.349523844154414
190 0.5739452105633526 3.068200683378825 5.345807625726593
191 0.573426830626823 3.0632966149844973 5.342088042228428
192 0.5729080906805761 3.0583925483576277 5.338365085269548
193 0.5723889898936383 3.0534884835036746 5.334638746407537
194 0.571869527431587 3.0485844204292007 5.330909017168962
195 0.5713497024556446 3.0436803591412027 5.327175889056303
196 0.5708295141245627 3.0387762996451344 5.323439353526545
197 0.5703089615931677 3.0338722419477935 5.31969940200943
198 0.5697880440145764 3.0289681860559408 5.315956025883993
199 0.56926676053632 3.0240641319756523 5.312209216513201
200 0.5687451103040099 3.0191600797133256 5.30845896521115
201 0.568223092460149 3.0142560292758365 5.304705263254035
202 0.5677007061427921 3.009351980669633 5.300948101890681
203 0.5671779504867829 3.0044479339011962 5.297187472331419
204 0.5666548246244022 2.999543888977301 5.293423365742098
205 0.566131327682887 2.994639845904214 5.289655773265444
206 0.5656074587888673 2.9897358046889977 5.285884685981521
207 0.5650832170619875 2.984831765338086 5.282110094964405
208 0.5645586016208916 2.9799277278585086 5.278331991228023
209 0.5640336115782131 2.9750236922566953 5.274550365770456
210 0.5635082460455719 2.9701196585396494 5.2707652095288955
211 0.5629824764675289 2.965215626575062 5.266976771960125
212 0.5624563296397983 2.960311596492123 5.2631847851866675
213 0.5619298047041952 2.955407568298056 5.259389239646771
214 0.5614029007600644 2.950503541999628 5.255590126102023
215 0.5608756168996737 2.9455995176039296 5.251787435307286
216 0.5603479522135238 2.94069549511775 5.247981157959477
216 0.5598199057868797 2.935791474548583 5.244171284731384
217 0.5598199057868797 2.935791474548583 5.244171284731384
218 0.5592914767022974 2.9308874559029583 5.2403578062446075
219 0.5587626640385531 2.9259834391886352 5.23654071308306
220 0.5582334668704041 2.921079424412449 5.232719995790915
221 0.5577038842684419 2.9161754115821164 5.228895644876775
222 0.5571739152997457 2.911271400704162 5.225067650803377
223 0.5566435590276997 2.9063673917865414 5.221236003993562
224 0.5561128145122609 2.9014633848361613 5.21740069482285
225 0.5555816808086812 2.8965593798608253 5.2135617136344665
226 0.5550501569681193 2.89165537686724 5.209719050729554
227 0.5545182420394068 2.8867513758635552 5.2058726963547
228 0.5539859350652763 2.8818473768567103 5.202022640732101
229 0.55345323508582 2.8769433798546014 5.198168874030512
230 0.5529201411121495 2.872039384863568 5.194311386607689
231 0.5523866521777951 2.867135391889841 5.190450168529786
232 0.5518527673420426 2.8622314009394088 5.186585209539007
233 0.5513184856298246 2.857327412020437 5.182716499622237
233 0.550783806060403 2.8524234251400324 5.178844028735323
234 0.550783806060403 2.8524234251400324 5.178844028735323
235 0.5502487276494819 2.847519440306175 5.174967786786224
236 0.5497132494093819 2.842615457527003 5.171087763631567
237 0.5491773703477626 2.837711476809981 5.167203949086651
238 0.5486410894675255 2.8328074981628477 5.163316332927565
239 0.5481044057683935 2.827903521593301 5.159424904875253
240 0.5475673182456233 2.8229995471098577 5.155529654608676
241 0.5470298258893683 2.818095574719905 5.151630571766737
242 0.5464919276858592 2.813191604431824 5.147727645940519
243 0.5459536226173365 2.8082876362534535 5.143820866670585
244 0.5454149096614277 2.80338367019286 5.139910223453721
245 0.5448757877928868 2.7984797062582127 5.135995705725771
246 0.5443362559804394 2.7935757444574096 5.1320773028901385
247 0.5437963131887401 2.788671784799128 5.128155004300736
248 0.543255958378258 2.7837678272914346 5.12422879925995
249 0.542715190504371 2.778863871942374 5.120298677027713
250 0.5421740085179085 2.773959918760477 5.116364626816762
251 0.5416324113668427 2.769055967754274 5.112426637775223
252 0.5410903979938486 2.7641520189316036 5.108484699007776
253 0.5405479673361525 2.7592480723015256 5.104538799580061
254 0.5400051183262536 2.7543441278720078 5.100588928507011
255 0.5394618498936745 2.749440185652124 5.09663507473981
256 0.538918160961809 2.7445362456499693 5.0926772271912055
257 0.5383740504504865 2.7396323078742966 5.088715374713731
258 0.5378295172739633 2.7347283723339055 5.084749506116955
259 0.5372845603425225 2.7298244390374538 5.080779610151412
260 0.5367391785597663 2.724920507993582 5.07680567553382
261 0.5361933708275224 2.7200165792112823 5.072827690900773
262 0.5356471360404448 2.7151126526990694 5.068845644857627
263 0.5351004730893364 2.7102087284661 5.064859525948548
264 0.5345533808603289 2.7053048065214007 5.060869322662199
265 0.5340058582340955 2.7004008868735188 5.056875023437902
266 0.5334579040858196 2.69549696953207 5.052876616668209
266 0.5329094920068668 2.690593054366965 5.048874329925232
267 0.5329094920068668 2.690593054366965 5.048874329925232
268 0.5323606462187169 2.685689141511635 5.04486791160787
269 0.5318113655771926 2.6807852309751077 5.040857349984543
270 0.5312616489413875 2.6758813227668834 5.036842633190157
271 0.5307114951616753 2.6709774168957554 5.032823749336864
272 0.5301609030845855 2.666073513371694 5.028800686470707
273 0.5296098715508414 2.661169612204004 5.024773432586099
274 0.5290583993967808 2.656265713402161 5.02074197561322
275 0.5285064854529494 2.651361816975776 5.016706303430623
276 0.5279541285441578 2.646457922934253 5.012666403863351
277 0.5274013274915549 2.641554031287387 5.008622264663688
278 0.5268480811091028 2.636650142044954 5.004573873543142
279 0.5262943882050943 2.6317462552167092 5.0005212181573375
280 0.52574024758467 2.6268423708121196 4.996464286080873
281 0.5251856580471723 2.621938488841493 4.992403064833865
282 0.5246306184152707 2.6170346093130727 4.988337541598768
283 0.5240751274883486 2.612130732236791 4.984267703669765
283 0.5235191840481828 2.607226857622228 4.980193538394323
284 0.5235191840481828 2.607226857622228 4.980193538394323
285 0.5229627868713915 2.602322985479579 4.976115033055974
286 0.5224059347285125 2.5974191158187216 4.972032174880567
287 0.5218486263845119 2.592515248649657 4.9679449510314955
288 0.5212908605993275 2.587611383982884 4.963853348604482
289 0.5207326361264188 2.582707521828534 4.959757354638949
290 0.52017395171344 2.5778036621967306 4.955656956111526
291 0.5196148061027195 2.5728998050977823 4.951552139931057
292 0.5190551980300859 2.5679959505423176 4.947442892949256
293 0.5184951262128205 2.5630920985399 4.9433292020721105
294 0.5179345893574228 2.558188249100859 4.939211054188684
295 0.517373586183127 2.553284402235627 4.935088435944774
296 0.5168121154018201 2.5483805579548453 4.930961333933679
297 0.5162501757213456 2.5434767162695295 4.926829734664173
298 0.5156877658424159 2.538572877190392 4.92269362458781
299 0.5151248844589652 2.533669040728307 4.918552990095626
300 0.5145615302610154 2.528765206894207 4.91440781748972
301 0.5139977019305377 2.523861375699243 4.910258093022215
302 0.5134333981432305 2.518957547154628 4.906103802877125
303 0.5128686175700456 2.514053721271146 4.90194493315393
304 0.5123033588740319 2.509149898060174 4.89778146989885
305 0.5117376207132289 2.504246077532839 4.893613399074652
306 0.5111714017376678 2.4993422597010384 4.88944070659042
307 0.5106047005923565 2.4944384445757533 4.885263378268816
308 0.5100375159153735 2.489534632168366 4.881081399865956
309 0.5094698463387304 2.4846308224907583 4.876894757062434
310 0.5089016904865356 2.4797270155544413 4.872703435478271
311 0.5083330469780112 2.4748232113709734 4.868507420643903
312 0.507763914424165 2.4699194099521984 4.864306698031577
313 0.5071942914304012 2.4650156113099744 4.860101253028853
314 0.506624176595044 2.4601118154560897 4.855891070951618
315 0.5060535685089821 2.4552080224027186 4.851676137047417
316 0.5054824657578741 2.4503042321616317 4.847456436471777
316 0.5049108669187461 2.4454004447450814 4.843231954321579
317 0.5049108669187461 2.4454004447450814 4.843231954321579
318 0.5043387705627025 2.4404966601652998 4.839002675607074
319 0.5037661752542016 2.435592878434245 4.834768585257315
320 0.5031930795490276 2.4306890995646526 4.8305296681406835
321 0.5026194819978969 2.425785323568532 4.826285909026269
322 0.5020453811433284 2.420881550458701 4.822037292615916
323 0.5014707755206873 2.415977780247464 4.817783803530535
324 0.5008956636584001 2.41107401294762 4.81352542630898
325 0.5003200440773614 2.4061702485716623 4.80926214541109
326 0.4997438925299315 2.401266486991 4.804994163779959
327 0.49916723035830485 2.396362728347461 4.800721246519607
328 0.49859005605720763 2.3914589726538638 4.7964433778829125
329 0.49801236811962546 2.386555219923467 4.792160541985179
330 0.4974341650300924 2.3816514701691354 4.787872722865862
331 0.496855445265892 2.376747723404225 4.783579904477668
332 0.4962762072954461 2.371843979642091 4.779282070699938
333 0.4956964495923074 2.3669402388960004 4.774979205202547
333 0.4951161706348376 2.36203650117807 4.770671291445538
334 0.4951161706348376 2.36203650117807 4.770671291445538
335 0.49453536886914473 2.3571327665023523 4.766358313041216
336 0.4939540427334256 2.3522290348821606 4.762040253513217
337 0.4933721906573603 2.347325306331311 4.757717096303658
338 0.4927898110624931 2.3424215808634323 4.753388824766871
339 0.4922069023630495 2.3375178584922733 4.749055422160925
340 0.49162346296545817 2.3326141392319304 4.744716871651469
341 0.49103949126724017 2.327710423096353 4.7403731563202
342 0.49045498565765 2.3228067100997847 4.736024259158337
343 0.4898699445184191 2.3179030002563135 4.731670163057249
344 0.4892843662223702 2.312999293580249 4.727310850821332
345 0.48869824913421134 2.308095590086076 4.722946305158959
346 0.48811159161033496 2.3031918897880495 4.718576508682289
347 0.48752439199810477 2.2982881927008565 4.714201443914197
348 0.4869366486366523 2.293384498839196 4.7098210932783955
349 0.48634835985664143 2.288480808217815 4.705435439100442
350 0.485759523979762 2.2835771208516955 4.70104446361166
350 0.485759523979762 2.2835771208516955 4.70104446361166
351 0.48517013931917075 2.278673436755711 4.696648148942815
352 0.48458020417907405 2.2737697559448007 4.69224647712712
353 0.48398971685464964 2.2688660784343484 4.687839430100387
354 0.4833986756324736 2.2639624042392543 4.6834269896935705
355 0.48280707879021223 2.2590587333753014 4.679009137637148
356 0.4822149245954139 2.2541550658577734 4.674585855568544
357 0.4816222113076304 2.2492514017021246 4.6701571250115
358 0.48102893717694356 2.2443477409243306 4.665722927389628
359 0.48043510044394633 2.239444083539918 4.661283244023092
360 0.479840699339781 2.234540429564821 4.656838056128532
361 0.4792457320866068 2.2296367790149314 4.652387344812083
362 0.47865019689668303 2.2247331319064156 4.647931091077407
363 0.4780540919671858 2.21982948825556 4.643469275874186
364 0.4774574154736453 2.214925848077974 4.639001880158742
365 0.4768601655999185 2.210022211390477 4.634528884605275
366 0.4762623405195757 2.2051185782095204 4.630050269781689
366 0.4756639383976442 2.2002149485516007 4.6255660161319
367 0.4756639383976442 2.2002149485516007 4.6255660161319
368 0.4750649573872085 2.1953113224337595 4.621076104008319
369 0.47446539563369794 2.1904076998730773 4.6165805136274685
370 0.47386525126977586 2.1855040808863757 4.612079225117412
371 0.4732645224202251 2.180600465490777 4.607572218469737
372 0.47266320719842303 2.175696853703722 4.603059473572202
373 0.4720613037079243 2.1707932455427006 4.598540970191072
374 0.47145881004125073 2.1658896410249775 4.5940166879805915
375 0.47085572428121025 2.16098604016823 4.589486606469754
376 0.47025204449921226 2.1560824429906837 4.584950705077254
377 0.46964776875678743 2.151178849509577 4.580408963091636
378 0.4690428951046995 2.1462752597432937 4.575861359682686
379 0.468437421581991 2.141371673709953 4.571307873905943
380 0.46783134621798567 2.136468091427882 4.566748484682333
381 0.4672246670301722 2.1315645129153435 4.562183170816391
382 0.4666173820252032 2.1266609381908466 4.5576119109853055
383 0.46600948919901897 2.1217573672733763 4.553034683736313
383 0.46540098653559986 2.1168538001810244 4.548451467494043
384 0.46540098653559986 2.1168538001810244 4.548451467494043
385 0.4647918720220142 2.111950236933234 4.5438622404162965
386 0.4641821436373396 2.1070466775480803 4.539266980494391
387 0.46357179860271636 2.1021431220402262 4.534665672882691
388 0.4629608161507555 2.09723957030076 4.5300584782488995
389 0.4623492137151972 2.092336022471213 4.525445183865009
390 0.4617369892070953 2.087432478571198 4.520825767404474
391 0.46112414053149064 2.0825289386203902 4.516200206348061
392 0.4605106655788099 2.0776254026390264 4.51156847806703
393 0.45989656222871533 2.0727218706464314 4.506930559780152
394 0.45928182834834763 2.067818342663606 4.502286428574407
395 0.458666461792118 2.062914818710022 4.497636061397922
396 0.45805046040235775 2.0580112988070667 4.492979435058927
397 0.4574338220085986 2.053107782974716 4.488316526223377
398 0.45681654442860864 2.048204271233876 4.483647311407675
399 0.4561986254662842 2.0433007636056892 4.478971766995605
400 0.4555800629140853 2.0383972601110654 4.474289869211139
401 0.45496085455023605 2.0334937607710515 4.469601594144439
402 0.45434099814097517 2.028590265607304 4.4649069177284835
403 0.45372049143887716 2.023686774641603 4.460205815752149
404 0.45309933218357856 2.018783287895319 4.455498263849537
405 0.45247751810112163 2.0138798053904234 4.450784237506255
406 0.4518550469039586 2.008976327149015 4.446063712055918
407 0.4512319162914244 2.004072853193218 4.441336662672825
408 0.45060812394898475 1.9991693835455169 4.436603064377621
409 0.4499836675485149 1.9942659182286284 4.431862892031781
410 0.449358544747028 1.9893624572650923 4.427116120346679
411 0.4487327531895827 1.9844590006777025 4.4223627238533645
412 0.44810629050471557 1.9795555484896583 4.417602676945297
413 0.4474791543083312 1.9746521007242424 4.412835953836695
414 0.4468513422015116 1.9697486574049348 4.408062528581729
415 0.4462228517705974 1.9648452185550807 4.4032823750703045
416 0.4455936805869865 1.9599417841988827 4.398495467029571
416 0.4449638262088731 1.9550383543599588 4.3937017780007865
417 0.4449638262088731 1.9550383543599588 4.3937017780007865
418 0.44433328617792067 1.9501349290628005 4.388901281372659
419 0.44370205802117035 1.9452315083314426 4.3840939503567276
420 0.44307013925107774 1.9403280921907948 4.379279757987155
421 0.44243752736414294 1.9354246806652013 4.374458677128157
422 0.4418042198419445 1.9305212737798016 4.369630680463953
423 0.44117021415007723 1.9256178715600036 4.364795740505154
424 0.4405355077393516 1.920714474030519 4.3599538295717455
425 0.4399000980439557 1.9158110812173739 4.355104919812821
426 0.43926398248218346 1.9109076931462603 4.350248983192622
427 0.4386271584567877 1.906004309842899 4.345385991484777
428 0.43798962335421165 1.9011009313335676 4.3405159162780125
429 0.43735137454385953 1.8961975576444863 4.335638728978837
430 0.4367124093786963 1.891294188802306 4.3307544008035395
431 0.43607272519606066 1.8863908248339596 4.32586290276657
432 0.4354323193152769 1.8814874657662795 4.320964205700081
433 0.4347911890393792 1.8765841116264244 4.316058280234518
433 0.4341493316544613 1.871680762441985 4.311145096801974
434 0.4341493316544613 1.871680762441985 4.311145096801974
435 0.4335067444287063 1.8667774182405688 4.306224625641494
436 0.432863424613381 1.8618740790500257 4.301296836786311
437 0.43221936946056005 1.8569707448983928 4.29636169988407
438 0.4315745761936625 1.8520674158138397 4.291419184485864
439 0.43092904201096416 1.8471640918250825 4.286469260008902
440 0.43028276409189664 1.842260772960615 4.281511895668586
441 0.4296357395978774 1.8373574592497548 4.276547060469064
442 0.42898796567188385 1.8324541507213843 4.271574723200876
443 0.4283394394390705 1.8275508474051085 4.266594852433779
444 0.42769015800457977 1.8226475493308507 4.261607416533849
445 0.42704011845556084 1.8177442565283968 4.256612383638511
446 0.42638931785958645 1.812840969027947 4.251609721669741
447 0.42573775326552865 1.8079376868599812 4.246599398321124
448 0.4250854216905556 1.8030344100552598 4.241581381183647
449 0.4244323201431008 1.798131138645067 4.236555637513214
450 0.42377844561291483 1.7932278726601956 4.231522134323356
451 0.42312379507021536 1.7883246121326852 4.226480838393694
452 0.4224683654645581 1.78342135709415 4.221431716273122
453 0.42181215372589054 1.7785181075765715 4.2163747342669495
454 0.4211551393063571 1.773614863483472 4.21131003269868
455 0.42049733662249755 1.7687116249679167 4.206237402535041
456 0.419838742538301 1.76380839206266 4.201156809395101
457 0.41917935390087796 1.7589051648011855 4.196068218610567
458 0.4185191675354546 1.7540019432170209 4.1909715952697235
459 0.4178581802456841 1.7490987273439684 4.185866904210341
460 0.4171963888128451 1.744195517216017 4.1807541100229075
461 0.41653378999685725 1.7392923128681583 4.175633177037765
462 0.4158703805349472 1.7343891143344732 4.1705040693291835
463 0.41520615714285747 1.7294859216506153 4.165366750704425
464 0.414541116512779 1.7245827348515774 4.160221184714289
465 0.41387525531415226 1.7196795539732934 4.155067334644033
466 0.4132085701938365 1.714776379051532 4.1499051635040605
466 0.4125410577756449 1.709873210122899 4.144734634031969
467 0.4125410577756449 1.709873210122899 4.144734634031969
468 0.4118727146586721 1.7049700472237503 4.139555708701646
469 0.411203537419639 1.700066890391237 4.134368349697087
470 0.41053352261004356 1.6951637396627093 4.129172518934359
471 0.4098626667585959 1.6902605950756948 4.123968178031784
472 0.40919096636823965 1.6853574566682377 4.118755288335346
473 0.4085184179180477 1.6804543244787677 4.113533810893886
474 0.40784501786153293 1.6755511985457505 4.108303706469734
475 0.4071707626275688 1.6706480789084206 4.103064935525663
476 0.40649564861877024 1.665744965606018 4.097817458233674
477 0.4058196722134557 1.6608418586783071 4.09256123445077
478 0.4051428297632573 1.6559387581656007 4.0872962237372885
479 0.40446511759295545 1.651035664108159 4.082022385351223
480 0.4037865320009564 1.6461325765469166 4.076739678239238
481 0.4031070692602436 1.6412294955233708 4.071448061020737
482 0.40242672561533194 1.6363264210787614 4.066147492010455
483 0.40174549728380793 1.631423353255356 4.0608379291998835
483 0.4010633804557126 1.6265202920953166 4.055519330254398
484 0.4010633804557126 1.6265202920953166 4.055519330254398
485 0.4003803712938476 1.6216172376419642 4.050191652506923
486 0.3996964659316401 1.6167141899378414 4.0448548529682204
487 0.39901166047938813 1.611811149027242 4.039508888263439
488 0.39832595103174784 1.6069081149541165 4.0341537145443
489 0.39763933363659626 1.602005087762952 4.028789287799755
490 0.39695180431225324 1.5971020674984162 4.023415563674051
491 0.3962633590473652 1.5921990542061208 4.018032497462896
492 0.39557399380054925 1.5872960479316327 4.012640044107543
493 0.3948837044998464 1.5823930487209914 4.0072381581945145
494 0.3941924870429007 1.5774900566207446 4.001826793946642
495 0.3935003372968496 1.5725870716780999 3.996405905217226
496 0.3928072510973147 1.5676840939406265 3.9909754454920843
497 0.3921132242476635 1.562781123455997 3.985535367888856
498 0.3914182525198465 1.5578781602729082 3.9800856251431895
499 0.39072233165364467 1.5529752044400118 3.9746261696059
500 0.3900254573561461 1.5480722560070952 3.9691569532434277
501 0.3893276253013628 1.5431693150237975 3.9636779276304694
502 0.3886288311295768 1.5382663815405675 3.958189043950983
503 0.38792907044776054 1.5333634556081852 3.9526902529844605
504 0.3872283388287896 1.5284605372781397 3.9471815051065726
505 0.38652663181082597 1.5235576266023374 3.9416627502862407
506 0.3858239448974655 1.5186547236333094 3.9361339380760803
507 0.3851202735571717 1.5137518284238 3.930595017608392
508 0.3844156132222306 1.5088489410274004 3.9250459375986244
509 0.38370995928917306 1.5039460614983384 3.919486646331555
510 0.383003307118444 1.4990431898909486 3.913917091654169
511 0.3822956520329411 1.4941403262604764 3.908337220983438
512 0.3815869893190017 1.4892374706627018 3.9027469812858815
513 0.38087731422520177 1.4843346231538992 3.897146319080204
514 0.3801666219616282 1.4794317837910251 3.891535180435568
515 0.37945490770032275 1.4745289526314345 3.8859135109564966
516 0.3787421665736185 1.4696261297333109 3.8802812557910697
516 0.3780283936755451 1.4647233151550691 3.874638359604847
517 0.3780283936755451 1.4647233151550691 3.874638359604847
518 0.37731358405941184 1.4598205089564693 3.868984766598294
519 0.3765977327383523 1.4549177111970109 3.8633204204865454
520 0.37588083468490824 1.4500149219373093 3.8576452644967163
521 0.3751628848306008 1.445112141238777 3.8519592413607118
522 0.37444387806426405 1.4402093691629814 3.846262293319708
523 0.37372380923409987 1.4353066057724746 3.8405543620941778
524 0.37300267314405844 1.430403851130763 3.8348353889097266
525 0.37228046455531766 1.425501105301042 3.829105314467085
526 0.37155717818586476 1.4205983683484293 3.823364078940767
527 0.37083279417854603 1.4156956402119825 3.817611771224211
528 0.3701073217633528 1.4107929210773573 3.811848180564827
529 0.369380755520848 1.4058902110105536 3.806073245554355
530 0.36865308998985075 1.400987510079538 3.8002869041952367
531 0.3679243196614895 1.396084818352363 3.794489093944205
532 0.3671944389801352 1.3911821358976935 3.7886797516913235
533 0.36646344234254685 1.386279462785627 3.7828588137580734
533 0.36573132409764136 1.3813767990863297 3.777026215882826
534 0.36573132409764136 1.3813767990863297 3.777026215882826
535 0.3649980785578466 1.3764741448717122 3.7711818930947114
536 0.36426369998064434 1.371571500213799 3.765325779886053
537 0.363528182566533 1.3666688651857701 3.7594578102225733
538 0.3627915204659667 1.3617662398609394 3.753577917454898
539 0.36205370777831214 1.356863624313846 3.7476860343180425
540 0.36131473855044227 1.3519610186197974 3.7417820929301877
541 0.36057460677819714 1.3470584228549538 3.7358660247630238
542 0.3598333064032102 1.3421558370964568 3.7299377606599533
543 0.3590908313138118 1.3372532614218362 3.7239972308098332
544 0.35834717534430527 1.332350695910331 3.7180443647426236
545 0.3576023322734617 1.3274481406413243 3.712079091324865
546 0.3568562958247489 1.3225455956955945 3.70610133874475
547 0.35610905966420864 1.3176430611546783 3.7001110345160653
548 0.35536061740197594 1.3127405371012073 3.6941081054467686
549 0.3546109625894304 1.307838023618278 3.688092477649927
550 0.3538600887197921 1.302935520790858 3.6820640765243278
551 0.35310798922636827 1.2980330287039752 3.676022826750148
552 0.35235465748292893 1.2931305474445058 3.669968652272338
553 0.35160008680211874 1.2882280770996286 3.663901476294703
554 0.3508442704341771 1.2833256177580339 3.6578212212782946
555 0.35008720156746015 1.2784231695093107 3.65172780891553
556 0.3493288733266834 1.2735207324440978 3.6456211601299096
557 0.3485692787723526 1.2686183066542458 3.6395011950630587
558 0.34780841090018344 1.2637158922326042 3.6333678330604675
559 0.3470462626396147 1.2588134892732832 3.6272209926677133
560 0.346282826853506 1.2539110978711927 3.621060591611886
561 0.345518096337348 1.2490087181230263 3.6148865467918982
562 0.34475206381712814 1.2441063501259437 3.6086987742758607
563 0.34398472195002905 1.239203993979011 3.6024971892764213
564 0.343216063322307 1.2343016497818506 3.5962817061471393
565 0.34244608044926417 1.2293993176360163 3.5900522383644584
566 0.34167476577347894 1.2244969976436773 3.583808698519707
566 0.34090211166396733 1.219594689908578 3.577550998307549
567 0.34090211166396733 1.219594689908578 3.577550998307549
568 0.3401281104159631 1.214692394536151 3.5712790485050787
569 0.33935275424878114 1.2097901116323604 3.564992758966846
570 0.33857603530518304 1.2048878413051478 3.5586920386113428
571 0.337797945650751 1.1999855836636173 3.5523767954002934
572 0.33701847727235007 1.1950833388182254 3.5460469363300198
573 0.33623762207667063 1.1901811068809358 3.539702367421408
574 0.33545537188999064 1.1852788879651217 3.5333429936958125
575 0.3346717184565986 1.1803766821855548 3.5269687191648083
576 0.3338866534373179 1.1754744896588831 3.520579446819849
577 0.3331001684186088 1.1705723105033436 3.5141750785075527
578 0.3323122548980892 1.165670144839058 3.5077555150547677
579 0.33152290428057446 1.160767992786947 3.501320656278294
580 0.3307321078819511 1.1558658544694804 3.4948704009168834
581 0.32993985692914796 1.1509637300111908 3.4884046466030667
582 0.32914614255804586 1.1460616195375795 3.48192328985131
583 0.32835095581328155 1.1411595231763227 3.475426226032517
583 0.3275542876457307 1.1362574410565451 3.4689133493666082
584 0.3275542876457307 1.1362574410565451 3.4689133493666082
585 0.3267561289115352 1.131355373309542 3.4623845529025754
586 0.32595647037097053 1.126453320068036 3.4558397284951003
587 0.32515530268676385 1.1215512814663713 3.449278766789204
588 0.32435261642203567 1.1166492576413194 3.442701557210121
589 0.3235484020404067 1.1117472487310678 3.43610798792394
590 0.3227426499032571 1.1068452548760235 3.429497945833323
591 0.32193535026827585 1.1019432762179648 3.422871316553746
592 0.3211264932881281 1.0970413129016758 3.416227984395434
593 0.32031606900891846 1.0921393650729405 3.409567832335419
594 0.31950406736776993 1.0872374328802001 3.4028907420096135
595 0.3186904781927573 1.0823355164736626 3.3961965936711196
596 0.3178752911994291 1.077433616006075 3.3894852661892267
597 0.31705849599029806 1.07253173163213 3.3827566370117053
598 0.31624008205256987 1.067629863508352 3.3760105821464963
599 0.3154200387568002 1.0627280117942897 3.369246976136763
600 0.3145983553538962 1.0578261766512085 3.3624656920448444
601 0.3137750209740872 1.052924358243224 3.3556666014219743
602 0.3129500246257294 1.048022556736105 3.3488495742714224
603 0.3121233551920984 1.0431207722989404 3.3420144790412905
604 0.3112950014294819 1.038219005102475 3.3351611825918255
605 0.310464951965594 1.0333172553206904 3.3282895501686243
606 0.3096331952978702 1.0284155231296597 3.321399445367328
607 0.30879971978983284 1.0235138087085756 3.314490730124926
608 0.30796451367128924 1.0186121122386351 3.307563264661937
609 0.3071275650337674 1.0137104339044463 3.3006169074827034
610 0.3062888560862342 1.0088087738327587 3.2936515768916297
611 0.30544837488902526 1.00390713221187 3.2866671252600606
612 0.3046061146866587 0.9990055092944228 3.2796633459642686
613 0.3037620629977702 0.9941039052758317 3.2726400902904356
614 0.3029162071927665 0.9892023203552559 3.265597207632268
615 0.30206853448977217 0.9843007547349101 3.2585345454716266
616 0.3012190319535518 0.9793992086196225 3.251451949326517
616 0.3003676864910816 0.9744976822179785 3.2443492627390627
617 0.3003676864910816 0.9744976822179785 3.2443492627390627
618 0.29951448485012916 0.9695961757416705 3.237226327223661
619 0.298659413615972 0.9646946894056264 3.23008298223631
620 0.2978024592088632 0.9597932234285751 3.2229190651358115
621 0.2969436078806669 0.9548917780323658 3.2157344111482247
622 0.29608284571257276 0.9499903534424685 3.2085288533219756
623 0.2952201586114362 0.9450889498882898 3.201302222495585
624 0.2943555323073286 0.9401875676027376 3.194054347248053
625 0.29348895234954575 0.9352862068224509 3.1867850538664353
626 0.29262040410400997 0.930384867788345 3.1794941662975966
627 0.29174987275031744 0.9254835507449488 3.172181506097818
628 0.29087734327732373 0.9205822559408617 3.1648468924001913
629 0.2900028004805361 0.9156809836292101 3.1574901418604306
630 0.28912622895805123 0.9107797340668585 3.150111068612187
631 0.2882476131073005 0.9058785075155302 3.1427094842180563
632 0.28736693712143657 0.9009773042410387 3.135285197615829
633 0.28648418498444206 0.896076124513747 3.1278380150806915
633 0.2855993404687263 0.8911749686089598 3.1203677401578074
634 0.2855993404687263 0.8911749686089598 3.1203677401578074
635 0.2847123871305406 0.8862738368063654 3.112874173612998
636 0.28382330831936925 0.8813727293931961 3.1053571132411735
637 0.2829320871462992 0.8764716466589348 3.097816354091103
638 0.282038706494281 0.8715705888986396 3.090251688260075
639 0.28114314900861365 0.866669556412855 3.082662904890142
640 0.2802453970968933 0.8617685495075086 3.07504979005795
641 0.2793454329284398 0.8568675684939385 3.0674121266677132
642 0.27844323842575613 0.8519666136879559 3.0597496944251477
643 0.2775387952586156 0.8470656854118532 3.0520622697902193
644 0.2766320848410601 0.8421647839936707 3.044349625885006
645 0.27572308832449405 0.8372639097671546 3.036611532443711
646 0.2748117865931205 0.8323630630725309 3.0288477557365723
647 0.2738981602587324 0.8274622442559614 3.021058058492674
648 0.2729821896553317 0.8225614536704517 3.0132421998263723
649 0.27206385483251005 0.817660691675442 3.005399935168956
650 0.2711431355614258 0.8127599586391672 2.997531016067495
651 0.2702200113091273 0.8078592549355269 2.9896351903092366
652 0.26929446123904305 0.8029585809445423 2.9817122017663213
653 0.2683664642162426 0.7980579370562929 2.9737617901961064
654 0.26743599878355 0.7931573236663483 2.965783691328302
655 0.2665030431608781 0.7882567411771605 2.9577776367128346
656 0.2655675752397205 0.783356189999327 2.9497433536161672
657 0.2646295725778962 0.7784556705515774 2.941680564905238
658 0.26368901239025544 0.7735551832605986 2.9335889889706497
659 0.2627458715426188 0.7686547285618083 2.9254683396124395
660 0.26180012654395945 0.7637543068995009 2.9173183259376962
661 0.26085175353846835 0.7588539187263712 2.909138652251619
662 0.2599007282966792 0.7539535645050987 2.9009290179612477
663 0.2589470262087331 0.7490532447070675 2.892689117438512
664 0.25799062227527264 0.7441529598139424 2.8844186399145193
665 0.25703149109779616 0.7392527103166814 2.8761172693637302
666 0.2560696068709468 0.7343524967173597 2.867784684370826
666 0.2551049433723488 0.7294523195278076 2.8594205580058314
667 0.2551049433723488 0.7294523195278076 2.8594205580058314
668 0.25413747395361147 0.7245521792709306 2.8510245576895343
669 0.25316717153021523 0.7196520764812261 2.84259634506102
670 0.25219400857118773 0.7147520117035634 2.83413557583311
671 0.25121795708937505 0.7098519854955913 2.8256418996475214
672 0.2502389886299712 0.7049519984266849 2.817114959927762
673 0.24925707425949953 0.700052051078298 2.808554393723965
674 0.2482721845549549 0.695152144045465 2.799959831551704
675 0.2472842895913199 0.6902522779355109 2.7913308972287414
676 0.24629335893022059 0.685352453370096 2.782667207702782
677 0.2452993616064134 0.6804526709845619 2.773968372882921
678 0.24430226611580785 0.6755529314282637 2.765233995447377
679 0.24330204040089035 0.6706532353661262 2.75646367067488
680 0.24229865183920546 0.6657535834775172 2.7476569862193267
681 0.24129206722634594 0.6608539764584247 2.738813521948508
682 0.24028225276323192 0.6559544150200697 2.729932849707509
683 0.2392691740406694 0.6510548998913089 2.721014533115941
683 0.23825279602309224 0.6461554318177319 2.7120581273476616
684 0.23825279602309224 0.6461554318177319 2.7120581273476616
685 0.23723308303230192 0.6412560115627791 2.703063178905216
686 0.23620999873179777 0.6363566399082132 2.69402922537059
687 0.2351835061081751 0.6314573176551052 2.6849557951766387
688 0.23415356745434238 0.6265580456233542 2.6758424073360607
689 0.23312014435023798 0.621658824653817 2.6666885711937507
690 0.23208319764442287 0.6167596556076435 2.65749378614038
691 0.23104268743397402 0.6118605393676727 2.6482575413364966
692 0.2299985730433197 0.606961476839181 2.638979315427584
693 0.22895081300374784 0.6020624689501589 2.629658576230098
694 0.22789936503192085 0.5971635166523601 2.620294780412039
695 0.2268441860053839 0.5922646209224375 2.61088737318743
696 0.2257852319403379 0.5873657827621113 2.601435787958525
697 0.22472245796748813 0.582467003199555 2.591939445962378
698 0.2236558183053702 0.5775682832898568 2.5823977559182896
699 0.22258526623511715 0.5726696241171453 2.572810113640826
700 0.2215107540719732 0.5677710267935101 2.563175901649588
700 0.2215107540719732 0.5677710267935101 2.563175901649588
701 0.22043223313847812 0.5628724924621353 2.5534944887508
702 0.21934965373401732 0.55797402229733 2.543765229617948
703 0.21826296510428725 0.5530756175055751 2.533987464347479
704 0.2171721154095232 0.5481772793272351 2.5241605179998956
705 0.21607705169291885 0.543279009037809 2.5142837001029528
706 0.2149777198434068 0.5383808079481515 2.504356304180343
707 0.2138740645633046 0.5334826774077607 2.494377607200966
708 0.2127660293283863 0.5285846188042991 2.4843468690599737
709 0.2116535563511725 0.523686633566307 2.4742633319962444
710 0.21053658653982424 0.5187887231643807 2.464126220010928
711 0.20941505945668762 0.5138908891128533 2.4539347382471273
712 0.20828891327413543 0.5089931329711389 2.443688072351875
713 0.20715808472957983 0.5040954563466403 2.4333853878050515
714 0.2060225090781567 0.4991978608952011 2.423025829210853
715 0.2048821200426799 0.4943003483242555 2.4126085195784075
716 0.20373684976315928 0.4894029203944532 2.402132559541271
716 0.20258662874141725 0.4845055789219067 2.391597026575394
717 0.20258662874141725 0.4845055789219067 2.391597026575394
718 0.2014313857864124 0.47960832578058593 2.381000974143812
719 0.20027104795423586 0.4747111629047289 2.3703434308348235
720 0.19910554048766455 0.4698140922914717 2.35962339943312
721 0.19793478675083653 0.46491711600340413 2.348839855970589
722 0.1967587081640421 0.4600202361720661 2.337991748698294
723 0.19557722413082831 0.4551234549996512 2.327077997053499
724 0.1943902519662085 0.4502267747638866 2.316097490537494
725 0.19319770681955192 0.44533019781994876 2.3050490875437277
726 0.19199950151600087 0.44043372660376295 2.293931615062334
727 0.19079554448088304 0.4355373635977731 2.2827438910210622
728 0.1895857425498236 0.4306411113871959 2.2714846886443603
729 0.18837000396813527 0.42574497272543294 2.2601526981835818
730 0.18714823276698456 0.42084895043499887 2.248746590938914
731 0.18592032925555285 0.4159530474226064 2.2372650107071776
732 0.1846861909196224 0.4110572667023909 2.225706560168799
733 0.18344571230725026 0.40616161140210316 2.214069799144881
733 0.18219878490906918 0.40126608476823866 2.2023532427425376
734 0.18219878490906918 0.40126608476823866 2.2023532427425376
735 0.1809452970319144 0.39637069017238025 2.190555359404948
736 0.17968513366629452 0.3914754311170911 2.178674568838437
737 0.1784181763616713 0.3865803112436969 2.1667092396464156
738 0.17714430438475628 0.3816853343651898 2.1546576712744416
739 0.17586339091202363 0.3767905044011056 2.1425181355089222
740 0.1745753058144414 0.3718958254456583 2.1302888384509076
741 0.17327991522577577 0.36700130177025925 2.117967920818021
742 0.1719770809923627 0.36210693782648523 2.1055534594319925
743 0.1706666604758714 0.3572127382554667 2.0930434641390834
744 0.16934850634805027 0.3523187078992899 2.0804358744989084
745 0.1680224663675834 0.34742485181224236 2.067728556324008
746 0.1666883831478817 0.3425311752736338 2.0549192979438096
747 0.16534609390931865 0.3376376838010552 2.042005806234691
748 0.1639954302133359 0.3327443831642778 2.0289857024151363
749 0.16263621768282177 0.3278512794015712 2.015856517525248
750 0.16126827570244984 0.3229583788354877 2.002615687609672
751 0.15989141710034077 0.31806568809146013 1.9892605485625048
752 0.15850544780688544 0.3131732141173143 1.975788330624874
753 0.15711016649223786 0.30828096420318485 1.9621961524585088
754 0.15570536417728878 0.30338894600562266 1.9484810148234768
755 0.15429082381855797 0.29849716757113587 1.9346397937583175
756 0.1528663198629323 0.2936056373632351 1.9206692332653574
757 0.15143161776961034 0.28871436429126307 1.9065659374419162
758 0.14998647349967192 0.28382335774220663 1.8923263619690842
759 0.14853063296262986 0.2789326276147656 1.8779468049863137
760 0.14706383142593568 0.2740421843564973 1.8634233971696195
761 0.1455857928764761 0.2691520390051695 1.848752091033598
762 0.1440962293308551 0.264262203233657 1.8339286493534286
763 0.1425948400926282 0.25937268939778024 1.8189486325682913
764 0.14108131094801968 0.25448351059174107 1.8038073851291583
765 0.13955531329479154 0.24959468070587154 1.788500020623628
766 0.13801650319737313 0.24470621449280114 1.7730214055840434
766 0.13646452036106443 0.23981812763844845 1.7573661417922113
767 0.13646452036106443 0.23981812763844845 1.7573661417922113
768 0.13489898701600359 0.2349304368423334 1.741528546945002
769 0.13331950669976625 0.2300431599050284 1.7255026334824546
770 0.13172566293105809 0.22515631582660997 1.7092820853325381
771 0.13011701775760245 0.22026992491412145 1.6928602323522863
772 0.12849311016560339 0.21538400890474724 1.6762300221946367
773 0.12685345433616294 0.21049859109948083 1.659383989194787
774 0.12519753772635822 0.20561369651615793 1.6423142199933973
775 0.1235248189540181 0.20072935206005574 1.62501231541798
776 0.12183472546662213 0.19584558671482952 1.6074693480430045
777 0.12012665095675425 0.19096243176152233 1.5896758149885413
778 0.11839995249697544 0.18607992102233883 1.5716215851276825
779 0.116653947355221 0.18119809114176355 1.5532958399598793
780 0.11488790944433937 0.17631698190376965 1.5346870071579752
781 0.11310106535336366 0.17143663659657923 1.5157826856975813
782 0.11129258989794452 0.16655710243128372 1.4965695612261054
783 0.10946160112254115 0.16167843102344698 1.4770333099956177
783 0.10760715465899537 0.1568006789503098 1.457158489574486
784 0.10760715465899537 0.1568006789503098 1.457158489574486
785 0.10572823735002153 0.15192390839945602 1.4369284138966598
786 0.10382376000632686 0.14704818792474827 1.416325009957137
787 0.10189254938813282 0.14217359334225804 1.395328649602094
788 0.0999333391892133 0.13730020879266813 1.3739179527735443
789 0.09794475835150195 0.13242812794715647 1.3520695765249773
790 0.0959253173267892 0.1275574554314691 1.3297579719952195
791 0.09387339486731085 0.12268830864709918 1.306955062406318
792 0.09178722207083985 0.11782081994582437 1.2836298701238853
793 0.08966486217002474 0.11295513920818963 1.2597480938965955
794 0.08750418711331986 0.10809143701909536 1.2352715976792579
795 0.08530285011667144 0.10322990860007697 1.2101577902600689
796 0.08305825297968282 0.09837077871143363 1.1843588708216204
797 0.0807675069066768 0.09351430782380261 1.1578209035454587
798 0.07842738632371422 0.0886608000231826 1.1304826563673727
799 0.07603426940775355 0.08381061301581998 1.1022741938423022
800 0.07358406670106277 0.07896417125696667 1.0731150750034069
801 0.07107213699092414 0.07412198352829996 1.042911985856923
802 0.06849317711144999 0.06928466627110902 1.0115557372725044
803 0.06584108484706643 0.06445297558851332 0.9789172784473804
804 0.06310878462616876 0.05962785188610914 0.9448423423033849
805 0.060288003781921055 0.054810483561772295 0.9091441103281092
806 0.0573689829135529 0.05000240023381113 0.871592935666261
807 0.054340098745894856 0.04520561331291534 0.8319015672810204
808 0.051187372982877705 0.040422835370380474 0.78970326107382
809 0.047893841332752034 0.0356578365767486 0.7445182007642414
810 0.04443878449209179 0.030916052561181982 0.6956997792476461
811 0.04079691712661045 0.026205680511177384 0.6423446269199665
812 0.03693808821054397 0.021539800763047574 0.5831325281447306
813 0.03282963883714544 0.016940834092926755 0.5160225544046763
814 0.028450044719161828 0.012450809821393584 0.4376376186504778
815 0.023850575531464486 0.008156767684404292 0.3419945851471638
816 0.019432983910337643 0.004246971636291531 0.21854449403584883
816 0.016897668842360426 0.001031885777308332 0.061066753463739236
817 0.016897668842360426 0.001031885777308332 0.061066753463739236
818 0.014974218476233633 0.0001042479809637024 0.006961831171967995
819 0.013206177331429167 9.725155566592334e-06 0.000736409584887793
820 0.011642055320500246 9.024194460885993e-07 7.751375691365666e-05
821 0.010268713019900191 8.376684406182153e-08 8.157482237500071e-06
822 0.00905686308325944 7.776045833081571e-09 8.585804777654958e-07
