1 1.374309329507828 5.495110366122797 3.998452348490368
2 1.3736215474590807 5.490190675082405 3.9968728542720786
3 1.3729398258908363 5.485285382471441 3.995284628670668
4 1.3722581800026217 5.480380553154602 3.993694942408091
5 1.3715733381676616 5.475475689445828 3.992112953114654
6 1.370883574329451 5.470570820513135 3.9905437069584777
7 1.370189246967418 5.465665949503238 3.988986164940475
8 1.3694941628043833 5.460761077502761 3.9874292463726033
9 1.3687988650522291 5.455856203321338 3.9858713669470784
10 1.3681033071320083 5.4509513314306695 3.984312663389174
11 1.3674074792426176 5.446046460030152 3.982753160781758
12 1.366711381103106 5.441141588812022 3.981192857573444
13 1.3660150123944852 5.436236717784722 3.979631752549742
14 1.365318372758264 5.431331846950881 3.978069844602116
15 1.364621461829446 5.426426976310736 3.9765071326343717
16 1.3639242792442787 5.421522105865709 3.9749436155426885
16 1.3632268246509573 5.416617235616889 3.9733792921832856
17 1.3632268246509573 5.416617235616889 3.9733792921832856
18 1.3625290976917128 5.411712365564395 3.971814161424136
19 1.3618310979949442 5.406807495709272 3.970248222169285
20 1.3611328252011567 5.4019026260523395 3.968681473282383
21 1.3604342789450474 5.396997756594375 3.9671139136390274
22 1.3597354588599861 5.392092887336128 3.9655455421136883
23 1.3590363645823587 5.387188018278645 3.963976357567272
24 1.3583369957511353 5.382283149423133 3.9624063588482543
25 1.357637351992686 5.3773782807690385 3.9608355448355455
26 1.3569374329364015 5.372473412318435 3.9592639143961463
27 1.3562372382238088 5.36756854407111 3.9576914663549037
28 1.3555367674773493 5.36266367602861 3.956118199588577
29 1.354836020326228 5.3577588081918055 3.954544112948608
30 1.3541349963871616 5.352853940561206 3.952969205317524
31 1.3534336953045618 5.347949073138324 3.9513934754926288
32 1.3527321167045927 5.343044205922902 3.94981692231804
33 1.352030260211642 5.338139338916045 3.9482395446389136
33 1.3513281254471023 5.333234472118101 3.9466613413034226
34 1.3513281254471023 5.333234472118101 3.9466613413034226
35 1.3506257120331233 5.328329605530715 3.9450823111533073
36 1.349923019595264 5.323424739154479 3.9435024530143625
37 1.3492200477575493 5.318519872990633 3.9419217657121224
38 1.3485167961395932 5.313615007038709 3.9403402480785004
39 1.347813264360539 5.3087101413003035 3.9387578989430603
40 1.3471094520384594 5.303805275775946 3.937174717132431
41 1.3464053588078726 5.2989004104669695 3.9355907014204807
42 1.3457009842684116 5.2939955453735745 3.9340058506768854
43 1.3449963280427828 5.289090680497414 3.9324201636996396
44 1.3442913897436757 5.28418581583841 3.9308336393093897
45 1.3435861689863626 5.279280951396932 3.9292462763142035
46 1.3428806653939132 5.274376087175278 3.9276580734954
47 1.3421748785787773 5.269471223172778 3.9260690296577425
48 1.3414688081469 5.264566359391197 3.924479143621423
49 1.3407624537145018 5.259661495830939 3.9228884141701337
50 1.3400558148879607 5.2547566324925725 3.921296840111031
51 1.339348891287626 5.249851769377516 3.9197044202055547
52 1.3386416825083307 5.244946906486424 3.918111153283757
53 1.3379341881664648 5.240042043819579 3.916517038106823
54 1.3372264078670506 5.235137181377624 3.9149220734639503
55 1.336518341213994 5.230232319162239 3.913326258142843
56 1.3358099878135028 5.225327457174288 3.9117295909182963
57 1.3351013472789621 5.220422595414019 3.910132070538043
58 1.3343924191971175 5.215517733881501 3.908533695822099
59 1.3336832031813555 5.210612872578467 3.9069344655080904
60 1.332973698824454 5.205708011505342 3.9053343783873924
61 1.3322639057392114 5.200803150662884 3.903733433187323
62 1.3315538235140754 5.195898290052028 3.9021316287010044
63 1.3308434517582834 5.190993429674046 3.9005289636552
64 1.3301327900724775 5.186088569528762 3.8989254367950568
65 1.3294218380406049 5.1811837096176845 3.897321046910194
66 1.3287105952639158 5.176278849940905 3.8957157927327013
66 1.3279990613456665 5.171373990499424 3.8941096729836926
67 1.3279990613456665 5.171373990499424 3.8941096729836926
68 1.3272872358625372 5.166469131294731 3.8925026864567887
69 1.3265751184237151 5.161564272326631 3.890894831843213
70 1.3258627086128743 5.156659413596612 3.889286107904446
71 1.3251500062108503 5.151754555100719 3.8876765128136
72 1.324437010829043 5.146849696839056 3.8860660452378477
73 1.3237237220607554 5.141944838812466 3.884454703892105
74 1.3230101394808036 5.137039981021391 3.8828424875393237
75 1.3222962626943375 5.132135123465873 3.881229394847211
76 1.3215820912847782 5.127230266147504 3.879615424542458
77 1.320867624831088 5.122325409066449 3.8780005753577993
78 1.3201528627326327 5.117420552219144 3.8763848465445196
79 1.3194376622180735 5.112515695493951 3.8747686547763305
80 1.3187221654687793 5.107610838984129 3.8731515801650875
81 1.3180063720398851 5.102705982690573 3.8715336214900757
82 1.3172902815211416 5.097801126613193 3.869914777422107
83 1.3165738934929896 5.092896270753755 3.8682950466546475
83 1.3158572075338573 5.087991415113114 3.8666744278802754
84 1.3158572075338573 5.087991415113114 3.8666744278802754
85 1.315140223229938 5.083086559691278 3.8650529197619674
86 1.3144229401665395 5.078181704490054 3.863430520960506
87 1.3137053579096576 5.073276849509628 3.8618072301860193
88 1.3129874760395217 5.06837199475091 3.8601830461011564
89 1.3122692941457519 5.063467140214887 3.8585579673347863
90 1.3115508117866435 5.0585622859024975 3.8569319926015946
91 1.3108320285433963 5.053657431813987 3.8553051205421327
92 1.3101129439901642 5.048752577950689 3.8536773498122106
93 1.3093935576960793 5.043847724314076 3.852048679076206
94 1.3086738692356124 5.038942870903374 3.8504191069747473
95 1.3079538781759539 5.034038017721019 3.8487886321659803
96 1.3072335840824203 5.029133164766646 3.847157253305055
97 1.3065129865301077 5.0242283120421325 3.8455249690136566
98 1.3057920850853113 5.019323459546898 3.8438917779310717
99 1.3050708793092958 5.014418607282849 3.842257678706855
100 1.3043493687692216 5.00951375525121 3.8406226699662267
101 1.3036275530315213 5.004608903452188 3.8389867503292776
102 1.302905431653821 4.999704051886528 3.8373499184359363
103 1.3021830041967826 4.9947992005545485 3.8357121729103345
104 1.3014602702269138 4.989894349458212 3.8340735123540943
105 1.3007372292986124 4.984989498598024 3.8324339353968098
106 1.3000138809798976 4.980084647974347 3.830793440621235
107 1.299290224816294 4.975179797588678 3.8291520266706507
108 1.2985662603691215 4.970274947441543 3.827509692134406
109 1.2978419871958984 4.965370097534068 3.8258664356068386
110 1.2971174048433527 4.960465247866217 3.824222255706507
111 1.2963925128682365 4.95556039843966 3.8225771510170206
112 1.2956673108278736 4.950655549254426 3.8209311201122906
113 1.2949417982596274 4.945750700312353 3.8192841616197195
114 1.294215974727082 4.94084585161377 3.817636274081435
115 1.2934898397685863 4.935941003159598 3.8159874561076332
116 1.2927633929389384 4.931036154950281 3.8143377062527875
116 1.2920366337807112 4.9261313069872035 3.8126870231012995
117 1.2920366337807112 4.9261313069872035 3.8126870231012995
118 1.2913095618434653 4.92122645927113 3.811035405209591
119 1.2905821766584762 4.916321611802788 3.809382851181109
120 1.2898544777849115 4.911416764582564 3.8077293595297834
121 1.2891264647561878 4.906511917611819 3.8060749288393407
122 1.2883981371138833 4.9016070708915 3.8044195576621207
123 1.287669494400455 4.896702224422006 3.802763244540427
124 1.2869405361484754 4.891797378204114 3.801105988039018
125 1.2862112618989854 4.886892532239407 3.799447786691209
126 1.285481671187347 4.881987686527824 3.7977886390387283
127 1.2847517635450667 4.877082841070638 3.7961285436286216
128 1.284021538510377 4.872177995868963 3.7944674989808105
129 1.2832909956207372 4.867273150923145 3.792805503609732
130 1.2825601344035424 4.862368306234432 3.7911425560530834
131 1.281828954381391 4.857463461802909 3.7894786548546286
132 1.2810974550904077 4.852558617629983 3.7878137985119444
133 1.2803656360627829 4.8476537737159875 3.7861479855261297
133 1.27963349681878 4.842748930062453 3.784481214427194
134 1.27963349681878 4.842748930062453 3.784481214427194
135 1.278901036887372 4.83784408667028 3.782813483711587
136 1.278168255789457 4.832939243539357 3.7811447918915078
137 1.2774351530516908 4.828034400671683 3.7794751374564055
138 1.2767017281970245 4.823129558067358 3.7778045188978067
139 1.2759679807414182 4.81822471572773 3.7761329347214785
140 1.275233910203743 4.813319873652898 3.7744603834161516
141 1.2744995161167196 4.808415031843998 3.7727868634228963
142 1.2737647980522862 4.803510190300219 3.771112373057622
143 1.2730297556473587 4.798605349020055 3.7694369104356693
144 1.2722943884224285 4.793700508003497 3.767760474010586
145 1.2715586958832918 4.788795667251641 3.7660830622727097
146 1.2708226775498808 4.783890826765199 3.7644046736626064
147 1.2700863329292824 4.7789859865449325 3.7627253066512787
148 1.269349661534955 4.774081146591401 3.761044959683028
149 1.268612662869116 4.769176306905555 3.7593636312280734
150 1.267875336446118 4.76427146748777 3.757681319712493
151 1.2671376817703675 4.759366628338851 3.755998023584426
152 1.2663996983386294 4.754461789459509 3.754313741306805
153 1.2656613856706387 4.74955695085058 3.7526284712667617
154 1.2649226116489267 4.744652112405442 3.7509426021093986
155 1.264183507628917 4.739747274214389 3.749255741442305
156 1.2634440729609746 4.734842436275346 3.7475678881289083
157 1.262704307109666 4.729937598588131 3.745879040687659
158 1.2619642095706378 4.725032761153195 3.7441891975373918
159 1.2612237798478592 4.720127923972179 3.742498357065204
160 1.2604830174314596 4.7152230870450484 3.7408065176899097
161 1.2597419218252888 4.710318250372901 3.7391136777824614
162 1.2590004925221934 4.705413413957025 3.737419835738531
163 1.2582587290120482 4.70050857779851 3.735724989954352
164 1.257516630793835 4.695603741897379 3.7340291387901376
165 1.25677419735112 4.690698906254717 3.73233228064454
166 1.2560314281815563 4.685794070872674 3.730634413867034
166 1.2552883227645717 4.680889235750529 3.728935536850705
167 1.2552883227645717 4.680889235750529 3.728935536850705
168 1.254544880593096 4.675984400890082 3.7272356479422823
169 1.25380110115142 4.671079566292151 3.7255347455050845
170 1.2530569839129262 4.666174731957315 3.723832827926334
171 1.2523125283776424 4.66126989788657 3.722129893506053
172 1.2515677340183455 4.6563650640809255 3.720425940616868
173 1.2508226003171907 4.651460230541795 3.7187209675954453
174 1.250077126752371 4.646555397269112 3.717014972780598
175 1.2493313127982182 4.641650564264132 3.715307954515195
176 1.2485851579384664 4.636745731527965 3.7135999111055233
177 1.2478386616437158 4.631840899061304 3.711890840888044
178 1.2470918233832404 4.626936066864875 3.710180742194622
179 1.2463446426347682 4.622031234940053 3.7084696133238837
180 1.2455971188741188 4.617126403287335 3.7067574525707823
181 1.244849251560121 4.612221571908394 3.7050442582731016
182 1.244101040162503 4.6073167408034825 3.7033300287263486
183 1.2433524841484185 4.602411909973585 3.701614762225542
183 1.2426035829855702 4.597507079419335 3.6998984570550077
184 1.2426035829855702 4.597507079419335 3.6998984570550077
185 1.24185433613974 4.592602249141924 3.6981811114964294
186 1.2411047430720086 4.587697419142336 3.696462723836484
187 1.2403548032375973 4.582792589420965 3.6947432923699526
188 1.2396045161012519 4.57788775997953 3.693022815355413
189 1.2388538811186125 4.572982930818637 3.6913012910687266
190 1.2381028977499062 4.568078101938634 3.689578717762904
191 1.237351565448755 4.563173273341666 3.687855093703076
192 1.2365998836696224 4.558268445027495 3.6861304171409013
193 1.2358478518565288 4.553363616997434 3.6844046863513418
194 1.2350954694656704 4.548458789252402 3.682677899563639
195 1.2343427359528722 4.543553961792885 3.6809500549986303
196 1.2335896507602153 4.538649134620527 3.679221150909888
197 1.2328362133321706 4.533744307736006 3.677491185533866
198 1.232082423112499 4.528839481140229 3.6757601571000658
199 1.2313282795516447 4.52393465483412 3.674028063808776
200 1.2305737820895943 4.519029828817818 3.6722949038815136
201 1.2298189301637374 4.514125003093584 3.670560675539915
202 1.2290637232182484 4.509220177661013 3.6688253769738
203 1.2283081606854567 4.504315352522122 3.6670890064008783
204 1.2275522420078682 4.499410527677396 3.6653515619977632
205 1.2267959666088195 4.4945057031280395 3.6636130419893806
206 1.2260393339368127 4.489600878874694 3.661873444515507
207 1.2252823434142626 4.484696054917955 3.6601327677841997
208 1.2245249944726528 4.47979123125885 3.658391009967169
209 1.2237672865390254 4.474886407898623 3.6566481692399124
210 1.2230092190455368 4.469981584838235 3.654904243752722
211 1.2222507914084244 4.465076762078334 3.6531592316934685
212 1.2214920030582124 4.460171939620025 3.6514131311979354
213 1.2207328534183306 4.455267117464135 3.6496659404130645
214 1.2199733419048928 4.450362295611659 3.6479176574979637
215 1.219213467953096 4.445457474063382 3.646168280544619
216 1.2184532311363345 4.440552652816369 3.6444178072186584
216 1.2176926308728964 4.435647831871246 3.6426662356423853
217 1.2176926308728964 4.435647831871246 3.6426662356423853
218 1.2169316665661607 4.430743011229285 3.640913563973232
219 1.2161703376408497 4.425838190891285 3.639159790294351
220 1.2154086435059057 4.4209333708584255 3.6374049127263297
221 1.2146465835664897 4.416028551130943 3.635648929390176
222 1.2138841572319252 4.411123731709556 3.6338918383846774
223 1.213121363910762 4.406218912595807 3.632133637801412
224 1.2123582030055127 4.401314093790222 3.6303743257389494
225 1.2115946739183219 4.396409275293568 3.6286139002868762
226 1.2108307760533696 4.391504457106584 3.626852359518338
227 1.210066508802187 4.386599639230218 3.6250897015341725
228 1.2093018715753092 4.38169482166533 3.62332592436781
229 1.2085368637673046 4.376790004412758 3.6215610260900393
230 1.2077714847649046 4.371885187473452 3.619795004784741
231 1.2070056132028155 4.3669803707564645 3.6180282204061895
232 1.2062393694779459 4.362075554338311 3.6162603084545273
233 1.205472752942167 4.35717073821931 3.6144912670857745
233 1.2047057630125237 4.352265922401134 3.612721094251036
234 1.2047057630125237 4.352265922401134 3.612721094251036
235 1.203938399065431 4.347361106884303 3.6109497880115664
236 1.2031706604935186 4.342456291669331 3.6091773463692465
237 1.2024025466755417 4.3375514767578744 3.6074037673577273
238 1.2016340568910506 4.332646662148319 3.6056290492947887
239 1.2008651904779182 4.327741847840141 3.6038531903133886
240 1.2000959468280328 4.322837033835538 3.6020761883757757
241 1.1993263253123028 4.317932220134496 3.6002980414943475
242 1.1985563253110127 4.313027406738925 3.598518747643954
243 1.1977859461992577 4.308122593648785 3.59673830480234
244 1.1970151873466601 4.303217780866448 3.5949567109545955
245 1.1962440481314425 4.2983129683914765 3.593173964046491
246 1.1954725279154401 4.2934081562255395 3.5913900620635815
247 1.1947006260743391 4.288503344369749 3.589605002938118
248 1.1939283419750575 4.28359853282506 3.5878187846172676
249 1.1931556749767205 4.278693721592577 3.5860314050604156
250 1.1923826244453604 4.273788910672801 3.5842428621943094
251 1.191609189740123 4.268884100067215 3.582453153955796
252 1.1908353702268848 4.263979289776922 3.5806622782497004
253 1.1900611652572142 4.259074479802636 3.578870233012015
254 1.1892865741865621 4.254169670145526 3.577077016155888
255 1.1885115963666817 4.24926486080642 3.575282625593692
256 1.1877362311549302 4.244360051786484 3.573487059209565
257 1.1869604779018958 4.239455243087137 3.571690314896512
258 1.186184335954469 4.234550434709031 3.569892390546263
259 1.1854078046601608 4.229645626652742 3.5680932840368125
260 1.1846308833646757 4.224740818919928 3.566292993240653
261 1.183853571406198 4.219836011511728 3.5644915160405755
262 1.1830758681258915 4.214931204428504 3.5626888502978002
263 1.1822977728667754 4.210026397672228 3.5608849938573175
264 1.1815192849591991 4.205121591243336 3.559079944588928
265 1.1807404037454166 4.200216785142953 3.5572737003150574
266 1.1799611285586133 4.19531197937198 3.555466258873105
266 1.1791814587300768 4.190407173931663 3.55365761809428
267 1.1791814587300768 4.190407173931663 3.55365761809428
268 1.1784013935890232 4.185502368822935 3.5518477758035156
269 1.1776209324607505 4.180597564046779 3.550036729825296
270 1.176840074676234 4.1756927596044076 3.5482244779548333
271 1.1760588195515795 4.170787955496897 3.5464110180196435
272 1.1752771664155166 4.165883151725364 3.544596347796759
273 1.17449511458737 4.160978348290197 3.542780465078438
274 1.1737126633827033 4.156073545193185 3.5409633676569157
275 1.1729298121208374 4.151168742435104 3.539145053299611
276 1.17214656010937 4.146263940017035 3.5373255197969087
277 1.1713629066681273 4.141359137939895 3.535504764889428
278 1.1705788511031943 4.136454336204923 3.533682786346759
279 1.1697943927203656 4.131549534813064 3.5318595819262857
280 1.1690095308316057 4.126644733765544 3.5300351493541258
281 1.168224264736643 4.1217399330630595 3.5282094863799447
282 1.1674385937381306 4.116835132707303 3.526382590732438
283 1.1666525171390165 4.111930332698746 3.524554460125315
283 1.1658660342381824 4.107025533038698 3.522725092272177
284 1.1658660342381824 4.107025533038698 3.522725092272177
285 1.1650791443216884 4.10212073372844 3.520894484912185
286 1.1642918466966954 4.0972159347686485 3.5190626357070043
287 1.1635041406459738 4.092311136160623 3.5172295423792685
288 1.1627160254650586 4.087406337905232 3.5153952025993345
289 1.1619275004403524 4.082501540004005 3.51355961405234
290 1.1611385648536177 4.077596742457274 3.511722774422989
291 1.1603492181336057 4.072691945263906 3.509884680936602
292 1.1595594595663528 4.067787148424238 3.5080453312376862
293 1.158769288431313 4.062882351939523 3.506204722977825
294 1.1579787040069591 4.05797755581046 3.5043628537974154
295 1.157187705568414 4.0530727600384555 3.502519721333864
296 1.156396292384774 4.04816796462428 3.5006753232284766
297 1.1556044637274325 4.043263169569211 3.4988296571021884
298 1.1548122188667587 4.038358374874121 3.496982720564774
299 1.1540195570668008 4.033453580539474 3.4951345112308148
300 1.153226477591472 4.02854878656734 3.4932850267026603
301 1.1524329797032866 4.023643992957822 3.491434264571096
302 1.1516390626670496 4.018739199712379 3.4895822224069843
303 1.150844725731803 4.013834406832035 3.487728897814346
304 1.1500499681569372 4.008929614317793 3.4858742883515563
305 1.1492547891958786 4.004024822170209 3.4840183915803236
306 1.1484591881008066 3.9991200303912993 3.482161205053004
307 1.1476631641245216 3.9942152389809062 3.4803027263037025
308 1.1468667165026476 3.9893104479411075 3.4784429529060255
309 1.1460698444876023 3.98440565727263 3.4765818823668835
310 1.1452725473154266 3.9795008669762133 3.4747195122282055
311 1.1444748242308311 3.9745960770528677 3.472855839991133
312 1.143676564900196 3.969691287412845 3.470991195626417
313 1.1428778783598716 3.9647864981339858 3.469125243568277
314 1.142078763825608 3.9598817092178695 3.467257981361548
315 1.1412792205295201 3.954976920664654 3.4653894064851727
316 1.140479247706526 3.950072132476153 3.4635195163959756
316 1.1396788445810573 3.9451673446530258 3.4616483085664873
317 1.1396788445810573 3.9451673446530258 3.4616483085664873
318 1.13887801037767 3.940262557196701 3.4597757804543505
319 1.138076744320527 3.935357770107746 3.457901929502387
320 1.13727504562698 3.9304529833880024 3.4560267531599123
321 1.1364729135178853 3.925548197037909 3.454150248848963
322 1.1356703472111094 3.920643411058905 3.452272413986079
323 1.1348673459136758 3.9157386254524256 3.450393246005228
324 1.1340639088295985 3.9108338402192904 3.448512742333397
325 1.1332600350512447 3.9059290553578916 3.44663090071933
326 1.132455723791713 3.9010242708699194 3.444747718531922
327 1.1316509742524998 3.8961194867564375 3.4428631931589844
328 1.1308457856326668 3.8912147030184534 3.4409773219798145
329 1.130040157135199 3.886309919657237 3.439090102346049
330 1.1292340879552862 3.8814051366743634 3.4372015316172897
331 1.1284275772911136 3.8765003540711356 3.435311607127685
332 1.1276206243291207 3.871595571848054 3.4334203262302556
333 1.1268132282593453 3.866690790007227 3.431527686252257
333 1.1260053882693932 3.8617860085490503 3.429633684510513
334 1.1260053882693932 3.8617860085490503 3.429633684510513
335 1.1251971035410668 3.8568812274752413 3.42773831832431
336 1.1243883732599862 3.851976446786748 3.425841584984156
337 1.1235791966016113 3.8470716664853932 3.423943481795751
338 1.1227695727482498 3.842166886571911 3.4220440060263475
339 1.121959500865271 3.8372621070474797 3.4201431549785255
340 1.121148980126151 3.8323573279136993 3.418240925913776
341 1.1203380097053033 3.8274525491712557 3.4163373160730655
342 1.1195265887662846 3.8225477708219215 3.4144323227145135
343 1.11871471646898 3.817642992866987 3.4125259430900177
344 1.117902391981471 3.8127382153072977 3.4106181744089987
345 1.1170896144556024 3.8078334381446086 3.4087090139140734
346 1.1162763830506215 3.802928661379799 3.406798458807259
347 1.1154626969196146 3.798023885014338 3.4048865062925913
348 1.1146485552119234 3.7931191090489977 3.402973153567519
349 1.1138339570745042 3.7882143334859633 3.401058397820574
350 1.1130189016502927 3.783309558325259 3.3991422362330765
350 1.1130189016502927 3.783309558325259 3.3991422362330765
351 1.1122033880867928 3.7784047835694623 3.397224665957058
352 1.111387415521145 3.773500009219042 3.395305684156587
353 1.1105709830926251 3.768595235275662 3.3933852879724924
354 1.109754089934231 3.7636904617407114 3.391463474546658
355 1.10893673517255 3.7587856886150965 3.389540241022164
356 1.108118917941984 3.7538809159001585 3.387615584500557
357 1.1073006373675471 3.74897614359741 3.3856895020940994
358 1.106481892571501 3.7440713717079235 3.3837619909048633
359 1.1056626826747162 3.7391666002331903 3.3818330480212526
360 1.1048430067928554 3.7342618291745664 3.3799026705290944
361 1.104022864044834 3.729357058532907 3.377970855485344
362 1.1032022535407435 3.7244522883101046 3.3760375999563284
363 1.10238117438718 3.719547518506879 3.374102900999372
364 1.1015596256885618 3.714642749125026 3.3721667556607122
365 1.1007376065555723 3.7097379801657513 3.37022916094805
366 1.0999151160823861 3.704833211630511 3.3682901139009447
366 1.0990921533727547 3.6999284435201494 3.3663496115100795
367 1.0990921533727547 3.6999284435201494 3.3663496115100795
368 1.0982687176302128 3.695023675834248 3.364407650440211
369 1.0974448079599877 3.6901189085735866 3.362464227638978
370 1.09662042345596 3.685214141739444 3.360519340069943
371 1.095795563199283 3.6803093753331577 3.3585729847163575
372 1.0949702262658565 3.675404609355977 3.3566251585580527
373 1.0941444117448962 3.6704998438090026 3.354675858514363
374 1.0933181187101166 3.665595078693604 3.3527250815327454
375 1.0924913462354684 3.6606903140112492 3.350772824540295
376 1.0916640933915196 3.6557855497628626 3.348819084454154
377 1.090836359246626 3.6508807859502057 3.3468638581791006
378 1.09000814286538 3.6459760225741875 3.344907142610657
379 1.0891794433086295 3.641071259636593 3.342948934636531
380 1.088350259630188 3.6361664971383085 3.340989231144987
381 1.08752059088964 3.631261735081001 3.33902802898699
382 1.0866904361396381 3.6263569734653363 3.3370653250134565
383 1.0858597944277932 3.6214522122932364 3.335101116071439
383 1.085028664800397 3.6165474515657694 3.3331353989906556
384 1.085028664800397 3.6165474515657694 3.3331353989906556
385 1.0841970463009007 3.61164269128481 3.3311681705895912
386 1.0833649379712331 3.606737931450936 3.3291994276694106
387 1.0825323388445738 3.6018331720657843 3.3272291670382357
388 1.081699247958323 3.5969284131306067 3.3252573854698597
389 1.0808656643362373 3.592023654647099 3.32328407975932
390 1.0800315870100623 3.5871188966161975 3.321309246655188
391 1.079197014999858 3.582214139039748 3.3193328829214925
392 1.0783619473287107 3.577309381918382 3.317354985290418
393 1.0775263830123503 3.5724046252539674 3.3153755504964018
394 1.0766903210692647 3.5674998690477966 3.313394575243233
395 1.0758537605056304 3.5625951133012848 3.311412056250967
396 1.0750167003282638 3.5576903580155497 3.309427990215579
397 1.0741790414947447 3.5527856030993297 3.3074426756228155
398 1.0733408812824208 3.5478808486349647 3.30545580672934
399 1.0725022186694058 3.542976094623386 3.3034673802530317
400 1.0716630526575326 3.5380713410662015 3.3014773928170964
401 1.0708233822366588 3.5331665879647183 3.299485841058956
402 1.069983206396988 3.528261835320248 3.297492721592476
403 1.0691425241247139 3.523357083134646 3.295498031021776
404 1.0683013343976524 3.518452331409022 3.2935017659533816
405 1.067459636194669 3.5135475801448592 3.2915039229681047
406 1.0666174284923118 3.508642829344102 3.2895044986313877
407 1.065774710258229 3.503738079007666 3.287503489512092
408 1.064931480461777 3.4988333291373754 3.2855008921514894
409 1.0640877380681633 3.4939285797347295 3.283496703080057
410 1.0632434820361256 3.4890238308008943 3.281490918824507
411 1.0623987113220041 3.48411908233754 3.2794835358959062
412 1.061553424876082 3.4792143343461337 3.277474550800184
413 1.0607076216561404 3.4743095868282565 3.275463959996468
414 1.059861300601035 3.4694048397851818 3.2734517599781436
415 1.0590144606558414 3.464500093218507 3.2714379471957
416 1.0581671007609224 3.4595953471301972 3.2694225180904044
416 1.057319219849983 3.454690601521337 3.267405469099014
417 1.057319219849983 3.454690601521337 3.267405469099014
418 1.056470816773794 3.4497858563921167 3.2653867968894086
419 1.0556218904477168 3.444881111743648 3.2633664979063517
420 1.0547724397954863 3.4399763675776023 3.261344568544654
421 1.0539224637383313 3.4350716238960466 3.259321005182511
422 1.0530719611893233 3.4301668806999346 3.2572958041974234
423 1.0522209310709307 3.4252621379915 3.2552689619140467
424 1.0513693722857196 3.420357395771774 3.253240474692333
425 1.0505172837396752 3.4154526540429244 3.2512103388574944
426 1.0496646643396865 3.4105479128060914 3.2491785507055893
427 1.048811512981797 3.4056431720633533 3.2471451065416184
428 1.0479578285582358 3.4007384318161646 3.245110002656164
429 1.0471036099608335 3.395833692066203 3.2430732353154843
430 1.0462488560763472 3.39092895281508 3.241034800775578
431 1.0453935657871745 3.386024214064429 3.2389946952799304
432 1.0445377379746643 3.381119475815833 3.236952915049052
433 1.043681371511619 3.3762147380712784 3.2349094563040133
433 1.0428244652678422 3.3713100008321097 3.2328643152481202
434 1.0428244652678422 3.3713100008321097 3.2328643152481202
435 1.0419670181088034 3.366405264100095 3.2308174880719407
436 1.0411090289028697 3.36150052787696 3.228768970930297
437 1.0402504965023112 3.3565957921645224 3.2267187600011544
438 1.0393914197676266 3.351691056964077 3.2246668514094563
439 1.0385317975472512 3.3467863222776684 3.222613241291147
440 1.0376716286856642 3.3418815881068467 3.2205579257666908
441 1.0368109120275113 3.3369768544536957 3.2185009009291274
442 1.0359496464124733 3.3320721213192197 3.2164421628582933
443 1.0350878306753035 3.327167388705786 3.21438170762292
444 1.0342254636418373 3.322262656614725 3.2123195312905755
445 1.033362544139181 3.317357925048344 3.2102556298978238
446 1.032499070991441 3.3124531940079165 3.20818999946139
447 1.0316350431199879 3.307548463493596 3.206122635666323
448 1.030770459339852 3.302643733506783 3.20405353450072
449 1.0299053184597 3.297739004048651 3.2019826919436296
450 1.0290396192860454 3.292834275122096 3.19991010395371
451 1.0281733606153824 3.2879295467278675 3.1978357664897827
452 1.0273065412464792 3.283024818868315 3.195759675476092
453 1.0264391599657787 3.2781200915449045 3.193681826845145
454 1.0255712155655285 3.273215364759355 3.191602216482268
455 1.0247027068242989 3.2683106385134786 3.1895208402859048
456 1.023833632524076 3.2634059128089916 3.1874376941140885
457 1.022963991434474 3.258501187647581 3.185352773833491
458 1.0220937823254743 3.253596463031187 3.183266075279886
459 1.021223003961042 3.2486917389614325 3.1811775942773073
460 1.0203516551020575 3.243787015440173 3.1790873266292916
461 1.019479734502641 3.2388822924692544 3.1769952681299367
462 1.018607240913785 3.2339775700506026 3.174901414552507
463 1.0177341730841145 3.2290728481856568 3.1728057616463445
464 1.0168605297520912 3.2241681268766 3.17070830516221
465 1.0159863096566994 3.219263406125079 3.168609040817552
466 1.0151115115276852 3.214358685932902 3.1665079643274607
466 1.014236134096349 3.209453966301874 3.1644050713706737
467 1.014236134096349 3.209453966301874 3.1644050713706737
468 1.013360176083418 3.204549247234011 3.1623003576274527
469 1.0124836362066065 3.1996445287310764 3.160193818755368
470 1.01160651318503 3.1947398107949967 3.1580854503757587
471 1.0107288057195403 3.189835093427285 3.1559752481343732
472 1.009850512515557 3.1849303766302577 3.1538632076311326
473 1.0089716322728728 3.1800256604053763 3.1517493244501344
474 1.0080921636855686 3.175120944754932 3.1496335941614118
475 1.0072121054438141 3.17021622968071 3.1475160123138095
476 1.0063314562315633 3.1653115151841926 3.1453965744422026
477 1.0054502147256632 3.160406801267947 3.1432752760714893
478 1.004568379602608 3.155502087933504 3.1411521126931876
479 1.0036859495328503 3.1505973751830028 3.139027079784666
480 1.0028029231766695 3.145692663018141 3.1369001728208428
481 1.0019192991956771 3.1407879514410846 3.1347713872389256
482 1.0010350762447429 3.135883240453578 3.132640718462583
483 1.000150252969816 3.13097853005788 3.1305081619095194
483 0.9992648280175673 3.126073820255736 3.1283737129600833
484 0.9992648280175673 3.126073820255736 3.1283737129600833
485 0.9983788000264575 3.1211691110490904 3.1262373669857353
486 0.9974920813735344 3.1162644023538286 3.1240993894034434
487 0.9966047571678603 3.1113596942479793 3.1219595048791504
488 0.995716826013415 3.1064549867333144 3.1198177087864756
489 0.99482828653556 3.1015502798120327 3.1176739963969333
490 0.9939391373494861 3.096645573485838 3.1155283629776256
491 0.9930493770582278 3.0917408677572205 3.113380803798576
492 0.9921590042680193 3.0868361626280225 3.1112313140829517
493 0.9912680175755895 3.0819314581002786 3.1090798890475297
494 0.9903764155711972 3.0770267541765737 3.1069265238933483
495 0.9894841968411461 3.0721220508583484 3.1047712137959023
496 0.9885913599698295 3.0672173481481884 3.102613953900827
497 0.9876979035302852 3.0623126460478236 3.1004547393513078
498 0.9868038260908689 3.057407944559577 3.098293565268401
499 0.985909126217128 3.0525032436856283 3.0961304267441903
500 0.9850138024659095 3.0475985434279638 3.0939653188600253
501 0.9841178533924323 3.0426938437892534 3.091798236664986
502 0.9832212775439733 3.037789144771139 3.089629175193758
503 0.9823240734607117 3.0328844463758884 3.087458129465448
504 0.9814262396809763 3.0279797486058126 3.0852850944662857
505 0.9805277747306593 3.0230750514629783 3.0831100651823813
506 0.9796286771371198 3.018170354949612 3.0809330365562126
507 0.9787289454167065 3.0132656590679865 3.078754003525511
508 0.9778285780856848 3.0083609638204845 3.07657296098874
509 0.9769275736478215 3.0034562692092903 3.074389903843603
510 0.9760259306034069 2.998551575236294 3.0722048269583415
511 0.9751236474492984 2.9936468819041755 3.0700177251724687
512 0.9742207226740401 2.9887421892150723 3.067828593310534
513 0.9733171547583329 2.983837497171033 3.06563742618088
514 0.9724129421804779 2.978932805774788 3.0634442185590576
515 0.9715080834117982 2.974028115028231 3.0612489652004413
516 0.970602576917414 2.9691234249338416 3.0590516608390135
516 0.969696421154337 2.9642187354938523 3.056852300192275
517 0.969696421154337 2.9642187354938523 3.056852300192275
518 0.9687896145743071 2.9593140467109667 3.0546508779528048
519 0.9678821556236987 2.9544093585872786 3.052447388787193
520 0.9669740427425819 2.9495046711248927 3.0502418273393923
521 0.9660652743333425 2.944599984326082 3.0480341883296416
522 0.9651558487876715 2.9396952981926514 3.0458244664684893
523 0.9642457645219288 2.934790612726829 3.0436126563458563
524 0.9633350199575819 2.9298859279311675 3.0413987524923343
525 0.9624236135003061 2.924981243808084 3.0391827494444095
526 0.9615115435507647 2.9200765603598313 3.0369646417101603
527 0.9605988085398652 2.9151718775887923 3.034744423657914
528 0.9596854069147251 2.910267195496174 3.0325220895588463
529 0.9587713370524418 2.905362514084486 3.0302976338617555
530 0.9578565973332733 2.9004578333564845 3.028071050960574
531 0.9569411861238377 2.8955531533142382 3.0258423352462174
532 0.956025101786704 2.890648473960519 3.0236114810774533
533 0.9551083426743862 2.885743795297773 3.0213784827985486
533 0.9541909071370559 2.8808391173284673 3.019143334714964
534 0.9541909071370559 2.8808391173284673 3.019143334714964
535 0.9532727935154943 2.875934440055054 3.016906031115331
536 0.9523540001469449 2.8710297634802857 3.0146665662529855
537 0.9514345253575891 2.8661250876064885 3.01242493436874
538 0.9505143674675265 2.8612204124363845 3.0101811296757024
539 0.9495935247907953 2.8563157379722433 3.0079351463580353
540 0.9486719956346277 2.851411064217137 3.0056869785743436
541 0.9477497782990751 2.8465063911734627 3.0034366204570184
542 0.9468268710740885 2.8416017188437555 3.001184066122055
543 0.9459032722461915 2.8366970472305746 2.9989293096474916
544 0.9449789800963967 2.831792376336509 2.996672345079718
545 0.9440539928928359 2.826887706164527 2.994413166456911
546 0.943128308901476 2.821983036717266 2.992151767774012
547 0.9422019263761434 2.8170783679971194 2.989888143014147
548 0.9412748435686307 2.812173700006971 2.9876222861170394
549 0.9403470587171993 2.8072690327493617 2.985354191014301
550 0.9394185700571911 2.8023643662271267 2.9830838515961218
551 0.9384893758165026 2.7974597004429755 2.9808112617248708
552 0.937559474214045 2.792555035399932 2.97853641524014
553 0.9366288634598057 2.787650371100094 2.9762593059569133
554 0.9356975417605313 2.7827457075469035 2.973979927649611
555 0.9347655073095942 2.7778410447425403 2.971698274081181
556 0.9338327582970188 2.772936382690432 2.969414338973596
557 0.9328992929031451 2.768031721393086 2.9671281160253455
558 0.9319651092994298 2.763127060853248 2.9648395989097986
559 0.931030205653022 2.7582224010739984 2.96254878126042
560 0.930094580118012 2.7533177420580714 2.960255656697543
561 0.9291582308472802 2.7484130838083334 2.9579602187908427
562 0.9282211559773502 2.743508426327493 2.9556624611068854
563 0.9272833536448867 2.7386037696186825 2.9533623771568975
564 0.9263448219748524 2.733699113684903 2.951059960433519
565 0.9254055590797594 2.7287944585286192 2.948755204412413
566 0.924465563072682 2.7238898041534814 2.9464481025123135
566 0.9235248320520408 2.7189851505617733 2.944138648140387
567 0.9235248320520408 2.7189851505617733 2.944138648140387
568 0.9225833641088039 2.714080497757161 2.9418268346719056
569 0.9216411573280894 2.7091758457419153 2.9395126554417668
570 0.9206982097809685 2.7042711945195324 2.9371961037731036
571 0.9197545195397991 2.699366544092817 2.9348771729259346
572 0.9188100846600535 2.6944618944649914 2.932555856155958
573 0.9178649031905045 2.6895572456388073 2.930232146680724
574 0.9169189731724926 2.6846525976177764 2.927906037682933
575 0.9159722926378483 2.6797479504043427 2.9255775223146903
576 0.9150248596101049 2.6748433040023687 2.923246593695966
577 0.9140766721027317 2.6699386584142504 2.920913244916702
578 0.913127728125308 2.665034013643856 2.918577469019904
579 0.9121780256708099 2.6601293696937485 2.9162392590388335
580 0.9112275627302661 2.6552247265674787 2.913898607952288
581 0.9102762633052491 2.6503200841883965 2.91155574524703
582 0.909324199557057 2.6454154426314265 2.909210426732337
583 0.9083713694332926 2.640510801899401 2.9068626453371618
583 0.9074177708900293 2.6356061619953706 2.904512393900187
584 0.9074177708900293 2.6356061619953706 2.904512393900187
585 0.9064634018715568 2.6307015229229975 2.9021596652346258
586 0.9055082603102619 2.6257968846856428 2.8998044521271886
587 0.9045523441306477 2.6208922472863874 2.897446747324821
588 0.9035956512485757 2.6159876107288427 2.8950865435375968
589 0.9026381795668849 2.611082975016046 2.8927238334511047
590 0.9016799269824728 2.6061783401517427 2.8903586097047524
591 0.9007208913807582 2.601273706138892 2.8879908649074135
592 0.8997610706376676 2.5963690729814646 2.8856205916326183
593 0.8988004626218411 2.5914644406823113 2.8832477824086715
594 0.8978390651886653 2.5865598092456703 2.8808724297401223
595 0.8968768761842068 2.5816551786742004 2.8784945260914077
596 0.8959138934450522 2.5767505489720444 2.8761140638903155
597 0.894950114797733 2.571845920142232 2.8737310355264807
598 0.8939855380607917 2.566941292188632 2.8713454333464594
599 0.8930201610415199 2.5620366651145896 2.8689572496622175
600 0.8920539815338256 2.557132038924048 2.8665664767587664
601 0.8910869973263318 2.5522274136203955 2.8641731068663825
602 0.8901192061925646 2.5473227892069947 2.8617771321922447
603 0.8891506058989792 2.5424181656881046 2.8593785448951956
604 0.88818119420062 2.5375135430667486 2.856977337096806
605 0.8872109688419483 2.53260892134721 2.854573500881029
606 0.8862399275579479 2.5277043005326116 2.852167028287421
607 0.8852680680695897 2.52279968062712 2.8497579113277203
608 0.8842953880896407 2.517895061634478 2.847346141964997
609 0.883321885387422 2.5129904435571504 2.844931711903596
610 0.8823475576638247 2.508085826399357 2.8425146129944183
611 0.8813724025933065 2.503181210164784 2.8400948370967227
612 0.8803964178467295 2.498276594856956 2.8376723760044733
613 0.8794196010817782 2.4933719804800285 2.8352472214775744
614 0.8784419499441463 2.488467367037674 2.8328193652362543
615 0.8774634620660957 2.4835627545338173 2.830388798966014
616 0.876484135073728 2.47865814297232 2.827955514293274
616 0.875503966579326 2.473753532357174 2.8255195028097417
617 0.875503966579326 2.473753532357174 2.8255195028097417
618 0.874522954181972 2.46884892269235 2.823080756069701
619 0.8735410954709107 2.4639443139818096 2.8206392655786163
620 0.8725583880232117 2.4590397062292415 2.818195022799811
621 0.8715748294036959 2.454135099439103 2.815748019155332
622 0.8705904171672146 2.4492304936152234 2.8132982460164144
623 0.8696051488537293 2.444325888761707 2.810845694719836
624 0.8686190219958454 2.4394212848827217 2.808390356542744
625 0.8676320341096833 2.4345166819823407 2.80593222273139
626 0.866644182701378 2.4296120800644574 2.8034712844794294
627 0.8656554652623655 2.424707479133785 2.8010075329437183
628 0.8646658792763884 2.4198028791938393 2.798540959218717
629 0.8636754222113722 2.414898280249379 2.7960715543649766
630 0.8626840915226357 2.409993682304475 2.7935993093959124
631 0.8616918846535198 2.4050890853633846 2.791124215276153
632 0.8606987990356365 2.400184489430198 2.7886462629196958
633 0.8597048320877444 2.395279894509718 2.786165443193935
633 0.858709981213069 2.390375300605938 2.783681746925941
634 0.858709981213069 2.390375300605938 2.783681746925941
635 0.8577142438065692 2.3854707077234094 2.7811951648798527
636 0.8567176172459242 2.380566115866391 2.7787056877844503
637 0.8557200988970906 2.3756615250395408 2.7762133063152925
638 0.8547216861139642 2.370756935247099 2.773718011094192
639 0.853722376236652 2.365852346493746 2.7712197926951503
640 0.8527221665902104 2.3609477587837473 2.768718641646781
641 0.8517210544883693 2.356043172121901 2.766214548420646
642 0.8507190372286041 2.3511385865126524 2.7637075034455325
643 0.8497161120992721 2.346234001960542 2.761197497084099
644 0.8487122763700682 2.341329418470419 2.7586845196634315
645 0.8477075272656831 2.3364248360466435 2.7561685615590577
646 0.8467018620231984 2.3315202546934315 2.753649613008116
647 0.8456952778770849 2.326615674416125 2.751127664158816
648 0.8446877720381772 2.3217110952192033 2.748602705135726
649 0.843679341713527 2.3168065171072545 2.7460747259756073
650 0.8426699840888849 2.3119019400856726 2.743543716684482
651 0.8416596963355341 2.3069973641588453 2.741009667212511
652 0.8406484756137765 2.302092789331907 2.7384725674439565
653 0.8396363190656699 2.2971882156097436 2.7359324072188866
654 0.8386232238210265 2.2922836429973987 2.7333891763133464
655 0.8376091869928143 2.2873790714995614 2.7308428644529474
656 0.8365942056804485 2.2824745011216594 2.728293461302659
657 0.8355782769680088 2.2775699318685954 2.725740956470312
658 0.8345613979229038 2.272665363745152 2.723185339510634
659 0.833543565597627 2.267760796756911 2.720626599919815
660 0.8325247770306354 2.2628562309089753 2.718064727130285
661 0.83150502924406 2.257951666206351 2.7154997105178134
662 0.8304843192432043 2.253047102654549 2.712931539403036
663 0.8294626440196209 2.2481425402584736 2.710360203039227
664 0.8284400005479187 2.2432379790237107 2.707785690623418
665 0.8274163857843011 2.238333418955491 2.7052079912990767
666 0.8263917966732391 2.23342886005918 2.70262709413401
666 0.8253662301378187 2.2285243023402534 2.7000429881510137
667 0.8253662301378187 2.2285243023402534 2.7000429881510137
668 0.8243396830908988 2.223619745804044 2.697455662290188
669 0.8233121524235685 2.218715190455977 2.6948651054460777
670 0.8222836350116624 2.2138106363019663 2.692271306445942
671 0.821254127715217 2.208906083347118 2.6896742540490357
672 0.8202236273751107 2.204001531597261 2.6870739369585497
673 0.8191921308178488 2.199096981058029 2.6844703438038864
674 0.8181596348502096 2.194192431734873 2.681863463157273
675 0.8171261362662928 2.1892878836338334 2.679253283510647
676 0.8160916318365923 2.1843833367603422 2.6766397933090507
677 0.8150561183174667 2.1794787911201667 2.674022980919767
678 0.8140195924471746 2.1745742467195655 2.6714028346445278
679 0.8129820509448679 2.169669703563864 2.668779342720076
680 0.8119434905128393 2.1647651616593233 2.6661524933120844
681 0.8109039078353982 2.1598606210119367 2.66352227451635
682 0.8098632995770033 2.1549560816273403 2.6608886743637936
683 0.8088216623879498 2.1500515435118377 2.6582516808020027
683 0.807778992894056 2.145147006671501 2.655611281726965
684 0.807778992894056 2.145147006671501 2.655611281726965
685 0.8067352267878704 2.1402424710343064 2.652967665185494
686 0.8056904217907904 2.135337936678216 2.650320618100495
687 0.8046445744633288 2.130433403609334 2.6476701281808332
688 0.8035976813626482 2.125528871833916 2.6450161830104952
689 0.8025497390242984 2.1206243413583383 2.6423587701074975
690 0.801500744022843 2.115719812188431 2.639697876722286
691 0.8004506928505747 2.1108152843307533 2.6370334902374717
692 0.799399581984788 2.1059107577916185 2.6343655979440985
693 0.7983474078776991 2.101006232577348 2.6316941870740145
694 0.7972941669647361 2.0961017086948805 2.629019244772162
695 0.7962398556586493 2.091197186150385 2.6263407581130784
696 0.7951844703554424 2.0862926649507374 2.6236587140820014
697 0.7941280074267091 2.081388145102435 2.620973099597584
698 0.7930704632267443 2.0764836266124096 2.6182839014882444
699 0.792011834085148 2.071579109487161 2.6155911065142603
700 0.790952116313553 2.0666745937336524 2.6128947013454495
700 0.790952116313553 2.0666745937336524 2.6128947013454495
701 0.7898913061999521 2.061770079358841 2.610194672578061
702 0.7888294000137207 2.0568655663694293 2.6074910067166015
703 0.7877663939987388 2.051961054772571 2.6047836901961774
704 0.7867022843816692 2.0470565445752356 2.6020727093530396
705 0.785637067362192 2.0421520357844045 2.5993580504558067
706 0.7845707391219151 2.037247528407145 2.596639699674774
707 0.7835032958186555 2.0323430224508177 2.593917643099756
708 0.7824347335871256 2.027438517922623 2.5911918667358904
709 0.7813650485392124 2.022534014829629 2.588462356501385
710 0.7802942367662958 2.017629513179591 2.585729098219505
711 0.7792222943325335 2.012725012979442 2.5829920776374893
712 0.7781492172818492 2.0078205142368413 2.580251280403974
713 0.7770750016349813 2.00291601695927 2.577506692076176
714 0.7759996433857892 1.9980115211544633 2.574758298131265
715 0.7749231385071274 1.9931070268296076 2.5720060839443835
716 0.7738454829471283 1.9882025339930154 2.5692500348016583
716 0.7727666726287107 1.9832980426517506 2.5664901358972827
717 0.7727666726287107 1.9832980426517506 2.5664901358972827
718 0.7716867034520613 1.9783935528140277 2.5637263723268617
719 0.7706055712905581 1.9734890644876257 2.560958729097377
720 0.7695232719955902 1.9685845776803597 2.5581871911102394
721 0.7684398013898724 1.9636800924003093 2.5554117431822414
722 0.7673551552744295 1.9587756086554486 2.552632370020282
723 0.766269329420732 1.9538711264539919 2.5498490562463694
724 0.7651823195764066 1.9489666458039712 2.5470617863764673
725 0.7640941214646021 1.9440621667135234 2.544270544821336
726 0.7630047307798565 1.9391576891913465 2.541475315899235
727 0.7619141431899482 1.9342532132454062 2.538676083826402
728 0.7608223543394685 1.9293487388841275 2.535872832705016
729 0.7597293598423621 1.9244442661163121 2.5330655465462324
730 0.7586351552869316 1.9195397949502475 2.530254209250608
731 0.7575397362330649 1.9146353253944732 2.5274388046166014
732 0.7564430982153628 1.9097308574579883 2.524619316328641
733 0.7553452367384469 1.9048263911494019 2.5217957279698653
733 0.7542461472806171 1.899921926477594 2.518968023008977
734 0.7542461472806171 1.899921926477594 2.518968023008977
735 0.7531458252892643 1.8950174634513928 2.516136184813299
736 0.752044266184993 1.8901130020798327 2.5133001966334914
737 0.7509414653583126 1.8852085423718992 2.5104600416123906
738 0.7498374181738324 1.8803040843367782 2.5076157027694146
739 0.7487321199612152 1.8753996279836735 2.5047671630286414
740 0.7476255660240451 1.8704951733218242 2.5019144051872426
741 0.7465177516366786 1.8655907203604156 2.499057411923912
742 0.7454086720404447 1.8606862691092598 2.496196165810507
743 0.7442983224492222 1.8557818195774571 2.4933306492895704
744 0.7431866980439339 1.8508773717748546 2.4904608446926737
745 0.7420737939759302 1.8459729257110111 2.4875867342256353
746 0.740959605363277 1.8410684813956706 2.484708299979502
747 0.7398441272944638 1.8361640388385847 2.481825523915765
748 0.7387273548243827 1.8312595980497037 2.4789383878779585
749 0.7376092829774132 1.8263551590389289 2.476046873578806
750 0.7364899067438974 1.821450721816625 2.4731509626105512
751 0.7353692210832818 1.8165462863925896 2.4702506364307877
752 0.7342472209199589 1.8116418527770373 2.467345876375508
753 0.7331239011454992 1.8067374209806721 2.464436663649435
754 0.73199925661847 1.801832991013408 2.4615229793225772
755 0.7308732821640391 1.7969285628861518 2.458604804331655
756 0.7297459725697716 1.792024136609404 2.455682119489967
757 0.7286173225916895 1.7871197121935163 2.452754905464966
758 0.7274873269505261 1.782215289649626 2.4498231427897137
759 0.7263559803304706 1.7773108689884694 2.446886811863028
760 0.7252232773799122 1.7724064502210004 2.443945892945347
761 0.7240892127146852 1.767502033358115 2.4410003661448947
762 0.7229537809099333 1.762597618411312 2.43805021144346
763 0.7218169765049135 1.7576932053915126 2.4350954086760077
764 0.7206787940034651 1.7527887943100198 2.432135937527797
765 0.7195392278716498 1.747884385178473 2.4291717775396364
766 0.7183982725390325 1.742979978008342 2.4262029081001737
766 0.7172559224433187 1.7380755728114536 2.4232293082931013
767 0.7172559224433187 1.7380755728114536 2.4232293082931013
768 0.7161121719363153 1.7331711695991157 2.420250957210721
769 0.7149670153303421 1.728266768383346 2.417267833796249
770 0.7138204468972198 1.7233623691764302 2.4142799168438085
771 0.7126724608704694 1.7184579719899635 2.4112871849867914
772 0.7115230514448359 1.7135535768361432 2.4082896166983767
773 0.7103722127724634 1.7086491837272173 2.405287190300767
774 0.7092199389646721 1.7037447926757427 2.4022798839565764
775 0.7080662240938488 1.6988404036941764 2.399267675658835
776 0.7069110621879681 1.6939360167947934 2.396250543246379
777 0.7057544472358708 1.6890316319904755 2.393228464383991
778 0.7045963731817324 1.684127249294113 2.39020141657717
779 0.7034368339269355 1.6792228687184465 2.3871693771623907
780 0.702275823330433 1.674318490276569 2.3841323233033656
781 0.701113335207587 1.6694141139819545 2.3810902319917666
782 0.699949363329793 1.6645097398475572 2.3780430800439136
783 0.6987839014220196 1.6596053678867484 2.3749908441071192
783 0.6976169431661694 1.654700998113257 2.3719335006448006
784 0.6976169431661694 1.654700998113257 2.3719335006448006
785 0.696448482198251 1.649796630540627 2.3688710259418673
786 0.6952785121077074 1.6448922651826494 2.3658033961041425
787 0.6941070264368648 1.6399879020533135 2.3627305870566415
788 0.6929340186824681 1.6350835411665856 2.359652574534446
789 0.6917594822930397 1.6301791825367231 2.3565693340885128
790 0.6905834106695832 1.6252748261778054 2.353480841078928
791 0.6894057971647499 1.620370472104513 2.350387070675135
792 0.6882266350813043 1.6154661203314358 2.347287997856391
793 0.6870459176749214 1.6105617708733413 2.3441835973987772
794 0.6858636381485846 1.6056574237446135 2.341073843889601
795 0.684679789655898 1.600753078960976 2.337958711714672
796 0.6834943653003579 1.5958487365371024 2.3348381750533016
797 0.6823073581328247 1.590944396488372 2.3317122078854426
798 0.6811187611518821 1.5860400588300987 2.3285807839852306
799 0.6799285673051778 1.5811357235782728 2.3254438769133214
800 0.6787367694842368 1.5762313907482173 2.3223014600284215
801 0.6775433601909301 1.5713270603554472 2.3191535076259195
802 0.6763482861524486 1.5664227323428483 2.316000150238833
803 0.6751515867054109 1.5615184067960157 2.3128412012121267
804 0.673953254514955 1.5566140837312015 2.3096766330648535
805 0.6727532822034586 1.5517097631652792 2.306506418048215
806 0.6715516623327591 1.546805445114587 2.3033305282001266
807 0.6703483874078843 1.5419011295963203 2.3001489353298403
808 0.6691434498760866 1.5369968166273873 2.296961611014815
809 0.6679368421250109 1.5320925062248856 2.293768526602908
810 0.6667285564853218 1.527188198406327 2.2905696531988102
811 0.6655185852253949 1.5222838931895213 2.287364961677157
812 0.6643069205536998 1.5173795905918162 2.2841544226681854
813 0.663093554617091 1.51247529063148 2.2809380065605853
814 0.6618784795022178 1.507570993326268 2.277715683489323
815 0.6606616872312316 1.502666698694781 2.274487423347205
816 0.6594431697644606 1.4977624067553543 2.2712531957686726
816 0.658222918997879 1.4928581175267592 2.2680129701341647
817 0.658222918997879 1.4928581175267592 2.2680129701341647
818 0.6570009267619032 1.4879538310276597 2.264766715567957
819 0.6557771848216667 1.4830495472774636 2.2615144009329433
820 0.6545516848766947 1.4781452662949932 2.258255994824073
821 0.6533244185584794 1.4732409880999973 2.2549914655732812
822 0.652095377432584 1.4683367127120772 2.2517207812347655
823 0.6508645529954651 1.463432440151104 2.248443909590665
824 0.6496319366727096 1.4585281704371211 2.2451608181510028
825 0.6483975198214252 1.453623903590262 2.2418714741392036
826 0.6471612937274823 1.4487196396313418 2.2385758444963386
827 0.6459232496044301 1.4438153785809589 2.235273895877205
828 0.6446833785938278 1.438911120459758 2.2319655946431967
829 0.643441671764268 1.434006865289282 2.228650906860515
830 0.6421981201097392 1.4291026130906967 2.2253297982972775
831 0.6409527145484041 1.4241983638858837 2.2220022344227544
832 0.639705445923283 1.4192941176962568 2.218668180396367
833 0.6384563049998615 1.4143898745442331 2.2153276010713685
833 0.6372052824652098 1.409485634452048 2.211980460989043
834 0.6372052824652098 1.409485634452048 2.211980460989043
835 0.6359523689660075 1.4045813974426795 2.2086267242409727
836 0.6346975550369898 1.3996771635390708 2.205266354708895
837 0.6334408311274153 1.394772932764123 2.2018993159655778
838 0.632182187602903 1.3898687051413339 2.198525571262001
839 0.6309216147487281 1.3849644806943864 2.195145083507663
840 0.6296591027642829 1.3800602594466924 2.191757815281402
841 0.6283946417652806 1.3751560414224682 2.188363728817598
842 0.6271282217823128 1.3702518266463324 2.18496278600259
843 0.6258598327589384 1.3653476151424864 2.181554948371923
844 0.6245894645498133 1.3604434069362137 2.17814017711103
845 0.6233171069226873 1.355539202052536 2.1747184330377594
846 0.6220427495537384 1.350635000516965 2.171289676611339
847 0.620766382028162 1.3457308023552343 2.167853867921255
848 0.6194879938390033 1.3408266075933166 2.1644109666825595
849 0.6182075743869345 1.3359224162579095 2.1609609322284995
850 0.6169251129760014 1.3310182283751597 2.1575037235142296
851 0.615640598815885 1.326114043972298 2.1540392991023145
852 0.61435402101888 1.3212098630768223 2.15056761716258
853 0.6130653685990279 1.3163056857158821 2.147088635464589
854 0.6117746304709508 1.3114015119178597 2.14360231137458
855 0.6104817954489316 1.3064973417105512 2.1401086018458404
856 0.6091868522433624 1.3015931751229142 2.136607463423955
857 0.6078897894631513 1.2966890121835801 2.1330988522257157
858 0.6065905956118223 1.2917848529221767 2.1295827239445586
859 0.605289259086786 1.28688069736787 2.126059033840146
860 0.6039857681772454 1.281976545550909 2.1225277367374997
861 0.6026801110653682 1.277072397501591 2.1189887870102226
862 0.6013722758209233 1.272168253250399 2.1154421385884197
863 0.6000622504029212 1.2672641128286724 2.111887744942709
864 0.5987500226561275 1.2623599762678503 2.108325559083687
865 0.5974355803118817 1.2574558435994099 2.1047555335471904
866 0.5961189109848177 1.252551714855793 2.1011776203954273
866 0.5948000021710578 1.2476475900698099 2.0975917712101833
867 0.5948000021710578 1.2476475900698099 2.0975917712101833
868 0.5934788412476986 1.2427434692740207 2.0939979370811983
869 0.5921554154707801 1.2378393525022142 2.0903960686032015
870 0.5908297119722552 1.232935239788119 2.086786115871601
871 0.589501717762359 1.2280311311658436 2.0831680284617757
872 0.5881714197227842 1.2231270266703613 2.07954175544069
873 0.5868388046084889 1.2182229263364721 2.0759072453451894
874 0.5855038590440279 1.213318830199941 2.072264446183101
875 0.5841665695238312 1.208414738296784 2.068613305416969
876 0.5828269224073853 1.203510650663323 2.0649537699668774
877 0.5814849039205771 1.1986065673366382 2.061285786191883
878 0.5801405001510921 1.1937024883541867 2.057609299890799
879 0.578793697048502 1.188798413753742 2.0539242562866447
880 0.5774444804217352 1.1838943435736382 2.0502306000206008
881 0.5760928359350005 1.1789902778529806 2.046528275151132
882 0.5747387491091502 1.1740862166310164 2.042817225132044
883 0.5733822053173304 1.1691821599476995 2.0390973928125864
883 0.572023189784631 1.164278107843514 2.0353687204217534
884 0.572023189784631 1.164278107843514 2.0353687204217534
885 0.5706616875827005 1.1593740603592533 2.0316311495700967
886 0.5692976836320061 1.1544700175366547 2.0278846212255166
887 0.5679311626960788 1.1495659794175614 2.0241290757146517
888 0.5665621093803341 1.1446619460449474 2.0203644527109277
889 0.5651905081596943 1.1397579174624057 2.016590691116787
890 0.5638163433262406 1.1348538937143353 2.0128077292319206
891 0.5624395989966879 1.1299498748449002 2.0090155047058738
892 0.5610602591207964 1.1250458608993674 2.005213954491018
893 0.5596783074782422 1.1201418519228614 2.0014030148317077
894 0.558293727675915 1.1152378479619343 1.9975826212565313
895 0.5569065031459456 1.110333849063277 1.9937527085624598
896 0.5555166171414977 1.1054298552745712 1.9899132108104034
897 0.5541240527360972 1.10052586664386 1.9860640613050375
898 0.5527287928185278 1.0956218832200033 1.9822051925920174
899 0.551330820093652 1.0907179050525604 1.9783365364324914
900 0.5499301170753238 1.0858139321915958 1.974458023805363
901 0.5485266660871587 1.0809099646882916 1.970569584882386
902 0.5471204492551887 1.0760060025940792 1.9666711490292095
903 0.5457114485101074 1.0711020459615848 1.9627626447747986
904 0.5442996455802732 1.0661980948438903 1.9588439998104823
905 0.542885021989545 1.0612941492948675 1.9549151409730847
906 0.5414675590553761 1.0563902093692543 1.9509759942261227
907 0.5400472378825315 1.051486275122416 1.9470264846556447
908 0.5386240393628458 1.0465823466109507 1.943066536445317
909 0.5371979441700737 1.0416784238917651 1.9390960728657887
910 0.5357689327573757 1.0367745070230665 1.9351150162575264
911 0.5343369853518476 1.031870596063606 1.9311232880204707
912 0.5329020819544027 1.0269666910731134 1.9271208085859663
913 0.531464202331323 1.022062792112105 1.9231074974169855
914 0.5300233260143951 1.0171588992423846 1.919083272977988
915 0.5285794322954198 1.0122550125261762 1.9150480527218718
916 0.5271325002214029 1.0073511320272335 1.9110017530775132
916 0.5256825085919957 1.0024472578095132 1.9069442894238555
917 0.5256825085919957 1.0024472578095132 1.9069442894238555
918 0.524229435955335 0.9975433899386802 1.9028755760744274
919 0.5227732606022757 0.9926395284811598 1.898795526262306
920 0.5213139605638839 0.9877356735043692 1.8947040521147298
921 0.5198515136046289 0.9828318250767237 1.89060106464211
922 0.5183858972212626 0.9779279832676542 1.8864864737056017
923 0.5169170886341788 0.9730241481480999 1.8823601880120993
924 0.515445064786447 0.9681203197896747 1.8782221150779175
925 0.513969802336147 0.9632164982652062 1.8740721612186129
926 0.5124912776570686 0.9583126836491851 1.8699102315072686
927 0.5110094668580681 0.9534088760182002 1.8657362296636428
928 0.509524345715428 0.9485050754491029 1.8615500582554063
929 0.5080358897008012 0.9436012820191387 1.8573516185536738
930 0.5065440739756851 0.9386974958075797 1.8531408105124503
931 0.5050488733650951 0.9337937168959428 1.8489175328204566
932 0.5035502623938871 0.9288899453657464 1.8446816827178019
933 0.5020482152618807 0.9239861812998859 1.8404331560424172
933 0.5005427058341171 0.9190824247829334 1.8361718472180135
934 0.5005427058341171 0.9190824247829334 1.8361718472180135
935 0.499033707638131 0.9141786759005497 1.831897649213421
936 0.49752119385559074 0.9092749347398628 1.8276104535232858
937 0.4960051373167382 0.9043712013897557 1.8233101501371018
938 0.49448551049383666 0.8994674759402834 1.818996627508855
939 0.49296228549410304 0.8945637584833679 1.8146697725298275
940 0.4914354340538511 0.8896600491122523 1.8103294704930943
941 0.4899049275297598 0.8847563479217839 1.8059756050688804
942 0.48837073689364424 0.8798526550088056 1.8016080582658192
943 0.4868328327235881 0.8749489704714012 1.797226710401794
944 0.4852911851965099 0.8700452944099318 1.79283144007164
945 0.4837457640815855 0.8651416269256607 1.7884221241051557
946 0.4821965269377691 0.86023796809571 1.7839986811160293
947 0.48064343637593165 0.8553343180084294 1.7795610077559367
948 0.47908647921297537 0.8504306768130027 1.775108907707137
949 0.4775256235224071 0.8455270446204708 1.7706422503227113
950 0.4759608369229638 0.8406234215430042 1.7661609030220746
950 0.4759608369229638 0.8406234215430042 1.7661609030220746
951 0.47439208655935095 0.8357198076938835 1.7616647312883182
952 0.4728193391073676 0.8308162031888064 1.7571535985759352
953 0.4712425607644877 0.8259126081451843 1.7526273662661587
954 0.4696617172403158 0.8210090226830158 1.7480858936239914
955 0.4680767737237551 0.8161054469260534 1.7435290378404769
956 0.46648769491355874 0.8112018809993227 1.7389566538290797
957 0.464894444995127 0.8062983250293787 1.7343685942253628
958 0.4632969876302148 0.8013947791459842 1.72976470933937
959 0.4616952859654319 0.7964912434832041 1.7251448470341086
960 0.4600893025642137 0.7915877181751174 1.7205088528756591
961 0.458478999428035 0.7866842033587303 1.7158565699631614
962 0.4568643379820817 0.7817806991733441 1.7111878388809716
963 0.4552452790635159 0.7768772057612903 1.7065024976412775
964 0.45362178290885097 0.7719737232677911 1.7018003816252107
965 0.4519938091406563 0.7670702518406628 1.6970813235230786
966 0.450361316754568 0.7621667916307506 1.6923451532719147
966 0.44872426410525 0.7572633427922775 1.687591697993533
967 0.44872426410525 0.7572633427922775 1.687591697993533
968 0.44708260889236934 0.7523599054821393 1.6828207819268193
969 0.44543630814548774 0.7474564798608071 1.6780322263641652
970 0.44378531820868644 0.7425530660920552 1.673225849582693
971 0.44212959472683644 0.7376496643428737 1.6684014667659155
972 0.44046909262749556 0.7327462747836625 1.6635588899386082
973 0.4388037661052124 0.7278428975886934 1.658697927889201
974 0.4371335686056709 0.7229395329359226 1.653818386087094
975 0.43545845280665924 0.7180361810068928 1.6489200666078154
976 0.4337783706007314 0.7131328419868872 1.644002768047847
977 0.43209327307832573 0.7082295160660533 1.6390662854352567
978 0.4304031105055052 0.7033262034375198 1.6341104101489148
979 0.4287078323068627 0.6984229042994329 1.6291349298221174
980 0.42700738704313573 0.6935196188540785 1.6241396282543001
981 0.4253017223935614 0.6886163473084116 1.6191242853025334
982 0.42359078513140963 0.6837130898737616 1.6140886767913394
983 0.4218745211016054 0.6788098467662239 1.609032574410289
983 0.4201528752006928 0.6739066182070443 1.6039557455965094
984 0.4201528752006928 0.6739066182070443 1.6039557455965094
985 0.41842579134928354 0.6690034044225902 1.598857953438476
986 0.41669321247157376 0.6641002056439601 1.5937389565453124
987 0.4149550804670907 0.6591970221081481 1.5885985089425307
988 0.41321133618526995 0.6542938540575688 1.5834363599458599
989 0.4114619193993559 0.6493907017400768 1.578252254031296
990 0.40970676877815443 0.6444875654098521 1.5730459307076408
991 0.4079458218569433 0.6395844453267318 1.567817124380351
992 0.40617901500829345 0.6346813417570943 1.5625655642109804
993 0.404406283409833 0.6297782549738855 1.5572909739774154
994 0.40262756101497743 0.624875185256365 1.5519930719127302
995 0.40084278051678707 0.6199721328910818 1.5466715705638552
996 0.3990518733174057 0.6150690981716239 1.5413261766156356
997 0.39725476948888 0.6101660813986957 1.535956590738366
998 0.3954513977412752 0.6052630828809041 1.5305625073979348
999 0.3936416853789234 0.6003601029347592 1.525143614698343
1000 0.3918255582671964 0.5954571418845654 1.5196995941712081
1001 0.39000294078786946 0.5905542000633848 1.5142301205995246
1002 0.3881737557979898 0.5856512778128729 1.5087348618118652
1003 0.38633792458710353 0.5807483754838005 1.5032134784708804
1004 0.3844953668302682 0.5758454934359296 1.4976656238620714
1005 0.38264600054310666 0.5709426320390342 1.4920909436624703
1006 0.380789742031102 0.5660397916728911 1.4864890757132274
1007 0.3789265058393135 0.5611369727272844 1.4808596497739817
1008 0.37705620470016693 0.5562341756031296 1.47520228727026
1009 0.3751787494788991 0.5513314007122444 1.4695166010282052
1010 0.373294049115888 0.5464286484781083 1.4638021950049123
1011 0.3714020105680345 0.5415259193362447 1.4580586640013529
1012 0.3695025387473208 0.5366232137342658 1.452285593364294
1013 0.3675955364571202 0.5317205321330626 1.4464825586778787
1014 0.365680904324033 0.5268178750067116 1.4406491254459757
1015 0.3637585407308756 0.5219152428432887 1.434784848747852
1016 0.36182834174432144 0.5170126361452794 1.4288892728879037
1016 0.3598902010354844 0.5121100554303715 1.422961931047071
1017 0.3598902010354844 0.5121100554303715 1.422961931047071
1018 0.35794400980796365 0.507207501231466 1.4170023448739426
1019 0.3559896567116093 0.5023049740980744 1.4110100241058312
1020 0.35402702775914446 0.4974024745965329 1.4049844661434472
1021 0.3520560062354567 0.4925000033107559 1.398925155622454
1022 0.35007647260630204 0.48759756084304734 1.3928315639520348
1023 0.3480883044212034 0.48269514781472594 1.3867031488384678
1024 0.34609137621173736 0.4777927648670946 1.3805393537884134
1025 0.3440855593851715 0.4728904126621981 1.3743396075882444
1026 0.34207072211469075 0.46798809188386176 1.368103323753481
1027 0.34004672922062346 0.46308580323803 1.3618298999652438
1028 0.3380134420534941 0.4581835474549422 1.3555187174551182
1029 0.33597071836306464 0.4532813252891623 1.349169140387189
1030 0.3339184121684695 0.4483791375206616 1.3427805151829844
1031 0.33185637361496373 0.4434769849570118 1.3363521698442828
1032 0.3297844488292361 0.43857486843354754 1.3298834132128639
1033 0.3277024797677184 0.433672788815151 1.3233735341964648
1033 0.3256103040513426 0.42877074699759243 1.316821800977107
1034 0.3256103040513426 0.42877074699759243 1.316821800977107
1035 0.3235077547999323 0.42386874390900997 1.3102274601458754
1036 0.3213946604510426 0.4189667805114461 1.3035897358203512
1037 0.31927084457436716 0.4140648578024475 1.2969078286946434
1038 0.3171361256739486 0.40916297681679403 1.2901809150480048
1039 0.31499031698038515 0.4042611386289037 1.2834081456988964
1040 0.3128332262341872 0.39935934435355325 1.276588644885798
1041 0.3106646554518293 0.39445759514951156 1.2697215091166847
1042 0.3084844006864214 0.3895558922206744 1.2628058059138727
1043 0.306292251767889 0.3846542368187821 1.2558405725205106
1044 0.304087992034004 0.37975263024649786 1.2488248145097187
1045 0.3018713980430673 0.3748510738587558 1.2417575043173739
1046 0.2996422399332018 0.36994956906996496 1.234637576973248
1047 0.2974002819696054 0.36504811735961107 1.2274639248557249
1048 0.2951452773266792 0.3601467202555528 1.2202354159877924
1049 0.292876970596297 0.35524537935054773 1.2129508804576499
1050 0.29059509946235645 0.35034409631352326 1.2056090999528595
1051 0.28829939277554983 0.34544287288668163 1.1982088118916705
1052 0.28598957006447057 0.3405417108917011 1.1907487074264032
1053 0.28366534107857316 0.3356406122319158 1.1832274290391576
1054 0.2813264053002066 0.3307395789000023 1.1756435680009003
1055 0.2789724514228812 0.3258386129808779 1.1679956616467284
1056 0.27660315680029807 0.32093771665957316 1.1602821904570082
1057 0.2742181868532058 0.3160368922265805 1.1525015749439005
1058 0.27181719443767866 0.31113614208513296 1.1446521723130698
1059 0.2693998191700262 0.30623546875767577 1.1367322728765512
1060 0.2669656867028714 0.30133487489560873 1.1287400962168959
1061 0.2645144079509595 0.2964343632862333 1.1206737870444914
1062 0.26204557825765795 0.29153393686329376 1.1125314107633641
1063 0.25955877650563536 0.2866335987168492 1.1043109486633984
1064 0.2570535641525931 0.2817333521046618 1.0960102927708024
1065 0.25452948419960114 0.2768332004639137 1.0876272402564648
1066 0.2519860600757439 0.27193314742513786 1.0791594874073513
1066 0.24942279443781892 0.2670331968263503 1.0706046230787525
1067 0.24942279443781892 0.2670331968263503 1.0706046230787525
1068 0.24683916786685395 0.26213335272961696 1.0619601216246717
1069 0.24423463746321453 0.2572336194374046 1.0532233351878597
1070 0.24160863532377275 0.2523340015130324 1.0443914853245495
1071 0.2389605668839535 0.24743450380118495 1.035461653894329
1072 0.23628980912053446 0.2425351314513752 1.0264307731005653
1073 0.23359570859543913 0.23763588994422907 1.0172956146030365
1074 0.2308775793145348 0.23273678511926366 1.0080527776246129
1075 0.22813470039816547 0.22783782320731014 0.9986986758685233
1076 0.22536631352687073 0.22293901086535692 0.9892295231548685
1077 0.22257162014056192 0.2180403552164095 0.9796413176069313
1078 0.21974977836171228 0.2131418638930486 0.9699298241940115
1079 0.21689989960832637 0.20824354508654935 0.9600905554248366
1080 0.21402104485946602 0.20334540760225053 0.9501187499377667
1081 0.21111222052208847 0.198447460922417 0.9400093487323896
1082 0.20817237385366003 0.19354971527515538 0.9297569686706652
1083 0.20520038787491954 0.1886521817150648 0.9193558729043838
1083 0.20219507570925366 0.1837548722132251 0.9087999377267494
1084 0.20219507570925366 0.1837548722132251 0.9087999377267494
1085 0.19915517425423454 0.178857799759338 0.898082615373148
1086 0.19607933709687195 0.17396097848123412 0.8871968921196915
1087 0.1929661265601731 0.16906442377738504 0.8761352408898837
1088 0.1898140047372814 0.16416815247459 0.8648895675627969
1089 0.18662132335886678 0.15927218300616272 0.8534511498446908
1090 0.1833863123005548 0.15437653562184667 0.8418105674584724
1091 0.18010706649723304 0.1494812326301809 0.8299576220818485
1092 0.1767815309893739 0.14458629868533882 0.8178812451512806
1093 0.17340748375815956 0.13969176112161802 0.8055693912059602
1094 0.1699825159460766 0.1347976503532912 0.7930089139053156
1095 0.16650400894882006 0.12990400034754354 0.7801854211658855
1096 0.16296910775404228 0.12501084919406547 0.7670831049939567
1097 0.15937468974071242 0.12011823978984024 0.7536845404076474
1098 0.15571732797138452 0.11522622067387493 0.7399704462887364
1099 0.1519932477271021 0.11033484704675592 0.7259193990305266
1100 0.1481982746950135 0.10544418203128435 0.7115074871707144
1101 0.14432777277379547 0.10055429824280158 0.6967078914215635
1102 0.14037656883277827 0.09566527976453874 0.6814903695110168
1103 0.13633886089680153 0.09077722466079281 0.6658206183012229
1104 0.13220810509904102 0.08589024821063782 0.6496594754632847
1105 0.12797687505289929 0.08100448712465674 0.6329619088696572
1106 0.12363668497159279 0.07612010512332745 0.6156757206877318
1107 0.11917776444275448 0.07123730043577169 0.597739861700373
1108 0.11458876769511944 0.06635631606625329 0.5790822032644962
1109 0.10985639257016286 0.0614774541363334 0.5596165384464914
1110 0.10496487255865194 0.05660109640077494 0.539238461601976
1111 0.09989528645012487 0.051727734383263335 0.5178195710874672
1112 0.09462459994766893 0.04685801505998849 0.4951990823306284
1113 0.08912430322139547 0.041992812726288534 0.47117128783574713
1114 0.08335840414546251 0.037133346861527736 0.4454661439622706
1115 0.07728039924991453 0.03228138648264717 0.41771764633686037
1116 0.07082852418072169 0.027439628501387373 0.38740929334309027
1116 0.06391800679514525 0.022612459720649826 0.35377291712368136
1117 0.06391800679514525 0.022612459720649826 0.35377291712368136
1118 0.056427986719761444 0.01780767125737752 0.31558225434864146
1119 0.0481796754149967 0.013040952057067777 0.27067330663270867
1120 0.03891022650557969 0.008350547435913028 0.21461060975102697
1121 0.028390164932317937 0.003862294945783102 0.13604341344936885
1122 0.023092305631557536 0.0005279287934720644 0.022861675308445868
1123 0.02029030492544639 5.0483411322133205e-05 0.0024880558230951553
1124 0.017877714755545778 4.689197027447753e-06 0.000262292865255227
1125 0.015767751815011426 4.351860638841087e-07 2.7599753534286168e-05
1126 0.013908697514980813 4.038899822329062e-08 2.9038663167265193e-06
1127 0.012266053193136194 3.749033146726117e-09 3.0564298782137935e-07
