1 2.248618589843735 4.495110262183511 1.9990541226006195
2 2.247240277441789 4.490190419302108 1.9980909315196353
3 2.245874586974432 4.485285078264513 1.9971217913405135
4 2.244511442276703 4.480380148897005 1.9961493911353672
5 2.2431463849382633 4.475475184174255 1.9951774945340583
6 2.241775068114387 4.470570215811009 1.9942099809198597
7 2.2403952826193576 4.46566524708613 1.993248817175288
8 2.2390072097363674 4.460760277427167 1.9922938425698062
9 2.237615407677618 4.455855307311848 1.9913410016855857
10 2.2362229608597675 4.45095033604687 1.9903875480893907
11 2.2348299406523022 4.44604536528345 1.9894334170168397
12 2.233436256460142 4.441140395368761 1.9884786872797044
13 2.232041906225862 4.436235425568822 1.9875233584077323
14 2.2306468891628137 4.43133045587003 1.9865674291161146
15 2.229251204216031 4.426425486278558 1.9856108983622667
16 2.2278548503035167 4.421520516793953 1.9846537651192029
16 2.2264578263383514 4.416615547417212 1.9836960283594547
17 2.2264578263383514 4.416615547417212 1.9836960283594547
18 2.225060131239835 4.411710578147633 1.982737687043705
19 2.2236617639253438 4.4068056089863425 1.9817787401296048
20 2.2222627233046692 4.401900639933092 1.9808191865753568
21 2.220863008281183 4.396995670987883 1.9798590253393873
22 2.2194626175667063 4.39209070215045 1.9788982555451602
23 2.218061549993445 4.38718573342017 1.9779368762030678
24 2.216659804472202 4.382280764797407 1.9769748862482084
25 2.2152573798973383 4.377375796282719 1.9760122846247237
26 2.213854275165156 4.3724708278761515 1.975049070269072
27 2.212450489168721 4.367565859578146 1.974085242115028
28 2.211046020796834 4.36266089138904 1.9731207990943533
29 2.209640868921258 4.357755923309091 1.972155740148189
30 2.2082350324468267 4.3528509553386545 1.9711900641823865
31 2.206828510244517 4.34794598747792 1.9702237701270984
32 2.2054213011608317 4.343041019726739 1.969256856928317
33 2.2040134041009427 4.338136052085792 1.968289323474145
33 2.2026048179125257 4.33323108455562 1.9673211686980472
34 2.2026048179125257 4.33323108455562 1.9673211686980472
35 2.201195541485496 4.328326117136328 1.9663523914896357
36 2.199785573663222 4.323421149828598 1.965382990774398
37 2.1983749133316803 4.318516182632102 1.9644129654333193
38 2.196963559339742 4.3136112155475175 1.9634423143749804
39 2.195551510520479 4.30870624857486 1.962471036515757
40 2.194138765735231 4.303801281714851 1.9614991307410297
41 2.1927253238362976 4.2988963149672825 1.9605265959377525
42 2.1913111836860115 4.293991348333149 1.959553430978348
43 2.189896344087982 4.289086381811897 1.958579634780913
44 2.1884808039109913 4.28418141540461 1.9576052061998592
45 2.1870645619738975 4.279276449111177 1.9566301441275191
46 2.1856476171274393 4.274371482931984 1.9556544474217301
47 2.1842299681844293 4.269466516867004 1.9546781149678392
48 2.1828116139563387 4.264561550916577 1.9537011456463131
49 2.1813925532954483 4.259656585081445 1.9527235382949966
50 2.179972785006157 4.254751619362208 1.9517452917882143
51 2.178552307900992 4.249846653758077 1.9507664049860483
52 2.177131120792252 4.244941688270396 1.9497868767434061
53 2.175709222490783 4.240036722898739 1.9488067059092962
54 2.1742866118046362 4.23513175764376 1.9478258913293143
55 2.1728632875333513 4.230226792505653 1.9468444318500286
56 2.171439248467858 4.22532182748498 1.9458623263194295
57 2.1700144934212355 4.220416862581539 1.9448795735588142
58 2.168589021163712 4.215511897796084 1.9438961724218031
59 2.1671628305122974 4.210606933129414 1.942912121713561
60 2.165735920219059 4.205701968581049 1.9419274202903056
61 2.1643082890958896 4.20079700415128 1.9409420669483763
62 2.162879935904869 4.195892039840443 1.9399560605221653
63 2.161450859418237 4.19098707564922 1.9389693998304645
64 2.1600210584188915 4.186082111577877 1.9379820836756272
65 2.1585905316716874 4.181177147626324 1.9369941108693163
66 2.157159277940993 4.176272183795349 1.9360054802172966
66 2.155727295969775 4.171367220084961 1.9350161905374168
67 2.155727295969775 4.171367220084961 1.9350161905374168
68 2.154294584523161 4.166462256495349 1.9340262406209257
69 2.152861142365413 4.161557293027287 1.933035629253292
70 2.1514269682540155 4.156652329680543 1.932044355218742
71 2.1499920609246113 4.151747366455896 1.9310524173147057
72 2.1485564191220323 4.146842403353521 1.930059814323168
73 2.1471200415739444 4.141937440373697 1.9290665450346474
74 2.145682927047179 4.1370324775167955 1.9280726081975443
75 2.144245074240775 4.132127514783131 1.927078002614145
76 2.1428064818844605 4.127222552173049 1.9260827270521519
77 2.1413671487182095 4.122317589686564 1.9250867802628437
78 2.1399270734688303 4.117412627324178 1.9240901610024663
79 2.1384862548413217 4.112507665085825 1.92309286803949
80 2.137044691550409 4.10760270297262 1.922094900127047
81 2.135602382305409 4.102697740984348 1.921096256015333
82 2.1341593258176546 4.097792779121663 1.9200969344459264
83 2.1327155208012276 4.0928878173846455 1.919096934150417
83 2.1312709659344797 4.087982855773607 1.9180962538853827
84 2.1312709659344797 4.087982855773607 1.9180962538853827
85 2.129825659916999 4.083077894289102 1.917094892381108
86 2.128379601439081 4.078172932931125 1.9160928483686426
87 2.126932789191325 4.073267971700292 1.9150901205716888
88 2.125485221875329 4.068363010596974 1.9140867076965284
89 2.1240368981594857 4.063458049620921 1.9130826084716217
90 2.122587816709348 4.058553088773232 1.9120778216211638
91 2.121137976202478 4.053648128053607 1.9110723458503844
92 2.119687375296768 4.048743167462364 1.910066179875
93 2.1182360126735933 4.043838207000472 1.9090593223823176
94 2.116783886981443 4.0389332466673995 1.9080517720809766
95 2.1153309968882237 4.034028286464474 1.9070435276553723
96 2.113877341044989 4.029123326391026 1.9060345877964902
97 2.11242291809706 4.024218366448131 1.9050249511936173
98 2.110967726682347 4.019313406635765 1.9040146165344867
99 2.1095117654534397 4.01440844695426 1.903003582485999
100 2.108055033034362 4.009503487404238 1.9019918477331714
101 2.106597528059388 4.004598527985332 1.9009794109434823
102 2.105139249167059 3.999693568698581 1.8999662707733662
103 2.103680194980121 3.99478860954379 1.898952425885028
104 2.102220364109585 3.989883650521746 1.8979378749438087
105 2.1007597551917727 3.984978691632495 1.8969226165838833
106 2.0992983668304697 3.98007373287644 1.895906649460969
107 2.097836197623678 3.9751687742540707 1.8948899722280221
108 2.0963732461814 3.9702638157654757 1.8938725835189023
109 2.094909511093781 3.965358857411353 1.8928544819775937
110 2.0934449909680404 3.9604538991915677 1.8918356662241191
111 2.091979684403336 3.9555489411067244 1.8908161348779573
112 2.0905135899525495 3.950643983157249 1.8897958865921176
113 2.089046706227226 3.9457390253430407 1.88877491995809
114 2.0875790318131195 3.940834067664923 1.8877532335828269
115 2.086110565257953 3.935929110122968 1.8867308260989895
116 2.084641305155381 3.9310241527174083 1.8857076960894263
116 2.0831712503449795 3.926119195447525 1.884683841905627
117 2.0831712503449795 3.926119195447525 1.884683841905627
118 2.081700399364829 3.921214238313068 1.8836592621635246
119 2.0802287507679242 3.91630928131446 1.8826339554574179
120 2.0787563031439547 3.9114043244519126 1.881607920339783
121 2.077283055008547 3.9064993677258935 1.8805811554217007
122 2.0758090048946736 3.9015944111369008 1.879553659289992
123 2.0743341513647997 3.8966894546851174 1.878525430496001
124 2.0728584929543055 3.8917844983707894 1.8774964676069574
125 2.0713820281885664 3.8868795421944036 1.8764667691905672
126 2.0699047555807373 3.8819745861563155 1.8754363338168087
127 2.0684266736805235 3.8770696302562517 1.8744051600134606
128 2.066947780971875 3.8721646744953526 1.873373246359745
129 2.065468075971657 3.867259718873425 1.8723405913955617
130 2.0639875571922532 3.862354763391157 1.8713071936563968
131 2.062506223128669 3.857449808048475 1.8702730516841837
132 2.0610240723058117 3.852544852846075 1.8692381639851319
133 2.059541103202972 3.8476398977841075 1.8682025290975295
133 2.058057314287558 3.842734942863093 1.8671661455615685
134 2.058057314287558 3.842734942863093 1.8671661455615685
135 2.0565727040803456 3.837829988083058 1.8661290118596863
136 2.055087271034644 3.832925033444128 1.8650911265264285
137 2.053601013622776 3.8280200789474637 1.8640524880704161
138 2.0521139303332756 3.8231151245929222 1.8630130949756893
139 2.0506260196182664 3.818210170380704 1.8619729457502356
140 2.0491372799441487 3.8133052163112295 1.860932038879877
141 2.0476477097516317 3.808400262385145 1.859890372864521
142 2.046157307511574 3.803495308602471 1.8588479461669916
143 2.04466607166789 3.7985903549636264 1.857804757265333
144 2.0431740006499814 3.7936854014688715 1.8567608046412156
145 2.0416810929014138 3.7887804481187013 1.8557160867540294
146 2.0401873468513445 3.7838754949133104 1.8546706020665353
147 2.0386927609266388 3.778970541853134 1.853624349034081
148 2.0371973335433835 3.7740655889385026 1.8525773261121008
149 2.035701063135782 3.769160636169606 1.8515295317297782
150 2.03420394809302 3.7642556835472654 1.8504809643477962
151 2.0327059868341504 3.759350731071312 1.8494316223893914
152 2.0312071777647525 3.7544457787425705 1.848381504280701
153 2.029707519267752 3.749540826561245 1.847330608458281
154 2.028207009741772 3.74463587452726 1.8462789333343352
155 2.0267056475719496 3.7397309226415003 1.84522647732383
156 2.025203084974527 3.7348259708546054 1.8441735540322772
157 2.023699667241266 3.7299210192095265 1.8431198460857605
158 2.022195392700145 3.7250160677060977 1.8420653519204466
159 2.0206902597085565 3.7201111163449925 1.8410100699359748
160 2.0191842666574575 3.7152061651265345 1.8399539984910138
161 2.017677411896564 3.710301214051428 1.8388971359717219
162 2.016169693771902 3.705396263119619 1.8378394807569343
163 2.0146611106357715 3.7004913123319185 1.8367810312098323
164 2.0131516608198265 3.695586361688322 1.8357217857016042
165 2.0116413426675437 3.6906814111891277 1.834661742582347
166 2.0101301545094654 3.6857764608352186 1.83360090020373
166 2.008618094658678 3.68087151062664 1.8325392569223697
167 2.008618094658678 3.68087151062664 1.8325392569223697
168 2.007105161442844 3.6759665605637055 1.83147681107111
169 2.0055913531671443 3.6710616106470306 1.8304135609927947
170 2.004076668155348 3.666156660876849 1.8293495050024022
171 2.0025611046975262 3.6612517112537097 1.8282846414350578
172 2.001044661096684 3.656346761778023 1.8272189686032003
173 1.9995273356438943 3.6514418124500305 1.8261524848192092
174 1.9980091266314781 3.6465368632702018 1.825085188383519
175 1.996490032327317 3.6416319142390954 1.8240170776079605
176 1.994970051014783 3.636726965356769 1.8229481507789413
177 1.9934491809520138 3.6318220166237536 1.8218784061950855
178 1.991927420404407 3.626917068040343 1.8208078421371374
179 1.9904047676512013 3.622012119607381 1.8197364568622771
180 1.9888812209252005 3.6171071713250518 1.8186642486585614
181 1.987356778475443 3.6122022231934356 1.8175912157878653
182 1.9858314385458908 3.607297275213504 1.8165173565058061
183 1.9843051993648884 3.602392327384883 1.8154426690702072
183 1.9827780591728261 3.5974873797088445 1.8143671517172435
184 1.9827780591728261 3.5974873797088445 1.8143671517172435
185 1.981250016175182 3.592582432185219 1.8132908027027936
186 1.9797210686051112 3.587677484814532 1.8122136202461938
187 1.9781912146692133 3.5827725375975916 1.8111356025795975
188 1.9766604525767852 3.5778675905340425 1.8100567479204206
189 1.9751287805200728 3.572962643625042 1.8089770544907164
190 1.973596196696173 3.5680576968705795 1.8078965204957107
191 1.9720626992866828 3.5631527502715263 1.8068151441434184
192 1.97052828648039 3.5582478038277308 1.8057329236228354
193 1.968992956450776 3.553342857540038 1.8046498571255147
194 1.9674567073644709 3.548437911408671 1.803565942836944
195 1.9659195374011382 3.5435329654340086 1.802481178918649
196 1.9643814446692658 3.5386280196165196 1.8013955635853112
197 1.9628424271864462 3.5337230739555245 1.8003090951222158
198 1.961302483113033 3.5288181284520834 1.799221771672387
199 1.959761610565854 3.5239131831062216 1.7981335914059162
200 1.958219807692841 3.519008237918351 1.7970445524521677
201 1.9566770726231641 3.514103292889164 1.795954652945404
202 1.9551334034689511 3.5091983480189843 1.794863891022827
203 1.9535887983453804 3.5042934033081408 1.793772264806264
204 1.9520432553676574 3.4993884587573687 1.7926797724050827
205 1.9504967726354436 3.494483514366507 1.7915864119297578
206 1.94894934823727 3.489578570136955 1.790492181489021
207 1.9474009802622378 3.4846736260684446 1.7893970791773952
208 1.945851666790641 3.479768682161965 1.7883011030852447
209 1.9443014059052748 3.474863738417367 1.7872042512870867
210 1.9427501956724693 3.4699587948355846 1.7861065218601009
211 1.9411980341453878 3.465053851416729 1.7850079128800573
212 1.9396449193863303 3.460148908161529 1.7839084224014874
213 1.938090849437396 3.4552439650704856 1.7828080484841566
214 1.9365358223514593 3.4503390221439516 1.7817067891645508
215 1.9349798361670993 3.4454340793822134 1.7806046424789077
216 1.9334228888993705 3.440529136786243 1.7795016064720404
216 1.931864978580034 3.435624194356374 1.7783976791595644
217 1.931864978580034 3.435624194356374 1.7783976791595644
218 1.930306103210496 3.430719252092412 1.7772928585711978
219 1.9287462608106012 3.4258143099956944 1.7761871427068456
220 1.9271854493791203 3.4209093680665483 1.7750805295715884
221 1.9256236669094122 3.4160044263052796 1.7739730171617067
222 1.924060911392136 3.411099484712287 1.7728646034621731
223 1.922497180806079 3.4061945432882488 1.7717552864551271
224 1.9209324731190713 3.401289602033337 1.7706450641185574
225 1.9193667862977162 3.3963846609483914 1.7695339344178755
226 1.9178001183091966 3.3914797200338733 1.768421895303629
227 1.9162324671008633 3.3865747792900804 1.7673089447303598
228 1.9146638306139974 3.381669838717709 1.766195080644141
229 1.9130942067916001 3.3767648983170426 1.7650803009748934
230 1.911523593557012 3.3718599580888386 1.7639646036564975
231 1.9099519888430079 3.36695501803327 1.7628479865993234
232 1.9083793905489987 3.3620500781508857 1.7617304477301539
233 1.906805796598157 3.3571451384425113 1.7606119849393351
233 1.9052312048839988 3.352240198908293 1.7594925961295056
234 1.9052312048839988 3.352240198908293 1.7594925961295056
235 1.9036556132997628 3.3473352595489145 1.7583722791890404
236 1.9020790197310715 3.342430320364755 1.7572510319983077
237 1.9005014220561753 3.3375253813565995 1.7561288524297396
238 1.8989228181496196 3.3326204425246173 1.755005738343829
239 1.8973432058693076 3.327715503869466 1.7538816876015868
240 1.895762583074727 3.3228105653917086 1.752756698047316
241 1.894180947611233 3.3179056270918847 1.7516307675230935
242 1.892598297311671 3.313000688970397 1.7505038938671387
243 1.8910146300160229 3.3080957510279134 1.7493760748957734
244 1.8894299435490158 3.3031908132647265 1.7482473084237085
245 1.887844235731889 3.298285875681571 1.747117592253513
246 1.8862575043591772 3.293380938278761 1.7459869241965609
247 1.8846697472451115 3.288476001057195 1.7448553020305424
248 1.883080962167766 3.2835710640169267 1.743722723550316
249 1.8814911469330227 3.2786661271586373 1.7425891865093912
250 1.8799002992970546 3.2737611904830604 1.741454688691314
251 1.8783084172200668 3.2688562539896457 1.7403192276738113
252 1.876715498493965 3.2639513176787425 1.7391828011747188
253 1.8751215408681845 3.2590463815509496 1.7380454069350648
254 1.8735265420963143 3.25414144560668 1.7369070426755615
255 1.8719304998990658 3.2492365098464693 1.7357677061310062
256 1.8703334120123718 3.244331574270893 1.7346273950055662
257 1.8687352761485927 3.2394266388806017 1.7334861070086731
258 1.8671360900195735 3.234521703675887 1.732343839833324
259 1.865535851326276 3.2296167686570736 1.7312005911658164
260 1.8639345577753923 3.2247118338255976 1.7300563586708184
261 1.8623322070398025 3.219806899181212 1.728911140026478
262 1.860728796796981 3.214901964724355 1.7277649328899616
263 1.8591243247121 3.2099970304562926 1.7266177349131213
264 1.8575187884470714 3.2050920963769287 1.7254695437328307
265 1.8559121856486573 3.20018716248734 1.724320356983295
266 1.8543045139674907 3.1952822287873706 1.723170172276995
266 1.8526957710311063 3.190377295278238 1.7220189872310516
267 1.8526957710311063 3.190377295278238 1.7220189872310516
268 1.8510859544621174 3.1854723619601586 1.7208667994489661
269 1.8494750618716327 3.1805674288337626 1.719713606527406
270 1.8478630908763756 3.1756624958995143 1.7185594060398766
271 1.846250039066211 3.1707575631582317 1.7174041955670991
272 1.844635904034859 3.1658526306103156 1.7162479726679378
273 1.8430206833553657 3.1609476982562446 1.715090734902382
274 1.8414043745943356 3.1560427660966095 1.7139324798182316
275 1.8397869753224545 3.1511378341322427 1.7127732049412685
276 1.8381684830807166 3.146232902363288 1.7116129078060862
277 1.8365488954275044 3.1413279707909725 1.7104515859131249
278 1.8349282098801856 3.136423039415325 1.7092892367817063
279 1.833306423978244 3.1315181082370613 1.7081258578921683
280 1.8316835352225134 3.126613177256753 1.7069614467419074
281 1.830059541131285 3.1217082464749253 1.7057960007930584
282 1.8284344391943035 3.116803315892074 1.7046295175152617
283 1.8268082268912242 3.1118983855093183 1.7034619943687246
283 1.8251809017081266 3.1069934553265393 1.7022934287876925
284 1.8251809017081266 3.1069934553265393 1.7022934287876925
285 1.8235524610991354 3.1020885253450183 1.7011238182175756
286 1.8219229025330428 3.097183595564931 1.699953160069988
287 1.8202922234421295 3.0922786659870054 1.6987814517712874
288 1.818660421284748 3.08737373661192 1.6976086907037438
289 1.817027493479318 3.0824688074401236 1.69643487426692
290 1.8153934374433836 3.0775638784721915 1.6952599998413131
291 1.8137582505811782 3.0726589497088823 1.6940840647998803
292 1.8121219302957583 3.067754021150836 1.6929070664964276
293 1.8104844739662915 3.0628490927986163 1.6917290022867337
294 1.8088458789802597 3.0579441646525423 1.6905498694982593
295 1.8072061426952286 3.0530392367139387 1.6893696654664427
296 1.8055652624816916 3.0481343089827204 1.6881883874932095
297 1.8039232356776973 3.0432293814599567 1.687006032890683
298 1.8022800596121298 3.0383244541459327 1.6858225989582403
299 1.8006357316265975 3.033419527041462 1.68463808296264
300 1.798990249021363 3.028514600147436 1.6834524821882304
301 1.7973436091034218 3.023609673464114 1.6822657938914622
302 1.7956958091728596 3.018704746992446 1.6810780153142606
303 1.7940468465108153 3.0137998207328884 1.6798891436945094
304 1.79239671839081 3.008894894685789 1.6786991762555419
305 1.790745422072965 3.0039899688525735 1.6775081102120915
306 1.7890929548115813 2.999085043233177 1.676315942761636
307 1.7874393138494975 2.994180117828723 1.6751226710910494
308 1.7857844964080096 2.9892751926395547 1.6739282923848253
309 1.7841284997101237 2.9843702676664394 1.672732803803832
310 1.7824713209589167 2.9794653429099296 1.671536202505107
311 1.780812957359082 2.974560418371106 1.6703384856219448
312 1.7791534060866112 2.969655494050165 1.6691396502914033
313 1.777492664322318 2.964750569948096 1.6679396936236746
314 1.7758307292141344 2.959845646065528 1.666738612736677
315 1.774167597924215 2.9549407224030366 1.6655364047118952
316 1.7725032675948669 2.9500357989613493 1.6643330666263267
316 1.7708377353482778 2.9451308757411545 1.663128595552502
317 1.7708377353482778 2.9451308757411545 1.663128595552502
318 1.7691709983144517 2.9402259527428942 1.6619229885319993
319 1.7675030535698135 2.935321029967859 1.6607162426335906
320 1.7658336250524778 2.930416107368926 1.6595086115668676
321 1.7641629837575943 2.9255111849894013 1.6582998350629619
322 1.7624911266878576 2.9206062628294767 1.6570899101875165
323 1.7608180509206766 2.9157013408900343 1.6558788339121726
324 1.7591437535107508 2.9107964191719637 1.6546666032055888
325 1.7574682314733228 2.905891497675713 1.6534532150488108
326 1.7557914818430496 2.90098657640242 1.6522386663803963
327 1.7541135016259406 2.896081655352681 1.651022954140776
328 1.7524342878226415 2.8911767345269785 1.6498060752504435
329 1.7507538374155205 2.886271813926322 1.6485880266223287
330 1.7490721473784223 2.8813668935512364 1.6473688051518869
331 1.7473892146814245 2.876461973402872 1.6461484077131006
332 1.74570503624554 2.8715570534815837 1.644926831200187
333 1.7440196090259912 2.86665213378853 1.6437040724499148
333 1.7423329299410075 2.8617472143239633 1.642480128307543
334 1.7423329299410075 2.8617472143239633 1.642480128307543
335 1.7406449958972587 2.8568422950890975 1.6412549956037803
336 1.7389558037897355 2.8519373760846576 1.640028671153909
337 1.7372653505072901 2.8470324573112147 1.6388011517525904
338 1.735573632914993 2.8421275387695832 1.6375724341905744
339 1.733880647869471 2.83722262046096 1.6363425152401552
340 1.732186392215761 2.832317702385515 1.6351113916571638
341 1.7304908627823015 2.827412784544456 1.6338790601867217
342 1.7287940563938073 2.822507866938549 1.6326455175500678
343 1.7270959698383543 2.817602949568379 1.6314107604756263
344 1.7253965999273833 2.8126980324349584 1.6301747856425222
345 1.7236959434219408 2.807793115538924 1.6289375897496143
346 1.7219939970987008 2.8028881988814702 1.6276991694535012
347 1.7202907576988753 2.797983282463047 1.6264595214158641
348 1.7185862219525636 2.7930783662845164 1.6252186422809638
349 1.716880386586753 2.7881734503467888 1.6239765286676853
350 1.715173248316959 2.783268534650688 1.6227331771771827
350 1.715173248316959 2.783268534650688 1.6227331771771827
351 1.7134648038239977 2.7783636191970125 1.6214885844147156
352 1.7117550497968168 2.7734587039866647 1.620242746949028
353 1.7100439828924696 2.7685537890202228 1.61899566134979
354 1.7083315997597632 2.7636488742989185 1.6177473241656133
355 1.706617897042283 2.7587439598233123 1.6164977319202238
356 1.704902871353823 2.7538390455943644 1.6152468811361707
357 1.703186519308055 2.748934131613155 1.6139947683063804
358 1.7014688375042715 2.7440292178803647 1.6127413899071636
359 1.6997498225126444 2.7391243043968028 1.6114867424123096
360 1.698029470887441 2.7342193911634443 1.6102308222804045
361 1.6963077791887917 2.7293144781809797 1.608973625933728
362 1.6945847439478512 2.724409565450551 1.607715149791524
363 1.6928603616769227 2.7195046529729803 1.6064553902597607
364 1.6911346288794833 2.7145997407489832 1.6051943437215466
365 1.6894075420440722 2.709694828779671 1.6039320065430265
366 1.6876790976474396 2.70478991706605 1.6026683750698958
366 1.6859492921381478 2.6998850056087167 1.6014034456425907
367 1.6859492921381478 2.6998850056087167 1.6014034456425907
368 1.6842181219640544 2.6949800944088476 1.6001372145705755
369 1.6824855835386168 2.6900751834667753 1.5988696781632972
370 1.6807516732794547 2.6851702727842097 1.5976008326946658
371 1.6790163875779303 2.6802653623616925 1.596330674430234
372 1.6772797228092675 2.675360452200141 1.595059199618292
373 1.675541675335133 2.670455542300448 1.5937864044869654
374 1.6738022415006901 2.6655506326639773 1.592512285247097
375 1.6720614176327016 2.660645723291258 1.5912368380930593
376 1.6703192000431577 2.6557408141832695 1.5899600591998526
377 1.6685755850257604 2.6508359053411135 1.5886819447260392
378 1.6668305688635618 2.6459309967654856 1.5874024908059314
379 1.66508414780794 2.6410260884579153 1.5861216935701354
380 1.6633363181150556 2.6361211804185887 1.5848395491093006
381 1.6615870760062477 2.6312162726492594 1.5835560535133615
382 1.6598364177010378 2.6263113651503267 1.5822712028381136
383 1.6580843393905758 2.621406457923312 1.5809849931317743
383 1.6563308373061931 2.616501550968428 1.5796974203679188
384 1.6563308373061931 2.616501550968428 1.5796974203679188
385 1.6545759077109548 2.611596644286606 1.5784084804544594
386 1.6528195467529778 2.606691737878837 1.5771181693729206
387 1.6510617505534027 2.601786831745827 1.5758264830941426
388 1.64930251520862 2.596881925889056 1.5745334175765666
389 1.647541836815617 2.5919770203090637 1.573238968740763
390 1.6457797114419848 2.587072115007097 1.5719431324988076
391 1.6440161351401699 2.5821672099840147 1.5706459047397716
392 1.6422511039363448 2.577262305241263 1.5693472813406981
393 1.6404846138521638 2.572357400779481 1.5680472581447173
394 1.6387166608850847 2.5674524965997856 1.566745830980374
395 1.636947241006562 2.562547592703374 1.5654429956628648
396 1.6351763501787087 2.5576426890911708 1.564138747977639
397 1.6334039843478605 2.552737785764363 1.5628330836866104
398 1.631630139427608 2.54783288272374 1.5615259985437293
399 1.629854811325165 2.542927979970807 1.5602174882701738
400 1.6280779959247353 2.5380230775059984 1.558907548568901
401 1.626299689082257 2.533118175331141 1.5575961751309282
402 1.6245198866519677 2.5282132734467253 1.5562833636079472
403 1.6227385844482176 2.523308371854125 1.554969109649987
404 1.620955778281268 2.518403470554592 1.5536534088702318
405 1.619171463942552 2.513498569549 1.5523362568586985
406 1.6173856371919682 2.508593668838357 1.5510176491944518
407 1.6155982937754907 2.5036887684239764 1.549697581428554
408 1.6138094294185046 2.4987838683069685 1.5483760490898495
409 1.6120190398181642 2.493878968488775 1.5470530476923428
410 1.6102271206637668 2.4889740689698243 1.5457285727145256
411 1.6084336676232218 2.4840691697517236 1.5444026196134193
412 1.6066386763354603 2.479164270835728 1.5430751838306223
413 1.6048421424215262 2.474259372222731 1.5417462607813575
414 1.6030440614869075 2.4693544739140676 1.5404158458524289
415 1.601244429099774 2.464449575910949 1.5390839344224743
416 1.599443240831387 2.4595446782143418 1.5377505218227538
416 1.5976404922108316 2.4546397808256777 1.536415603380784
417 1.5976404922108316 2.4546397808256777 1.536415603380784
418 1.5958361787514126 2.449734883746203 1.5350791743942562
419 1.5940302959508603 2.444829986976617 1.5337412301302862
420 1.592222839278503 2.4399250905187677 1.5324017658384999
421 1.5904138041804607 2.435020194373342 1.5310607767442679
422 1.5886031860892398 2.430115298542071 1.529718258040532
423 1.5867909804039 2.425210403025903 1.5283742049054203
424 1.5849771825073928 2.4203055078260127 1.5270286124858605
425 1.5831617877646562 2.415400612943958 1.5256814758991755
426 1.5813447915028684 2.410495718380576 1.5243327902510775
427 1.5795261890376864 2.405590824137593 1.5229825506110664
428 1.577705975659958 2.4006859302161305 1.521630752023943
429 1.5758841466359959 2.3957810366173327 1.5202773895095982
430 1.5740606972071551 2.390876143342398 1.518922458063093
431 1.572235622595382 2.38597125039312 1.5175659526492962
432 1.5704089179921823 2.3810663577702087 1.5162078682121072
433 1.5685805785759424 2.376161465475365 1.514848199658698
433 1.5667505994856104 2.3712565735097524 1.5134869418835866
434 1.5667505994856104 2.3712565735097524 1.5134869418835866
435 1.5649189758470246 2.3663516818748347 1.5121240897433865
436 1.5630857027567318 2.361446790571901 1.510759638071759
437 1.5612507752890605 2.35654189960222 1.509393581672306
438 1.5594141884918793 2.351637008967425 1.5080259153225417
439 1.5575759373916205 2.3467321186684287 1.5066566337679568
440 1.5557360169838508 2.3418272287071553 1.5052857317318664
441 1.5538944222421223 2.336922339084446 1.5039132039051202
442 1.552051148068525 2.33201744980179 1.5025390449946876
443 1.5502061893896855 2.327112560860607 1.5011632496299017
444 1.5483595410825992 2.322207672262427 1.499785812433952
445 1.5465111980318529 2.3173027840084894 1.498406727967812
446 1.544661155071856 2.31239789610035 1.4970259907861667
447 1.5428094070209595 2.30749300853954 1.4956435954037401
448 1.540955948674378 2.3025881213270445 1.49425953630139
449 1.539100774790185 2.297683234464848 1.492873807940273
450 1.5372438801034738 2.2927783479541044 1.4914864047465095
451 1.53538525932486 2.2878734617967074 1.4900973211132245
452 1.5335249071343557 2.2829685759937997 1.4887065514050912
453 1.5316628181863503 2.2780636905467797 1.4873140899537187
454 1.5297989871032007 2.273158805457378 1.4859199310634856
455 1.5279334084827665 2.2682539207270205 1.4845240690033672
456 1.526066076897029 2.26334903635731 1.4831264980081391
457 1.5241969868850846 2.25844415235001 1.4817272122847223
458 1.5223261329530229 2.2535392687061107 1.4803262060112399
459 1.5204535095837037 2.2486343854277893 1.4789234733283358
460 1.5185791112376539 2.24372950251613 1.4775190083363343
461 1.516702932328008 2.238824619973175 1.4761128051204944
462 1.5148249672552172 2.2339197378000817 1.4747048577155593
463 1.5129452103738008 2.2290148559987184 1.4732951601386803
464 1.5110636560317605 2.224109974570509 1.4718837063498014
465 1.5091802985191414 2.219205093517181 1.4704704903017487
466 1.5072951321126282 2.2143002128404694 1.4690555058961157
466 1.5054081510534139 2.209395332541851 1.4676387470041399
467 1.5054081510534139 2.209395332541851 1.4676387470041399
468 1.5035193495538441 2.204490452623252 1.466220207460193
469 1.5016287217935522 2.19958557308594 1.4647998810643053
470 1.4997362619203667 2.1946806939320327 1.463377761581767
471 1.497841964050472 2.1897758151628888 1.4619538427413834
472 1.4959458222629478 2.1848709367804444 1.460528118241171
473 1.4940478306126197 2.1799660587862006 1.4591005817346068
474 1.492147983120333 2.175061181182058 1.4576712268401413
475 1.4902462737704305 2.1701563039696703 1.4562400471426904
476 1.4883426965166415 2.165251427150859 1.4548070361876158
477 1.4864372452809258 2.160346550727215 1.4533721874810297
478 1.4845299139425252 2.155441674700792 1.4519354945004104
479 1.482620696363155 2.1505367990733166 1.4504969506688725
480 1.480709586359695 2.145631923846325 1.44905654938139
481 1.4787965777075438 2.140727049022062 1.4476142840015591
482 1.476881664166794 2.1358221746019512 1.4461701478343623
483 1.4749648394494044 2.130917300587941 1.4447241341586148
483 1.4730460972302082 2.1260124269822755 1.4432762362154519
484 1.4730460972302082 2.1260124269822755 1.4432762362154519
485 1.4711254311633868 2.1211075537862896 1.4418264471907658
486 1.469202834847967 2.116202681002125 1.4403747602495671
487 1.4672783018587159 2.1112978086315617 1.438921168504309
488 1.465351825733845 2.1063929366767065 1.4374656650267792
489 1.4634233999672146 2.101488065139169 1.4360082428545622
490 1.4614930180261303 2.0965831940211617 1.434548894973699
491 1.4595606733338404 2.0916783233244884 1.4330876143345264
492 1.4576263592833703 2.086773453051299 1.431624393837968
493 1.455690069216508 2.0818685832033363 1.4301592263549991
494 1.453751796449085 2.076963713782619 1.42869210470163
495 1.4518115342580267 2.072058844791105 1.4272230216507173
496 1.4498692758765614 2.0671539762312063 1.4257519699363566
497 1.4479250144950582 2.062249108104594 1.4242789422515587
498 1.445978743273227 2.0573442404136038 1.4228039312365295
499 1.4440304553278938 2.0524393731598987 1.4213269294890698
500 1.4420801437385287 2.0475345063457713 1.4198479295593303
501 1.4401278015386547 2.0426296399734483 1.4183669239570762
502 1.4381734217274245 2.037724774044756 1.4168839051393372
503 1.436216997257834 2.0328199085620167 1.415398865521906
504 1.434258521041238 2.0279150435274143 1.4139117974737188
505 1.4322979859518377 2.0230101789431276 1.4124226933117765
506 1.4303353848217566 2.018105314811011 1.4109315453050195
507 1.4283705244269178 2.013200451094292 1.4094385291953684
508 1.4264035762980394 2.0082955878294393 1.407943460883343
509 1.424434541151849 2.00339072502025 1.4064463245887284
510 1.422463411668753 1.9984858626689908 1.4049471123650774
511 1.4204901804594388 1.9935810007776253 1.4034458162412837
512 1.418514840097412 1.9886761393487784 1.4019424281893396
513 1.41653738310751 1.9837712783848296 1.4004369401342291
514 1.414557801966787 1.978866417887617 1.3989293439520258
515 1.412576089115726 1.9739615578600482 1.3974196314591096
516 1.4105922369402977 1.9690566983040299 1.395907794427603
516 1.408606237787324 1.9641518392223367 1.3943938245706469
517 1.408606237787324 1.9641518392223367 1.3943938245706469
518 1.406618083949686 1.9592469806169956 1.3928777135550299
519 1.4046277676781955 1.9543421224905462 1.3913594529894642
520 1.402635281181705 1.949437264845403 1.3898390344231346
521 1.4006406166123262 1.9445324076841355 1.38831644935965
522 1.3986437660739235 1.9396275510090466 1.3867916892474321
523 1.396644721623951 1.9347226948227252 1.3852647454773774
524 1.394643475276169 1.9298178391277032 1.3837356093789908
525 1.3926400189913917 1.9249129839266057 1.382204272228733
526 1.3906343446732556 1.9200081292215352 1.3806707252528425
527 1.3886264441914487 1.9151032750155494 1.3791349596043816
528 1.3866163093484445 1.9101984213109702 1.3775969663940784
529 1.3846039319032066 1.9052935681102912 1.376056736666471
530 1.382589303568418 1.900388715416588 1.3745142614019554
531 1.3805724159905604 1.895483863232207 1.3729695315346409
532 1.3785532607759514 1.8905790115597758 1.3714225379261868
533 1.3765318294752469 1.8856741604020884 1.3698732713800985
533 1.3745081135773685 1.8807693097618439 1.3683217226465494
534 1.3745081135773685 1.8807693097618439 1.3683217226465494
535 1.3724821045299258 1.875864459641779 1.3667678824011051
536 1.3704537937155905 1.8709596100445287 1.365211741267074
537 1.368423172473165 1.866054760973185 1.363653289793862
538 1.3663902320765209 1.861149912430147 1.3620925184760238
539 1.3643549637480834 1.856245064418625 1.3605294177398286
540 1.3623173586471338 1.8513402169411213 1.358963977952698
541 1.360277407889463 1.846435370000903 1.3573961894035556
542 1.3582351025190886 1.8415305236005182 1.3558260423288075
543 1.3561904335307287 1.836625677743011 1.3542535268896634
544 1.3541433918578842 1.8317208324312235 1.3526786331823422
545 1.3520939683769386 1.8268159876685308 1.35110135123334
546 1.350042153897695 1.8219111434574082 1.3495216710066307
547 1.3479879391812901 1.8170062998012293 1.3479395823858786
548 1.3459313149204721 1.8121014567027658 1.3463550751918114
549 1.343872271745777 1.8071966141653617 1.3447681391756796
550 1.3418108002316707 1.8022917721919085 1.343178764011091
551 1.3397468908851338 1.7973869307857127 1.3415869393048032
552 1.3376805341489653 1.792482089949653 1.339992654591504
553 1.3356117204099862 1.7875772496870592 1.338395899324944
554 1.3335404399850157 1.7826724100013471 1.336796662890387
555 1.3314666831304958 1.7777675708954233 1.335194934593182
556 1.3293904400308407 1.7728627323725235 1.333590703669717
557 1.3273117008065989 1.767957894436393 1.3319839592780025
558 1.3252304555153633 1.7630530570898035 1.3303746904942486
559 1.323146694140598 1.7581482203363996 1.3287628863240604
560 1.321060406611611 1.7532433841794461 1.3271485356800161
561 1.318971582771232 1.748338548622435 1.325531627413139
562 1.3168802124042827 1.7434337136687055 1.323912150282558
563 1.3147862852241363 1.738528879321871 1.3222900929678452
564 1.312689790870053 1.7336240455851364 1.320665444069682
565 1.3105907189180237 1.728719212462423 1.319038192098286
566 1.308489058860696 1.7238143799568548 1.3174083254909164
566 1.3063848001249454 1.718909548072429 1.3157758325939102
567 1.3063848001249454 1.718909548072429 1.3157758325939102
568 1.3042779320648419 1.7140047168124644 1.3141407016669917
569 1.3021684439560983 1.7090998861806104 1.3125029208880379
570 1.3000563250047579 1.7041950561808368 1.3108624783426979
571 1.2979415643343564 1.6992902268165646 1.309219362035022
572 1.2958241510014183 1.6943853980916659 1.3075735598709421
573 1.293704073974894 1.6894805700098967 1.305925059676888
574 1.291581322155303 1.684575742575077 1.3042738491789054
575 1.289455884360067 1.679670915791084 1.3026199160157181
576 1.2873277493244237 1.674766089661864 1.300963247736067
577 1.2851969057073593 1.669861264191228 1.2993038317907817
578 1.2830633420911528 1.6649564393833112 1.2976416555317871
579 1.2809270469653244 1.6600516152417413 1.295976706225862
580 1.2787880087466192 1.6551467917710123 1.2943089710336542
581 1.2766462157612049 1.6502419689748071 1.2926384370245005
582 1.2745016562535727 1.6453371468575806 1.2909650911667603
583 1.2723543183860428 1.6404323254231907 1.289288920325313
583 1.2702041902299361 1.6355275046758362 1.2876099112692803
584 1.2702041902299361 1.6355275046758362 1.2876099112692803
585 1.268051259773137 1.630622684620028 1.2859280506623663
586 1.2658955149119357 1.625717865259712 1.2842433250684262
587 1.2637369434578871 1.6208130465992956 1.2825557209432865
588 1.2615755331302496 1.6159082286431212 1.2808652246399337
589 1.25941127155695 1.6110034113956788 1.2791718224056166
590 1.2572441462754256 1.6060985948612587 1.277475500378595
591 1.255074144729773 1.6011937790444035 1.275776244589241
592 1.2529012542753872 1.596288963949718 1.2740740409529945
593 1.2507254621672192 1.591384149581395 1.2723688752797058
594 1.2485467555649625 1.5864793359445264 1.270660733267174
595 1.2463651215379161 1.5815745230433051 1.2689496004924843
596 1.2441805470471803 1.5766697108826981 1.2672354624291595
597 1.2419930189636652 1.5717648994675522 1.2655183044257792
598 1.23980252406024 1.566860088802285 1.2637981117113404
599 1.2376090489995164 1.5619552788917868 1.2620748694060309
600 1.2354125803487823 1.5570504697413075 1.2603485625034838
601 1.233213104574735 1.5521456613554194 1.2586191758728238
602 1.2310106080370447 1.547240853739151 1.2568866942636372
603 1.2288050769857555 1.5423360468974474 1.2551511023056479
604 1.2265964975687718 1.5374312408359005 1.2534123844990852
605 1.22438485582894 1.5325264355588695 1.2516705252135036
606 1.2221701376959753 1.5276216310719877 1.2499255086954153
607 1.2199523289917378 1.5227168273803906 1.2481773190587542
608 1.2177314154255554 1.5178120244893416 1.2464259402874305
609 1.215507382600072 1.5129072224042523 1.2446713562265803
610 1.2132802159956406 1.5080024211302507 1.242913550595363
611 1.2110499010759839 1.5030976206732733 1.2411525068767302
612 1.2088164231138159 1.4981928210389275 1.2393882084921553
613 1.206579767248157 1.4932880222323477 1.2376206387399362
614 1.204339918492751 1.4883832242596808 1.2358497807848254
615 1.202096861746205 1.4834784271260486 1.2340756176429075
616 1.1998505817835168 1.4785736308376256 1.2322981321889275
616 1.1976010632546346 1.4736688353998928 1.2305173071531923
617 1.1976010632546346 1.4736688353998928 1.2305173071531923
618 1.1953482906918163 1.4687640408187719 1.2287331251117735
619 1.19309224849447 1.463859247100124 1.2269455684984354
620 1.1908329209370287 1.4589544542499966 1.2251546195934788
621 1.1885702921683838 1.454049662274387 1.2233602605207912
622 1.1863043462026102 1.4491448711793726 1.2215624732541204
623 1.1840350669279984 1.4442400809710592 1.219761239604303
624 1.1817624380927625 1.4393352916557225 1.2179565412306173
625 1.179486443314521 1.4344305032396136 1.2161483596273175
626 1.1772070660758536 1.4295257157290862 1.2143366761247205
627 1.1749242897198997 1.424620929130532 1.2125214718900397
628 1.1726380974464559 1.4197161434505035 1.210702727927812
629 1.1703484723221282 1.414811358695663 1.208880425065611
630 1.1680553972613426 1.409906574872253 1.2070545439693716
631 1.1657588550428648 1.4050017919874953 1.2052250651236387
632 1.1634588282915013 1.4000970100476493 1.2033919688448649
633 1.16115529948982 1.395192229060081 1.201555235267057
633 1.1588482509333742 1.390287449031315 1.1997148443823704
634 1.1588482509333742 1.390287449031315 1.1997148443823704
635 1.1565376647960108 1.3853826699689233 1.1978707759710325
636 1.1542235231069382 1.3804778918795573 1.1960230096191313
637 1.1519058077324673 1.3755731147704289 1.1941715247345197
638 1.1495845003848482 1.3706683386491472 1.192316300533181
639 1.147259582617303 1.3657635635226892 1.1904573160390621
640 1.1449310358213936 1.3608587893985291 1.1885945500832942
641 1.142598841230514 1.3559540162840509 1.1867279812954874
642 1.1402629799017523 1.3510492441872504 1.1848575881185408
643 1.1379234327363734 1.3461444731153542 1.1829833487814465
644 1.1355801804587213 1.3412397030762588 1.181105241317668
645 1.1332332036254376 1.336334934077919 1.1792232435501524
646 1.1308824826187662 1.331430166127952 1.1773373330929848
647 1.1285279976446747 1.3265253992346844 1.1754474873492244
648 1.1261697287308672 1.3216206334061018 1.1735536835069234
649 1.1238076557261467 1.3167158686504783 1.1716558985351317
650 1.1214417582951242 1.3118111049760859 1.1697541091838521
651 1.1190720159178107 1.3069063423913856 1.167848291979245
652 1.1166984078878905 1.3020015809045904 1.1659384232195513
653 1.114320913305984 1.297096820524663 1.1640244789774399
654 1.1119395110862003 1.2921920612602538 1.1621064350865393
655 1.1095541799408033 1.2872873031198515 1.1601842671518128
656 1.1071648983902098 1.2823825461128653 1.1582579505342137
657 1.1047716447539742 1.2774777902477952 1.15632746035248
658 1.102374397146513 1.272573035534238 1.1543927714833389
659 1.0999731334786569 1.2676682819810898 1.1524538585520705
660 1.0975678314562376 1.2627635295977422 1.1505106959287656
661 1.0951584685682025 1.257858778393947 1.14856325773425
662 1.0927450220959813 1.2529540283789822 1.146611517822983
663 1.0903274691013165 1.2480492795625342 1.1446554497899766
664 1.0879057864256942 1.2431445319547836 1.14269502696472
665 1.0854799506901036 1.2382397855653031 1.1407302224035378
666 1.0830499382912526 1.2333350404042729 1.1387610088876674
666 1.0806157253949138 1.2284302964818778 1.136787358922567
667 1.0806157253949138 1.2284302964818778 1.136787358922567
668 1.078177287937857 1.223525553808466 1.1348092447287632
669 1.0757346016184288 1.2186208123944122 1.1328266382442407
670 1.07328764190246 1.2137160722503775 1.130839511110927
671 1.0708363840097939 1.2088113333870016 1.1288478346809196
672 1.0683808029147286 1.2039065958152049 1.1268515800084935
673 1.0659208733516294 1.1990018595459373 1.1248507178359821
674 1.06345656979393 1.194097124590313 1.1228452186079376
675 1.0609878664647583 1.1891923909596447 1.1208350524517001
676 1.0585147373270045 1.184287658665315 1.1188201891793366
677 1.0560371560814428 1.179382927718913 1.1168005982811817
678 1.0535550961647955 1.1744781981322798 1.114776248919183
679 1.0510685307408902 1.169573469916879 1.112747109926748
680 1.048577432703177 1.1646687430851472 1.1107131497982872
681 1.0460817746618638 1.1597640176491184 1.1086743366922738
682 1.0435815290498331 1.1548592936221131 1.1066306383111215
683 1.0410766679231276 1.1499545710163661 1.1045820221006797
683 1.03856716303631 1.1450498498449497 1.1025284551625256
684 1.03856716303631 1.1450498498449497 1.1025284551625256
685 1.0360529858510936 1.140145130120563 1.100469904233672
686 1.0335341075275117 1.1352404118559856 1.0984063356861848
687 1.0310104989256565 1.1303356950648697 1.096337715515713
688 1.0284821305955045 1.1254309797601028 1.0942640093401172
689 1.025948972778064 1.1205262659556194 1.0921851823891973
690 1.0234109953928245 1.1156215536650578 1.0901011995057168
691 1.0208681680392104 1.1107168429020922 1.0880120251329364
692 1.0183204599921276 1.105812133681287 1.0859176233087133
693 1.0157678401946673 1.1009074260165017 1.083817957660008
694 1.0132102772500686 1.096002719922783 1.08171299140137
695 1.010647739421926 1.0910980154143444 1.0796026873205442
696 1.0080801946255467 1.0861933125066292 1.077487007777291
697 1.0055076104245497 1.0812886112143898 1.0753659146924244
698 1.0029299540243168 1.0763839115530252 1.0732393695431768
699 1.0003471922678158 1.0714792135383993 1.0711073333542578
700 0.9977592916288547 1.0665745171860581 1.0689697666907834
700 0.9977592916288547 1.0665745171860581 1.0689697666907834
701 0.9951662182023636 1.0616698225120125 1.0668266296556759
702 0.9925679377057122 1.0567651295328562 1.0646778818742964
703 0.9899644154685642 1.051860438264647 1.062523482489809
704 0.9873556164249024 1.0469557487246162 1.0603633901587746
705 0.9847415051135097 1.0420510609293936 1.058197563033842
706 0.9821220456617539 1.0371463748962637 1.0560259587671046
707 0.979497201788429 1.0322416906429999 1.0538485344912334
708 0.9768669367916049 1.0273370081870705 1.0516652468157313
709 0.9742312135394433 1.0224323275465532 1.0494760518214072
710 0.971589994473159 1.0175276487400242 1.0472809050403764
711 0.968943241588113 1.0126229717857818 1.0450797614585525
712 0.9662909164360202 1.0077182967026674 1.0428725754966675
713 0.9636329801082273 1.002813623510173 1.0406593010105831
714 0.9609693932367923 0.9979089522273987 1.0384398912708181
715 0.9583001159832795 0.9930042828740991 1.0362142989570766
716 0.9556251080275442 0.9880996154706861 1.033982476151313
716 0.9529443285628562 0.9831949500371602 1.0317443743223964
717 0.9529443285628562 0.9831949500371602 1.0317443743223964
718 0.9502577362904719 0.9782902865942001 1.0294999443131703
719 0.9475652894047901 0.9733856251632271 1.0272491363361949
720 0.9448669455883032 0.9684809657651965 1.0249918999570786
721 0.942162662002906 0.9635763084217788 1.022728184083787
722 0.9394523952786117 0.9586716531553767 1.0204579369570559
723 0.9367361015074691 0.9537669999880477 1.0181811061334896
724 0.9340137361837451 0.9488623489437714 1.015897638530131
725 0.9312852543648958 0.9439577000476892 1.0136074802252029
726 0.9285506104617721 0.9390530533228798 1.011310576658697
727 0.9258097583070681 0.9341484087936353 1.0090068725369834
728 0.923062651146537 0.9292437664839224 1.0066963118155716
729 0.920309241620522 0.9243391264183983 1.004378837694578
730 0.9175494817619769 0.9194344886225022 1.0020543925946157
731 0.9147833229786069 0.9145298531212901 0.9997229181479922
732 0.912010716046665 0.9096252199411596 0.9973843551796784
733 0.9092316110933084 0.9047205891081707 0.9950386436963916
733 0.9064459575906533 0.8998159606491669 0.9926857228652561
734 0.9064459575906533 0.8998159606491669 0.9926857228652561
735 0.9036537043381337 0.8949113345917338 0.9903255310032695
736 0.9008547994543703 0.8900067109632079 0.9879580055545768
737 0.8980491903614694 0.8851020897923048 0.9855830830781627
738 0.8952368237734186 0.8801974711073028 0.9832006992264628
739 0.8924176456809491 0.8752928549377839 0.9808107887309889
740 0.8895916013383893 0.8703882413134807 0.9784132853817221
741 0.886758635249377 0.8654836302643726 0.9760081220082831
742 0.8839186911546102 0.8605790218215963 0.9735952304588936
743 0.881071712009057 0.8556744160165459 0.9711745415879951
744 0.878217639976852 0.8507698128808207 0.9687459852243975
745 0.8753564164109913 0.845865212447266 0.9663094901564315
746 0.8724879818339653 0.8409606147489098 0.9638649841126923
747 0.8696122759969716 0.8360560198209953 0.9614123936584204
748 0.86672923776353 0.8311514276985146 0.958951644279569
749 0.8638388050266326 0.8262468384178089 0.9564826604337777
750 0.8609409147747897 0.8213422520157012 0.9540053654327173
751 0.8580355031394028 0.8164376685284617 0.9515196813433222
752 0.8551225053156933 0.8115330879930479 0.9490255290304246
753 0.8522018555446522 0.8066285104472172 0.9465228281293655
754 0.8492734719412618 0.8017239359235111 0.9440115138542331
755 0.8463372489645218 0.7968193644476665 0.9414915453887449
756 0.843393144240604 0.7919147960697912 0.9389628093109955
757 0.8404411150204054 0.787010230841593 0.936425190029506
758 0.8374810908848438 0.7821056688044121 0.9338786001461543
759 0.8345129999222839 0.777201110000717 0.9313229513178295
760 0.8315367691192199 0.7722965544734928 0.928758153763332
761 0.8285523243316413 0.7673920022671317 0.9261841162369014
762 0.8255595902628757 0.7624874534260997 0.923600745990132
763 0.8225584904380276 0.7575829079966381 0.9210079487395615
764 0.8195489471759823 0.7526783660250367 0.9184056286310055
765 0.8165308815671295 0.7477738275594867 0.9157936881999116
766 0.8135042134380172 0.7428692926482302 0.9131720283398769
766 0.8104688613334304 0.7379647613412812 0.9105405482539314
767 0.8104688613334304 0.7379647613412812 0.9105405482539314
768 0.8074247424742114 0.7330602336892804 0.9078991454274067
769 0.8043717727402887 0.7281557097441703 0.9052477155725271
770 0.8013098666269736 0.7232511895584934 0.9025861525990443
771 0.7982389372242528 0.7183466731866457 0.8999143485590674
772 0.7951588961730341 0.7134421606837242 0.8972321936123726
773 0.7920696536409154 0.7085376521059973 0.8945395759691769
774 0.7889711182798919 0.7036331475114365 0.8918363818506962
775 0.7858631971927055 0.6987286469586037 0.8891224954351246
776 0.7827457958976005 0.6938241505077682 0.8863977988053415
777 0.7796188182862844 0.6889196582204982 0.8836621718993954
778 0.7764821665853145 0.6840151701595898 0.880915492454436
779 0.7733357413178322 0.679110686389573 0.8781576359477561
780 0.7701794412569338 0.6742062069762456 0.8753884755427127
781 0.7670131633836687 0.6693017319865927 0.8726078820264006
782 0.7638368028453634 0.6643972614898118 0.8698157237447449
783 0.7606502529029996 0.6594927955562137 0.8670118665434983
783 0.7574534048876151 0.6545883342579281 0.8641961736973783
784 0.7574534048876151 0.6545883342579281 0.8641961736973783
785 0.7542461481492532 0.6496838776687668 0.8613685058424784
786 0.7510283700059261 0.6447794258642603 0.8585287209046077
787 0.7477999556911896 0.6398749789218074 0.8556766740249037
788 0.7445607882963817 0.6349705369206416 0.8528122174866448
789 0.7413107487175448 0.6300660999418615 0.8499352006319418
790 0.7380497155946297 0.6251616680689098 0.8470454697827929
791 0.7347775652490875 0.620257241386542 0.8441428681566735
792 0.7314941716289987 0.6153528199824739 0.8412272357715659
793 0.7281994062315876 0.6104484039460945 0.8382984093672207
794 0.7248931380471485 0.6055439933692291 0.8353562222985802
795 0.7215752334819572 0.6006395883460072 0.8324005044458417
796 0.7182455562908818 0.5957351889729836 0.8294310821071299
797 0.714903967496635 0.5908307953492434 0.8264477778996582
798 0.711550325317227 0.5859264075763407 0.8234504106439978
799 0.7081844850844936 0.5810220257589525 0.8204387952521024
800 0.7048062991587254 0.5761176500037114 0.8174127426093949
801 0.7014156168403866 0.5712132804210105 0.8143720594561487
802 0.6980122842858988 0.5663089171236674 0.8113165482510519
803 0.6945961444095304 0.5614045602277533 0.8082460070448534
804 0.6911670367869338 0.5565002098525126 0.8051602293412975
805 0.6877247975530729 0.5515958661205448 0.8020590039549609
806 0.6842692592975609 0.5466915291576974 0.7989421148611959
807 0.6808002509630638 0.5417871990939153 0.7958093410328507
808 0.6773175977179536 0.5368828760620219 0.792660456292454
809 0.6738211208501823 0.5319785601994315 0.7894952291317562
810 0.6703106376368307 0.5270742516471326 0.7863134225429038
811 0.6667859612227379 0.5221699505503823 0.7831147938280496
812 0.6632469004804314 0.5172656570585719 0.7798990944154942
813 0.6596932598761625 0.5123613713261053 0.7766660696552905
814 0.6561248393223161 0.5074570935111641 0.7734154586119545
815 0.6525414340287582 0.5025528237775801 0.7701469938465733
816 0.6489428343435515 0.49764856229381216 0.7668604011896002
816 0.6453288255886847 0.49274430923361495 0.7635553995036896
817 0.6453288255886847 0.49274430923361495 0.7635553995036896
818 0.641699187889306 0.4878400647762632 0.7602317004340923
819 0.6380536959942821 0.4829358291065326 0.7568890081483995
820 0.6343921190879265 0.47803160241551806 0.7535270190663624
821 0.6307142205955464 0.4731273849001553 0.7501454215720853
822 0.6270197579772953 0.4682231767639355 0.746743895717701
823 0.6233084825139524 0.4633189782170401 0.7433221129100693
824 0.6195801390850948 0.45841478947663006 0.739879735579565
825 0.6158344659304218 0.4535106107676396 0.7364164168409472
826 0.6120711944037355 0.44860644232186037 0.7329318001296917
827 0.6082900487174046 0.44370228437988307 0.7294255188218859
828 0.6044907456716679 0.43879813719017047 0.7258971958331779
829 0.6006729943669139 0.43389400101038494 0.7223464432052459
830 0.596836495907047 0.4289898761071715 0.718772861661569
831 0.5929809430862252 0.4240857627563498 0.715176040142463
832 0.5891060200592053 0.4191816612449647 0.7115555553189506
833 0.5852114019932301 0.41427757186952746 0.7079109710755772
833 0.5812967547061668 0.40937349493812036 0.7042418379663069
834 0.5812967547061668 0.40937349493812036 0.7042418379663069
835 0.5773617342790192 0.4044694307707196 0.7005476926450643
836 0.5734059866520843 0.399565379699159 0.6968280572584891
837 0.5694291471974143 0.39466134206825026 0.6930824388085387
838 0.565430840270804 0.38975731823664755 0.6893103284744418
839 0.561410678735193 0.38485330857695427 0.6855112008984111
840 0.5573682634564159 0.37994931347677097 0.6816845134320814
841 0.5533031827726661 0.37504533333999907 0.6778297053355153
842 0.5492150119342029 0.37014136858643465 0.6739461969236529
843 0.5451033125080175 0.36523741965422163 0.6700333886685923
844 0.5409676317483626 0.3603334870000474 0.6660906602405756
845 0.5368075019270296 0.35542957109963486 0.6621173694922576
846 0.5326224396267223 0.35052567245028476 0.6581128513773163
847 0.5284119449836638 0.3456217915707392 0.6540764168028493
848 0.5241755008950896 0.34071792900354264 0.6500073513961027
849 0.5199125721611814 0.33581408531559587 0.6459049142044752
850 0.515622604581413 0.33091026110006855 0.6417683362984143
851 0.5113050239901216 0.3260064569783262 0.6375968192806661
852 0.5069592352237401 0.32110267360094014 0.6333895336953976
853 0.5025846210268222 0.3161989116500747 0.6291456173172469
854 0.49818054087129376 0.31129517184174965 0.624864173332241
855 0.493746329703708 0.3063914549272813 0.6205442683718654
856 0.48928129659438896 0.301487761696625 0.6161849304175557
857 0.4847847233009508 0.2965840929801037 0.6117851465298474
858 0.48025586271641746 0.2916804496516592 0.6073438604202762
859 0.4756939372065532 0.28677683263218384 0.6028599698290062
860 0.4710981368170914 0.28187324289210214 0.5983323236991325
861 0.46646761735409414 0.276969681455939 0.5937597191139897
862 0.4618014982981667 0.27206614940547913 0.5891408980007616
863 0.4570988605654147 0.2671626478844383 0.5844745435461549
864 0.45235874407812793 0.26225917810350974 0.5797592763194478
865 0.4475801451425905 0.2573557413453581 0.5749936500498016
866 0.4427620135933675 0.25245233896994496 0.5701761470481457
866 0.43790324970844025 0.24754897242181267 0.5653051732012332
867 0.43790324970844025 0.24754897242181267 0.5653051732012332
868 0.43300270084048864 0.24264564323604298 0.5603790525210368
869 0.4280591577551215 0.23774235304694374 0.555396021180204
870 0.42307135062994206 0.23283910359565685 0.5503542209817932
871 0.4180379446808913 0.22793589674063364 0.5452516921989659
872 0.41295753537996627 0.22303273446721897 0.5400863656889185
873 0.40782864320163686 0.2181296189002054 0.5348560542187291
874 0.4026497078453159 0.2132265523166428 0.5295584428899104
875 0.39741908187656194 0.20832353716074078 0.5241910785387147
876 0.39213502370103437 0.20342057605995228 0.5187513579889796
877 0.38679568979365603 0.19851767184446723 0.5132365149941833
878 0.3813991260819259 0.19361482756714885 0.5076436056792634
879 0.3759432583516648 0.1887120465288655 0.5019694923012571
880 0.3704258815710371 0.18380933230390326 0.49621082502210057
881 0.3648446479376599 0.17890668877213783 0.49036402146347824
882 0.3591970534934381 0.174004120153887 0.4844252436415538
883 0.3534804230622485 0.1691016310500221 0.4783903719053856
883 0.34769189326374106 0.16419922648983093 0.4722549753706161
884 0.34769189326374106 0.16419922648983093 0.4722549753706161
885 0.3418283932893551 0.15929691198355156 0.46601427824840735
886 0.3358866230642856 0.15439469358683303 0.45966312137796356
887 0.32986302834512404 0.14949257797232537 0.45319591808244897
888 0.323753772216039 0.1445905725171846 0.44660660330684937
889 0.3175547023216848 0.13968868540335486 0.43988857473081716
890 0.3112613130209183 0.13478692573815074 0.43303462428397704
891 0.3048687014797473 0.1298853036972968 0.4260368580535487
892 0.29837151644779175 0.1249838306965906 0.41888660212798806
893 0.29176389817850407 0.12008251959986685 0.41157429123187533
894 0.2850394075468049 0.1151813849705467 0.404089336144278
895 0.27819094187590426 0.110280443381815 0.3964199647845077
896 0.271210634283013 0.10537971379838226 0.38855303029311417
897 0.26408973242995354 0.10047921805458913 0.3804737773409649
898 0.2568184512344262 0.09557898145499699 0.37216555506656973
899 0.24938579238401265 0.0906790335420789 0.3636094609690045
900 0.2417793209802013 0.08577940908334329 0.354783894402481
901 0.23398488613288732 0.08088014936430343 0.3456639901022029
902 0.2259862672814068 0.07598130390192773 0.33622088995041843
903 0.21776472050075055 0.07108293275502672 0.32642079300802873
904 0.20929838788436894 0.06618510969983084 0.31622369559958635
905 0.20056151569405994 0.06128792668449927 0.30558168885195774
906 0.19152340249791797 0.0563915002399622 0.29443660411460804
907 0.182146943663406 0.05149598094059208 0.28271668964016666
908 0.17238657628417856 0.046601567855452816 0.2703317674726037
909 0.16218527908721023 0.041708531453475986 0.25716595049941915
910 0.15147006387748088 0.036817251702191585 0.24306619248521502
911 0.1401448986338518 0.03192828511017758 0.22782338437872582
912 0.12807900801382965 0.027042491390496626 0.2111391383323069
913 0.11508625914787768 0.022161296043991748 0.19256248494023995
914 0.10088580387581952 0.017287307812381324 0.17135520705827248
915 0.08501873795388847 0.012426059654902373 0.14615671737731373
916 0.06664835939476774 0.0075925557601216696 0.11391961976362958
916 0.044095670624209035 0.002853313446345992 0.06470733761285603
917 0.044095670624209035 0.002853313446345992 0.06470733761285603
918 0.03643419492540576 0.0003156136904486329 0.0086625679830393
919 0.031940688299258446 2.9652713914559177e-05 0.000928368031294041
920 0.02814166703795064 2.7518079747862397e-06 9.778411389329814e-05
921 0.024840228387890365 2.5541595316852353e-07 1.0282351240097255e-05
922 0.0219156438753519 2.370998559666377e-08 1.0818749260353664e-06
923 0.019325665338718614 2.2007211842053053e-09 1.138755714555504e-07
