1 1.1243093550844176 4.49511044814736 3.9981081966625176
2 1.1236201817813085 4.490190794715391 3.99618204400437
3 1.1229373629186772 4.4852856444333025 3.9942438399016256
4 1.1222557051505213 4.480380906499477 3.992299514216816
5 1.1215730182017682 4.475476133174143 3.9903564552129906
6 1.1208871788529275 4.470571355457966 3.9884222424891815
7 1.1201972569662786 4.465666576300973 3.9865001887211395
8 1.119503272887557 4.460761795159596 3.9845902224598815
9 1.1188075086346088 4.455857013327002 3.982684223101902
10 1.118111417524635 4.4509522305669265 3.9807770145311663
11 1.1174150172575459 4.446047448541898 3.9788685312765546
12 1.116718284724443 4.441142667594005 3.9769588519721286
13 1.116021219111134 4.436237886992185 3.9750479749170626
14 1.1153238199545892 4.431333106723617 3.973135897791585
15 1.1146260867241862 4.426428326793939 3.9712226185221677
16 1.1139280188830898 4.421523547204765 3.969308135042806
16 1.1132296158892403 4.416618767957313 3.967392445294718
17 1.1132296158892403 4.416618767957313 3.967392445294718
18 1.112530877199452 4.411713989052539 3.9654755472118164
19 1.1118318022783613 4.406809210491639 3.9635574386892185
20 1.111132390576919 4.401904432275454 3.961638117659327
21 1.1104326415559809 4.39699965440591 3.959717582008995
22 1.1097325546643808 4.392094876883907 3.957795829655749
23 1.1090321293522916 4.387190099709902 3.955872858500641
24 1.1083313650748494 4.382285322885803 3.9539486664169723
25 1.1076302612751918 4.377380546412428 3.9520232513084643
26 1.1069288174036755 4.372475770291284 3.9500966110422673
27 1.1062270329109312 4.367570994523431 3.9481687434726522
28 1.105524907235281 4.362666219109659 3.946239646486032
29 1.1048224398205777 4.3577614440513415 3.9443093179380377
30 1.1041196301130483 4.352856669349817 3.942377755664156
31 1.1034164775439612 4.347951895006134 3.9404449575413447
32 1.1027129815560377 4.343047121021076 3.9385109213937106
33 1.1020091415875315 4.338142347396372 3.9365756450503975
33 1.1013049570731022 4.3332375741330305 3.934639126340916
34 1.1013049570731022 4.3332375741330305 3.934639126340916
35 1.1006004274465144 4.32833280123261 3.932701363086607
36 1.0998955521366907 4.3234280286956555 3.9307623531132867
37 1.0991903305721957 4.318523256523438 3.9288220942367484
38 1.0984847621873663 4.313618484717824 3.926880584240693
39 1.0977788464066136 4.3087137132790865 3.9249378209307864
40 1.0970725826567256 4.30380894220885 3.9229938020933237
41 1.0963659703598931 4.298904171508315 3.921048525518497
42 1.095659008941399 4.29399940117855 3.9191019889731167
43 1.0949516978194396 4.2890946312209435 3.917154190237373
44 1.094244036411247 4.284189861636325 3.9152051270821
45 1.0935360241396976 4.279285092426267 3.913254797246254
46 1.0928276604171998 4.274380323591356 3.911303198492946
47 1.092118944657857 4.269475555133687 3.9093503285681437
48 1.0914098762759894 4.264570787053719 3.9073961852030368
49 1.0907004546788626 4.259666019353256 3.905440766142744
50 1.0899906792801097 4.254761252033012 3.9034840690959776
51 1.0892805494855287 4.249856485094656 3.9015260917877215
52 1.0885700646978589 4.2449517185384975 3.8995668319399517
53 1.0878592243241743 4.240046952367001 3.897606287248337
54 1.0871480277679317 4.235142186580631 3.895644455406846
55 1.0864364744327224 4.2302374211801785 3.8936813340963874
56 1.0857245637078239 4.225332656167246 3.8917169210369935
57 1.0850122949998098 4.220427891543026 3.889751213873356
58 1.084299667702935 4.215523127309089 3.8877842102816293
59 1.0835866812091484 4.210618363466537 3.885815907932727
60 1.0828733349097865 4.2057136000167255 3.88384630448685
61 1.0821596282004056 4.200808836959738 3.8818753975746993
62 1.0814455605939945 4.195904074294419 3.8799031843912495
63 1.0807311314946073 4.190999312021704 3.877929662510714
64 1.080016340281904 4.186094550142082 3.875954829581036
65 1.0793011863388877 4.18118978865727 3.8739786832258947
66 1.0785856690499087 4.176285027567823 3.872001221049578
66 1.0778697877942862 4.171380266875784 3.870022440662286
67 1.0778697877942862 4.171380266875784 3.870022440662286
68 1.0771535419470748 4.166475506581119 3.8680423396740187
69 1.0764369308865933 4.161570746685693 3.866060915671176
70 1.0757199539889448 4.156665987190545 3.8640781662336465
71 1.0750026106265727 4.1517612280966265 3.862094088940625
72 1.0742849001634174 4.146856469405613 3.8601086813887115
73 1.0735668219764494 4.141951711117868 3.858121941112604
74 1.0728483754294953 4.1370469532348375 3.8561338656812953
75 1.0721295598897933 4.13214219575782 3.854144452637396
76 1.0714103747231456 4.127237438687783 3.8521536995143144
77 1.070690819283838 4.12233268202631 3.8501616038733286
78 1.069970892934673 4.117427925773952 3.8481681632299702
79 1.0692505950362872 4.1125231699322775 3.846173375094274
80 1.0685298296791574 4.1076184143978685 3.8441775796107107
81 1.0678086916813283 4.102713659260123 3.8421804310284804
82 1.0670871803745676 4.097808904520087 3.8401819269177984
83 1.0663652951189662 4.092904150178863 3.8381820647325635
83 1.065643035264603 4.087999396237962 3.83618084194854
84 1.065643035264603 4.087999396237962 3.83618084194854
85 1.0649204001562182 4.083094642698055 3.8341782560453215
86 1.064197389143285 4.078189889561228 3.832174304472133
87 1.063474001569786 4.073285136828218 3.8301689846819693
88 1.0627502367748916 4.068380384500078 3.828162294130667
89 1.062026093989186 4.0634756325754955 3.8261542306481893
90 1.0613015725437722 4.058570881055447 3.824144791689787
91 1.0605766717783345 4.053666129941752 3.822133974665612
92 1.059851391026464 4.048761379235179 3.8201217769917366
93 1.059125729617289 4.043856628937178 3.818108196085851
94 1.0583996868899597 4.038951879049412 3.8160932293145473
95 1.0576732621707219 4.034047129573032 3.8140768740752047
96 1.0569464547844516 4.029142380509238 3.812059127754888
97 1.0562192640591532 4.024237631859732 3.810039987714479
98 1.05549168931708 4.019332883625266 3.80801945131926
99 1.0547637298786916 4.014428135807742 3.8059975159265678
100 1.0540353850669202 4.009523388408532 3.803974178868738
101 1.053306654191971 4.004618641428575 3.801949437507979
102 1.0525775365762793 3.9997138948697892 3.7999232891475767
103 1.0518480315297838 3.9948091487326503 3.797895731118773
104 1.0511181383648744 3.9899044030191826 3.79586676072958
105 1.0503878563890945 3.984999657730927 3.793836375289135
106 1.0496571849056415 3.980094912868644 3.791804572105542
107 1.0489261232240052 3.9751901684344024 3.7897713484493645
108 1.0481946706482548 3.9702854244293184 3.787736701593703
109 1.0474628264780625 3.965380680854545 3.785700628811378
110 1.046730590007386 3.960475937711576 3.783663127379921
111 1.0459979605377885 3.955571195002009 3.781624194533128
112 1.0452649373596876 3.950666452726663 3.7795838275279228
113 1.044531519768938 3.94576171088728 3.7775420235859674
114 1.0437977070528999 3.9408569694853957 3.7754987799428767
115 1.0430634984999245 3.9359522285222823 3.773454093813798
116 1.0423288933949855 3.9310474879991446 3.771407962409321
116 1.0415938910242273 3.9261427479176154 3.769360382919425
117 1.0415938910242273 3.9261427479176154 3.769360382919425
118 1.0408584906629563 3.9212380082790266 3.767311352556161
119 1.0401226915971937 3.9163332690851846 3.765260868476327
120 1.0393864931017958 3.911428530337114 3.763208927859365
121 1.03864989445093 3.9065237920356632 3.761155527869958
122 1.0379128949165934 3.9016190541834157 3.759100665665156
123 1.0371754937701425 3.8967143167808134 3.7570443383850316
124 1.0364376902780572 3.891809579829523 3.7549865431711784
125 1.0356994837067581 3.8869048433312283 3.7529272771480335
126 1.0349608733202527 3.8820001072875354 3.7508665374312278
127 1.034221858380146 3.8770953716996392 3.748804321127147
128 1.0334824381441818 3.872190636568624 3.7467406253384365
129 1.0327426118687342 3.867285901896059 3.7446754471554686
130 1.0320023788065968 3.8623811676836906 3.742608783663979
131 1.0312617382154254 3.857476433932852 3.740540631913801
132 1.0305206894119643 3.8525717006429376 3.7384709887205583
133 1.02977923169228 3.8476669678142588 3.7363998509575924
133 1.0290373643067858 3.8427622354483506 3.734327215646867
134 1.0290373643067858 3.8427622354483506 3.734327215646867
135 1.0282950864972682 3.8378575035462514 3.732253079822965
136 1.0275523975051268 3.8329527721096284 3.7301774405042
137 1.0268092965647306 3.8280480411399735 3.728100294715876
138 1.0260657829123605 3.823143310637949 3.7260216394571026
139 1.0253218557826689 3.8182385806057613 3.723941471715872
140 1.0245775144027653 3.813333851044841 3.721859788488199
141 1.0238327580021986 3.808429121955874 3.7197765867418124
142 1.0230875858087667 3.803524393340494 3.7176918634329326
143 1.0223419970448864 3.798619665200515 3.7156056155186348
144 1.0215959909295458 3.7937149375367287 3.7135178399484943
145 1.020849566681443 3.788810210350701 3.711428533654854
146 1.0201027235192692 3.7839054836441597 3.709337693551098
147 1.0193554606551192 3.779000757418198 3.7072453165547476
148 1.0186077773001463 3.7740960316745027 3.705151399568016
149 1.0178596726636582 3.769191306414259 3.703055939479932
150 1.0171111459493374 3.764286581639061 3.700958933180899
151 1.0163621963596567 3.7593818573506055 3.69886037754624
152 1.0156128230993826 3.754477133549934 3.6967602694226125
153 1.014863025367436 3.749572410238384 3.6946586056584665
154 1.0141128023546813 3.744667687417503 3.69255538311193
155 1.0133621532583155 3.73976296508879 3.6904505985980807
156 1.0126109907262122 3.7348582431548962 3.68834456406243
157 1.0118594006800834 3.7299535217015056 3.686236960584205
158 1.0111073822907186 3.7250488007305935 3.6841277850145784
159 1.0103549347494978 3.7201440802432724 3.6820170341085388
160 1.0096020572366464 3.7152393602412195 3.679904704641844
161 1.008848748932609 3.710334640726047 3.6777907933688647
162 1.0080950090124179 3.7054299216993316 3.675675297043046
163 1.00734083665182 3.700525203162153 3.673558212394017
164 1.0065862310223757 3.6956204851166103 3.6714395361468632
165 1.005831191291365 3.690715767563479 3.6693192650200563
166 1.0050757166191278 3.6858110505053205 3.6671973957381505
166 1.004319806172962 3.6809063339429025 3.6650739249774236
167 1.004319806172962 3.6809063339429025 3.6650739249774236
168 1.003563459114419 3.6760016178779793 3.662948849414881
169 1.00280667459959 3.671096902312329 3.6608221657261697
170 1.0020494517817564 3.6661921872473324 3.6586938705753806
171 1.0012917897307803 3.661287472682421 3.656563960907779
172 1.0005336875835074 3.656382758619202 3.6544324334047276
173 0.9997751444836852 3.651478045059219 3.6522992847006166
174 0.9990161595767355 3.646573332004045 3.650164511401928
175 0.9982567320040592 3.6416686194554626 3.6480281101081067
176 0.9974968609032611 3.636763907415437 3.645890077410616
177 0.9967365454111082 3.6318591958852684 3.6437504098811715
178 0.9959757846624616 3.6269544848667707 3.6416091040767156
179 0.9952145777843144 3.6220497743613103 3.639466156560149
180 0.9944529239037425 3.617145064370923 3.637321563872281
181 0.9936908221464816 3.612240354897235 3.6351753225358348
182 0.992928271635285 3.6073356459420545 3.6330274290619395
183 0.9921652714858717 3.60243093750677 3.6308778799642436
183 0.9914018208150724 3.5975262295933508 3.628726671730011
184 0.9914018208150724 3.5975262295933508 3.628726671730011
185 0.9906379187351253 3.592621522203472 3.6265738008400015
186 0.9898735643565838 3.5877168153386223 3.6244192637578236
187 0.989108756785483 3.582812109000872 3.6222630569409757
188 0.9883434951239918 3.5779074031918525 3.620105176837319
189 0.9875777784772752 3.573002697913189 3.6179456198602646
190 0.986811605939839 3.5680979931666403 3.6157843824388194
191 0.9860449766096016 3.5631932889538844 3.6136214609657067
192 0.9852778895738677 3.5582885852767547 3.611456851848886
193 0.9845103439224401 3.553383882137032 3.6092905514631832
194 0.9837423387421742 3.5484791795363746 3.60712255617005
195 0.9829738731142261 3.543574477476646 3.604952862327874
196 0.982204946120656 3.538669775959434 3.6027814662671602
197 0.9814355568386811 3.533765074987029 3.6006083643124773
198 0.9806657043366019 3.528860374560244 3.598433552795076
199 0.9798953876881601 3.523955674681629 3.5962570280033663
200 0.979124605958571 3.519050975352719 3.594078786231237
201 0.9783533582118049 3.5141462765753753 3.5918988237525866
202 0.9775816435088188 3.509241578351644 3.5897171368275465
203 0.9768094609098309 3.5043368806828523 3.5875337216930756
204 0.9760368095235288 3.499432183569499 3.585348574381958
205 0.9752636884506537 3.494527487012575 3.5831616909311297
206 0.974490096736064 3.4896227910137516 3.580973067557914
207 0.9737160334279057 3.4847180955748063 3.5787827004420136
208 0.9729414975664523 3.4798134006972763 3.5765905857660303
209 0.9721664881866089 3.4749087063830375 3.5743967197067414
210 0.9713910043270956 3.4700040126337783 3.5722010984006674
211 0.9706150450136377 3.4650993194516717 3.570003718006437
212 0.9698386092800935 3.4601946268380943 3.5678045746256486
213 0.9690616961472808 3.4552899347948904 3.565603664381907
214 0.9682843046376075 3.4503852433240403 3.5634009833665434
215 0.9675064337667991 3.4454805524270156 3.561196527668249
216 0.9667280825493635 3.4405758621060474 3.558990293354143
216 0.965949249998339 3.4356711723626545 3.5567822764690407
217 0.965949249998339 3.4356711723626545 3.5567822764690407
218 0.965169935120848 3.430766483198801 3.5545724730528807
219 0.9643901369196977 3.425861794616196 3.5523608791339796
220 0.9636098543955244 3.420957106616725 3.5501474907214416
221 0.9628290865428325 3.416052419202166 3.547932303819323
222 0.9620478323594772 3.4111477323747343 3.5457153143921127
223 0.9612660908322843 3.406243046135742 3.5434965184161915
224 0.9604838609481117 3.4013383604874123 3.541275911840817
225 0.959701141689298 3.3964336754315885 3.539053490603411
226 0.9589179320383148 3.3915289909703428 3.536829250612898
227 0.9581342309692613 3.386624307104661 3.5346031877795525
228 0.9573500374531754 3.38171962383726 3.5323752979982124
229 0.9565653504606442 3.3768149411696893 3.5301455771354755
230 0.9557801689539019 3.371910259104132 3.527914021060592
231 0.9549944918965663 3.3670055776425305 3.525680625608472
232 0.9542083182439658 3.3621008967863757 3.5234453866150175
233 0.9534216469520503 3.3571962165378384 3.5212082998852647
233 0.9526344769702458 3.352291536898835 3.5189693612186352
234 0.9526344769702458 3.352291536898835 3.5189693612186352
235 0.9518468072451395 3.3473868578710393 3.5167285663951913
236 0.9510585591772547 3.342482179357413 3.5144861976206174
237 0.9502698094349044 3.337577501446502 3.512241963607425
238 0.9494805569427094 3.33267282414092 3.5099958601279813
239 0.9486908006393286 3.3277681474422556 3.5077478828714814
240 0.9479005394502386 3.322863471352677 3.5054980275460803
241 0.9471097722977491 3.317958795874168 3.50324628984092
242 0.9463184981072565 3.313054121008488 3.5009926654027885
243 0.9455267157908999 3.308149446758116 3.498737149897415
244 0.944734424266161 3.3032447731249266 3.4964797389390987
245 0.9439416224406159 3.298340100110796 3.4942204281476075
246 0.9431483092167866 3.293435427718103 3.4919592131305968
247 0.9423544835018101 3.288530755948474 3.489696089446321
248 0.9415601441874399 3.283626084804421 3.4874310526792405
249 0.9407652901674364 3.2787214142879706 3.485164098374024
250 0.9399699203320034 3.273816744401251 3.4828952220565927
251 0.9391740335679093 3.2689120751461878 3.4806244192331803
252 0.938377628753668 3.2640074065247493 3.478351685408283
253 0.9375807047667212 3.259102738539475 3.4760770160584418
254 0.936783260482169 3.254198071192263 3.473800406635473
255 0.9359852947618384 3.249293404485362 3.471521852607893
256 0.9351868064786442 3.2443887384210024 3.4692413493700105
257 0.9343877944860391 3.239484073000984 3.4669588923546084
258 0.933588257640916 3.234579408227634 3.4646744769488556
259 0.9327881947840566 3.2296747441030127 3.4623880985658193
260 0.931987604698734 3.224770080627784 3.460099752796814
261 0.9311864862311133 3.2198654178042636 3.4578094349675923
262 0.9303848382196681 3.214960755635109 3.4555171403986726
263 0.9295826594990116 3.210056094121869 3.453222864389374
264 0.9287799489029965 3.2051514332675066 3.450926602208828
265 0.9279767052562468 3.2002467730739657 3.448628349124632
266 0.9271729273802236 3.1953421135437226 3.446328100381804
266 0.9263686140959697 3.190437454678954 3.444025851191491
267 0.9263686140959697 3.190437454678954 3.444025851191491
268 0.925563764215122 3.185532796481964 3.441721596764644
269 0.9247583765460615 3.1806281389549684 3.4394153322887404
270 0.9239524498928563 3.175723482100344 3.4371070529317915
271 0.9231459830598101 3.1708188259206755 3.4347967538252724
272 0.9223389748362788 3.1659141704181373 3.4324844301197484
273 0.9215314240180057 3.1610095155951394 3.430170076906001
274 0.9207233293904304 3.1561048614536955 3.427853689276246
275 0.9199146897363236 3.151200207996724 3.4255352622969384
276 0.9191055038312173 3.1462955552262377 3.4232147910236184
277 0.918295770451839 3.1413909031448113 3.4208922704708953
278 0.9174854884342633 3.136486251753516 3.4185676953933006
279 0.9166746565640215 3.1315816010540236 3.416241060696665
280 0.9158632735936817 3.126676951048936 3.413912361372917
281 0.9150513382821354 3.1217723017403425 3.4115815923519417
282 0.9142388493765826 3.11686765313072 3.4092487485694845
283 0.9134258056222118 3.111963005222543 3.4069138249304456
283 0.9126122057576949 3.1070583580183437 3.4045768163255206
284 0.9126122057576949 3.1070583580183437 3.4045768163255206
285 0.9117980485164662 3.102153711520432 3.402237717625922
286 0.9109833326281491 3.097249065731251 3.399896523678228
287 0.9101680568211412 3.0923444206532236 3.397553229294341
288 0.9093522198109134 3.0874397762887313 3.3952078292949235
289 0.908535820314916 3.082535132640105 3.3928603184535304
290 0.9077188570423175 3.077630489710084 3.3905106915351944
291 0.9069013286964225 3.0727258475013888 3.388158943286715
292 0.906083233978503 3.0678212060158687 3.3858050684211793
293 0.9052645715844216 3.0629165652563692 3.3834490616324016
294 0.9044453402038883 3.058011925225204 3.381090917595793
295 0.9036255385221615 3.0531072859251043 3.3787306309628238
296 0.9028051652168915 3.048202647358699 3.3763681963720193
297 0.9019842189641933 3.0432980095283177 3.3740036084258027
298 0.9011626984309589 3.038393372436776 3.3716368617198795
299 0.9003406022806622 3.033488736086176 3.369267950819961
300 0.8995179291759473 3.0285841004793967 3.3668968702534894
301 0.8986946777674905 3.0236794656189625 3.3645236145498196
302 0.8978708467036124 3.0187748315076175 3.3621481782046505
303 0.8970464346261955 3.013870198147887 3.3597705556945714
304 0.8962214401761628 3.0089655655423337 3.357390741456583
305 0.8953958619844229 3.0040609336937534 3.355008729921978
306 0.8945696986766483 2.9991563026045385 3.3526245154974954
307 0.8937429488729604 2.9942516722778887 3.3502380925676
308 0.8929156111888874 2.9893470427157216 3.3478494554883027
309 0.8920876842383904 2.984442413921143 3.3454585985783187
310 0.8912591666228679 2.9795377858969156 3.3430655161583243
311 0.8904300569419442 2.9746331586455335 3.3406702025103345
312 0.8896003537902408 2.9697285321698224 3.338272651890217
313 0.8887700557550966 2.9648239064723176 3.335872858535284
314 0.8879391614183882 2.9599192815561186 3.3334708166581626
315 0.887107669356121 2.9550146574239053 3.331066520446959
316 0.8862755781385869 2.95011003407841 3.3286599640649257
316 0.8854428863335431 2.9452054115224886 3.326251141638333
317 0.8854428863335431 2.9452054115224886 3.326251141638333
318 0.8846095924975975 2.9403007897584996 3.3238400472878493
319 0.883775695184748 2.9353961687896017 3.3214266750976615
320 0.8829411246464994 2.93049154852408 3.3190112757488244
321 0.8821059479062826 2.925586929048744 3.316593586057042
322 0.8812701634878073 2.920682310366681 3.314173600076828
323 0.8804337699230084 2.915777692480836 3.3117513117832966
324 0.879596765740854 2.9108730753939995 3.30932671511391
325 0.8787591494571574 2.905968459109215 3.306899804006981
326 0.8779209195834454 2.901063843629197 3.3044705723673715
327 0.8770820746258977 2.8961592289570923 3.302039014071052
328 0.8762426130867869 2.8912546150960003 3.2996051229588375
329 0.875402533456485 2.886350002048425 3.2971688928655603
330 0.8745618342254242 2.8814453898178045 3.294730317576484
331 0.8737205138739116 2.8765407784070867 3.2922893908637314
332 0.8728785708762771 2.8716361678192994 3.2898461064710096
333 0.872036003701422 2.8667315580574937 3.287400458111176
333 0.8711928108138304 2.861826949124706 3.284952439462066
334 0.8711928108138304 2.861826949124706 3.284952439462066
335 0.8703489906669908 2.856922341023926 3.2825020441909483
336 0.8695045417117466 2.8520177337584225 3.2800492659231075
337 0.8686594623900292 2.8471131273312507 3.277594098264589
338 0.8678137511398715 2.8422085217454343 3.275136534783183
339 0.8669674063898718 2.837303917004203 3.2726765690292616
340 0.8661204265624867 2.8323993131105167 3.270214194522489
341 0.8652728100770952 2.8274947100679024 3.267749404740887
342 0.8644245553427982 2.8225901078794093 3.2652821931464877
343 0.863575660759787 2.8176855065481403 3.2628125531804564
344 0.8627261247286878 2.8127809060772746 3.2603404782274845
345 0.8618759456380848 2.807876306470404 3.257865961662974
346 0.8610251218711403 2.8029717077304834 3.2553889968264733
347 0.8601736518025764 2.7980671098606713 3.2529095770337224
348 0.8593215338029854 2.7931625128643796 3.2504276955600666
349 0.8584687662321582 2.788257916745144 3.2479433456651905
350 0.8576153474487671 2.7833533215061 3.245456520555533
350 0.8576153474487671 2.7833533215061 3.245456520555533
351 0.8567612757997416 2.7784487271504084 3.2429672134246177
352 0.8559065496258659 2.773544133681701 3.240475417432047
353 0.8550511673120618 2.768639541102274 3.237981125510614
354 0.8541951272102436 2.7637349494151984 3.235484330660386
355 0.8533384276394429 2.7588303586237175 3.2329850259472823
356 0.852481066913215 2.7539257687313006 3.2304832043990226
357 0.8516230433354683 2.7490211797410944 3.2279788590199168
358 0.8507643551857464 2.744116591656553 3.22547198284704
359 0.8499050007171917 2.7392120044801955 3.2229625689561936
360 0.8490449782141523 2.7343074182154496 3.2204506102452712
361 0.8481842859517404 2.7294028328662496 3.2179360995866713
362 0.8473229221975033 2.7244982484360922 3.2154190298194676
363 0.8464608852120541 2.719593664928167 3.212899393746775
364 0.8455981732494324 2.714689082346253 3.2103771841350475
365 0.844734784554012 2.709784500694167 3.2078523937247723
366 0.8438707173615073 2.7048799199749824 3.2053250152253288
366 0.8430059699029133 2.699975340192561 3.202795041301439
367 0.8430059699029133 2.699975340192561 3.202795041301439
368 0.8421405404002757 2.69507076135065 3.2002624645877544
369 0.8412744270675332 2.6901661834528494 3.197727277685212
370 0.8404076281130635 2.685261606502654 3.1951894731509918
371 0.8395401417315752 2.680357030504039 3.1926490435296246
372 0.8386719661143927 2.6754524554605075 3.190105981312344
373 0.8378030994451361 2.670547881375888 3.1875602789540287
374 0.8369335398953556 2.665643308253964 3.1850119288889505
375 0.8360632856328856 2.660738736098401 3.1824609234984735
376 0.8351923348143079 2.6558341649130504 3.179907255139661
377 0.834320685590722 2.6509295947018283 3.1773509161227342
378 0.8334483360997715 2.6460250254683997 3.1747918987406147
379 0.832575284475883 2.6411204572167195 3.1722301952301395
380 0.8317015288429923 2.636215889950679 3.169665797798889
381 0.8308270673181147 2.6313113236740975 3.1670986986111234
382 0.8299518980069404 2.6264067583910866 3.1645288898045556
383 0.8290760190086517 2.621502194105314 3.161956363470643
383 0.8281994284146073 2.616597630821117 3.1593811116604815
384 0.8281994284146073 2.616597630821117 3.1593811116604815
385 0.8273221243038595 2.6116930685420727 3.1568031263997094
386 0.8264441047494464 2.6067885072723573 3.154222399665685
387 0.825565367816042 2.601883947016086 3.1516389233951676
388 0.8246859115586653 2.596979387777101 3.1490526894885127
389 0.823805734022274 2.5920748295596585 3.1464636898115765
390 0.8229248332433221 2.587170272368022 3.143871916188788
391 0.8220432072539078 2.582265716205802 3.141277360386006
392 0.8211608540673171 2.577361161077348 3.1386800141669458
393 0.8202777716971758 2.572456606987096 3.1360798692187126
394 0.8193939581413854 2.5675520539391465 3.1334769172121706
395 0.8185094113927158 2.5626475019374038 3.130871149761113
396 0.8176241294333763 2.5577429509864635 3.1282625584435864
397 0.8167381102335576 2.552838401090742 3.1256511348058957
398 0.8158513517583964 2.5479338522538533 3.1230368703346714
399 0.8149638519596487 2.543029304480649 3.1204197564906986
400 0.8140756087835265 2.53812475777518 3.117799784675899
401 0.8131866201624965 2.533220212142187 3.115176946266014
402 0.8122968840211381 2.5283156675855207 3.1125512325857048
403 0.811406398275757 2.5234111241099777 3.1099226349117286
404 0.8105151608293168 2.518506581719764 3.1072911444899254
405 0.8096231695764255 2.513602040419649 3.1046567525169793
406 0.8087304224043906 2.5086975002138505 3.102019450134427
407 0.8078369171874153 2.5037929611069942 3.0993792284515305
408 0.8069426517901586 2.498888423103527 3.096736078530337
409 0.8060476112243459 2.4939838861896018 3.094090040663188
410 0.805151760412677 2.4890793503147814 3.0914412321957974
411 0.8042551431323824 2.4841748155488332 3.08878946782182
412 0.8033577572010222 2.4792702818963472 3.086134738443766
413 0.8024596004356235 2.474365749361994 3.083477034879711
414 0.8015606706370636 2.4694612179505797 3.080816347922739
415 0.8006609656004332 2.4645566876670477 3.078152668300524
416 0.7997604831083639 2.459652158515768 3.0754859866994657
416 0.7988592209292904 2.454747630502092 3.0728162937727044
417 0.7988592209292904 2.454747630502092 3.0728162937727044
418 0.7979571768248599 2.449843103630347 3.0701435801085
419 0.7970543485449806 2.444938577905789 3.067467836251084
420 0.7961507338275241 2.4400340533331972 3.0647890526994095
421 0.7952463304008406 2.4351295299176687 3.0621072198978294
422 0.7943411359804896 2.4302250076638785 3.0594223282471034
423 0.7934351482732823 2.4253204865769913 3.056734368089325
424 0.7925283649730284 2.4204159666620106 3.054043329722821
425 0.7916207837610266 2.415511447924011 3.0513492033998975
426 0.7907124023076368 2.4106069303680813 3.0486519793200406
427 0.7898032182738941 2.4057024139994163 3.0459516476231276
428 0.7888932293068545 2.4007978988230882 3.0432481984063955
429 0.7879824330949343 2.395893384843744 3.040541621509844
430 0.7870708272758359 2.3909888720662766 3.0378319068714936
431 0.786158409460763 2.386084360495969 3.0351190444335736
432 0.7852451772500915 2.3811798501382673 3.0324030240810878
433 0.784331128233129 2.37627534099819 3.0296838356412685
433 0.7834162599856342 2.37137083308089 3.0269614688931457
434 0.7834162599856342 2.37137083308089 3.0269614688931457
435 0.7825005700716544 2.366466326392218 3.024235913560444
436 0.7815840560439368 2.361561820937068 3.02150715930714
437 0.78066671544225 2.3566573167211287 3.018775195745441
438 0.7797485457933393 2.3517528137500094 3.0160400124340936
439 0.7788295446128637 2.3468483120286896 3.0133015988694267
440 0.777909709400128 2.3419438115630995 3.0105599445069915
441 0.7769890376471625 2.337039312358661 3.0078150387237907
442 0.7760675268301017 2.332134814421135 3.005066870851936
443 0.775145174412544 2.327230317755982 3.0023154301640465
444 0.7742219778443198 2.322325822368797 2.9995607058777773
445 0.7732979345641505 2.3174213282654548 2.9968026871449096
446 0.7723730419952829 2.3125168354515546 2.9940413630667315
447 0.7714472975495299 2.3076123439327647 2.991276722678009
448 0.7705206986251326 2.3027078537152974 2.9885087549550593
449 0.7695932426044101 2.297803364804747 2.985737448822526
450 0.7686649268596824 2.2928988772069596 2.982962793130695
451 0.7677357487487606 2.2879943909279454 2.9801847766720124
452 0.7668057056150269 2.2830899059738177 2.9774033881798445
453 0.7658747947860145 2.278185422350213 2.9746186163323713
454 0.7649430135784157 2.273280940063592 2.971830449733958
455 0.7640103592933648 2.2683764591198874 2.9690388769308242
456 0.7630768292177601 2.2634719795249194 2.9662438864055587
457 0.7621424206244656 2.258567501285294 2.963445466576607
458 0.7612071307736538 2.25366302440706 2.96064360579038
459 0.7602709569077979 2.248758548896422 2.957838292340741
460 0.7593338962576579 2.243854074759819 2.9550295144448975
461 0.7583959460376178 2.2389496020032347 2.952217260259694
462 0.7574571034470781 2.234045130633614 2.949401517877114
463 0.7565173656703491 2.2291406606569293 2.946582275321189
464 0.7555767298780215 2.2242361920797022 2.9437595205437015
465 0.7546351932258518 2.2193317249086832 2.940933241427117
466 0.7536927528528491 2.2144272591499794 2.938103425789904
466 0.7527494058830629 2.209522794810588 2.9352700613805998
467 0.7527494058830629 2.209522794810588 2.9352700613805998
468 0.7518051494251701 2.2046183318971337 2.9324331358767415
469 0.7508599805710465 2.1997138704159735 2.9295926368895566
470 0.7499138963989869 2.1948094103741944 2.9267485519517034
471 0.7489668939699458 2.1899049517783946 2.923900868529271
472 0.7480189703301734 2.185000494635428 2.9210495740114384
473 0.747070122508231 2.1800960389521964 2.918194655720791
474 0.7461203475163538 2.1751915847354404 2.9153361009066483
475 0.7451696423537764 2.170287131992533 2.9124738967320525
476 0.7442180039983728 2.1653826807302567 2.9096080303037004
477 0.7432654294147591 2.160478230955496 2.9067384886401055
478 0.7423119155491165 2.1555737826757504 2.903865258691409
479 0.7413574593107657 2.1506693358976334 2.9009883274083386
480 0.7404020576048445 2.145764890628617 2.898107681615629
481 0.7394457073265589 2.140860446875778 2.8952233080316163
482 0.73848840535627 2.1359560046467294 2.892335193287533
483 0.7375301485545465 2.1310515639483074 2.8894433239439277
483 0.7365709337660941 2.1261471247886212 2.8865476864768627
484 0.7365709337660941 2.1261471247886212 2.8865476864768627
485 0.7356107578166072 2.1212426871747616 2.8836482672859467
486 0.7346496175135686 2.116338251114284 2.8807450526920015
487 0.7336875096479055 2.1114338166150053 2.8778380289290686
488 0.7327244309932931 2.1065293836843617 2.8749271821450204
489 0.7317603783019818 2.101624952330305 2.8720124984179036
490 0.7307953483102757 2.0967205225603105 2.8690939637318276
491 0.7298293377349471 2.091816094382544 2.8661715639913496
492 0.728862343275618 2.0869116678044226 2.86324528500886
493 0.7278943616097511 2.0820072428342953 2.860315112525257
494 0.726925389400183 2.07710281948001 2.857381032177065
495 0.7259554232866844 2.07219839774969 2.854443029529329
496 0.7249844598918289 2.067293977651207 2.8515010900504776
497 0.7240124958177766 2.0623895591929067 2.848555199124602
498 0.7230395276476126 2.0574851423829514 2.8456053420439096
499 0.7220655519444353 2.0525807272298193 2.842651504011606
500 0.7210905652521824 2.0476763137416194 2.839693670136287
501 0.7201145640933414 2.0427719019267183 2.8367318254403946
502 0.7191375449710656 2.037867491793755 2.8337659548504703
503 0.718159504366757 2.0329630833513535 2.830796043204824
504 0.7171804387815057 2.02805867660772 2.827822075088112
505 0.7162003446688835 2.023154271571399 2.8248440350957265
506 0.7152192184489174 2.0182498682512175 2.821861907777252
507 0.714237008030476 2.0133454665737176 2.818875868845779
508 0.7132537584574784 2.0084410666234276 2.815885710812085
509 0.7122694660780702 2.0035366684091174 2.81289141796444
510 0.7112841272286945 1.9986322719401772 2.809892974453471
511 0.7102977382219045 1.9937278772251072 2.8068903643365477
512 0.7093102953486087 1.9888234842735093 2.803883571570114
513 0.7083217948771027 1.983919093094195 2.8008725800092242
514 0.7073322330527292 1.9790147036965124 2.7978573734091143
515 0.7063416060984365 1.974110316090233 2.794837935421177
516 0.7053499102164709 1.9692059302843115 2.7918142495828278
516 0.7043571415820206 1.9643015462884466 2.788786299343156
517 0.7043571415820206 1.9643015462884466 2.788786299343156
518 0.7033632963512486 1.9593971641122012 2.7857540680281803
519 0.7023683706532482 1.9544927837649595 2.782717538870884
520 0.7013723605954671 1.9495884052569021 2.779676694989372
521 0.7003752622623507 1.9446840285975793 2.7766315193884274
522 0.6993770717130056 1.9397796537966445 2.773581994968012
523 0.6983777849819436 1.9348752808643945 2.770528104519276
524 0.6973773980797715 1.9299709098107023 2.7674698307184555
525 0.6963759069932561 1.9250665406454224 2.764407156125327
526 0.69537330768327 1.9201621733793193 2.7613400631908043
527 0.6943695960865138 1.9152578080220963 2.7582685342453677
528 0.6933647681136978 1.9103534445845005 2.7551925515073776
529 0.6923588196505718 1.9054490830765936 2.7521120970745474
530 0.6913517465557569 1.9005447235091448 2.7490271529325883
531 0.690343544664037 1.8956403658927277 2.745937700938829
532 0.6893342097831923 1.890736010237806 2.7428437228328995
533 0.6883237376913801 1.8858316565552398 2.7397452002458467
533 0.6873121241455495 1.880927304856217 2.7366421146644866
534 0.6873121241455495 1.880927304856217 2.7366421146644866
535 0.6862993648721407 1.876022955151288 2.7335344474649133
536 0.6852854555723786 1.8711186074513668 2.7304221798907604
537 0.6842703919189916 1.866214261767937 2.7273052930644286
538 0.6832541695561669 1.861309918112226 2.724183767983895
539 0.682236784102396 1.8564055764951357 2.721057585509066
540 0.6812182311462477 1.85150123692849 2.7179267263782307
541 0.6801985062500623 1.8465968994235518 2.714791171188907
542 0.6791776049435184 1.841692563991845 2.711650900422436
543 0.6781555227313774 1.8367882306453753 2.7085058944110987
544 0.6771322550875879 1.8318838993954176 2.7053561333575242
545 0.6761077974566253 1.8269795702542913 2.702201597329601
546 0.6750821452532678 1.822075243233738 2.6990422662565865
547 0.6740552938623217 1.8171709183459368 2.6958781199292843
548 0.6730272386394612 1.8122665956030328 2.692709137993535
549 0.6719979749083664 1.807362275017172 2.6895352999592355
550 0.670967497960995 1.802457956600804 2.6863565851971947
551 0.6699358030605933 1.797553640366681 2.6831729729245395
552 0.6689028854373438 1.792649326326972 2.6799844422182413
553 0.6678687402906278 1.7877450144946363 2.6767909720054965
554 0.6668333627872508 1.7828407048824304 2.673592541066718
555 0.6657967480615887 1.7779363975032492 2.670389128032784
556 0.6647588912158413 1.7730320923700589 2.6671807113812203
557 0.6637197873200523 1.7681277894960494 2.6639672694336
558 0.6626794314080464 1.7632234888946916 2.6607487803691656
559 0.6616378184842786 1.7583191905789342 2.657525222193317
560 0.6605949435157562 1.7534148945626584 2.654296572769387
561 0.6595508014365138 1.7485106008592883 2.651062809795697
562 0.6585053871472428 1.7436063094824825 2.647823910805166
563 0.6574586955113869 1.7387020204461734 2.644579853178107
564 0.6564107213598426 1.7337977337641937 2.641330614119769
565 0.655361459485205 1.7288934494509542 2.638076170681478
566 0.6543109046465516 1.7239891675202446 2.6348164997364916
566 0.6532590515660279 1.7190848879867007 2.631551577992861
567 0.6532590515660279 1.7190848879867007 2.631551577992861
568 0.6522058949280621 1.71418061086471 2.628281381991776
569 0.6511514293812651 1.7092763361688332 2.62500588809736
570 0.6500956495368825 1.7043720639137314 2.6217250724995593
571 0.6490385499678519 1.6994677941145515 2.6184389112152573
572 0.6479801252095976 1.6945635267858465 2.615147380080088
573 0.6469203697590731 1.6896592619430957 2.6118504547512713
574 0.6458592780739205 1.6847549996014273 2.60854811070563
575 0.6447968445878599 1.6798507397763522 2.6052403231750865
576 0.643733063708443 1.6749464824832219 2.6019270671512875
577 0.6426679297737007 1.6700422277381601 2.598608317558686
578 0.6416014370830696 1.665137975556517 2.595284049123674
579 0.6405335798939239 1.6602337259546658 2.5919542363877475
580 0.6394643524220734 1.65532947894824 2.5886188536990606
581 0.6383937488432241 1.6504252345537913 2.585277875205355
582 0.6373217632896012 1.6455209927878225 2.581931274862321
583 0.6362483898511611 1.6406167536664469 2.5785790264243182
583 0.6351736225761165 1.6357125172068416 2.5752211034406183
584 0.6351736225761165 1.6357125172068416 2.5752211034406183
585 0.6340974554675068 1.6308082834254944 2.5718574792626057
586 0.6330198824863013 1.6259040523396282 2.5684881270294273
587 0.6319408975473106 1.6209998239664725 2.5651130196793686
588 0.6308604945214324 1.6160955983231804 2.5617321299364963
589 0.6297786672344796 1.6111913754275264 2.5583454303123396
590 0.6286954094674848 1.606287155296836 2.554952893098722
591 0.627610714953991 1.601382937949256 2.5515544903764913
592 0.6265245773809075 1.5964787234026598 2.548150194005957
593 0.6254369903893342 1.5915745116751268 2.544739975619882
594 0.6243479475708739 1.5866703027853586 2.5413238066346735
595 0.6232574424706323 1.5817660967515204 2.537901658231787
596 0.622165468583858 1.5768618935925673 2.534473501368923
597 0.6210720193574212 1.571957693327344 2.531039306767895
598 0.6199770881872975 1.567053495974971 2.5275990449207666
599 0.6188806684214715 1.56214930155468 2.52415268607295
600 0.617782753355335 1.5572451100857834 2.520700200237041
601 0.616683336233368 1.5523409215882236 2.5172415571819178
602 0.6155824102487253 1.5474367360817396 2.513776726428066
603 0.6144799685406054 1.5425325535863572 2.5103056772540264
604 0.6133760041972017 1.5376283741222017 2.5068283786788808
605 0.6122705102515423 1.5327241977101116 2.5033447994750135
606 0.6111634796834248 1.5278200243702478 2.499854908152627
607 0.6100549054179509 1.5229158541237664 2.4963586729630687
608 0.6089447803232351 1.518011686991685 2.4928560619008944
609 0.6078330972135939 1.5131075229951507 2.489347042685702
610 0.6067198488448989 1.5082033621559285 2.4858315827763264
611 0.6056050279172884 1.5032992044957167 2.482309649352899
612 0.6044886270722867 1.4983950500361352 2.478781209322822
613 0.6033706388921732 1.4934908987995663 2.475246229318865
614 0.6022510559015302 1.488586750808622 2.4717046756859653
615 0.601129870564005 1.483682606085592 2.4681565144875255
616 0.6000070752827003 1.4787784646535262 2.4646017114994563
616 0.598882644654368 1.4738743264989098 2.461040305065985
617 0.598882644654368 1.4738743264989098 2.461040305065985
618 0.5977565692084427 1.4689701916369862 2.4574722676527276
619 0.5966288608311362 1.4640660601315436 2.4538974834238165
620 0.5954995116730547 1.4591619320065736 2.450315916980454
621 0.5943685138271719 1.4542578072861334 2.4467275325909954
622 0.5932358593186164 1.4493536859945744 2.4431322942265905
623 0.5921015401070635 1.4444495681565077 2.439530165544449
624 0.5909655480860155 1.4395454537967907 2.4359211098838265
625 0.5898278750816041 1.434641342940743 2.432305090264269
626 0.5886885128533742 1.429737235613729 2.428682069374499
627 0.58754745309034 1.424833131841355 2.425052009581728
628 0.5864046874122357 1.4199290316495565 2.421414872919259
629 0.5852602073691938 1.4150249350647008 2.4177706210804706
630 0.5841140044406191 1.410120842113377 2.414119215415472
631 0.5829660700328644 1.4052167528223356 2.410460616932847
632 0.5818163954788864 1.40031266721869 2.40679478629355
633 0.5806649720400362 1.3954085853297613 2.403121683795229
633 0.5795117909002833 1.3905045071834772 2.39944126938867
634 0.5795117909002833 1.3905045071834772 2.39944126938867
635 0.5783568431705643 1.385600432807799 2.395753502650558
636 0.5772001198828508 1.3806963622309367 2.3920583428000057
637 0.5760416119936526 1.3757922954818913 2.3883557486764535
638 0.5748813103815185 1.3708882325891467 2.384645678739078
639 0.5737192058801153 1.365984173582986 2.3809280909247144
640 0.5725552892068663 1.3610801184928274 2.377202942930223
641 0.5713895509976722 1.3561760673488068 2.373470192062248
642 0.5702219818072234 1.351272020181078 2.3697297952254432
643 0.5690525721057953 1.346367977020332 2.365981708927277
644 0.5678813122799752 1.3414639378974178 2.362225889264786
645 0.5667081926309401 1.3365599028436712 2.3584622919225824
646 0.5655332033719004 1.3316558718909837 2.3546908721737303
647 0.5643563346300823 1.326751845071262 2.350911584860487
648 0.563177576443797 1.321847822416791 2.3471243843969107
649 0.5619969187609194 1.3169438039607237 2.3433292247656756
650 0.5608143514385441 1.3120397897361697 2.339526059507319
651 0.5596298642422227 1.3071357797763254 2.3357148417128832
652 0.5584434468427544 1.3022317741158098 2.3318955240287567
653 0.5572550888178373 1.2973277727883716 2.32806805863456
654 0.5560647796480997 1.2924237758292374 2.3242323972525925
655 0.5548725087192651 1.287519783273277 2.320388491123987
656 0.5536782653162998 1.2826157951565293 2.316536291024191
657 0.5524820386253808 1.277711811514547 2.312675747239848
658 0.551283817733041 1.2728078323842047 2.3088068095634933
659 0.5500835916217299 1.2679038578021091 2.304929427296924
660 0.548881349172132 1.262999887805901 2.301043549231289
661 0.5476770791589611 1.2580959224333095 2.2971491236502013
662 0.5464707702500805 1.253191961722643 2.293246098321319
663 0.5452624110062121 1.2482880057124635 2.289334420483722
664 0.5440519898796835 1.243384054442324 2.2854140368410323
665 0.5428394952101424 1.238480107951761 2.281484893563841
666 0.5416249152268641 1.2335761662810143 2.277546936267363
666 0.5404082380441219 1.2286722294706758 2.273600110016014
667 0.5404082380441219 1.2286722294706758 2.273600110016014
668 0.5391894516618223 1.2237682975622368 2.2696443593072737
669 0.5379685439619034 1.2188643705971545 2.2656796280703526
670 0.5367455027091703 1.2139604486180193 2.2617058596498207
671 0.5355203155470557 1.2090565316674147 2.2577229968060397
672 0.5342929699975739 1.204152619788814 2.253730981701447
673 0.5330634534597678 1.1992487130259326 2.2497297558900167
674 0.5318317532064244 1.1943448114234814 2.2457192603163545
675 0.5305978563841418 1.189440915026359 2.2416994352974324
676 0.5293617500100662 1.1845370238802113 2.2376702205206294
677 0.528123420971164 1.1796331380311718 2.2336315550292185
678 0.5268828560225817 1.1747292575261552 2.2295833772124243
679 0.5256400417836825 1.169825382412816 2.2255256248043525
680 0.524394964737813 1.1649215127387533 2.221458234865376
681 0.5231476112303557 1.1600176485530294 2.217381143774817
682 0.5218979674665344 1.1551137899047903 2.2132942872188126
683 0.5206460195085643 1.150209936844211 2.2091976001850346
683 0.5193917532751828 1.1453060894218576 2.205091016943918
684 0.5193917532751828 1.1453060894218576 2.205091016943918
685 0.5181351545381486 1.1404022476889364 2.2009744710440646
686 0.5168762089203369 1.13549841169785 2.1968478953010924
687 0.515614901893294 1.1305945815007536 2.1927112217845273
688 0.5143512187760585 1.12569075715187 2.188564381806161
689 0.5130851447483175 1.1207869387053522 2.1844073058383504
690 0.5118166648333183 1.1158831262171232 2.1802399235681964
691 0.5105457638759393 1.1109793197425415 2.1760621639640227
692 0.5092724265590903 1.1060755193383947 2.171873955186651
693 0.5079966374002544 1.1011717250616104 2.1676752245782858
694 0.506718380749986 1.0962679369706478 2.163465898647842
695 0.5054376407872433 1.0913641551238595 2.1592459030633484
696 0.5041544015199001 1.0864603795811527 2.1550151626282443
697 0.5028686467796019 1.0815566104032914 2.150773601276673
698 0.501580360220048 1.0766528476511317 2.1465211420534764
699 0.5002895253135271 1.0717490913875998 2.142257707106588
700 0.49899612534877347 1.0668453416753167 2.137983217664556
700 0.49899612534877347 1.0668453416753167 2.137983217664556
701 0.4977001434286154 1.0619415985786906 2.1336975940233054
702 0.4964015624646737 1.0570378621625005 2.129400755537961
703 0.49510036517783523 1.0521341324929456 2.1250926205942693
704 0.4937965340913878 1.047230409636702 2.1207731066068787
705 0.4924900515306739 1.0423266936618858 2.1164421299928864
706 0.49118089961901473 1.0374229846373595 2.112099606157402
707 0.48986906027424765 1.0325192826329121 2.107745449477597
708 0.48855451520445947 1.027615587719719 2.1033795732901233
709 0.487237245907502 1.0227118999697298 2.0990018898593874
710 0.4859172336651201 1.0178082194559617 2.0946123103701346
711 0.48459445953862945 1.0129045462528872 2.0902107449128677
712 0.48326890436730113 1.0080008804356269 2.085797102454395
713 0.48194054876431597 1.003097222080922 2.08137129082174
714 0.4806093731122477 0.9981935712663275 2.076933216683638
715 0.47927535755869405 0.9932899280706446 2.0724827855331625
716 0.47793848201449446 0.9883862925741209 2.068019901657858
716 0.4765987261475522 0.9834826648581879 2.0635444681270663
717 0.4765987261475522 0.9834826648581879 2.0635444681270663
718 0.4752560693787725 0.9785790450054409 2.059056386769733
719 0.4739104908794373 0.9736754330997238 2.0545555581453177
720 0.4725619695656125 0.9687718292262352 2.0500418815266657
721 0.47121048409398536 0.9638682334717097 2.0455152548759106
722 0.46985601285783113 0.9589646459242903 2.0409755748181806
723 0.46849853397877633 0.9540610666733955 2.036422736632546
724 0.4671380252916708 0.9491574958106895 2.0318566342743267
725 0.4657744644007519 0.9442539334305076 2.0272771600850845
726 0.4644078285975782 0.9393503796266096 2.022684205094617
727 0.46303809488366615 0.9344468344945788 2.018077658878908
728 0.461665239967247 0.9295432981311423 2.0134574095227293
729 0.46028924025805135 0.9246397706351182 2.0088233435931255
730 0.45891007186339433 0.9197362521064827 2.004175346101936
731 0.4575277105784796 0.9148327426473487 1.9995133004964247
732 0.4561421318847288 0.9099292423611103 1.9948370886096036
733 0.454753310942621 0.9050257513533333 1.9901465906369749
733 0.45336122258556333 0.9001222697309484 1.9854416851036867
734 0.45336122258556333 0.9001222697309484 1.9854416851036867
735 0.451965841313344 0.8952187976031938 1.9807222488359388
736 0.450567141286563 0.8903153350807731 1.9759881569227171
737 0.44916509631992474 0.8854118822764112 1.9712392826840734
738 0.44775967987646276 0.880508439304961 1.9664754976327792
739 0.4463508650588002 0.8756050062832996 1.9616966714469155
740 0.4449386246051499 0.8707015833301052 1.9569026719197247
741 0.4435229308798841 0.8657981705660803 1.9520933649325964
742 0.44210375586718237 0.8608947681148558 1.9472686144143216
743 0.4406810711630391 0.8559913761011853 1.9424282822996348
744 0.4392548479696368 0.8510879946527838 1.9375722284836676
745 0.43782505708423586 0.8461846238996253 1.932700310792908
746 0.4363916689124218 0.8412812639750904 1.9278123848508315
747 0.43495465343478923 0.8363779150150885 1.9229083041422912
748 0.433513980190859 0.8314745771565006 1.917987919998417
749 0.43206961828452456 0.826571250539218 1.9130510814923996
750 0.4306215363652091 0.8216679353059885 1.9080976354353394
751 0.4291697026215863 0.8167646316034021 1.903127426316884
752 0.42771408479313544 0.8118613395792272 1.898140296155749
753 0.4262546501469002 0.806958059383678 1.8931360845109277
754 0.42479136529367145 0.8020547911698133 1.888114629202333
755 0.4233241761588424 0.7971515350314503 1.883075855162919
756 0.4218530659731289 0.7922482911809515 1.8780195169457794
757 0.4203780033094047 0.7873450597916978 1.87294542909801
758 0.41889895291576756 0.7824418410291331 1.867853418068741
759 0.41741587900337096 0.7775386350619399 1.862743307510016
760 0.4159287452344181 0.772635442062489 1.8576149182164134
761 0.41443751471148593 0.7677322622064828 1.852468068053506
762 0.4129421499643934 0.7628290956732299 1.8473025718953757
763 0.4114426129380442 0.7579259426454368 1.8421182415530857
764 0.4099388649794344 0.7530228033095392 1.836914885704522
765 0.4084308668238666 0.7481196778559875 1.831692309823904
766 0.40691857858244096 0.743216566479116 1.8264503161006245
766 0.4054019597263491 0.7383134693773419 1.8211887033691494
767 0.4054019597263491 0.7383134693773419 1.8211887033691494
768 0.40388096907287213 0.7334103867529016 1.8159072670259255
769 0.40235556477196494 0.7285073188127557 1.8106057989421305
770 0.40082570428775627 0.7236042657677707 1.8052840873904856
771 0.39929134438651737 0.7187012278336647 1.799941916942622
772 0.39775244111592606 0.7137982052306813 1.7945790683975784
773 0.3962089497925075 0.708895198183916 1.7891953186700116
774 0.39466082498044147 0.7039922069230288 1.7837904407104939
775 0.3931080204762544 0.6990892316831722 1.7783642033968636
776 0.39155048929033187 0.6941862727042615 1.7729163714300133
777 0.3899881836254334 0.6892833302317918 1.7674467052412497
778 0.3884210548600803 0.6843804045167614 1.7619549608691878
779 0.3868490535270373 0.679477495815887 1.7564408898531727
780 0.38527212929125126 0.6745746043912609 1.7509042391210912
781 0.38369023093059373 0.6696717305117449 1.7453447508620117
782 0.3821033063112831 0.6647688744517316 1.7397621624089614
783 0.38051130236685854 0.6598660364920124 1.7341562061034979
783 0.37891416507290965 0.6549632169205706 1.7285266091716163
784 0.37891416507290965 0.6549632169205706 1.7285266091716163
785 0.37731183942299956 0.6500604160314438 1.7228730935810082
786 0.3757042694043291 0.6451576341261873 1.7171953758978322
787 0.3740913979696031 0.6402548715130469 1.7114931671459364
788 0.3724731670117244 0.6353521285083849 1.7057661726499234
789 0.37084951733486 0.6304494054355512 1.7000140918783628
790 0.3692203886256757 0.625546702626258 1.6942366182828867
791 0.36758571942262896 0.6206440204202894 1.6884334391312643
792 0.3659454470861342 0.6157413591659326 1.6826042353274664
793 0.3642995077663083 0.6108387192198519 1.67674868122988
794 0.36264783636889414 0.6059361009484536 1.6708664444700583
795 0.3609903665210631 0.6010335047267246 1.6649571857526437
796 0.3593270305357341 0.5961309309397198 1.659020558656347
797 0.3576577593756557 0.5912283799823314 1.65305620941765
798 0.3559824826126438 0.5863258522599256 1.647063776725008
799 0.3543011283901097 0.5814233481880866 1.6410428914804356
800 0.3526136233806729 0.576520868194228 1.6349931765734143
801 0.3509198927452305 0.5716184127162934 1.6289142466234912
802 0.3492198600839434 0.5667159822049632 1.6228057077531026
803 0.34751344739603385 0.5618135771224224 1.6166671572918083
804 0.3458005750275344 0.556911197944015 1.6104981835257817
805 0.34408116162255203 0.5520088451580885 1.6042983654060887
806 0.3423551240728264 0.547106519267028 1.5980672722475346
807 0.34062237746350066 0.5422042207867875 1.5918044634189876
808 0.33888283501605504 0.5373019502484581 1.5855094880299931
809 0.33713640803115885 0.5323997081983078 1.5791818845892858
810 0.3353830058278558 0.527497495198439 1.5728211806569325
811 0.3336225356812851 0.5225953118274306 1.5664268924766946
812 0.3318549027551156 0.517693158680967 1.5599985246051535
813 0.3300800100351316 0.5127910363725299 1.5535355695061681
814 0.3282977582580342 0.5078889455340062 1.5470375071364868
815 0.3265080458362053 0.5029868868168902 1.5405038045194652
816 0.32471076877940763 0.49808486089198656 1.5339339152942004
816 0.32290582061608125 0.49318286845178394 1.5273272792383434
817 0.32290582061608125 0.49318286845178394 1.5273272792383434
818 0.32109309230742955 0.48828091020959774 1.5206833217766478
819 0.3192724721605046 0.4833789869022269 1.5140014534645592
820 0.31744384573407575 0.47847709928911836 1.5072810694523306
821 0.3156070957442055 0.47357524815509167 1.500521548916368
822 0.31376210196324444 0.4686734343100117 1.493722254464353
823 0.31190874111466166 0.46377165859106884 1.4868825315177057
824 0.31004688676233744 0.45886992186250725 1.4800017076586491
825 0.3081764091959517 0.45396822501858 1.4730790919493375
826 0.3062971753075908 0.4490665689835032 1.4661139742230402
827 0.30440904846989836 0.44416495471352463 1.45910562431079
828 0.30251188839756926 0.4392633831979903 1.452053291276601
829 0.30060555101162806 0.43436185546150147 1.4449562025709213
830 0.29868988829322424 0.4294603725648259 1.437813563153581
831 0.29676474812774006 0.4245589356070807 1.4306245545860206
832 0.2948299741441595 0.41965754572729913 1.4233883340575955
833 0.2928854055458055 0.4147562041067687 1.4161040333636679
833 0.2909308769304712 0.4098549119710279 1.4087707578352986
834 0.2909308769304712 0.4098549119710279 1.4087707578352986
835 0.2889662181026237 0.4049536705910851 1.4013875851995596
836 0.28699125387686386 0.40005248128776044 1.3939535643807686
837 0.2850058038662103 0.3951513454318101 1.3864677142410233
838 0.2830096822643538 0.3902502644485199 1.378929022237461
839 0.2810026976110736 0.385349239819566 1.3713364430149169
840 0.2789846530609278 0.3804482730886495 1.3636888944051089
841 0.27695534718109244 0.3755473658700289 1.355985250663784
842 0.2749145686581292 0.3706465198267668 1.348224365248847
843 0.2728620995949951 0.3657457366926938 1.340405051619717
844 0.2707977162869813 0.36084501828120125 1.332526076027876
845 0.26872118767360814 0.3559443664841056 1.324586161462042
846 0.26663227499207987 0.3510437832749346 1.3165839855109893
847 0.26453073140919553 0.346143270715253 1.3085181781008772
848 0.2624163016344546 0.34124283095827584 1.3003873190531678
849 0.2602887215023189 0.33634246625502956 1.2921899355214017
850 0.2581477175313635 0.3314421789611059 1.2839244992388419
851 0.255993006457328 0.3265419715414766 1.2755894235568057
852 0.2538242947302191 0.3216418465787252 1.267183060315747
853 0.25164127797774904 0.31674180677990027 1.2587036964893639
854 0.2494436404384622 0.31184185498472544 1.2501495505621314
855 0.2472310543489102 0.3069419941741859 1.241518768677851
856 0.2450031792904755 0.3020422274801429 1.2328094204934459
857 0.24275966149095707 0.29714255819541946 1.2240194947153038
858 0.24050013307237764 0.2922429897848936 1.2151468943135435
859 0.23822421124659945 0.28734352589769224 1.2061894313514867
860 0.23593149744728792 0.28244417038014696 1.1971448214253417
861 0.23362157639966685 0.2775449272901746 1.1880106776412043
862 0.23129401511329106 0.2726458009132437 1.178784504128643
863 0.22894836179944258 0.2677467957787706 1.1694636889925214
864 0.22658414469961596 0.2628479166792911 1.1600454966862321
865 0.2242008708193981 0.25794916869118395 1.1505270597230255
866 0.22179802455480793 0.25305055719657055 1.1409053696690608
866 0.21937506620233538 0.24815208790894325 1.1311772673384224
867 0.21937506620233538 0.24815208790894325 1.1311772673384224
868 0.21693143033955936 0.24325376689963865 1.1213394320909484
869 0.21446652406887687 0.23835560062908295 1.1113883701147411
870 0.21197972509171598 0.23345759597923071 1.1013204016479503
871 0.2094703796123428 0.22855976029153108 1.0911316469398495
872 0.2069378000457772 0.22366210140814877 1.080818010816158
873 0.20438126250362137 0.21876462771724448 1.0703751656948897
874 0.20180000403193749 0.21386734820459696 1.0597985328620194
875 0.19919321957374467 0.20897027251238487 1.0490832617674548
876 0.19656005862098094 0.20407341100141682 1.0382242070599073
877 0.193899621511804 0.19917677482546353 1.0272159031178834
878 0.19121095533227453 0.1942803760127814 1.0160525356675982
879 0.18849304936496758 0.18938422755827622 1.0047279101076194
880 0.1857448300249072 0.18448834352947685 0.9932354160529698
881 0.18296515520576292 0.1795927391856083 0.9815679875418792
882 0.18015280795390748 0.1746974311151029 0.9697180582375361
883 0.177306489371132 0.1698024373921765 0.9576775108143488
883 0.17442481062149015 0.16490777775756527 0.945437619625242
884 0.17442481062149015 0.16490777775756527 0.945437619625242
885 0.17150628390686912 0.16001347382765413 0.9329889854913084
886 0.16854931223718755 0.15511954933548833 0.9203214612777508
887 0.16555217779907838 0.15022603041459623 0.9074240666100891
888 0.16251302867472855 0.14533294592859244 0.8942848897332274
889 0.1594298636134359 0.14044032785995506 0.8808909741055533
890 0.15630051451119595 0.1355482117708208 0.8672281866424142
891 0.15312262613513067 0.13065663735054447 0.853281063996643
892 0.14989363256249186 0.12576564907042168 0.8390326321432564
893 0.14661072966367603 0.12087529697455593 0.8244641933905043
894 0.14327084275312038 0.11598563763716732 0.8095550735122705
895 0.13987058838102215 0.11109673533562382 0.7942823192606059
896 0.1364062288571773 0.10620866349411749 0.7786203341588027
897 0.13287361778810053 0.10132150648055477 0.7625404362974197
898 0.1292681343284199 0.09643536186181162 0.7460103169494733
899 0.12558460317976763 0.09155034326841939 0.7289933714037379
900 0.12181719634266501 0.08666658406816943 0.7114478634394207
901 0.11795931129978132 0.08178424214809672 0.6933258701405146
902 0.11400341833821945 0.07690350621628628 0.674571932467261
903 0.10994086691954837 0.07202460424980411 0.6551213053696374
904 0.10576163687131072 0.06714781501095018 0.6348976528479292
905 0.10145401401984176 0.06227348406894649 0.6138099578471821
906 0.09700416038090076 0.05740204659812151 0.5917482958743638
907 0.09239553516459577 0.0525340606893928 0.5685779144609886
908 0.08760809774561046 0.0476702574924288 0.5441307221491096
909 0.08261717617260488 0.042811619222774606 0.5181927197963292
910 0.07739183787454924 0.03795950615546992 0.490484619540908
911 0.07189246843894366 0.03311587397321156 0.46063064312969
912 0.06606704911206816 0.02828366950202076 0.42810553645348615
913 0.05984525104560163 0.023467610395097246 0.3921382229178904
914 0.05312890722431595 0.018675888026038846 0.35152027402308955
915 0.04577728975569106 0.013924438398742278 0.3041778679571388
916 0.037593406062651345 0.009249928859580722 0.24605189655242302
916 0.028413886003074987 0.0047609460536943505 0.1675570195917276
917 0.028413886003074987 0.0047609460536943505 0.1675570195917276
918 0.021529166360503726 0.0009872266460394965 0.04585531225447775
919 0.01890136219870976 9.787203721197267e-05 0.005178041465109515
920 0.016654676649685986 9.115399009005237e-06 0.0005473176814379704
921 0.014683694192479904 8.458498460195759e-07 5.760470321240882e-05
922 0.012950524405544785 7.843872056948965e-08 6.056798791553646e-06
923 0.011422129082917207 7.2813638359035885e-09 6.374786857201171e-07
