1 1.8324124080821933 5.495110293521438 2.998839272908347
2 1.83149538611589 5.490190528355213 2.9976545777701538
3 1.8305864146233959 5.48528516116866 2.99646338318158
4 1.8296776391834548 5.480380257205948 2.9952709372628736
5 1.828764627925029 5.475475319165926 2.994084222516139
6 1.8278449567906225 5.470570376476883 2.992907224517692
7 1.8269191420552902 5.4656654322002165 2.991739101299976
8 1.825992270867389 5.460760486907575 2.990571523237383
9 1.82506513935622 5.455855539369905 2.98940318442246
10 1.824137665046118 5.450950594049702 2.98823422074994
11 1.8232098307258955 5.446045649146407 2.9870646578173123
12 1.8222816360561735 5.4411407043525895 2.9858944944034223
13 1.8213530806252567 5.436235759675797 2.984723729574487
14 1.8204241639727963 5.431330815118805 2.983552362470162
15 1.8194948856082673 5.426425870682369 2.982380392274796
16 1.8185652450449106 5.421520926366362 2.9812078181624297
16 1.8176352418081552 5.416615982171082 2.9800346392836867
17 1.8176352418081552 5.416615982171082 2.9800346392836867
18 1.8167048754142294 5.411711038097676 2.978860854801055
19 1.8157741453827814 5.406806094146209 2.9776864638671268
20 1.814843051231881 5.401901150317615 2.9765114656338505
21 1.8139115924682088 5.396996206611825 2.9753358592675814
22 1.8129797686245008 5.392091263029218 2.9741596438884543
23 1.8120475791926058 5.387186319570698 2.9729828186802174
24 1.811115023692891 5.382281376237314 2.9718053827761644
25 1.8101821016324018 5.3773764330279405 2.9706273353264754
26 1.809248812499308 5.3724714899437425 2.9694486755097964
27 1.8083151558379147 5.367566546985787 2.9682694024088025
28 1.8073811311434176 5.362661604153101 2.967089515181825
29 1.8064467379095563 5.357756661447497 2.9659090129873205
30 1.8055119756399816 5.352851718869284 2.9647278949628197
31 1.804576843849911 5.34794677641787 2.9635461602225157
32 1.8036413420385218 5.343041834094737 2.962363807904233
33 1.8027054697110911 5.338136891899834 2.961180837131063
33 1.8017692263560448 5.33323194983394 2.959997247050355
34 1.8017692263560448 5.33323194983394 2.959997247050355
35 1.800832611486043 5.328327007897801 2.9588130367657426
36 1.7998956245887157 5.323422066090868 2.9576282054173526
37 1.7989582651536504 5.318517124414461 2.9564427521392234
38 1.7980205327097367 5.313612182868823 2.955256675996272
39 1.7970824267091705 5.308707241454159 2.9540699761754943
40 1.7961439466722653 5.303802300171123 2.952882651748226
41 1.79520509208749 5.29889735902027 2.9516947018341155
42 1.7942658624314665 5.293992418001732 2.950506125568078
43 1.7933262572139392 5.289087477115761 2.9493169220266355
44 1.7923862759036635 5.284182536363885 2.948127090350416
45 1.7914459180001088 5.279277595745136 2.9469366296241244
46 1.7905051829864485 5.274372655261637 2.9457455389569547
47 1.7895640703502227 5.269467714912286 2.9445538174450703
48 1.7886225795755546 5.264562774698523 2.943361464187609
49 1.7876807101382275 5.259657834620118 2.942168478292429
50 1.7867384615177755 5.254752894677887 2.940974858857713
51 1.7857958332152017 5.249847954872426 2.939780604942077
52 1.784852824682004 5.244943015204037 2.9385857156813455
53 1.7839094354192815 5.240038075672941 2.9373901901255137
54 1.782965664883824 5.235133136279952 2.9361940273937175
55 1.782021512571262 5.230228197024954 2.934997226536456
56 1.7810769779378384 5.225323257908783 2.9337997866654546
57 1.7801320604712445 5.2204183189317055 2.9326017068361394
58 1.7791867596205293 5.215513380094254 2.9314029861635413
59 1.7782410748803765 5.210608441397085 2.930203623683367
60 1.7772950057188872 5.205703502840604 2.9290036184707446
61 1.7763485515948978 5.200798564425287 2.9278029696118706
62 1.775401711978257 5.19589362615098 2.926601676170183
63 1.7744544863337777 5.190988688018843 2.925399737213891
64 1.7735068741260578 5.186083750029403 2.924197151806915
65 1.7725588748282233 5.181178812182626 2.922993918994498
66 1.7716104878888081 5.176273874479031 2.921790037858429
66 1.7706617127728925 5.1713689369193405 2.9205855074490037
67 1.7706617127728925 5.1713689369193405 2.9205855074490037
68 1.7697125489491194 5.16646399950323 2.9193803268057006
69 1.7687629958569828 5.161559062232183 2.9181744950127464
70 1.7678130529653389 5.156654125106178 2.91696801110071
71 1.7668627197263465 5.15174918812544 2.915760874123457
72 1.7659119956015645 5.146844251290588 2.914553083115162
73 1.7649608800344785 5.141939314602163 2.9133446371353653
74 1.764009372493991 5.137034378061104 2.9121355351974487
75 1.7630574724119 5.13212944166701 2.9109257763708336
76 1.7621051792398033 5.127224505420207 2.909715359688213
77 1.7611524924495703 5.122319569322106 2.9085042841449353
78 1.7601994114660566 5.117414633372248 2.907292548808429
79 1.7592459357286745 5.112509697570893 2.906080152717992
80 1.7582920646960214 5.1076047619194584 2.9048670948773667
81 1.7573377978057156 5.102699826417755 2.903653374319494
82 1.7563831344968375 5.097794891066516 2.9024389900708734
83 1.7554280742158752 5.092889955866227 2.9012239411410508
83 1.7544726164096143 5.087985020817056 2.90000822653431
84 1.7544726164096143 5.087985020817056 2.90000822653431
85 1.7535167605087585 5.083080085919606 2.898791845277157
86 1.7525605059425962 5.0781751511744675 2.8975747963938194
87 1.751603852143605 5.073270216582246 2.896357078898634
88 1.750646798566384 5.068365282142737 2.8951386917642403
89 1.7496893446214494 5.063460347856376 2.893919634031875
90 1.7487314897525799 5.058555413723947 2.892699904683285
91 1.7477732333725282 5.053650479745308 2.89147950274631
92 1.7468145749334136 5.0487455459218324 2.8902584271798193
93 1.7458555140233316 5.043840612251294 2.889036676710859
94 1.7448960501619606 5.0389356787325825 2.887814250175459
95 1.7439361827876607 5.0340307453661275 2.8865911465402885
96 1.742975911316926 5.029125812152331 2.885367364803404
97 1.7420152351811775 5.024220879091552 2.8841429039333346
98 1.7410541537933855 5.019315946183706 2.882917762924081
99 1.7400926665672982 5.014411013430059 2.8816919407643087
100 1.7391307729291283 5.009506080830687 2.880465436416512
101 1.7381684722786803 5.004601148385001 2.8792382488816735
102 1.737205764047228 4.9996962160951215 2.8780103771053334
103 1.7362424007200303 4.994791283887048 2.8767822291493848
104 1.7352786290558004 4.989886351820488 2.8755533942901055
105 1.7343144482809112 4.984981419893803 2.8743238717955792
106 1.7333498577283843 4.980076488106 2.8730936607526907
107 1.7323848567948408 4.975171556457363 2.8718627601387263
108 1.7314194448916767 4.970266624948319 2.8706311689015807
109 1.7304536214396935 4.965361693579594 2.8693988859687205
110 1.729487385834161 4.960456762351295 2.8681659103045627
111 1.7285207374863887 4.9555518312642945 2.866932240842333
112 1.7275536757802685 4.950646900319037 2.8656978765554264
113 1.7265862001341388 4.945741969515571 2.864462816354802
114 1.7256183099620983 4.940837038854876 2.863227059153885
115 1.7246500046364772 4.935932108337423 2.8619906039299967
116 1.7236812835669515 4.931027177963565 2.8607534495933007
116 1.7227121461450234 4.92612224773367 2.859515595078978
117 1.7227121461450234 4.92612224773367 2.859515595078978
118 1.7217425917652953 4.921217317648121 2.8582770393119086
119 1.7207726198335427 4.916312387708067 2.8570377811936836
120 1.7198022297299467 4.911407457913277 2.8557978196623774
121 1.71883142084359 4.906502528264771 2.8545571536367977
122 1.717860192564325 4.9015975987628915 2.85331578202884
123 1.716888544287865 4.896692669407849 2.8520737037353294
124 1.7159164753897276 4.891787740199894 2.8508309176813786
125 1.7149439852567723 4.886882811140026 2.8495874227684066
126 1.7139710732746463 4.881977882228361 2.848343217894013
127 1.7129977388246516 4.877072953465669 2.8470983019580642
128 1.7120239812817044 4.872168024852607 2.8458526738656227
129 1.7110498000221182 4.867263096389439 2.8446063325138295
130 1.7100751944272985 4.8623581680766605 2.8433592767861047
131 1.7091001638678929 4.857453239914536 2.842111505578206
132 1.7081247077284185 4.8525483119034964 2.8408630177574965
133 1.7071488253638138 4.847643384044463 2.839613812235364
133 1.7061725161572987 4.842738456337703 2.838363887870312
134 1.7061725161572987 4.842738456337703 2.838363887870312
135 1.7051957794785886 4.837833528783847 2.8371132435380235
136 1.7042186146857887 4.832928601382811 2.835861878127573
137 1.7032410211460134 4.828023674135663 2.8346097905081935
138 1.7022629982314765 4.8231187470425025 2.833356979534514
139 1.7012845453000731 4.818213820104518 2.832103444080061
140 1.7003056617152987 4.813308893321856 2.8308491830028393
141 1.699326346834456 4.8084039666945335 2.8295941951654777
142 1.6983466000052614 4.8034990402232545 2.828338479441342
143 1.697366420595624 4.798594113908588 2.827082034664448
144 1.6963858079590097 4.79368918775094 2.8258248596870903
145 1.695404761458154 4.788784261751295 2.824566953340771
146 1.6944232804231834 4.78387933590929 2.823308314504811
147 1.6934413642190518 4.778974410225989 2.8220489419956167
148 1.6924590121792418 4.7740694847017435 2.8207888346758616
149 1.6914762236567789 4.769164559337255 2.819527991370085
150 1.6904929980009527 4.764259634132234 2.818266410902667
151 1.689509334550023 4.759354709088229 2.8170040921116404
152 1.6885252326585722 4.754449784205113 2.815741033800995
153 1.6875406916493796 4.749544859483943 2.8144772348225877
154 1.686555710875297 4.7446399349245185 2.8132126939715034
155 1.6855702896482911 4.739735010527578 2.811947410105671
156 1.684584427330054 4.734830086293489 2.81068138199393
157 1.6835981232451886 4.729925162222722 2.8094146084610987
158 1.6826113767113577 4.7250202383160795 2.808147088337814
159 1.6816241870855293 4.720115314573981 2.8068788203828983
160 1.6806365536737933 4.715210390996348 2.805609803433775
161 1.6796484758145296 4.710305467584296 2.804340036268647
162 1.6786599528181145 4.7054005443381675 2.8030695177059513
163 1.677670984022125 4.700495621258543 2.8017982465127704
164 1.6766815687451457 4.69559069834535 2.8005262214814004
165 1.6756917063047134 4.690685775599572 2.799253441400397
166 1.6747013960176838 4.685780853021583 2.797979905052939
166 1.673710637200269 4.680875930612188 2.796705611217367
167 1.673710637200269 4.680875930612188 2.796705611217367
168 1.672719429163755 4.675971008370904 2.795430558673291
169 1.6717277712292984 4.671066086299406 2.7941547461788923
170 1.6707356627045822 4.6661611643975585 2.792878172507547
171 1.6697431028978356 4.661256242665971 2.7916008364258973
172 1.6687500911197832 4.656351321105339 2.790322736690179
173 1.6677566266710566 4.65144639971598 2.789043872066963
174 1.6667627088541834 4.6465414784986026 2.7877642413135515
175 1.6657683369646925 4.641636557452982 2.7864838431920353
176 1.664773510318183 4.636731636580156 2.7852026764253064
177 1.663778228204578 4.631826715880435 2.78392073977236
178 1.6627824899211272 4.626921795354532 2.7826380319737467
179 1.6617862947728126 4.622016875002476 2.7813545517502085
180 1.6607896420343873 4.617111954825119 2.7800702978670913
181 1.6597925310084336 4.612207034823247 2.778785269036623
182 1.6587949609787174 4.607302114996972 2.7774994639955892
183 1.6577969312374978 4.602397195347403 2.7762128814606055
183 1.6567984410774264 4.5974922758737735 2.7749255201399126
184 1.6567984410774264 4.5974922758737735 2.7749255201399126
185 1.6557994897747939 4.592587356577218 2.7736373787636923
186 1.654800076602497 4.587682437458361 2.7723484560608815
187 1.6538002008552408 4.582777518517483 2.771058750717022
188 1.6527998619208746 4.577872599753844 2.7697682612542494
189 1.6517990592010092 4.572967681165823 2.7684769861642917
190 1.6507977919678385 4.568062762754176 2.7671849241504027
191 1.6497960594921321 4.563157844519286 2.7658920739112407
192 1.6487938610382762 4.558252926462401 2.7645984341499092
193 1.6477911958876912 4.553348008582944 2.7633040035330345
194 1.6467880632980847 4.548443090881669 2.7620087807609743
195 1.6457844625379157 4.543538173359231 2.7607127645091354
196 1.6447803928646612 4.538633256015557 2.7594159534640155
197 1.6437758535439189 4.533728338851744 2.7581183462922856
198 1.6427708438207025 4.528823421867495 2.7568199416873664
199 1.641765362974303 4.523918505064072 2.75552073827914
200 1.6407594102434904 4.51901358844139 2.7542207347576717
201 1.6397529848927084 4.514108671999812 2.7529199297631872
202 1.6387460861585306 4.509203755740012 2.7516183219758408
203 1.6377387132977466 4.504298839662253 2.7503159100345185
204 1.636730865557675 4.499393923767508 2.7490126925873377
205 1.635722321023033 4.494489007983246 2.747709039742301
206 1.6347133005246726 4.4895840923699355 2.746404578055964
207 1.6337038032481 4.484679176927811 2.745099306258242
208 1.6326938284566224 4.479774261657667 2.7437932229414845
209 1.6316833753872872 4.474869346559984 2.742486326734716
210 1.630672443272056 4.4699644316354945 2.7411786162683933
211 1.6296610313503603 4.465059516884008 2.739870090152549
212 1.628649138856877 4.46015460230622 2.738560746998419
213 1.6276367650202688 4.4552496879024766 2.737250585419773
214 1.6266239088739145 4.450344773671563 2.735939604350501
215 1.6256105696360026 4.4454398596130265 2.734627802406836
216 1.6245967465363012 4.440534945728467 2.7333151781793528
216 1.6235824387980453 4.435630032017713 2.7320017302610484
217 1.6235824387980453 4.435630032017713 2.7320017302610484
218 1.6225676456407814 4.430725118481234 2.7306874572440156
219 1.6215523662878697 4.425820205119857 2.729372357706611
220 1.6205365999509125 4.420915291934176 2.7280564302392736
221 1.6195203458431697 4.416010378924559 2.72673967342192
222 1.6185036031803686 4.411105466091906 2.725422085823015
223 1.61748637118021 4.40620055343631 2.7241036659995443
224 1.6164686490391618 4.401295640958353 2.7227844125368645
225 1.6154504359649018 4.396390728658912 2.7214643239939247
226 1.6144317311713265 4.3914858165382284 2.7201433989110537
227 1.613412533846054 4.386580904597062 2.7188216358653956
228 1.6123928432029508 4.381675992835706 2.7174990333817717
229 1.6113726584193988 4.376771081254849 2.716175590038892
230 1.61035197871651 4.371866169855078 2.7148513043338283
231 1.6093308032697113 4.36696125863705 2.7135261748327957
232 1.6083091312745486 4.362056347601489 2.7122002000602072
233 1.6072869619193957 4.357151436748699 2.7108733785443397
233 1.6062642943979264 4.352246526078639 2.709545708796313
234 1.6062642943979264 4.352246526078639 2.709545708796313
235 1.605241127879976 4.3473416155926285 2.7082171893602762
236 1.6042174615577378 4.342436705290816 2.706887818733873
237 1.6031932946064635 4.337531795174763 2.7055575954361126
238 1.602168626203981 4.3326268852438625 2.70422651797218
239 1.6011434555352957 4.327721975498963 2.702894584827888
240 1.6001177817648238 4.322817065940624 2.7015617945154284
241 1.5990916040667738 4.317912156569692 2.7002281455224173
242 1.5980649216020681 4.313007247386613 2.698893636350394
243 1.5970377335448085 4.308102338391882 2.697558265470381
244 1.5960100390559389 4.303197429585826 2.6962220313671867
245 1.594981837298152 4.298292520969301 2.6948849325146362
246 1.593953127433215 4.293387612542784 2.693546967379486
247 1.5929239086096176 4.288482704306423 2.6922081344422923
248 1.5918941799880737 4.2835777962618 2.690868432155391
249 1.590863940711717 4.278672888408631 2.6895278589911644
250 1.5898331899450708 4.273767980747767 2.688186413378014
251 1.5888019268199616 4.268863073279733 2.686844093790848
252 1.5877701504969193 4.263958166005308 2.6855008986475974
253 1.586737860108038 4.259053258924805 2.6841568264053484
254 1.585705054799607 4.254148352038645 2.6828118754885737
255 1.584671733711061 4.249243445347784 2.681466044324966
256 1.5836378959762993 4.244338538852785 2.6801193313425893
257 1.5826035407095362 4.239433632553909 2.678771734993859
258 1.5815686670646365 4.234528726451765 2.677423253655483
259 1.5805332741637956 4.2296238205474 2.676073885749191
260 1.579497361139196 4.224718914840738 2.674723629670203
261 1.5784609270963426 4.219814009332898 2.6733724838507444
262 1.5774239711654534 4.2149091040241355 2.6720204466716835
263 1.5763864924678976 4.2100041989151 2.670667516520118
264 1.575348490118249 4.205099294006345 2.669313691785556
265 1.574309963226039 4.2001943892983045 2.667958970856898
266 1.573270910898007 4.195289484791613 2.6666033521187935
266 1.572231332251361 4.190384580487075 2.665246833929103
267 1.572231332251361 4.190384580487075 2.665246833929103
268 1.5711912263905845 4.185479676384838 2.6638894146576426
269 1.5701505924229768 4.180574772485739 2.6625310926606653
270 1.5691094294417924 4.175669868790781 2.6611718663090738
271 1.5680677365439961 4.170764965300163 2.6598117339576683
272 1.567025512830541 4.165860062014092 2.6584506939451407
273 1.5659827573899243 4.160955158933813 2.6570887446225884
274 1.5649394693146557 4.156050256059587 2.6557258843242506
275 1.5638956476964994 4.1511453533921046 2.6543621113764395
276 1.5628512916111263 4.146240450931893 2.652997424123174
277 1.5618064001490422 4.141335548679825 2.65163182087397
278 1.5607609723933713 4.1364306466356995 2.650265299940599
279 1.5597150074058082 4.131525744800543 2.648897859662383
280 1.5586685042753088 4.126620843175368 2.6475294983226783
281 1.5576214620588185 4.1217159417604 2.6461602142489977
282 1.556573879840668 4.116811040556045 2.644790005712703
283 1.5555257566826202 4.111906139563428 2.6434188710141657
283 1.5544770916475612 4.1070012387825185 2.6420468084412776
284 1.5544770916475612 4.1070012387825185 2.6420468084412776
285 1.5534278837955149 4.10209633821409 2.64067381627744
286 1.5523781323265817 4.097191437856984 2.6392998925567426
287 1.5513278363662144 4.092286537711186 2.637925035430835
288 1.5502769949559132 4.087381637777413 2.636549243184538
289 1.5492256071532255 4.082476738056078 2.635172514065153
290 1.548173671989772 4.077571838547558 2.633794846353967
291 1.547121188524312 4.072666939252536 2.632416238276176
292 1.5460681557916645 4.067762040171953 2.631036688087696
293 1.54501457283323 4.062857141305694 2.6296561940223473
294 1.543960438685217 4.057952242654562 2.628274754313117
295 1.5429057523719736 4.0530473442194035 2.626892367202912
296 1.5418505129346298 4.048142446000517 2.625509030895362
297 1.540794719398357 4.043237547998458 2.6241247436110395
298 1.5397383707889083 4.03833265021408 2.622739503559283
299 1.5386814661210508 4.033427752647312 2.621353308957057
300 1.5376240044103253 4.028522855299495 2.6199661580104054
301 1.536565984682231 4.0236179581705205 2.618578048896887
302 1.5355074059516105 4.018713061261496 2.617188979802381
303 1.5344482672231834 4.01380816457261 2.6157989489187563
304 1.5333885675028227 4.008903268104624 2.6144079544255794
305 1.5323283057945751 4.003998371858061 2.6130159944946154
306 1.5312674811010076 3.999093475833738 2.6116230672895377
307 1.5302060924195986 3.9941885800316697 2.6102291709713183
308 1.5291441387372813 3.9892836844528 2.608834303708625
309 1.5280816190571929 3.9843787890978386 2.60743846363138
310 1.5270185323719518 3.9794738939669756 2.606041648876108
311 1.5259548776588436 3.9745689990610193 2.6046438575948576
312 1.5248904591176344 3.9696641043121796 2.6032454204016684
313 1.5238254709262686 3.964759209779144 2.601846002330658
314 1.5227599120282518 3.959854315461824 2.6004456015574156
315 1.5216937813986025 3.9549494213613445 2.5990442161932967
316 1.5206270780181523 3.9500445274775595 2.597641844327598
316 1.519559800859627 3.9451396338119813 2.5962384840532007
317 1.519559800859627 3.9451396338119813 2.5962384840532007
318 1.518491948880835 3.9402347403653355 2.5948341334765606
319 1.5174235210497622 3.9353298471375915 2.5934287906748064
320 1.5163545163105105 3.9304249541293492 2.5920224537548044
321 1.515284933638615 3.925520061341539 2.59061512075837
322 1.5142147719821624 3.920615168774942 2.589206789762534
323 1.513144030295489 3.9157102764300062 2.5877974588217754
324 1.5120727075233966 3.9108053843072197 2.5863871259952007
325 1.5110008026046156 3.9059004924073397 2.584975789340728
326 1.509928314479269 3.9009956007312496 2.5835634469021738
327 1.5088552420873538 3.896090709278886 2.5821500967110835
328 1.5077815843687912 3.8911858180517327 2.5807357367882404
329 1.5067073402457805 3.886280927049937 2.5793203651719057
330 1.50563250865419 3.8813760362744665 2.577903979865469
331 1.5045570884661992 3.8764711457251515 2.5764865789685447
332 1.5034810784975592 3.871566255401279 2.575068160664959
333 1.5024044776701024 3.8666613653039836 2.5736487229459817
333 1.5013272848953445 3.8617564754337854 2.5722282638079035
334 1.5013272848953445 3.8617564754337854 2.5722282638079035
335 1.5002494990805066 3.8568515857912655 2.5708067812421236
336 1.499171119134662 3.85194669637725 2.569384273224684
337 1.4980921439676433 3.84704180719257 2.5679607377179203
338 1.4970125724843886 3.8421369182377147 2.5665361726798603
339 1.495932403583894 3.837232029513055 2.565110576066118
340 1.494851636154766 3.8323271410198645 2.5636839458381497
341 1.4937702690921115 3.8274222527587307 2.5622562799331745
342 1.4926883012797434 3.8225173647304294 2.5608275762952166
343 1.4916057316102207 3.8176124769356785 2.5593978328405074
344 1.4905225589541773 3.8127075893746953 2.557967047509751
345 1.4894387821970005 3.807802702048683 2.556535218206131
346 1.4883544002070679 3.802897814958054 2.555102342848568
347 1.487269411858681 3.797992928103891 2.5536684193332775
348 1.4861838160159209 3.7930880414865484 2.5522334455604883
349 1.4850976115521912 3.7881831551070464 2.5507974194017597
350 1.4840107973150372 3.783278268965615 2.5493603387593624
350 1.4840107973150372 3.783278268965615 2.5493603387593624
351 1.4829233721740605 3.778373383063651 2.547922201485242
352 1.4818353349660023 3.773468497401569 2.546483005473846
353 1.4807466845425294 3.7685636119801025 2.5450427485808516
354 1.479657419756973 3.7636587267998864 2.5436014286455917
355 1.4785675394460127 3.7587538418618442 2.542159043522738
356 1.4774770424489974 3.7538489571662446 2.5407155910483987
357 1.4763859275979812 3.748944072714183 2.539271069058183
358 1.4752941937316062 3.7440391885063735 2.5378254753624483
359 1.4742018396749121 3.7391343045435192 2.5363788077812095
360 1.473108864247459 3.7342294208264675 2.5349310641302174
361 1.4720152662701234 3.7293245373562107 2.533482242209204
362 1.470921044557753 3.724419654132567 2.532032339813556
363 1.4698261979205272 3.7195147711570864 2.5305813547338873
364 1.468730725171812 3.7146098884303536 2.5291292847406175
365 1.4676346251106476 3.7097050059532437 2.527676127614911
366 1.4665378965422657 3.704800123725797 2.526221881112517
366 1.4654405382622246 3.6998952417496116 2.5247665429926545
367 1.4654405382622246 3.6998952417496116 2.5247665429926545
368 1.4643425490615287 3.6949903600249683 2.52331011100717
369 1.4632439277262392 3.690085478552884 2.5218525829025467
370 1.4621446730513188 3.6851805973335425 2.520393956394901
371 1.4610447838097935 3.680275716368646 2.5189342292246697
372 1.4599442587754252 3.6753708356586867 2.517473399115608
373 1.458843096728705 3.6704659552036873 2.5160114637648854
374 1.457741296437143 3.6655610750051584 2.5145484208783375
375 1.4566388566640842 3.6606561950636256 2.51308426815351
376 1.4555357761755279 3.655751315379647 2.511619003268517
377 1.4544320537224396 3.650846435954026 2.510152623912636
378 1.4533276880649928 3.6459415567879496 2.508685127744503
379 1.4522226779518925 3.6410366778819125 2.5072165124269796
380 1.4511170221180625 3.6361317992369426 2.5057467756319296
381 1.4500107193129994 3.631226920853677 2.504275914990557
382 1.4489037682733674 3.6263220427323875 2.502803928140659
383 1.4477961677295068 3.6214171648745497 2.501330812716409
383 1.4466879164083832 3.6165122872806417 2.499856566341667
384 1.4466879164083832 3.6165122872806417 2.499856566341667
385 1.4455790130411803 3.6116074099515045 2.4983811866177255
386 1.4444694563722515 3.6067025328877413 2.4969046711073304
387 1.4433592452560418 3.6017976560883413 2.495427017166061
388 1.4422483784025333 3.596892779554152 2.493948222384657
389 1.441136854528285 3.59198790328603 2.4924682843266575
390 1.4400246723228471 3.5870830272845327 2.4909872005861886
391 1.4389118304914095 3.5821781515505347 2.4895049687145656
392 1.4377983277272315 3.577273276085108 2.488021586267808
393 1.436684162720775 3.572368400888501 2.486537050790059
394 1.4355693341507012 3.5674635259619603 2.485051359830357
395 1.4344538407069798 3.5625586513060026 2.4835645109013567
396 1.4333376810642178 3.5576537769214114 2.4820765015261035
397 1.432220853886127 3.552748902809034 2.480587329230095
398 1.431103357844565 3.5478440289696977 2.4790969915081673
399 1.4299851916085082 3.542939155404054 2.4776054858433922
400 1.4288663538306148 3.5380342821130775 2.4761128097306253
401 1.4277468431735676 3.5331294090971164 2.474618960630125
402 1.4266266582776146 3.5282245363575577 2.4731239360248813
403 1.4255057977904961 3.5233196638946813 2.4716277333671686
404 1.4243842603530232 3.5184147917093807 2.47013035010466
405 1.4232620445999242 3.513509919803153 2.468631783678875
406 1.4221391491592585 3.508605048176 2.4671320315246366
407 1.4210155726642508 3.5037001768291316 2.4656310910513612
408 1.4198913137320521 3.4987953057633283 2.4641289596786606
409 1.4187663709832912 3.4938904349792668 2.4626256348025706
410 1.4176407430384945 3.488985564477314 2.4611211138015197
411 1.4165144284955176 3.484080694259024 2.459615394076481
412 1.4153874259570138 3.479175824324952 2.4581084730016647
413 1.4142597340252872 3.4742709546757773 2.456600347934149
414 1.4131313512896106 3.469366085312596 2.455091016236024
415 1.4120022763410265 3.464461216236207 2.4535804752480947
416 1.4108725077648196 3.4595563474473248 2.45206872230301
416 1.4097420441404978 3.454651478946915 2.4505557547254493
417 1.4097420441404978 3.454651478946915 2.4505557547254493
418 1.4086108840382814 3.449746610735661 2.4490415698377554
419 1.4074790260300956 3.444841742814319 2.4475261649409896
420 1.406346468680227 3.439936875183971 2.4460095373312583
421 1.405213210548462 3.435032007845615 2.444491684293876
422 1.4040792501833625 3.430127140799424 2.4429726031144425
423 1.4029445861440297 3.4252222740471 2.4414522910425616
424 1.401809216970394 3.420317407588885 2.4399307453413055
425 1.4006731411975428 3.4154125414257415 2.4384079632637516
426 1.399536189949028 3.410507675491454 2.4368842334942884
427 1.3983985295704124 3.405602809845964 2.4353592612058623
428 1.3972601585505398 3.4006979444889742 2.433833043673641
429 1.3961210754215772 3.395793079422006 2.4323055780793235
430 1.3949812786925466 3.390888214646118 2.4307768616251577
431 1.3938407668785369 3.385983350162009 2.4292468914830305
432 1.3926995384872563 3.3810784859705154 2.427715664818147
433 1.391557592009344 3.376173622072892 2.426183178806028
433 1.3904149259471983 3.3712687584695122 2.4246494305812263
434 1.3904149259471983 3.3712687584695122 2.4246494305812263
435 1.3892715387772847 3.3663638951615718 2.4231144173041583
436 1.3881274289913603 3.361459032150139 2.4215781360884416
437 1.3869825950661543 3.356554169435807 2.4200405840534076
438 1.3858370354685723 3.351649307019748 2.418501758315692
439 1.3846907486710096 3.346744444902944 2.4169616559618547
440 1.3835437331344482 3.341839583086157 2.415420274077746
441 1.382395987310307 3.3369347215704215 2.413877609745534
442 1.381247509651721 3.332029860356788 2.4123336600237226
443 1.3800982986090855 3.3271249994463687 2.4107884219548485
444 1.3789483526094537 3.322220138839463 2.409241892600733
445 1.3777976700966834 3.317315278537582 2.407694068973711
446 1.3766462494913023 3.3124104185416394 2.4061449481053248
447 1.3754940892191716 3.3075055588522266 2.4045945269963336
448 1.3743411876980158 3.302600699470646 2.403042802640887
449 1.3731875433368275 3.297695840397615 2.4014897720265203
450 1.372033154544461 3.292790981634595 2.399935432119976
451 1.3708780197181436 3.2878861231822474 2.398379779886066
452 1.3697221372484134 3.2829812650414447 2.396822812279657
453 1.3685655055251842 3.2780764072132627 2.395264526234941
454 1.367408122930972 3.273171549698791 2.3937049186770287
455 1.3662499878426737 3.2682666924990076 2.3921439865186334
456 1.3650910986293072 3.26336183561453 2.390581726663725
457 1.3639314536581073 3.2584569790469797 2.3890181359977403
458 1.3627710512860514 3.2535521227973097 2.3874532114010805
459 1.3616098898548898 3.2486472668660165 2.3858869497578583
460 1.3604479677229584 3.243742411254501 2.384319347901041
461 1.359285283225776 3.238837555963953 2.3827504026805424
462 1.3581218347035275 3.2339327009946626 2.3811801109144355
463 1.356957620478387 3.229027846348283 2.3796084694302455
464 1.355792638766133 3.22412299202488 2.3780354752176995
465 1.3546268878875818 3.2192181380249973 2.3764611250593712
466 1.353460366147271 3.214313284350284 2.374885415743701
466 1.3522930718544814 3.209408431001233 2.3733083440263263
467 1.3522930718544814 3.209408431001233 2.3733083440263263
468 1.351125003308206 3.204503577979749 2.3717299066582127
469 1.349956158793979 3.1995987252862417 2.3701501003889582
470 1.348786536599697 3.1946938729217202 2.368568921940437
471 1.3476161350033498 3.1897890208875013 2.3669863680279937
472 1.3464449522732456 3.1848841691847944 2.365402435359614
473 1.345272986683203 3.1799793178146234 2.363817120609048
474 1.3441002364864376 3.175074466777922 2.3622304204616213
475 1.3429266999333462 3.1701696160762287 2.36064233158338
476 1.341752375274056 3.1652647657102007 2.3590528506153663
477 1.3405772607456306 3.16035991568123 2.357461974197171
478 1.3394013545875811 3.1554550659902003 2.355869698938602
479 1.3382246550156882 3.1505502166384542 2.354276021466306
480 1.337047160252624 3.145645367626975 2.3526809383691685
481 1.335868868519522 3.1407405189568154 2.3510844462133056
482 1.3346897780112836 3.1358356706293 2.3494865415855375
483 1.3335098869333661 3.1309308226453347 2.3478872210279933
483 1.3323291934754578 3.1260259750063875 2.3462864810850297
484 1.3323291934754578 3.1260259750063875 2.3462864810850297
485 1.331147695821693 3.1211211277136446 2.3446843182844814
486 1.3299653921537704 3.116216280767816 2.343080729131875
487 1.328782280642561 3.111311434170324 2.3414757101259527
488 1.327598359450136 3.1064065879223355 2.3398692577542395
489 1.3264136268052127 3.1015017420244626 2.338261368359665
490 1.3252280809256576 3.0965968964770654 2.3366520382771587
491 1.3240417199563699 3.0916920512815342 2.3350412639440186
492 1.3228545420308992 3.0867872064385966 2.333429041789914
493 1.3216665452786063 3.0818823619497406 2.3318153682251843
494 1.3204777278184832 3.0769775178161143 2.3302002396507553
495 1.319288087768431 3.072072674038654 2.3285836524417114
496 1.3180976232282131 3.067167830618771 2.3269656029777446
497 1.316906332302683 3.062262987557684 2.3253460876014995
498 1.3157142130792567 3.0573581448561082 2.3237251026579413
499 1.3145212636497736 3.0524533025157696 2.322102644456751
500 1.3133274820835232 3.0475484605375653 2.3204787093184054
501 1.3121328664544056 3.042643618923159 2.318853293527257
502 1.3109374148212318 3.0377387776731273 2.3172263933647614
503 1.3097411252416586 3.0328339367889545 2.3155980050862115
504 1.308543995762917 3.0279290962721186 2.31396812493626
505 1.3073460244217008 3.0230242561235023 2.3123367491485087
506 1.3061472092475004 3.0181194163443954 2.3107038739402115
507 1.3049475482656827 3.0132145769360683 2.3090694955063347
508 1.3037470394944934 3.00830973789981 2.307433610024712
509 1.3025456809383518 3.003404899237152 2.3057962136679184
510 1.3013434705941722 2.9985000609484693 2.3041573025908395
511 1.3001404064619413 2.993595223035691 2.30251687291385
512 1.298936486522251 2.9886903855001425 2.3008749207607586
513 1.2977317087502582 2.9837855483428593 2.2992314422341615
514 1.2965260711205449 2.9788807115651714 2.297586433407099
515 1.295319571579105 2.9739758751683807 2.295939890372266
516 1.294112208092552 2.9690710391537856 2.2942918091546542
516 1.2929039785963694 2.964166203522708 2.2926421858031025
517 1.2929039785963694 2.964166203522708 2.2926421858031025
518 1.291694881027743 2.959261368276311 2.290991016331783
519 1.2904849133089946 2.9543565334160875 2.2893382967497695
520 1.2892740733645303 2.9494516989431814 2.2876840230302617
521 1.2880623591034652 2.9445468648590594 2.286028191141742
522 1.28684976842812 2.939642031164949 2.2843707970322797
523 1.285636299224521 2.934737197861965 2.2827118366463055
524 1.284421949384107 2.9298323649519125 2.2810513058865087
525 1.2832067167822265 2.924927532435843 2.2793892006506957
526 1.281990599288517 2.9200227003151915 2.2777255168140504
527 1.2807735947558234 2.9151178685912202 2.2760602502481952
528 1.279555701036767 2.9102130372652937 2.274393396791775
529 1.2783369159712157 2.9053082063388547 2.272724952272499
530 1.2771172373968989 2.90040337581318 2.271054912487882
531 1.2758966631360973 2.8954985456898856 2.2693832732291024
532 1.2746751909953558 2.8905937159700636 2.267710030280644
533 1.273452818791223 2.885688886655418 2.266035179375196
533 1.2722295443112657 2.880784057746813 2.264358716261659
534 1.2722295443112657 2.880784057746813 2.264358716261659
535 1.2710053653475157 2.875879229246139 2.262680636646897
536 1.269780279676687 2.8709744011548577 2.261000936229588
537 1.268554285067515 2.8660695734740025 2.2593196106869518
538 1.2673273792798703 2.861164746205519 2.2576366556771705
539 1.2660995600663638 2.8562599193503244 2.255952066834784
540 1.264870825166939 2.8513550929101776 2.2542658397815862
541 1.2636411723105898 2.846450266886413 2.2525779701223483
542 1.2624105992249173 2.8415454412804104 2.250888453427938
543 1.261179103615564 2.8366406160938284 2.2491972852719426
544 1.259946683192816 2.831735791327998 2.2475044611825394
545 1.2587133356438367 2.8268309669846157 2.2458099766923345
546 1.257479058654501 2.821926143064827 2.244113827298468
547 1.2562438498999586 2.817021319570346 2.2424160084801055
548 1.2550077070386545 2.812116496502259 2.240716515707935
549 1.2537704889411403 2.80721167379844 2.2390155922151616
550 1.2525323324298507 2.802306851517464 2.237312985031793
551 1.251293235106732 2.7974020296612974 2.2356086896151774
552 1.25005319460656 2.7924972082311896 2.2339027013247192
553 1.2488122085476563 2.7875923872287145 2.2321950155104817
554 1.2475702745314017 2.7826875666556297 2.2304856275137137
555 1.246327390155992 2.7777827465131684 2.2287745326414576
556 1.2450835529984672 2.772877926803262 2.227061726199411
557 1.2438387606375636 2.7679731075275322 2.225347203450013
558 1.2425930106367877 2.7630682886870894 2.2236309596422954
559 1.2413463005472292 2.758163470284058 2.2219129900078345
560 1.240098627911607 2.7532586523200946 2.2201932897520664
561 1.2388499902588506 2.7483538347962586 2.218471854063627
562 1.2376003851144648 2.743449017714639 2.2167486780968475
563 1.2363498099839805 2.7385442010770102 2.2150237570000466
564 1.2350982623665412 2.7336393848844134 2.2132970858906034
565 1.2338457397539369 2.7287345691392657 2.211568659858121
566 1.2325922396193603 2.723829753842804 2.2098384739822445
566 1.2313377594287576 2.71892493899665 2.2081065233133224
567 1.2313377594287576 2.71892493899665 2.2081065233133224
568 1.2300822966411125 2.7140201246028477 2.20637280287165
569 1.2288258486938775 2.7091153106628565 2.2046373076725096
570 1.2275684130271842 2.7042104971784044 2.2029000326831643
571 1.2263099870586835 2.699305684151407 2.20116097286765
572 1.2250505681973909 2.6944008715832353 2.1994201231610626
573 1.2237901538459588 2.689496059475879 2.1976774784661424
574 1.2225287413852728 2.6845912478311647 2.1959330336800087
575 1.2212663281952347 2.679686436650634 2.1941867836564577
576 1.2200029116370674 2.674781625936201 2.1924387232379887
577 1.2187384890656618 2.6698768156892316 2.1906888472325803
578 1.2174730578203616 2.6649720059120217 2.1889371504311668
579 1.216206615225198 2.6600671966059783 2.187183627605437
580 1.2149391586023033 2.6551623877733252 2.1854282734848147
581 1.213670685254899 2.6502575794154946 2.183671082785425
582 1.2124011924710703 2.64535277153452 2.181912050204159
583 1.211130677534565 2.6404479641323544 2.1801511703983714
583 1.2098591377132455 2.635543157210567 2.1783884380061025
584 1.2098591377132455 2.635543157210567 2.1783884380061025
585 1.2085865702600007 2.630638350771037 2.176623847644702
586 1.207312972421018 2.625733544815799 2.174857393895495
587 1.206038341422929 2.6208287393466474 2.1730890713262863
588 1.2047626744837174 2.615923934365435 2.1713188744716456
589 1.2034859688099757 2.611019129874087 2.1695467978375356
590 1.2022082215957333 2.606114325874323 2.1677728359028654
591 1.2009294300185502 2.601209522368393 2.165996983126821
592 1.1996495912618212 2.5963047193579807 2.164219233907397
593 1.1983687025709555 2.591399916844093 2.162439582479547
594 1.1970867610884854 2.5864951148290762 2.160658023213983
595 1.1958037639414723 2.5815903133146145 2.158874550457569
596 1.1945197082432861 2.576685512302554 2.1570891585304546
597 1.1932345910943956 2.571780711795246 2.155301841724596
598 1.1919484095785122 2.5668759117942654 2.1535125943092996
599 1.1906611607723991 2.561971112301758 2.151721410514281
600 1.189372841737133 2.557066313319635 2.1499282845444188
601 1.1880834495145418 2.5521615148500065 2.1481332105862054
602 1.1867929811401277 2.5472567168948292 2.1463361827837337
603 1.1855014336307617 2.542351919456332 2.1445371952609356
604 1.1842088039909209 2.5374471225361077 2.142736242109176
605 1.1829150892115143 2.5325423261365025 2.1409333173901754
606 1.1816202862703713 2.527637530259868 2.139128415134123
607 1.180324392129596 2.5227327349077413 2.137321529343395
608 1.1790274037326276 2.5178279400824537 2.135512653998864
609 1.1777293180121673 2.512923145786074 2.1337017830442706
610 1.1764301318928758 2.5080183520210326 2.1318889103814707
611 1.1751298422750145 2.5031135587888347 2.1300740298985903
612 1.1738284460486699 2.4982087660920116 2.128257135445523
613 1.1725259400881625 2.4933039739325715 2.126438220842346
614 1.1712223212517383 2.488399182313041 2.1246172798803697
615 1.1699175863883922 2.4834943912352525 2.122794306308321
616 1.1686117323220366 2.4785896007014374 2.120969293861588
616 1.1673047558687846 2.473684810713869 2.119142236230153
617 1.1673047558687846 2.473684810713869 2.119142236230153
618 1.1659966538276374 2.4687800212745588 2.117313127074809
619 1.1646874229811863 2.463875232385999 2.11548196002611
620 1.1633770600952507 2.4589704440504714 2.113648728684013
621 1.1620655619261733 2.454065656269778 2.1118134266039683
622 1.1607529252088704 2.449160869046648 2.109976047319404
623 1.1594391466606728 2.444256082383223 2.1081365843330206
624 1.158124222992085 2.439351296281788 2.106295031097419
625 1.156808150886362 2.4344465107447837 2.1044513810518004
626 1.155490927016029 2.429541725774263 2.1026056275910165
627 1.1541725480389564 2.424636941373049 2.100757764073254
628 1.1528530105966073 2.4197321575430046 2.0989077838212706
629 1.1515323113056486 2.414827374287008 2.0970556801389186
630 1.1502104467423109 2.4099225916066707 2.095201446337221
631 1.1488874134803635 2.4050178095046304 2.0933450756667518
632 1.1475632080911635 2.4001130279831995 2.091486561315873
633 1.1462378271337414 2.395208247044765 2.0896258964286436
633 1.1449112671424055 2.390303466692172 2.087763074127266
634 1.1449112671424055 2.390303466692172 2.087763074127266
635 1.1435835246438997 2.3853986869272927 2.0858980874790776
636 1.1422545961416717 2.380493907753174 2.084030929526613
637 1.1409244781195373 2.3755891291720137 2.0821615932786726
638 1.1395931670492379 2.37068435118642 2.0802900716971315
639 1.1382606593790086 2.365779573799088 2.0784163577170163
640 1.1369269515445348 2.360874797012085 2.0765404442253708
641 1.1355920399618062 2.355970020828598 2.074662324075323
642 1.1342559210303105 2.3510652452505267 2.0727819900776163
643 1.1329185911253976 2.346160470281039 2.0708994350162913
644 1.1315800466093495 2.341255695922546 2.06901465162615
645 1.1302402838237071 2.3363509221777052 2.0671276326071255
646 1.12889929909197 2.331446149049034 2.065238370618471
647 1.1275570887194641 2.326541376539585 2.063346858279056
648 1.1262136489906232 2.321636604651606 2.0614530881706052
649 1.1248689761756032 2.316731833387967 2.0595570528263036
650 1.1235230665195175 2.311827062751432 2.0576587447492978
651 1.12217591625172 2.3069222927445847 2.05575815639507
652 1.1208275215787877 2.302017523370363 2.0538552801841994
653 1.1194778786920467 2.2971127546315864 2.0519501084875755
654 1.1181269837600556 2.2922079865309404 2.0500426336395767
655 1.1167748329323106 2.2873032190711093 2.048132847930811
656 1.1154214223355736 2.282398452255002 2.0462207436144655
657 1.114066748082405 2.277493686085566 2.0443063128898853
658 1.1127108062612094 2.2725889205654464 2.0423895479199246
659 1.11135359293955 2.2676841556977863 2.040470440824978
660 1.109995104165703 2.2627793914853536 2.0385489836787243
661 1.1086353359663474 2.257874627931033 2.036625168512192
662 1.107274284344098 2.2529698650379975 2.034698987317818
663 1.105911945286427 2.2480651028088867 2.032770432031681
664 1.104548314758334 2.2431603412469334 2.030839494547342
665 1.1031833886998343 2.2382555803547652 2.028906166718735
666 1.101817163031769 2.233350820135825 2.0269704403501203
666 1.1004496336509468 2.228446060592958 2.0250323072030776
667 1.1004496336509468 2.228446060592958 2.0250323072030776
668 1.0990807964362888 2.2235413017290897 2.023091758985149
669 1.0977106472419391 2.218636543547691 2.0211487873622636
670 1.096339181900218 2.213731786051438 2.0192033839514076
671 1.094966396219517 2.2088270292435532 2.0172555403250305
672 1.0935922859890004 2.2039222731274535 2.0153052480013756
673 1.092216846973089 2.1990175177060913 2.0133524984533335
674 1.0908400749100282 2.194112762982658 2.0113972831110254
675 1.0894619655222935 2.189208008960305 2.009439593341644
676 1.0880825145011361 2.184303255642333 2.0074794204774
677 1.086701717521717 2.179398503032269 2.005516755786958
678 1.0853195702261698 2.174493751132821 2.003551590504977
679 1.0839360682444685 2.1695889999476194 2.001583915794465
680 1.0825512071735175 2.164684249480064 1.9996137227835504
681 1.0811649825883638 2.1597794997332573 1.997641002543974
682 1.079777390043693 2.154874750710752 1.9956657460882334
683 1.07838842506381 2.1499700024157065 1.9936879443865405
683 1.076998083148717 2.145065254851697 1.9917075883555646
684 1.076998083148717 2.145065254851697 1.9917075883555646
685 1.0756062514910831 2.140160507963804 1.9897248691116838
686 1.0742130342052987 2.135255761808853 1.98773957661807
687 1.0728184266966947 2.130351016390793 1.9857517016652453
688 1.0714224243717854 2.125446271712675 1.9837612349385938
689 1.0700250226084025 2.1205415277785375 1.981768167074531
690 1.0686262167564495 2.1156367845915685 1.9797724886565675
691 1.0672260021391955 2.110732042155399 1.9777741902132755
692 1.0658243740492455 2.1058273004740085 1.9757732622248239
693 1.0644213278026287 2.1009225595505865 1.9737696950207597
694 1.063016858687133 2.0960178193885133 1.9717634788757503
695 1.0616109619190277 2.091113079991957 1.9697546040895655
696 1.0602036326861382 2.086208341364428 1.9677430609050057
697 1.0587948661492868 2.0813036035094847 1.9657288395049959
698 1.057384657440917 2.076398866431164 1.9637119300146324
699 1.0559730016677527 2.0714941301330367 1.961692322494438
700 1.054559893905135 2.0665893946192746 1.9596700069509552
700 1.054559893905135 2.0665893946192746 1.9596700069509552
701 1.0531453292023312 2.061684659893357 1.9576449733247256
702 1.0517293025803938 2.056779925959409 1.95561721149458
703 1.0503118090308923 2.051875192821137 1.953586711278028
704 1.04889284351218 2.046970460482765 1.951553462438125
705 1.0474724009628813 2.0420657289481086 1.9495174546565184
706 1.04605047628238 2.037160998221233 1.9474786775693835
707 1.0446270643456954 2.032256268306178 1.9454371207384777
708 1.0432021599941526 2.0273515392069763 1.9433927736675125
709 1.0417757580411855 2.0224468109276894 1.9413456257903574
710 1.0403478532719803 2.0175420834726476 1.939295666470893
711 1.0389184404331784 2.0126373568456137 1.9372428850203505
712 1.0374875142484115 2.0077326310511237 1.9351872706685902
713 1.036055069407362 2.0028279060934664 1.9331288125824353
714 1.03462110056642 1.9979231819765193 1.9310674998632098
715 1.0331856023485073 1.993018458705015 1.9290033215471998
716 1.0317485693492068 1.9881137362827246 1.9269362665913474
716 1.0303099961302176 1.9832090147144672 1.9248663238862875
717 1.0303099961302176 1.9832090147144672 1.9248663238862875
718 1.028869877220008 1.9783042940045619 1.9227934822525006
719 1.0274282071129468 1.973399574157038 1.9207177304409935
720 1.0259849802711232 1.9684948551769348 1.9186390571300052
721 1.0245401911230427 1.9635901370682542 1.9165574509242806
722 1.0230938340622537 1.95868541983608 1.9144729003585188
723 1.0216459034504592 1.9537807034843382 1.9123853938881663
724 1.0201963936143785 1.9488759880178712 1.9102949198961017
725 1.018745298843182 1.9439712734415078 1.9082014666953062
726 1.0172926133948568 1.9390665597595869 1.9061050225152363
727 1.015838331490728 1.9341618469769688 1.9040055755118184
728 1.01438244731623 1.9292571350983605 1.901903113764075
729 1.0129249550184243 1.924352424128818 1.8997976252779907
730 1.0114658487103705 1.9194477140727535 1.8976890979760406
731 1.01000512247267 1.9145430049352152 1.8955775196942344
732 1.0085427703427483 1.909638296720858 1.8934628781998775
733 1.0070787863228219 1.904733589434997 1.8913451611763266
733 1.005613164379319 1.8998288830823562 1.8892243562214721
734 1.005613164379319 1.8998288830823562 1.8892243562214721
735 1.0041458984368088 1.8949241776679335 1.8871004508586176
736 1.002676982385975 1.8900194731969218 1.884973432520035
737 1.0012064100771674 1.8851147696742425 1.8828432885572002
738 0.9997341753191596 1.8802100671051625 1.8807100062423252
739 0.9982602718889041 1.8753053654949254 1.8785735727481974
740 0.9967846935159852 1.8704006648485583 1.8764339751757666
741 0.9953074338923503 1.8654959651714211 1.8742912005349173
742 0.9938284866722442 1.860591266468726 1.872145235742606
743 0.9923478454657771 1.855686568745914 1.8699960676338372
744 0.9908655038435171 1.8507818720084164 1.8678436829512453
745 0.9893814553354913 1.8458771762614907 1.865688068345256
746 0.9878956934288546 1.84097248151074 1.8635292103774328
747 0.9864082115653787 1.8360677877616423 1.8613670955231585
748 0.984919003152469 1.8311630950198479 1.8592017101495373
749 0.9834280615467079 1.8262584032908544 1.8570330405444875
750 0.9819353800646132 1.8213537125805472 1.8548610728953454
751 0.9804409519806859 1.816449022894289 1.8526857932899479
752 0.978944770521035 1.811544334238115 1.8505071877282064
753 0.9774468288680392 1.8066396466176537 1.8483252421104945
754 0.975947120163517 1.8017349600388743 1.8461399422306806
755 0.9744456374990136 1.7968302745076856 1.8439512737923305
756 0.9729423739225838 1.7919255900300104 1.8417592223941852
757 0.9714373224348947 1.7870209066119194 1.839563773535873
758 0.9699304759904104 1.782116224259203 1.8373649126134095
759 0.9684218274959071 1.7772115429783393 1.8351626249211637
760 0.9669113698102502 1.7723068627753222 1.8329568956492108
761 0.9653990957466613 1.7674021836564613 1.830747709877968
762 0.9638849980683536 1.762497505627692 1.8285350525838404
763 0.9623690694876769 1.757592828695632 1.8263189086400058
764 0.9608513026715767 1.7526881528668126 1.824099262803299
765 0.9593316902337071 1.7477834781472956 1.8218760997267902
766 0.9578102247379725 1.7428788045438033 1.8196494039522302
766 0.9562868986977209 1.7379741320628896 1.8174191599086809
767 0.9562868986977209 1.7379741320628896 1.8174191599086809
768 0.9547617045752309 1.7330694607108958 1.815185351911376
769 0.9532346347823711 1.7281647904948416 1.8129479641593085
770 0.9517056816756171 1.7232601214212324 1.8107069807413367
771 0.9501748375586987 1.7183554534970495 1.8084623856300501
772 0.9486420946856619 1.7134507867287572 1.8062141626727193
773 0.9471074452520976 1.70854612112354 1.8039622956070898
774 0.9455708814036087 1.7036414566884688 1.8017067680421561
775 0.944032395225512 1.6987367934301103 1.7994475634751002
776 0.9424919787524452 1.6938321313561897 1.797184665272458
777 0.9409496239591758 1.6889274704733641 1.7949180566829581
778 0.9394053227666355 1.6840228107891078 1.7926477208256655
779 0.9378590670371351 1.6791181523106202 1.7903736406955637
780 0.9363108485740163 1.6742134950453176 1.7880957991623327
781 0.9347606591249888 1.669308839000379 1.7858141789610469
782 0.9332084903785699 1.6644041841836001 1.783528762697401
783 0.9316543339607942 1.6594995306024405 1.7812395328504695
783 0.9300981814617643 1.6545948782643878 1.7789464717197785
784 0.9300981814617643 1.6545948782643878 1.7789464717197785
785 0.9285400244396433 1.6496902271775649 1.7766495614156452
786 0.9269798543384141 1.6447855773495839 1.774348784012645
787 0.9254176625417678 1.6398809287880534 1.772044121444504
788 0.9238534403705289 1.6349762815010842 1.7697355555068843
789 0.9222871790811379 1.6300716354967075 1.7674230678569398
790 0.9207188698671832 1.625166990782762 1.765106640007495
791 0.9191485038553142 1.6202623473676165 1.7627862533328638
792 0.917576072110858 1.6153577052594887 1.7604618890544994
793 0.9160015656285834 1.6104530644662285 1.758133528255593
794 0.9144249753410958 1.605548424996647 1.7558011518634982
795 0.9128462921100439 1.600643786858966 1.753464740661956
796 0.9112655067312793 1.5957391500619655 1.7511242752794427
797 0.9096826099299619 1.590834514613799 1.7487797361942319
798 0.9080975923637519 1.5859298805235111 1.7464311037268376
799 0.9065104446195393 1.581025247799777 1.7440783580417876
800 0.9049211572106257 1.5761206164516024 1.7417214791506428
801 0.9033297205819296 1.571215986487544 1.739360446897904
802 0.9017361251037407 1.5663113579169146 1.7369952409710963
803 0.9001403610739078 1.5614067307488455 1.7346258408922106
804 0.8985424187158938 1.5565021049924708 1.732252226018296
805 0.8969422881784137 1.5515974806571222 1.7298743755389632
806 0.8953399595344146 1.5466928577521448 1.727492268474692
807 0.8937354227816541 1.5417882362871713 1.725105883672512
808 0.8921286678375614 1.5368836162713146 1.7227151998114583
809 0.8905196845440861 1.5319789977148133 1.7203201953914484
810 0.8889084626605387 1.5270743806271725 1.7179208487413626
811 0.8872949918700368 1.522169765018411 1.7155171380042737
812 0.885679261771847 1.5172651508984274 1.713109041147763
813 0.8840612618855381 1.5123605382772025 1.7106965359522925
814 0.8824409816490707 1.507455927164956 1.7082796000111895
815 0.8808184104143821 1.5025513175718952 1.7058582107349665
816 0.8791935374489094 1.497646709508568 1.7034323453447784
816 0.8775663519361837 1.4927421029853531 1.7010019808666328
817 0.8775663519361837 1.4927421029853531 1.7010019808666328
818 0.8759368429720742 1.487837498012844 1.6985670941349795
819 0.8743049995652591 1.4829328946016416 1.6961276617873828
820 0.8726708106357829 1.4780282927630326 1.6936836602638485
821 0.8710342650164279 1.4731236925074436 1.6912350657980832
822 0.8693953514464036 1.4682190938461397 1.6887818544273092
823 0.8677540585738414 1.4633144967902227 1.6863240019818384
824 0.8661103749567617 1.458409901350966 1.6838614840790624
825 0.8644642890573294 1.4535053075396425 1.6813942761298368
826 0.8628157892449545 1.4486007153681169 1.6789223533284894
827 0.8611648637909018 1.4436961248477003 1.676445690657256
828 0.8595115008707381 1.4387915359904506 1.673964262878235
829 0.8578556885624287 1.4338869488078752 1.6714780445307114
830 0.8561974148451594 1.4289823633120904 1.6689870099298505
831 0.8545366675955166 1.4240777795156103 1.6664911331688792
832 0.8528734345911765 1.4191731974302146 1.6639903881054674
833 0.8512077035044465 1.4142686170688008 1.661484748371304
833 0.8495394619058767 1.4093640384434514 1.6589741873575257
834 0.8495394619058767 1.4093640384434514 1.6589741873575257
835 0.8478686972599252 1.4044594615671238 1.656458678219805
836 0.8461953969239256 1.3995548864526806 1.6539381938737996
837 0.8445195481487439 1.3946503131127876 1.6514127069882225
838 0.84284113807625 1.3897457415608385 1.6488821899852628
839 0.8411601537350718 1.3848411718100029 1.6463466150420702
840 0.8394765820465746 1.3799366038737542 1.6438059540738856
841 0.8377904098159279 1.3750320377653356 1.6412601787449987
842 0.8361016237344647 1.3701274734987334 1.6387092604593105
843 0.8344102103779821 1.365222911087778 1.6361531703565102
844 0.8327161562042582 1.3603183505463807 1.6335918793110413
845 0.8310193947162616 1.3554137918510516 1.6310254615824413
846 0.8293199440743544 1.3505092350360075 1.6284538249509708
847 0.8276178116338422 1.3456046801308212 1.6258768977849751
848 0.8259129833662981 1.3407001271501668 1.6232946498621115
849 0.8242054451235963 1.3357955761088882 1.620707050665717
850 0.8224951826310526 1.33089102702187 1.6181140693912963
851 0.8207821814837687 1.3259864799046888 1.6155156749475692
852 0.8190664271467577 1.321081934772362 1.6129118359476535
853 0.8173479049557287 1.3161773916403903 1.6103025207016104
854 0.8156266001118334 1.3112728505248783 1.6076876972196408
855 0.8139024976828436 1.3063683114412268 1.6050673332007444
856 0.812175582599896 1.3014637744060482 1.6024413960339305
857 0.8104458396548588 1.2965592394351522 1.599809852793263
858 0.8087132535582486 1.2916547065460413 1.5971726701187396
859 0.8069778088287975 1.2867501757549957 1.5945298144226703
860 0.8052394898339104 1.2818456470793154 1.5918812518046157
861 0.8034982807931202 1.276941120535848 1.5892269480345371
862 0.801754165781377 1.272036596141909 1.586566868539064
863 0.8000071287263423 1.2671320739150094 1.5839009783979763
864 0.7982571533982692 1.2622275538727505 1.581229242355434
865 0.7965042234186545 1.2573230360331167 1.5785516247943974
866 0.7947483222511 1.2524185204142313 1.575868089745436
866 0.7929894332037402 1.247514007034407 1.573178600872841
867 0.7929894332037402 1.247514007034407 1.573178600872841
868 0.7912275394238152 1.242609495912259 1.570483121476216
869 0.7894626238957474 1.2377049870665655 1.5677816144846533
870 0.7876946694428787 1.2328004805162232 1.5650740424435767
871 0.7859236587206859 1.227895976280942 1.5623603675192723
872 0.7841495742161472 1.222991474379733 1.5596405514882306
873 0.7823723982449026 1.2180869748328473 1.5569145557350745
874 0.780592112948999 1.2131824776598117 1.5541823412441735
875 0.7788087002978863 1.2082779828812973 1.5514438685894796
876 0.7770221420788999 1.2033734905176334 1.5486990979408168
877 0.7752324199020827 1.1984690005897534 1.5459479890445351
878 0.7734395151921534 1.1935645131184225 1.5431905012273561
879 0.7716434091905492 1.1886600281252757 1.540426593382266
880 0.769844082948295 1.1837555456318218 1.537656223969869
881 0.7680415173254004 1.178851065659829 1.534879351008285
882 0.7662356929895903 1.173946588231787 1.5320959320642555
883 0.764426590412036 1.1690421133698339 1.5293059242480103
883 0.7626141898638432 1.1641376410967381 1.526509284209074
884 0.7626141898638432 1.1641376410967381 1.526509284209074
885 0.7607984714125843 1.1592331714358648 1.5237059681304324
886 0.7589794149230211 1.1543287044102257 1.520895931712855
887 0.7571570000520891 1.14942424004386 1.5180791301735104
888 0.7553312062435017 1.1445197783603442 1.5152555182413276
889 0.7535020127277288 1.1396153193843441 1.5124250501453325
890 0.7516693985194318 1.1347108631403406 1.5095876796040761
891 0.749833342408902 1.129806409653383 1.5067433598295137
892 0.7479938229661102 1.1249019589487559 1.5038920435038439
893 0.7461508185320243 1.119997511052142 1.5010336827822868
894 0.7443043072160993 1.1150930659895457 1.498168229282855
895 0.7424542668969228 1.1101886237872916 1.4952956340695693
896 0.7406006752109793 1.1052841844724117 1.492415847659797
897 0.7387435095556139 1.1003797480716007 1.4895288200007695
898 0.7368827470835492 1.0954753146127898 1.4866345004663037
899 0.7350183646985731 1.0905708841234716 1.4837328378464512
900 0.7331503390503536 1.0856664566321932 1.4808237803428586
901 0.7312786465048284 1.0807620321680917 1.4779072756105094
902 0.7294032631908236 1.0758576107603575 1.4749832706450283
903 0.7275241649781132 1.070953192438564 1.4720517118091636
904 0.725641327465599 1.0660487772326155 1.4691125448380067
905 0.7237547259804371 1.061144365172784 1.4661657148218283
906 0.7218643355730583 1.056239956290182 1.4632111661974223
907 0.7199701310102393 1.0513355506156532 1.4602488427408127
908 0.718072086775322 1.0464311481813378 1.4572786875487562
909 0.7161701770963153 1.0415267490198197 1.4543006429598204
910 0.7142643758921238 1.0366223531646213 1.4513146506430046
911 0.7123546567570751 1.0317179606487235 1.4483206516056462
912 0.7104409929797437 1.0268135715057767 1.445318586134927
913 0.7085233575390396 1.0219091857697862 1.4423083937828811
914 0.706601723098109 1.0170048034757855 1.4392900133567579
915 0.7046760619988242 1.0121004246585643 1.4362633829049427
916 0.7027463462582042 1.0071960493538805 1.4332284397019333
916 0.7008125475603095 1.0022916775981876 1.4301851202399223
917 0.7008125475603095 1.0022916775981876 1.4301851202399223
918 0.6988746372545159 0.9973873094281934 1.427133360206582
919 0.6969325863456532 0.99248294488141 1.4240730944802953
920 0.6949863654905971 0.987578583995521 1.4210042571099657
921 0.6930359449914467 0.9826742268092048 1.4179267813032883
922 0.6910812947898424 0.9777698733619073 1.4148405994105901
923 0.6891223844614903 0.9728655236929177 1.4117456429066026
924 0.687159183208941 0.9679611778431867 1.4086418423791387
925 0.6851916598535976 0.9630568358532423 1.4055291275130453
926 0.683219782832328 0.9581524977651741 1.4024074270699485
927 0.6812435201882789 0.953248163621209 1.3992766688742297
928 0.6792628395656192 0.9483438334644677 1.3961367797934048
929 0.6772777081999941 0.9434395073385979 1.3929876857249355
930 0.6752880929141253 0.9385351852883643 1.3898293115731206
931 0.6732939601083849 0.9336308673586081 1.3866615812331287
932 0.6712952757535803 0.9287265535956352 1.3834844175732781
933 0.6692920053846552 0.9238222440459806 1.3802977424107163
933 0.6672841140903301 0.9189179387572058 1.377101476497629
934 0.6672841140903301 0.9189179387572058 1.377101476497629
935 0.6652715665065393 0.9140136377776003 1.3738955394971264
936 0.663254326807746 0.9091093411562611 1.3706798499631647
937 0.6612323586979872 0.904205048943077 1.3674543253199525
938 0.6592056254034196 0.8993007611891466 1.3642188818379606
939 0.6571740896617885 0.8943964779456904 1.3609734346130222
940 0.6551377137385496 0.889492199266429 1.357717897494457
941 0.6530964594054477 0.8845879252059581 1.354452183083722
942 0.6510502878816473 0.8796836558185747 1.3511762028104501
943 0.648999159858678 0.8747793911599354 1.347889866838074
944 0.6469430354922834 0.8698751312859255 1.344593084032514
945 0.6448818743835626 0.8649708762546168 1.3412857619566925
946 0.6428156355458687 0.8600666261256489 1.3379678068895977
947 0.6407442774629638 0.8551623809584958 1.3346391236524555
948 0.6386677580430864 0.8502581408135748 1.331299615654332
949 0.6365860346006237 0.8453539057524934 1.3279491848778064
950 0.6344990638493206 0.8404496758378114 1.3245877318384813
950 0.6344990638493206 0.8404496758378114 1.3245877318384813
951 0.6324068018876201 0.835545451133554 1.3212151555606324
952 0.6303092041880803 0.8306412317047255 1.3178313535413126
953 0.6282062255841527 0.8257370176173883 1.3144362217193195
954 0.626097820256009 0.8208328089393756 1.3110296544455948
955 0.6239839417176293 0.8159286057389449 1.3076115444460847
956 0.6218645428569167 0.8110244080887553 1.3041817826802227
957 0.6197395758241899 0.80612021606028 1.3007402585000691
958 0.6176089920316927 0.8012160297275873 1.2972868595904006
959 0.6154727421565165 0.796311849166636 1.2938214718924654
960 0.6133307761707234 0.7914076744525591 1.2903439794651153
961 0.6111830432932149 0.7865035056627158 1.2868542645175953
962 0.6090294919719395 0.781599342875544 1.2833522073698782
963 0.6068700698688537 0.7766951861711902 1.279837686407959
964 0.6047047238398937 0.7717910356312737 1.2763105780460533
965 0.6025333999235721 0.7668868913390585 1.2727707566689808
966 0.6003560433163436 0.7619827533798077 1.2692180946004048
966 0.5981725983584846 0.7570786218400792 1.2656524620446796
967 0.5981725983584846 0.7570786218400792 1.2656524620446796
968 0.5959830085121927 0.7521744968082971 1.2620737270447016
969 0.5937872163432759 0.7472703783750755 1.2584817554291519
970 0.5915851635024246 0.7423662666321509 1.2548764107555384
971 0.5893767907007512 0.7374621616739666 1.2512575542670188
972 0.5871620376934308 0.7325580635964611 1.2476250448244146
973 0.5849408432516134 0.7276539724975977 1.2439787388629928
974 0.5827131451460765 0.7227498884777557 1.2403184903209525
975 0.5804788801178284 0.7178458116391883 1.2366441505907613
976 0.5782379838598841 0.7129417420863479 1.2329555684448161
977 0.5759903909858625 0.7080376799260376 1.2292525899853357
978 0.5737360350121674 0.7031336252671874 1.225535058560991
979 0.5714748483260935 0.6982295782215527 1.2218028147113322
980 0.5692067621580906 0.693325538902851 1.2180556960956972
981 0.5669317065594955 0.6884215074279292 1.2142935374098434
982 0.5646496103665879 0.6835174839154133 1.2105161703231369
983 0.5623604011755965 0.6786134684874795 1.2067234233933608
983 0.5600640053110647 0.6737094612685619 1.202915121985705
984 0.5600640053110647 0.6737094612685619 1.202915121985705
985 0.5577603477925905 0.6688054623859646 1.1990910881937908
986 0.5554493523035676 0.6639014719702758 1.1952511407510586
987 0.5531309411559515 0.6589974901547742 1.191395094943666
988 0.5508050352568078 0.6540935170759072 1.1875227625160365
989 0.5484715540705256 0.6491895528737184 1.1836339515799974
990 0.5461304155829885 0.6442855976908644 1.1797284665112384
991 0.543781536261781 0.6393816516740741 1.1758061078526034
992 0.5414248310166722 0.634477714973587 1.1718666722067084
993 0.5390602131589199 0.6295737877425561 1.167909952124313
994 0.5366875957372598 0.6246698701407369 1.1639357330079783
995 0.5343068899068293 0.6197659623301885 1.1599437964168147
996 0.5319180016776499 0.6148620644740782 1.1559339269113393
997 0.5295208372984651 0.6099581767411388 1.1519059001588168
998 0.5271153014146694 0.6050542993058784 1.1478594866854304
999 0.5247012967889291 0.6001504323460125 1.1437944522318082
1000 0.52227872425357 0.5952465760447243 1.1397105576058808
1001 0.5198474826569404 0.5903427305893731 1.1356075585326135
1002 0.5174074688016911 0.5854388961726988 1.131485205516201
1003 0.5149585773890785 0.5805350729921951 1.1273432436752482
1004 0.5125007009610153 0.5756312612506096 1.1231814125741
1005 0.5100337298307052 0.5707274611564969 1.1189994460678858
1006 0.5075575520216489 0.5658236729236495 1.1147970721151155
1007 0.5050720531984086 0.5609198967717912 1.1105740125982455
1008 0.5025771165955444 0.5560161329269625 1.106329983134556
1009 0.50007262294302 0.5511123816210618 1.102064692879333
1010 0.49755845039275143 0.5462086430929963 1.0977778443152608
1011 0.4950344744371749 0.5413049175880268 1.0934691330406001
1012 0.49250056782667895 0.5364012053584355 1.0891382475465614
1013 0.4899566004836827 0.5314975066641773 1.0847848689853052
1014 0.4874024394130298 0.5265938217723605 1.0804086709260794
1015 0.48483794861023277 0.5216901509579935 1.0760093191001159
1016 0.4822629889648631 0.516786494504511 1.0715864711363186
1016 0.47967741815467063 0.5118828527034325 1.0671397762951962
1017 0.47967741815467063 0.5118828527034325 1.0671397762951962
1018 0.4770810905467157 0.5069792258555204 1.062668875168669
1019 0.47447385708301115 0.5020756142702905 1.0581733993880515
1020 0.47185556516844906 0.4971720182672028 1.0536529713064122
1021 0.46922605854901284 0.49226843817534033 1.0491072036740274
1022 0.4665851771870901 0.4873648743341811 1.0445356992958197
1023 0.46393275713413595 0.4824613270940973 1.03993805066583
1024 0.46126863039112925 0.47755779681692817 1.0353138395992518
1025 0.45859262476589546 0.4726542838753834 1.030662636837359
1026 0.4559045637271093 0.4677507886555223 1.0259840016330781
1027 0.4532042662439724 0.46284731155541187 1.0212774813250507
1028 0.45049154662707397 0.4579438529865349 1.0165426108775135
1029 0.44776621435536923 0.45304041337460027 1.0117789124104062
1030 0.44502807389588744 0.44813699315941463 1.0069858947016779
1031 0.4422769245180348 0.4432335927963762 1.002163052660692
1032 0.43951256009555545 0.4383302127567655 0.9973098667793865
1033 0.43673476889786206 0.4334268535282684 0.9924258025575993
1033 0.4339433333776967 0.42852351561604934 0.9875103098843322
1034 0.4339433333776967 0.42852351561604934 0.9875103098843322
1035 0.43113802993856765 0.4236201995437089 0.9825628224076406
1036 0.4283186286946625 0.41871690585401194 0.9775827568604415
1037 0.4254848932222579 0.4138136351094969 0.9725695123406782
1038 0.42263658029048323 0.40891038789419043 0.9675224695721828
1039 0.41977343958419905 0.40400716481383114 0.9624409901065085
1040 0.4168952134077702 0.3991039664978242 0.9573244154939621
1041 0.41400163637475723 0.3942007935996061 0.9521720663992079
1042 0.4110924350806242 0.38929764679858525 0.9469832416698095
1043 0.40816732775742853 0.3843945268011846 0.94175721734795
1044 0.40522602390671636 0.3794914343424039 0.9364932456306493
1045 0.4022682239144354 0.3745883701869622 0.9311905537600682
1046 0.39929361864093454 0.36968533513168866 0.9258483428560095
1047 0.3963018889906325 0.36478233000641364 0.9204657866645599
1048 0.39329270544966355 0.35987935567654616 0.9150420302484001
1049 0.39026572760458755 0.35497641304488453 0.9095761885720651
1050 0.3872206036231514 0.35007350305320534 0.9040673450163356
1051 0.38415696970722657 0.34517062668585774 0.8985145497917659
1052 0.3810744495125998 0.3402677849707779 0.8929168182384984
1053 0.3779726535288215 0.3353649789827856 0.8872731290260212
1054 0.37485117841868626 0.3304622098471743 0.881582422232825
1055 0.3717096063174675 0.32555947874121627 0.875843597281595
1056 0.3685475040853617 0.32065678689942034 0.8700555107412989
1057 0.36536442250431106 0.315754135614796 0.8642169739749914
1058 0.3621598954252524 0.3108515262451737 0.8583267506198282
1059 0.3589334388554246 0.30594896021581747 0.8523835538740405
1060 0.3556845499761545 0.30104643902405936 0.8463860436002685
1061 0.3524127060987528 0.29614396424539075 0.8403328231939672
1062 0.3491173635327935 0.29124153753724996 0.8342224362320865
1063 0.34579795637935484 0.28633916064589243 0.8280533628480047
1064 0.34245389523158903 0.2814368354128586 0.8218240158212631
1065 0.3390845657698093 0.2765345637808252 0.8155327363633332
1066 0.33568932725416534 0.271632347802297 0.8091777895477507
1066 0.33226751089097584 0.2667301896473232 0.8027573593701226
1067 0.33226751089097584 0.2667301896473232 0.8027573593701226
1068 0.32881841806757656 0.26182809161246934 0.7962695433887167
1069 0.32534131844640896 0.2569260561315106 0.7897123468927975
1070 0.3218354478946543 0.2520240857849831 0.7830836765609411
1071 0.31830000623350024 0.24712218331393032 0.7763813335669403
1072 0.31473415479196537 0.24222035163142797 0.7696030060402311
1073 0.3111370137514588 0.23731859383883336 0.762746260811024
1074 0.3075076592296942 0.23241691324139863 0.755808534407248
1075 0.3038451201116064 0.2275153133657151 0.7487871231308426
1076 0.3001483745686391 0.22261379798069397 0.7416791721781781
1077 0.296416346241928 0.21771237111996516 0.7344816636470969
1078 0.2926479000506442 0.21281103710612534 0.7271914032846205
1079 0.2888418375686442 0.2079098005796745 0.7198050058460249
1080 0.2849968919227756 0.20300866652970428 0.7123188788483794
1081 0.2811117221519982 0.1981076403301771 0.7047292045084464
1082 0.27718490694732956 0.1932067277792812 0.6970319196203355
1083 0.2732149376914798 0.1883059351450336 0.6892226930786366
1083 0.26920021070466504 0.18340526921718958 0.6812969006863088
1084 0.26920021070466504 0.18340526921718958 0.6812969006863088
1085 0.2651390185735689 0.1785047373656558 0.6732495968567733
1086 0.2610295404376145 0.1736043476078633 0.6650754827090322
1087 0.25686983106216116 0.1687041086856569 0.6567688700072816
1088 0.2526578085150265 0.16380403015472406 0.6483236402526701
1089 0.24839124023349207 0.15890412248763736 0.63973319807198
1090 0.24406772718116418 0.15400439719252557 0.6309904179925137
1091 0.23968468580358485 0.14910486695380534 0.6220875833343511
1092 0.23523932737927675 0.14420554579520198 0.6130163157740166
1093 0.23072863427580015 0.13930644927368854 0.6037674938394052
1094 0.22614933254703676 0.13440759470689861 0.5943311580587717
1095 0.22149786015300152 0.12950900144819372 0.5846964000407692
1096 0.21677032988764325 0.1246106912116924 0.5748512320679717
1097 0.21196248593921743 0.11971268847022302 0.5647824327959239
1098 0.20706965264377633 0.11481502093467179 0.5544753635733819
1099 0.2020866736697397 0.10991772014529239 0.5439137482411408
1100 0.19700783934953542 0.10502082220099052 0.5330794071329333
1101 0.1918267991964859 0.1001243686704934 0.5219519331495346
1102 0.1865364557159002 0.09522840773997847 0.5105082938051196
1103 0.18112883441628672 0.0903329956764867 0.49872233743234506
1104 0.17559492308480595 0.08543819871565553 0.4865641740358973
1105 0.1699244710061094 0.0805440955290107 0.4739993895647605
1106 0.16410573512440785 0.07565078049684303 0.46098803578980646
1107 0.15812515499241428 0.07075836812363087 0.4474833123611822
1108 0.15196693040203524 0.06586699910562067 0.4334298187860123
1109 0.14561246355852833 0.06097684884363394 0.41876119223217834
1110 0.13903960864551634 0.056088139683246385 0.4033968466226338
1111 0.13222164083928156 0.05120115900457625 0.3872373590251571
1112 0.1251258052485196 0.0463162868421455 0.37015775243287374
1113 0.11771121687344151 0.041434039697892035 0.3519973779766485
1114 0.10992572207012324 0.03655514335116777 0.3325440366709504
1115 0.10170100499595496 0.031680660715099986 0.31150784317578817
1116 0.09294462258863813 0.026812233110905366 0.28847535622983944
1116 0.08352628941159658 0.021952579110657514 0.2628223911932771
1117 0.08352628941159658 0.021952579110657514 0.2628223911932771
1118 0.07325260354585474 0.01710666073569287 0.23352973010692277
1119 0.06181709412190695 0.012284932104160798 0.19873033953899852
1120 0.0487001687731646 0.007515189132956241 0.15431546383258857
1121 0.03312790634183126 0.002910334130502097 0.08785143559848696
1122 0.027635320213694862 0.0003312951320180006 0.011988105419304139
1123 0.02426916179701074 3.121099667104497e-05 0.0012860352134159518
1124 0.02138524422945929 2.8967155327107137e-06 0.00013545393737988444
1125 0.018867969836480855 2.6886077502541384e-07 1.424958685833686e-05
1126 0.016644352215489933 2.4957351317713184e-08 1.499448641472921e-06
1127 0.014677668740810331 2.3165202222635362e-09 1.578261686627794e-07
