1 0.4995397756050366 2.995111456455506 5.995741686090688
2 0.4990789937351739 2.9901927575690586 5.991421789144152
3 0.49862193361071366 2.9852887234240852 5.98707863050961
4 0.49816634951871525 2.9803850332047825 5.98271046626126
5 0.49771122965517495 2.975481309237467 5.978328661177576
6 0.4972557785499212 2.9705775854103336 5.973942814848772
7 0.49679949508655663 2.965673862137761 5.969558929646368
8 0.496341745548029 2.9607701371220703 5.965184600487263
9 0.4958821857642844 2.955866409376719 5.960823950190819
10 0.4954206586860525 2.950962678136958 5.956478855692975
11 0.4949571307042089 2.9460589434518236 5.952149712966589
12 0.4944919436187593 2.9411552066146847 5.9478324057029335
13 0.49402608163956874 2.9362514708754714 5.943515089589339
14 0.49355988651212307 2.9313477372146317 5.939193636520602
15 0.49309335584870634 2.926444006363416 5.934868056225288
16 0.49262648613429355 2.9215402781826754 5.930538370172493
16 0.4921592765266801 2.9166365524918803 5.9262045675040085
17 0.4921592765266801 2.9166365524918803 5.9262045675040085
18 0.4916917262125522 2.9117328292984226 5.921866637307859
19 0.49122383436732703 2.9068291086130205 5.917524568727163
20 0.49075560016178177 2.901925390444634 5.9131783508695355
21 0.49028702276359204 2.8970216748036934 5.908827972794596
22 0.48981810133650405 2.8921179616987933 5.9044734235166905
23 0.4893488350412524 2.8872142511398513 5.900114691999742
24 0.48887922303574727 2.8823105431363567 5.895751767150881
25 0.48840926444809346 2.8774068376963666 5.8913846381433
26 0.48793895843411167 2.872503134828377 5.887013293725884
27 0.48746830416697645 2.8675994345405824 5.88263772234578
28 0.4869973007894184 2.8626957368428085 5.878257912728476
29 0.4865259474422408 2.8577920417447635 5.873873853529742
30 0.48605424326105373 2.852888349256459 5.869485533375352
31 0.48558218737913367 2.8479846593875666 5.8650929408246855
32 0.48510977892566626 2.843080972148274 5.860696064393131
33 0.48463701702533657 2.83817728754864 5.856294892555146
33 0.48416390080006677 2.8332736055984227 5.851889413722337
34 0.48416390080006677 2.8332736055984227 5.851889413722337
35 0.48369042936779283 2.8283699263079276 5.847479616259404
36 0.48321660184242093 2.8234662496872938 5.843065488482614
37 0.48274241733511397 2.8185625757466815 5.838647018644043
38 0.4822678749526762 2.8136589044964935 5.8342241949509726
39 0.48179297379759106 2.808755235946823 5.829797005563693
40 0.4813177129689935 2.803851570108377 5.825365438585056
41 0.4808420915628872 2.798947906991216 5.820929482054617
42 0.4803661086699102 2.7940442466058224 5.816489123977283
43 0.4798897633784242 2.7891405889630323 5.81204435228516
44 0.4794130547712308 2.784236934073043 5.807595154874624
45 0.47893598192871767 2.779333281946573 5.803141519570009
46 0.4784585439262994 2.7744296325944164 5.798683434153039
47 0.4779807398362909 2.7695259860272974 5.794220886339194
48 0.4775025687261009 2.7646223422560445 5.789753863799323
49 0.4770240296595532 2.7597187012910975 5.7852823541419465
50 0.476545121696435 2.754815063143736 5.780806344920652
51 0.476065843893144 2.749911427824807 5.776325823622924
52 0.4755861953002868 2.745007795345253 5.771840777699709
53 0.47510617496552826 2.740104165716236 5.767351194530457
54 0.4746257819324551 2.735200538948871 5.762857061435661
55 0.4741450152399174 2.7302969150542187 5.758358365684153
56 0.4736638739233223 2.725393294043434 5.75385509447703
57 0.4731823570134521 2.720489675928127 5.749347234962072
58 0.47270046353634043 2.715586060719402 5.744834774232524
59 0.4722181726949754 2.7106824482635936 5.7403179398911695
60 0.47173550338574405 2.7057788387202573 5.735796477687853
61 0.4712524546198629 2.700875232101368 5.731270374559717
62 0.4707690254081422 2.6959716284185506 5.726739617334056
63 0.4702852147559104 2.6910680276833805 5.722204192789924
64 0.46980102166426574 2.686164429907659 5.7176640876427784
65 0.46931644512965903 2.6812608351033536 5.713119288548681
66 0.4688314841449308 2.6763572432822516 5.708569782090198
66 0.4683461376968387 2.6714536544564593 5.7040155548068086
67 0.4683461376968387 2.6714536544564593 5.7040155548068086
68 0.4678604047691117 2.6665500686380637 5.6994565931562455
69 0.4673742843400717 2.661646485839094 5.694892883542608
70 0.46688777538405024 2.656742906071715 5.690324412298747
71 0.4664008768802244 2.651839329347639 5.685751165576503
72 0.4659135878207579 2.6469357556780513 5.681173129246354
73 0.4654259071662505 2.6420321850745654 5.676590289441773
74 0.464937833871179 2.6371286175501174 5.672002632250381
75 0.4644493668857864 2.632225053116593 5.667410143685023
76 0.4639605051571285 2.6273214917864944 5.662812809673757
77 0.4634712476251499 2.6224179335729008 5.65821061610683
78 0.46298159322726845 2.617514378487736 5.653603548776183
79 0.4624915408906731 2.612610826543774 5.648991593472973
80 0.4620010895152923 2.60770727775258 5.6443747361904535
81 0.46151023802312696 2.602803732127035 5.639752962526055
82 0.461018985331372 2.5979001896800193 5.6351262580058314
83 0.4605273303516404 2.5929966504247495 5.630494608093813
83 0.4600352719911354 2.588093114374368 5.6258579981759285
84 0.4600352719911354 2.588093114374368 5.6258579981759285
85 0.45954280915202506 2.5831895815420967 5.6212164135671
86 0.459049940730799 2.578286051941186 5.616569839518119
87 0.45855666561907105 2.5733825255849108 5.611918261204937
88 0.4580629827045317 2.5684790024868125 5.607261663716626
89 0.45756889086743513 2.563575482660499 5.6026000320970395
90 0.4570743889850637 2.5586719661194754 5.597933351288882
91 0.4565794759277089 2.553768452877104 5.593261606181893
92 0.4560841505616165 2.548864942947509 5.588584781577846
93 0.45558841174749615 2.5439614363443273 5.583902862205117
94 0.4550922583402658 2.5390579330817755 5.579215832723217
95 0.45459568918977283 2.534154433173453 5.574523677710371
96 0.45409870313967776 2.529250936633582 5.569826381678966
97 0.45360129903002316 2.5243474434763935 5.565123929041726
98 0.4531034756934157 2.519443953715861 5.560416304156972
99 0.45260523195809627 2.514540467366344 5.555703491291388
100 0.4521065666471785 2.5096369844424418 5.55098547462804
101 0.451607478575928 2.504733504958545 5.546262238297785
102 0.45110796655647967 2.49983002892906 5.54153376632083
103 0.45060802939423605 2.4949265563686738 5.536800042650522
104 0.45010766588888285 2.4900230872921223 5.532061051159323
105 0.44960687483446377 2.4851196217142557 5.527316775636998
106 0.4491056550191444 2.480216159649863 5.5225671997920776
107 0.448604005226156 2.4753127011142237 5.5178123072404075
108 0.44810192423102224 2.4704092461219136 5.51305208153553
109 0.447599410805438 2.465505794688464 5.508286506123591
110 0.44709644559090517 2.460602346672154 5.503515787114115
111 0.4465930455272692 2.45569890223044 5.498739684428189
112 0.44608920936448715 2.450795461378636 5.493958181302159
113 0.4455849358513707 2.4458920241323896 5.489171260826109
114 0.44508022372841677 2.440988590507665 5.48437890603095
115 0.4445750717303737 2.4360851605197427 5.479581099853439
116 0.44406947858591667 2.431181734185019 5.474777825143064
116 0.4435634430309521 2.426278311518594 5.469969064491384
117 0.4435634430309521 2.426278311518594 5.469969064491384
118 0.44305696380151455 2.421374892535664 5.465154800321383
119 0.44255003960748324 2.416471477252356 5.460335015212356
120 0.44204266915247603 2.4115680656847114 5.455509691651231
121 0.44153485113387625 2.406664657849207 5.450678812032191
122 0.4410265842416191 2.40176125376199 5.445842358668725
123 0.44051786715950136 2.396857853439713 5.441000313778115
124 0.44000869856587366 2.3919544568987843 5.436152659469947
125 0.4394990771314032 2.3870510641558913 5.431299377773668
126 0.4389890015206836 2.3821476752280133 5.426440450617474
127 0.43847847039075954 2.3772442901315594 5.421575859843305
128 0.43796748239320143 2.3723409088840937 5.416705587183839
129 0.43745603617214335 2.3674375315023815 5.4118296142809905
130 0.4369441303647939 2.3625341580035393 5.40694792268091
131 0.4364317636016549 2.3576307884050016 5.402060493829881
132 0.4359189345062536 2.3527274227242763 5.397167309075731
133 0.4354056416943754 2.3478240609788825 5.392268349675846
133 0.4348918837762306 2.342920703186283 5.387363596768823
134 0.4348918837762306 2.342920703186283 5.387363596768823
135 0.4343776593548461 2.338017349364341 5.382453031394044
136 0.43386296702519905 2.3331139995309225 5.377536634500113
137 0.43334780537566764 2.328210653704109 5.372614386925974
138 0.43283217298681836 2.323307311901966 5.36768626941399
139 0.43231606840951536 2.318403974141668 5.362752262878045
140 0.4317994902097941 2.3135006404420557 5.357812347851588
141 0.4312824369475309 2.3085973108212823 5.3528665047451085
142 0.43076490717437893 2.30369398529819 5.347914713873446
143 0.43024689943468974 2.2987906638914963 5.342956955440991
144 0.42972841226527564 2.2938873466200915 5.337993209543827
145 0.4292094441957219 2.288984033503146 5.333023456164578
146 0.42868999374725336 2.2840807245597623 5.328047675184153
147 0.4281700594338374 2.2791774198090082 5.323065846366579
148 0.4276496397618357 2.2742741192703257 5.318077949362713
149 0.4271287332292581 2.2693708229633875 5.313083963717609
150 0.426607338326517 2.26446753090778 5.308083868858816
151 0.4260854535363525 2.2595642431233434 5.303077644096486
152 0.4255630773333176 2.254660959629859 5.29806526862743
153 0.42504020818379423 2.2497576804475306 5.293046721534399
154 0.4245168445456879 2.24485440559629 5.288021981786618
155 0.4239929848694833 2.23995113509661 5.282991028226867
156 0.4234686275971924 2.235047868969047 5.277953839581824
157 0.4229437711623031 2.230144607233953 5.2729103944603155
158 0.42241841399035157 2.2252413499121033 5.267860671345947
159 0.4218925544979163 2.220338097024352 5.262804648607085
160 0.4213661910932661 2.215434848591555 5.2577423044868485
161 0.42083932217655506 2.2105316046351424 5.252673617100249
162 0.42031194613826806 2.205628365176129 5.247598564449447
163 0.41978406136157004 2.2007251302360555 5.2425171243948645
164 0.419255649893834 2.195821899680068 5.237429478257728
165 0.4187267265125487 2.1909186736725728 5.232335399080177
166 0.4181972895703916 2.1860154522352357 5.227234864388767
166 0.4176673374160102 2.1811122353900814 5.222127851519361
167 0.4176673374160102 2.1811122353900814 5.222127851519361
168 0.41713686838721875 2.1762090231591213 5.217014337699337
169 0.41660588081374406 2.17130581556479 5.211894300012381
170 0.41607437301605643 2.1664026126295353 5.20676771541018
171 0.4155423433042315 2.1614994143757564 5.20163456072455
172 0.41500978998055393 2.156596220826558 5.1964948126346835
173 0.41447671133657216 2.151693032004598 5.1913484476992355
174 0.41394310565544445 2.1467898479329746 5.18619544232706
175 0.4134089712101025 2.1418866686350935 5.18103577279784
176 0.4128743062643775 2.1369834941341606 5.17586941524469
177 0.41233910907214655 2.132080324454023 5.170696345664789
178 0.41180337787753624 2.1271771596180438 5.165516539911997
179 0.41126711091464485 2.1222739996503317 5.160329973701185
180 0.4107303064084809 2.1173708445751767 5.1551366225929325
181 0.410192962572989 2.1124676944164174 5.149936462014579
182 0.40965507761295816 2.107564549198755 5.144729467237266
183 0.4091166497223877 2.1026614089468243 5.139515613391968
183 0.40857767708544496 2.0977582736852063 5.134294875455241
184 0.40857767708544496 2.0977582736852063 5.134294875455241
185 0.40803815787590514 2.0928551434387668 5.129067228254809
186 0.4074980902570509 2.087952018233032 5.12383264646945
187 0.406957472381704 2.0830488980931077 5.118591104623633
188 0.4064163023922092 2.0781457830444334 5.1133425770872085
189 0.40587457841994634 2.073242673112744 5.108087038079092
190 0.405332298586215 2.0683395683238976 5.102824461653301
191 0.4047894610014924 2.0634364687041007 5.097554821706421
192 0.4042460637643894 2.0585333742795173 5.09227809198734
193 0.40370210496321746 2.053630285076308 5.086994246075136
194 0.40315758267564233 2.0487272011217477 5.081703257383694
195 0.4026124949672337 2.0438241224422846 5.076405099172641
196 0.40206683989313985 2.038921049064907 5.071099744527068
197 0.40152061549643875 2.034017981017106 5.065787166375637
198 0.40097381980883323 2.029114918326251 5.060467337477654
199 0.4004264508514944 2.024211861019636 5.055140230409885
200 0.39987850663269925 2.0193088091258424 5.049805817597093
201 0.3993299851493253 2.014405762672116 5.044464071283929
202 0.3987808843866415 2.0095027216873276 5.039114963542226
203 0.39823120231789416 2.004599686199797 5.033758466268031
204 0.3976809369047133 1.9996966562381253 5.028394551175745
205 0.39713008608814293 1.9947936318313406 5.023023189909104
206 0.39657864779684365 1.989890613008253 5.017644353933092
207 0.3960266199557609 1.9849875997984905 5.01225801442395
208 0.39547400047680603 1.9800845922313468 5.006864142381152
209 0.39492078726006713 1.97518159033723 5.001462708612788
210 0.3943669781961633 1.9702785941455638 4.996053683697426
211 0.3938125711803371 1.965375603686909 4.9906370378077956
212 0.39325756407422663 1.9604726189914548 4.985212741188162
213 0.39270195472620084 1.9555696400899658 4.979780763896186
214 0.39214574097134486 1.950666667013444 4.974341075799123
215 0.39158892063197176 1.945763699792988 4.968893646563819
216 0.3910314915171445 1.9408607384601477 4.963438445660461
216 0.3904734514217378 1.9359577830466923 4.957975442370669
217 0.3904734514217378 1.9359577830466923 4.957975442370669
218 0.3899147981276807 1.931054833584328 4.952504605767716
219 0.3893555294032999 1.9261518901053 4.9470259047230964
220 0.38879564300279196 1.9212489526422176 4.941539307909428
221 0.388235122150121 1.9163460210762349 4.936044967964621
222 0.38767397914501583 1.9114430955811312 4.930542668343816
223 0.38711221169722326 1.9065401761897496 4.925032377126183
224 0.38654981750592465 1.9016372629360903 4.919514062134938
225 0.38598679425488974 1.896734355853692 4.913987690991228
226 0.3854231396138806 1.891831454976735 4.908453231095528
227 0.38485885123723956 1.8869285603395831 4.902910649640792
228 0.3842939267650193 1.8820256719770572 4.897359913595102
229 0.38372836382216663 1.8771227899238294 4.891800989706757
230 0.3831621600189148 1.872219914215303 4.8862338444977995
231 0.38259531294939586 1.8673170448867384 4.88065844427561
232 0.38202782019341525 1.8624141819743067 4.8750747551091775
233 0.3814596793149855 1.8575113255137234 4.869482742840318
233 0.38089088786200914 1.852608475541548 4.863882373087169
234 0.38089088786200914 1.852608475541548 4.863882373087169
235 0.38032144336738183 1.8477056320943863 4.858273611224032
236 0.3797513433477237 1.8428027952091222 4.8526564223941095
237 0.37918058530419424 1.8378999649235015 4.847030771496549
238 0.378609166720405 1.8329971412744424 4.841396623204511
239 0.37803708506536476 1.8280943243004735 4.8357539419297595
240 0.3774643377903268 1.8231915140394075 4.830102691852576
241 0.3768909223303702 1.8182887105299297 4.824442836901436
242 0.3763168361034893 1.813385913810998 4.818774340758718
243 0.3757420765114333 1.8084831239217938 4.813097166845417
244 0.37516664093825774 1.8035803409016313 4.807411278334984
245 0.3745905267508331 1.798677564790534 4.801716638143823
246 0.3740137312991287 1.7937747956287624 4.796013208921833
247 0.37343625191476787 1.7888720334565182 4.790300953065493
248 0.37285808591203917 1.78396927831521 4.784579832703603
249 0.3722792305873067 1.7790665302457185 4.778849809695448
250 0.37169968321892344 1.774163789289636 4.773110845630423
251 0.37111944106672645 1.7692610554891675 4.767362901829382
252 0.37053850137241523 1.7643583288861764 4.761605939332285
253 0.36995686135873573 1.7594556095238583 4.75583991890819
254 0.36937451823022677 1.7545528974448321 4.750064801035463
255 0.3687914691717278 1.7496501926928119 4.744280545920348
256 0.3682077113497922 1.7447474953112307 4.738487113469889
257 0.3676232419242134 1.7398448053448146 4.732684463142536
258 0.3670380580305447 1.7349421228376471 4.726872554162398
259 0.36645215677540877 1.7300394478348373 4.7210513455789105
260 0.3658655352468066 1.7251367803815598 4.715220796126129
261 0.36527819051181787 1.720234120523658 4.709380864248459
262 0.3646901196180395 1.7153314683072687 4.703531508075492
263 0.3641013195926234 1.7104288237786418 4.697672685428231
264 0.3635117874412489 1.7055261869848721 4.691804353828611
265 0.36292152014890855 1.7006235579733482 4.6859264704820305
266 0.36233051468034394 1.6957209367917143 4.680038992265714
266 0.36173876797793386 1.6908183234882428 4.67414187575102
267 0.36173876797793386 1.6908183234882428 4.67414187575102
268 0.36114627696315327 1.685915718111684 4.6682350771781405
269 0.36055303853545934 1.6810131207109749 4.662318552463543
270 0.3599590495726504 1.6761105313357296 4.656392257190469
271 0.3593643069301093 1.6712079500358765 4.650456146611411
272 0.35876880744126427 1.6663053768618739 4.64451017563636
273 0.35817254791650777 1.6614028118646034 4.638554298840029
274 0.35757552514366037 1.6565002550956134 4.632588470449967
275 0.35697773588698056 1.6515977066065521 4.626612644351157
276 0.3563791768882177 1.6466951664496627 4.620626774067013
277 0.3557798448651664 1.6417926346781506 4.614630812772314
278 0.3551797365119199 1.636890111344953 4.60862471327955
279 0.35457884849804944 1.6319875965041963 4.6026084280466435
280 0.35397717746970686 1.627085090209823 4.5965819091516655
281 0.3533747200477544 1.6221825925169204 4.590545108313639
282 0.35277146023821626 1.6172801033359843 4.584498140081633
283 0.3521674072590124 1.6123776228586704 4.578440791577278
283 0.3515625576544056 1.6074751511419703 4.572373013403085
284 0.3515625576544056 1.6074751511419703 4.572373013403085
285 0.35095690794575823 1.6025726882424476 4.566294755737167
286 0.35035045462823444 1.5976702342177431 4.5602059683726415
287 0.34974319417059024 1.5927677891260952 4.554106600711175
288 0.3491351230158991 1.587865353026036 4.547996601744726
289 0.34852623757413265 1.582962925976921 4.541875920145666
290 0.3479165342323396 1.5780605080388062 4.535744504125732
291 0.34730600935213185 1.573158099271913 4.529602301458872
292 0.3466946592677878 1.568255699737465 4.523449259499958
293 0.3460824802861374 1.5633533094966334 4.517285325174707
294 0.34546946868597006 1.558450928612089 4.511110444983237
295 0.3448556207173971 1.5535485571462977 4.504924564994701
296 0.3442409326015281 1.548646195162622 4.498727630845802
297 0.3436254005311454 1.543743842725578 4.4925195877237165
298 0.3430090206691567 1.5388414998993754 4.486300380372906
299 0.3423917891489381 1.5339391667495457 4.48006995308609
300 0.3417737020742231 1.5290368433420622 4.473828249693714
301 0.34115475551820174 1.524134529743429 4.467575213566417
302 0.34053494552984914 1.519232226021476 4.46131078752477
303 0.3399142681320629 1.5143299322441395 4.455034913850085
304 0.3392927193048945 1.5094276484803406 4.44874753449673
305 0.33867029499694334 1.5045253747990084 4.4424485909299705
306 0.33804699112499437 1.4996231112704932 4.436138024124584
307 0.3374228035727608 1.4947208579654339 4.42981577456758
308 0.33679772819132864 1.4898186149553077 4.423481782243403
309 0.3361717607995447 1.4849163823123688 4.417135986617886
310 0.3355448971819118 1.4800141601095478 4.4107783266546745
311 0.33491713308922455 1.4751119484205057 4.404408740795964
312 0.3342884642381723 1.4702097473197475 4.398027166956797
313 0.3336588863109617 1.4653075568824598 4.391633542518122
314 0.33302839495447256 1.4604053771847207 4.385227804326922
315 0.33239698578001997 1.4555032083034627 4.378809888687479
316 0.33176465436367364 1.4506010503161564 4.372379731344247
316 0.33113139624461463 1.4456989033013277 4.365937267492918
317 0.33113139624461463 1.4456989033013277 4.365937267492918
318 0.3304972069257351 1.440796767338344 4.359482431759553
319 0.32986208187271593 1.4358946425072996 4.353015158199872
320 0.3292260165133699 1.4309925288891936 4.346535380295745
321 0.32858900623812254 1.426090426565966 4.34004303093605
322 0.3279510463987574 1.42118833562032 4.333538042419568
323 0.3273121323078882 1.4162862561358303 4.327020346448973
324 0.3266722592391378 1.4113841881970188 4.3204898741151645
325 0.3260314224261261 1.406482131889673 4.3139465558978785
326 0.3253896170622301 1.4015800872997919 4.307390321651667
327 0.32474683830010426 1.3966780545151083 4.300821100602721
328 0.324103081251106 1.391776033623568 4.294238821337397
329 0.32345834098504295 1.3868740247146927 4.287643411795101
330 0.322812612529244 1.3819720278788516 4.28103479926348
331 0.3221658908683528 1.3770700432069345 4.274412910365018
332 0.3215181709435526 1.3721680707915886 4.267777671055779
333 0.3208694476524711 1.3672661107258908 4.261129006606937
333 0.32021971584811626 1.3623641631045496 4.254466841606761
334 0.32021971584811626 1.3623641631045496 4.254466841606761
335 0.3195689703388048 1.3574622280227315 4.2477910999417725
336 0.3189172058874718 1.3525603055770121 4.2411017047924835
337 0.31826441721086707 1.3476583958649344 4.2343985786260205
338 0.31761059897884747 1.3427564989854226 4.227681643189901
339 0.316955745814692 1.3378546150382757 4.220950819489014
340 0.3162998522935816 1.3329527441244498 4.214206027789214
341 0.3156429129424833 1.3280508863461615 4.207447187601389
342 0.3149849222394106 1.3231490418067187 4.200674217672656
343 0.3143258746124745 1.318247210610594 4.193887035980834
344 0.31366576444022704 1.3133453928638026 4.187085559712326
345 0.3130045860627652 1.3084435886738377 4.180269705094552
346 0.31234233375817105 1.3035417981493918 4.173439387690079
347 0.311679001749537 1.29864002139984 4.16659452228167
348 0.3110145842074953 1.2937382585358956 4.159735022820571
349 0.31034906472553475 1.2888365095311443 4.152860942793432
350 0.3096824479452055 1.2839347746310539 4.145972053470174
350 0.3096824479452055 1.2839347746310539 4.145972053470174
351 0.3090147278728048 1.2790330539503851 4.139068266276469
352 0.30834589846133936 1.2741313476054101 4.132149491734399
353 0.30767595360665184 1.2692296557136808 4.125215639491693
354 0.3070048871476395 1.2643279783942034 4.118266618297136
355 0.3063326928653481 1.2594263157677381 4.111302335991062
356 0.3056593644819939 1.2545246679561046 4.1043226994931725
357 0.30498489566027265 1.2496230350827733 4.0973276147902995
358 0.3043092800028357 1.2447214172726688 4.090316986918933
359 0.30363251105096173 1.2398198146524908 4.083290719959824
360 0.30295458228461164 1.2349182273502801 4.076248717011094
361 0.302275487120608 1.2300166554957102 4.069190880188486
362 0.3015952189119506 1.2251150992200104 4.062117110608697
363 0.3009137709478985 1.2202135586565044 4.055027308363955
364 0.3002311364516525 1.215312033939262 4.047921372522163
365 0.29954730858059525 1.2104105252052857 4.0407992011038765
366 0.29886228042510704 1.2055090325921003 4.033660691062662
366 0.29817604500682854 1.2006075562398644 4.026505738287491
367 0.29817604500682854 1.2006075562398644 4.026505738287491
368 0.29748859527901955 1.195706096290124 4.019334237565145
369 0.29679992412468054 1.1908046528862195 4.012146082577781
370 0.29611002435598544 1.1859032261736566 4.004941165882165
371 0.29541888871237787 1.1810018162995082 3.997719378903157
372 0.29472650986157256 1.176100423412761 3.990480611890505
373 0.29403288039592596 1.171199047664716 3.9832247539379066
374 0.29333799283378503 1.1662976892082773 3.975951692930346
375 0.2926418396166468 1.1613963481984018 3.968661315551463
376 0.29194441310884883 1.1564950247923884 3.961353507255505
377 0.2912457055963802 1.1515937191491794 3.9540281522471736
378 0.29054570928568946 1.146692431430499 3.9466851334671493
379 0.2898444163025725 1.1417911617992638 3.939324332566519
380 0.2891418186907465 1.1368899104217391 3.9319456298976494
381 0.2884379084110224 1.1319886774653412 3.9245489044812505
382 0.2877326773430621 1.1270874631009118 3.9171340339529506
383 0.2870261172878181 1.1221862675021195 3.9097008944898093
383 0.28631821994904827 1.1172850908437397 3.902249361017144
384 0.28631821994904827 1.1172850908437397 3.902249361017144
385 0.2856089769423586 1.1123839333028593 3.8947793070501415
386 0.28489837979421007 1.1074827950594477 3.887290604668981
387 0.28418641993972404 1.1025816762954734 3.8797831245044403
388 0.2834730887221685 1.0976805771958869 3.8722567357063014
389 0.2827583773909958 1.0927794979479828 3.864711305924977
390 0.28204227710080415 1.0878784387414193 3.8571467012819607
391 0.2813247789093129 1.0829773997694514 3.849562786357177
392 0.28060587377650703 1.0780763812268894 3.8419594241478365
393 0.2798855525629003 1.0731753833121558 3.8343364760529206
394 0.27916380602786384 1.0682744062263372 3.826693801845182
395 0.27844062482746307 1.063373450173285 3.819031259652606
396 0.2777159995144112 1.0584725153597536 3.8113487059100004
397 0.2769899205351275 1.053571601995694 3.8036459953497888
398 0.2762623782282005 1.0486707102941788 3.7959229809711816
399 0.27553336282319496 1.0437698404710294 3.7881795140024423
400 0.27480286443817425 1.0388689927456736 3.7804154438841393
401 0.2740708730788034 1.0339681673404117 3.7726306182237597
402 0.2733373786355739 1.0290673644811812 3.764824882780418
403 0.27260237088282374 1.024166584397202 3.7569980814195962
404 0.27186583947615156 1.019265827320898 3.749150056089741
405 0.27112777395065996 1.0143650934885922 3.7412806467890194
406 0.27038816371906993 1.0094643831398045 3.7333896915274214
407 0.26964699806987596 1.0045636965180753 3.7254770262925527
408 0.26890426616477736 0.9996630338703083 3.7175424850185954
409 0.26815995703711615 0.9947623954474873 3.7095858995450306
410 0.26741405958917724 0.9898617815043217 3.7016070995856616
411 0.26666656259029736 0.9849611922997258 3.6936059126880703
412 0.2659174546746924 0.9800606280962295 3.6855821641914304
413 0.26516672434738153 0.9751600891623249 3.6775356770814764
414 0.264414359968372 0.9702595757694549 3.669466272124981
415 0.26366034975193475 0.965359088193172 3.6613737678093488
416 0.26290468176754184 0.9604586267131964 3.6532579802531853
416 0.2621473439369945 0.9555581916137175 3.64511872316883
417 0.2621473439369945 0.9555581916137175 3.64511872316883
418 0.2613883240321861 0.9506577831837597 3.6369558078145077
419 0.26062760967310755 0.9457574017166738 3.628769042937895
420 0.259865188323564 0.9408570475104493 3.6205582347527328
421 0.25910104729022565 0.9359567208686101 3.6123231868693346
422 0.2583351737184797 0.9310564220992871 3.604063700260593
423 0.25756755458972924 0.9261561515154783 3.595779573210304
424 0.25679817671915367 0.9212559094357387 3.5874706012545663
425 0.256027026751862 0.9163556961837772 3.5791365771391663
426 0.2552540911606299 0.9114555120888607 3.570777290755693
427 0.25447934806219297 0.9065553573490852 3.562392643066381
428 0.25370279180952016 0.9016552324373707 3.553982303491294
429 0.2529244083358721 0.8967551376996667 3.5455460530674316
430 0.2521441833861259 0.8918550734894598 3.537083669797372
431 0.2513621025195628 0.886955040165102 3.528594928489957
432 0.25057815110225906 0.8820550380911694 3.520079600759802
433 0.24979231430446544 0.8771550676385986 3.511537454949302
433 0.24900457709529691 0.8722551291848591 3.5029682560856585
434 0.24900457709529691 0.8722551291848591 3.5029682560856585
435 0.2482149242489526 0.8673552231156719 3.49437176567892
436 0.2474233403245161 0.862455349822768 3.485747741872641
437 0.24662980966694337 0.8575555097039778 3.4770959393029077
438 0.2458343164045905 0.8526557031639066 3.4684161090049708
439 0.24503684444508572 0.8477559306153142 3.45970799834268
440 0.2442373774715777 0.8428561924774585 3.4509713509167654
441 0.24343589893748296 0.8379564891781331 3.442205906505719
442 0.24263239206208237 0.8330568211526294 3.4334114009784606
443 0.2418268398263217 0.8281571888439068 3.4245875662051546
444 0.24101922496750497 0.8232575927038401 3.4157341299841724
445 0.24020952997480252 0.8183580331922986 3.406850815944491
446 0.23939773708342182 0.8134585107779723 3.3979373434700015
447 0.23858382827508903 0.8085590259397434 3.3889934275321814
448 0.23776778526520684 0.8036595791666786 3.3800187787015576
449 0.2369495894923491 0.7987601709561334 3.371013103113752
450 0.23612922212518106 0.7938608018140194 3.361976102191891
451 0.23530666405010922 0.7889614722550864 3.352907472637812
452 0.23448189589066876 0.7840621828054496 3.3438069059755136
453 0.23365489799508582 0.7791629340012584 3.334674088525401
454 0.23282565032318744 0.7742637263877558 3.3255087028125687
455 0.2319941325774309 0.7693645605224159 3.316310425504537
456 0.23116032414726723 0.7644654369728177 3.307078927981574
457 0.2303242041038202 0.7595663563192976 3.2978138762043345
458 0.22948575119134165 0.7546673191528466 3.2885149306007095
459 0.22864494382114448 0.7497683260768665 3.2791817459272847
460 0.2278017600632339 0.7448693777073746 3.269813971150229
461 0.226956177639789 0.7399704746730995 3.260411249292079
462 0.22610817391620505 0.7350716176153098 3.250973217304939
463 0.2252577258937665 0.7301728071892486 3.2414995059197413
464 0.2244048102007807 0.7252740440640001 3.231989739502816
465 0.22354940308424504 0.7203753289225401 3.2224435358973658
466 0.22269148040133918 0.715476662462392 3.212860506261601
466 0.22183101760959287 0.7105780453965679 3.203240254918434
467 0.22183101760959287 0.7105780453965679 3.203240254918434
468 0.22096798975838253 0.7056794784529238 3.1935823791697118
469 0.22010237147881295 0.7007809623757633 3.1838864691342974
470 0.21923413697362448 0.6958824979252668 3.1741521075661074
471 0.2183632600070372 0.690984085878814 3.164378869671325
472 0.21748971389436925 0.6860857270307735 3.1545663229112195
473 0.2166134714911302 0.6811874221935387 3.1447140268071077
474 0.21573450518118892 0.6762891721980098 3.13482153274468
475 0.2148527868661811 0.6713909778935315 3.1248883837457537
476 0.21396828795239406 0.6664928401493723 3.114914114271273
477 0.2130809793397969 0.661594759854844 3.1048982499738242
478 0.21219083140759717 0.6566967379196326 3.094840307488048
479 0.2112978140023609 0.6517987752750273 3.0847397941738506
480 0.21040189642347076 0.6469008728743019 3.074596207879706
481 0.20950304741040623 0.6420030316934612 3.0644090366657464
482 0.20860123512620277 0.6371052527316381 3.0541777585650074
483 0.20769642714414197 0.6322075370124318 3.0439018412852996
483 0.20678859043140352 0.6273098855842428 3.0335807419333216
484 0.20678859043140352 0.6273098855842428 3.0335807419333216
485 0.2058776913328629 0.622412299521245 3.0232139067215846
486 0.20496369555522412 0.6175147799241472 3.0128007706504683
487 0.20404656814889802 0.6126173279213071 3.0023407572053085
488 0.20312627349090093 0.6077199446689052 2.9918332780132855
489 0.20220277526595828 0.602822631353154 2.9812777325150877
490 0.20127603644749115 0.5979253891900825 2.9706735076039177
491 0.20034601927793028 0.5930282194273462 2.9600199772607763
492 0.19941268524787403 0.5881311233443322 2.949316502173737
493 0.19847599507556363 0.5832341022551871 2.938562429341335
494 0.19753590868402165 0.5783371575075266 2.9277570916619235
495 0.19659238517903546 0.5734402904854967 2.9168998075040813
496 0.19564538282439495 0.568543502610159 2.9059898802746877
497 0.19469485901800695 0.563646795341478 2.8950265979511425
498 0.1937407702668325 0.5587501701788674 2.8840092325911577
499 0.19278307215882745 0.5538536286632206 2.8729370398606333
500 0.1918217193371064 0.5489571723785412 2.8618092584907293
501 0.19085666547019392 0.5440608029528287 2.850625109751771
502 0.1898878632225543 0.5391645220608258 2.8393837968933733
503 0.18891526422404153 0.5342683314241339 2.8280845045455165
504 0.18793881903664061 0.5293722328152457 2.816726398137253
505 0.18695847712276426 0.5244762280573149 2.805308623223986
506 0.1859741868091515 0.5195803190273078 2.7938303048503506
507 0.18498589525012585 0.5146845076579935 2.7822905468661308
508 0.18399354839143517 0.5097887959399999 2.7706884311805053
509 0.18299709092986075 0.5048931859237499 2.7590230170230723
510 0.18199646627183758 0.4999976797230593 2.7472933401698127
511 0.1809916164915803 0.49510227951575914 2.7354984120979506
512 0.17998248228587224 0.49020698754848463 2.7236372191482077
513 0.17896900292766996 0.485311806138106 2.711708721617251
514 0.17795111621668916 0.4804167376747624 2.6997118528313364
515 0.17692875843059944 0.4755217846260036 2.6876455181395946
516 0.17590186426959403 0.4706269495386088 2.6755085939129537
516 0.17487036680255091 0.4657322350430794 2.6632999264474897
517 0.17487036680255091 0.4657322350430794 2.6632999264474897
518 0.17383419740770048 0.4608376438572004 2.651018330854538
519 0.17279328571331656 0.45594317878935403 2.6386625898521014
520 0.17174755953290227 0.45104884274297025 2.626231452543937
521 0.17069694479887867 0.44615463872067573 2.6137236331110163
522 0.1696413654933604 0.4412605698287986 2.6011378094340385
523 0.16858074357483277 0.4363666392824821 2.588472621659659
524 0.16751499890081065 0.43147285040999844 2.575726670693429
525 0.1664440491480092 0.4265792066590695 2.5628985166044416
526 0.16536780972732687 0.421685711601513 2.5499866769525816
527 0.16428619369536637 0.4167923689402216 2.536989625026397
528 0.16319911166078277 0.4118991825144984 2.52390578798401
529 0.16210647168718834 0.40700615630823295 2.510733544886596
530 0.16100817918740043 0.40211329445535565 2.4974712246595154
531 0.1599041368174821 0.39722060124898495 2.484117103876936
532 0.1587942451373682 0.39232808117007595 2.4706693925254317
533 0.15767840072084693 0.3874357388472408 2.4571262587394904
533 0.15655649667779384 0.38254357908408876 2.4434858163145727
534 0.15655649667779384 0.38254357908408876 2.4434858163145727
535 0.1554284234207516 0.3776516068941663 2.42974610809663
536 0.15429406796485262 0.3727598274962166 2.415905111667218
537 0.15315331377749553 0.36786824632419385 2.401960736276597
538 0.15200604061887907 0.3629768690405636 2.3879108196143757
539 0.15085212437514856 0.3580857015483183 2.3737531243365737
540 0.1496914368781837 0.353194750004565 2.35948533443492
541 0.14852384571906113 0.34830402083529366 2.3451050513068776
542 0.1473492140459555 0.34341352075176235 2.3306097896433844
543 0.1461674003527183 0.33852325676603356 2.3159969729853516
544 0.14497825825224692 0.3336332362101146 2.301263929034296
545 0.14378163605503072 0.3287434667496421 2.286407887470549
546 0.14257737646027593 0.3238539564016852 2.271425975438084
547 0.14136531662451596 0.3189647135696784 2.25631520648653
548 0.14014528791238143 0.3140757470681484 2.241072473763855
549 0.138917115879894 0.30918706616047775 2.2256945388054055
550 0.13768061952513863 0.3042986805729792 2.2101780310294026
551 0.13643561083690708 0.29941060052267027 2.1945194417063214
552 0.13518189442714254 0.29452283675170404 2.178715115658034
553 0.13391926713297408 0.2896354005629017 2.1627612423782945
554 0.13264751755755527 0.28474830385888117 2.146653846992123
555 0.13136642564191514 0.2798615591863471 2.130388779467952
556 0.13007576219860018 0.2749751797841259 2.113961703059581
557 0.12877528837000374 0.270089179634875 2.0973680824448317
558 0.1274647550460408 0.265203573520748 2.080603170852644
559 0.1261439022314186 0.260318377084896 2.0636619961805702
560 0.12481245836832916 0.25543360689833905 2.04653934581225
561 0.1234701395971928 0.2505492805349851 2.029229750224414
562 0.12211664896079495 0.24566541665167618 2.0117274650285077
563 0.12075167553679175 0.24078203507966567 1.9940264514698345
564 0.11937489349801354 0.235899156921651 1.9761203550357638
565 0.11798596108863585 0.23101680466390448 1.958002482094927
566 0.11658451952921302 0.22613500229740965 1.9396657739001633
566 0.11517019183250168 0.22125377545585923 1.921102777858013
567 0.11517019183250168 0.22125377545585923 1.921102777858013
568 0.11374258144130754 0.2163731515645193 1.9023056169704597
569 0.11230127076578955 0.211493160009705 1.8832659556523235
570 0.11084581958169923 0.20661383232684571 1.863974961857361
571 0.10937576326403713 0.20173520241289755 1.844423265197257
572 0.10789061067896535 0.19685730675669633 1.8246009130716336
573 0.1063898419285367 0.19198018470285558 1.8044973206352812
574 0.10487290617189185 0.18710387876464066 1.784101209686782
575 0.10333921898910851 0.18222843496969948 1.7634005438816558
576 0.10178815954991392 0.1773539032577343 1.7423824543243183
577 0.10021906743891576 0.17248033793520814 1.721033156094135
578 0.09863123881995946 0.16760779818130206 1.6993378587412025
579 0.09702392232082592 0.16273634864127537 1.677280661805861
580 0.09539631441388667 0.15786606011012258 1.6548444358678736
581 0.09374755420001743 0.15299701032664856 1.6320106869158204
582 0.09207671750773284 0.14812928489818478 1.6087594009391624
583 0.09038281019168996 0.14326297838380095 1.5850688651963705
583 0.08866476049595569 0.13839819556778118 1.5609154617193604
584 0.08866476049595569 0.13839819556778118 1.5609154617193604
585 0.08692141031284215 0.1335350529642687 1.5362734277280778
586 0.08515150515144242 0.1286736806098913 1.511114576084644
587 0.08335368256035323 0.12381422420427922 1.4854079676039513
588 0.08152645871928986 0.11895684768947548 1.4591195246081414
589 0.07966821283322591 0.11410173637586422 1.4322115724463407
590 0.07777716955851031 0.10924910080335543 1.404642280292411
591 0.07585137676329086 0.10439918138980649 1.3763650159654277
592 0.07388867840491871 0.09955225415315089 1.3473275784903438
593 0.07188668745259079 0.09470863822190397 1.3174711699487367
594 0.06984274860344186 0.08986870501573543 1.286729214023325
595 0.06775389481404896 0.08503289009752553 1.255025859854978
596 0.06561679466945632 0.08020170853531362 1.2222740982598832
597 0.06342768819028059 0.07537577508383542 1.1883733623983115
598 0.06118230802127688 0.07055583109589919 1.1532064313651351
599 0.058875782040128284 0.06574278100378868 1.116635375798151
600 0.056502512382753674 0.06093774270979497 1.0784961613210506
601 0.054056024591241404 0.05614211865447318 1.0385913333251255
602 0.05152877949568029 0.05135769845305697 0.9966798933664309
603 0.048911940243109936 0.04658681118949499 0.9524629560377647
604 0.0461950902725095 0.04183255854645047 0.9055628704192584
605 0.04336591443832726 0.03709918511118699 0.8554918209772219
606 0.04040987564601942 0.032392689089759896 0.8016032856302724
607 0.0373101049352301 0.02772188729329204 0.7430128470937541
608 0.034048036968116924 0.023100372135678383 0.6784641404527934
609 0.030606615271181158 0.018550354091210912 0.6060896942327927
610 0.026982031429960678 0.014110711612277282 0.5229669844876408
611 0.02322505307557619 0.00985447524365482 0.42430366947225334
612 0.019587580890779676 0.00592185495106855 0.30232701955840313
613 0.01708611522551759 0.0025352104397114487 0.14837840001951932
614 0.015265783727393657 0.0003125834108310769 0.020476080128802178
615 0.01349165608926626 2.9671931064509312e-05 0.0021992801230766483
616 0.011892330198723152 2.754731480702552e-06 0.00023163933683899225
616 0.010487847208708692 2.5566984497358123e-07 2.4377724034850846e-05
617 0.010487847208708692 2.5566984497358123e-07 2.4377724034850846e-05
618 0.009250144946574645 2.3730686348875767e-08 2.565439405105031e-06
619 0.008157389574892341 2.2027061691186348e-09 2.700258641438864e-07
