1 1.248618680229489 2.495110401315252 1.9982965502779961
2 1.2472341335333665 2.4901906079203573 1.996570283773218
3 1.2458595454983739 2.4852855240899707 1.994836041566625
4 1.2444893656350093 2.480380752245432 1.9930911591034772
5 1.2431215971128757 2.4754759415450507 1.9913385362254927
6 1.2417540783666683 2.47057112969027 1.9895816512557114
7 1.240385608542536 2.4656663184839838 1.9878224170797687
8 1.2390149351900819 2.4607615074641513 1.9860628290865894
9 1.2376406167031795 2.4558566964751005 1.9843051878961426
10 1.2362615889679232 2.4509518853393066 1.9825511907924374
11 1.2348774499265789 2.4460470738810733 1.9808014746941132
12 1.233487747888158 2.4411422619895577 1.9790567568822737
13 1.2320924739460557 2.43623744980832 1.9773170450475337
14 1.230692315398641 2.431332637357095 1.9755812293095754
15 1.2292890452808727 2.426427824954684 1.9738464556155582
16 1.2278845372179572 2.4215230128915746 1.972109705345804
16 1.226478826887479 2.416618201317949 1.9703709092563546
17 1.226478826887479 2.416618201317949 1.9703709092563546
18 1.2250718777228051 2.411713390512386 1.9686301141736602
19 1.2236636856848997 2.406808580221485 1.9668873142005225
20 1.2222542472412938 2.401903770441369 1.965142502767014
21 1.2208435587400632 2.3969989611759552 1.9633956734388718
22 1.2194316164992236 2.3920941524277435 1.9616468197659416
23 1.2180184168188977 2.387189344198567 1.9598959352627825
24 1.2166039559887605 2.382284536490886 1.9581430133972821
25 1.2151882302790677 2.3773797293068863 1.9563880476038855
26 1.2137712359309143 2.3724749226486077 1.9546310312989201
27 1.2123529691742245 2.367570116518565 1.9528719578516798
28 1.2109334262212612 2.3626653109188394 1.9511108205936454
29 1.2095126032594705 2.357760505851532 1.9493476128299045
30 1.2080904964646577 2.3528557013192106 1.9475823278178088
31 1.206667101989976 2.3479508973242154 1.945814958783653
32 1.2052424159653412 2.343046093868626 1.9440454989231015
33 1.2038164345014895 2.3381412909548835 1.9422739413946675
33 1.2023891536930034 2.3332364885852654 1.9405002793138906
34 1.2023891536930034 2.3332364885852654 1.9405002793138906
35 1.2009605696158503 2.3283316867624397 1.938724505757254
36 1.1995306783215494 2.3234268854883973 1.936946613770201
37 1.1980994758448538 2.318522084765804 1.935166596355341
38 1.1966669581925176 2.3136172845968126 1.9333844464890808
39 1.1952331213652387 2.3087124849839533 1.9316001570863917
40 1.1937979614359837 2.303807685929308 1.9298137208729416
41 1.1923614743541893 2.298902887435143 1.9280251307014784
42 1.1909236560465708 2.2939980895040426 1.9262343793885779
43 1.1894845024176663 2.289093292138284 1.9244414597126962
44 1.1880440093586322 2.2841884953404077 1.9226463643998601
45 1.1866021727339064 2.279283699113059 1.9208490861445477
46 1.1851589883872178 2.2743789034587545 1.919049617599208
47 1.183714452136185 2.269474108379795 1.9172479513823615
48 1.1822685597830362 2.2645693138790968 1.9154440800613683
49 1.180821307108855 2.2596645199588483 1.913637996160023
50 1.1793726898648107 2.254759726621944 1.91182969217339
51 1.1779227037850015 2.249854933870696 1.9100191605453145
52 1.1764713445773718 2.244950141707722 1.9082063936832934
53 1.1750186079329419 2.240045350136089 1.9063913839430258
54 1.1735644895148165 2.235140559158042 1.9045741236445473
55 1.1721089849619124 2.2302357687764403 1.9027546050667903
56 1.1706520898960298 2.225330978993835 1.9009328204346991
57 1.1691937999098219 2.2204261898131623 1.899108761938714
58 1.1677341105771621 2.215521401236872 1.8972824217165605
59 1.1662730174386062 2.210616613267967 1.8954537918771117
60 1.1648105160194253 2.2057118259088497 1.8936228644694564
61 1.1633466018219352 2.2008070391627133 1.8917896314958889
62 1.1618812703175292 2.1959022530320866 1.889954084922955
63 1.1604145169605664 2.190997467519993 1.8881162166591958
64 1.1589463371718487 2.186092682629037 1.8862760185805594
65 1.1574767263527044 2.1811878983625124 1.8844334825077635
66 1.1560056798782465 2.1762831147228536 1.8825886002152388
66 1.1545331930989855 2.171378331713152 1.8807413634291117
67 1.1545331930989855 2.171378331713152 1.8807413634291117
68 1.1530592613380892 2.1664735493364486 1.8788917638303548
69 1.1515838798952873 2.1615687675953112 1.8770397930473472
70 1.1501070440421448 2.1566639864928954 1.875185442663775
71 1.1486287490265559 2.151759206032379 1.8733287042100937
72 1.1471489900683465 2.1468544262165667 1.8714695691696146
73 1.1456677623603067 2.141949647048568 1.8696080289766726
74 1.1441850610657305 2.1370448685313557 1.8677440750195111
75 1.142700881328152 2.1321400906679893 1.8658776986238252
76 1.1412152182615258 2.1272353134615845 1.864008891067993
77 1.1397280669479528 2.122330536915325 1.8621376435860326
78 1.1382394224489818 2.117425761032253 1.860263947348178
79 1.1367492797926118 2.1125209858155563 1.8583877934815705
80 1.13525763397924 2.107616211268466 1.856509173059661
81 1.1337644799835276 2.102711437394226 1.8546280770983194
82 1.132269812751966 2.0978066641957684 1.8527444965587123
83 1.1307736272012014 2.0929018916766604 1.8508584223500508
83 1.1292759182153964 2.0879971198401326 1.8489698453322292
84 1.1292759182153964 2.0879971198401326 1.8489698453322292
85 1.1277766806534715 2.0830923486892816 1.847078756303303
86 1.1262759093424777 2.0781875782277113 1.8451851460100586
87 1.1247735990853158 2.073282808458333 1.8432890051334423
88 1.1232697446485358 2.06837803938514 1.841390324309254
89 1.1217643407717226 2.0634732710110213 1.8394890941099502
90 1.1202573821642643 2.058568503339486 1.837585305050582
91 1.1187488635046237 2.0536637363742622 1.8356789475887363
92 1.1172387794407779 2.0487589701185565 1.8337700121222442
93 1.1157271245855513 2.0438542045758705 1.8318584889966547
94 1.1142138935254504 2.038949439749681 1.829944368489521
95 1.1126990808123443 2.034044675643842 1.828027640823478
96 1.1111826809686371 2.029139912261607 1.8261082961559214
97 1.1096646884810768 2.0242351496066457 1.8241863245891377
98 1.1081450978066412 2.0193303876826794 1.8222617161593309
99 1.1066239033699237 2.0144256264933356 1.8203344608398098
100 1.1051010995612718 2.009520866042343 1.8184045485432314
101 1.1035766807359744 2.0046161063331582 1.8164719691216031
102 1.1020506412197446 1.9997113473697603 1.8145367123569647
103 1.1005229753011476 1.9948065891559683 1.8125987679722073
104 1.0989936772354885 1.9899018316955244 1.8106581256237158
105 1.0974627412449787 1.984997074991989 1.8087147748999457
106 1.0959301615159696 1.9800923190494302 1.8067687053255508
107 1.0943959322003973 1.9751875638719893 1.8048199063575359
108 1.0928600474134083 1.9702828094630886 1.802868367387364
109 1.0913225012392334 1.965378055827105 1.800914077731699
110 1.089783287717317 1.9604733029676398 1.7989570266526003
111 1.0882424008604148 1.9555685508890077 1.7969972033279027
112 1.086699834637391 1.950663799594979 1.7950345968773194
113 1.0851555829852388 1.945759049089728 1.7930691963423238
114 1.0836096398013892 1.9408542993775602 1.791100990697436
115 1.082061998944644 1.9359495504624191 1.7891299688470605
116 1.0805126542404935 1.931044802348386 1.7871561196159638
116 1.0789615994713173 1.9261400550396728 1.7851794317642689
117 1.0789615994713173 1.9261400550396728 1.7851794317642689
118 1.0774088283838017 1.9212353085405613 1.7831998939739209
119 1.0758543346863725 1.9163305628555807 1.7812174948518653
120 1.0742981120450055 1.911425817988729 1.7792322229350188
121 1.0727401540889874 1.906521073944356 1.7772440666802929
122 1.0711804544092596 1.90161633072696 1.7752530144658716
123 1.0696190065509903 1.8967115883408767 1.7732590546019413
124 1.068055804024564 1.8918068467904774 1.7712621753113642
125 1.0664908402957265 1.8869021060802547 1.7692623647447707
126 1.0649241087893044 1.8819973662148364 1.7672596109730765
127 1.0633556028906024 1.8770926271985382 1.765253901983392
128 1.061785315941892 1.8721878890362453 1.7632452256843076
129 1.0602132412407062 1.867283151732308 1.7612335699063095
130 1.0586393720461162 1.8623784152916445 1.7592189223909915
131 1.057063701569671 1.8574736797186902 1.757201270803701
132 1.055486222982714 1.8525689450183864 1.7551806027208812
133 1.053906929413229 1.8476642111954964 1.753156905633212
133 1.0523258139399267 1.8427594782545584 1.751130166953934
134 1.0523258139399267 1.8427594782545584 1.751130166953934
135 1.0507428696018073 1.8378547462007602 1.7491003740022897
136 1.0491580893892218 1.8329500150388702 1.7470675140158722
137 1.0475714662485476 1.8280452847736526 1.7450315741417197
138 1.0459829930813938 1.8231405554104751 1.7429925414366718
139 1.0443926627494506 1.818235826954012 1.740950402856484
140 1.0428004681347913 1.8133310994093148 1.7389051451546966
141 1.0412064019955671 1.8084263727817402 1.736856755121488
142 1.0396104570450653 1.8035216470761901 1.7348052194496255
143 1.038012625945593 1.7986169222978077 1.7327505247436954
144 1.0364129013127292 1.7937121984520792 1.7306926575114496
145 1.0348112757098322 1.788807475544005 1.7286316041704965
146 1.0332077416547847 1.783902753578807 1.7265673510360169
147 1.0316022916124303 1.7789980325623607 1.7244998843320953
148 1.0299949179968078 1.7740933124995952 1.722429190184697
149 1.0283856131758349 1.769188593396079 1.7203552546136023
150 1.0267743694583702 1.7642838752573031 1.7182780635515609
151 1.025161179107923 1.7593791580888294 1.716197602819695
152 1.023546034330312 1.7544744418962939 1.7141138581463171
153 1.0219289272824772 1.749569726685235 1.712026815150156
154 1.0203098500655685 1.7446650124614793 1.7099364593504232
155 1.018688794730752 1.7397602992305543 1.7078427761546036
156 1.01706575326634 1.7348555869986781 1.7057457508790679
157 1.0154407176149611 1.7299508757712325 1.7036453687168394
158 1.0138136796566402 1.7250461655543223 1.7015416147655094
159 1.0121846312204823 1.7201414563539776 1.6994344740048541
160 1.010553564073794 1.715236748175899 1.6973239313128055
161 1.0089204699305077 1.7103320410264393 1.695209971450221
162 1.0072853404464408 1.7054273349115534 1.6930925790657172
163 1.0056481672179598 1.700522629837462 1.6909717386964602
164 1.0040089417833522 1.695617925810412 1.6888474347634814
165 1.002367655618828 1.6907132228367974 1.6867196515763552
166 1.0007243001443193 1.6858085209225833 1.6845883733206686
166 0.9990788667156884 1.6809038200743922 1.6824535840699886
167 0.9990788667156884 1.6809038200743922 1.6824535840699886
168 0.997431346628321 1.6759991202986881 1.6803152677767466
169 0.99578163671382 1.671094421553258 1.6781735673174676
170 0.9941298180697891 1.6661897238873484 1.6760283150166813
171 0.9924758866839493 1.6612850273105435 1.6738794862424444
172 0.9908198336066384 1.6563803318292425 1.6717270644451347
173 0.9891616498184508 1.6514756374504065 1.6695710329585824
174 0.9875013262365576 1.6465709441805811 1.6674113749859838
175 0.9858388537077687 1.6416662520269467 1.665248073610197
176 0.9841742230142477 1.6367615609961883 1.6630811117804425
177 0.9825074248742122 1.6318568710956323 1.6609104723097177
178 0.9808384499355451 1.6269521823322914 1.6587361378820387
179 0.9791672887747934 1.6220474947131165 1.6565580910517776
180 0.977493931905889 1.617142808245641 1.6543763142269163
181 0.9758183697669636 1.6122381229367975 1.6521907896874477
182 0.9741405927266841 1.6073334387943727 1.650001499573424
183 0.9724605910826234 1.602428755825636 1.6478084258835415
183 0.9707783550607773 1.597524074037831 1.645611550473656
184 0.9707783550607773 1.597524074037831 1.645611550473656
185 0.9690938748131114 1.5926193934390722 1.6434108550590178
186 0.9674071404211293 1.5877147140364767 1.6412063212034145
187 0.965718141886626 1.5828100358381858 1.63899793033401
188 0.9640268691412479 1.5779053588516365 1.636785663720379
189 0.9623333120345408 1.5730006830851593 1.6345695024934355
190 0.9606374603436011 1.568096008546193 1.6323494276241486
191 0.9589393037674226 1.5631913352432054 1.6301254199320374
192 0.9572388319241439 1.5582866631839267 1.6278974600848752
193 0.955536034354996 1.5533819923768817 1.625665528590392
194 0.9538309005193419 1.5484773228302826 1.6234296058003232
195 0.952123419794494 1.5435726545522055 1.621189671907629
196 0.950413581477384 1.5386679875516127 1.6189457069414015
197 0.9487013747817087 1.5337633218364364 1.6166976907663357
198 0.94698678883672 1.5288586574157488 1.6144456030836511
199 0.9452698126863005 1.523953994297874 1.6121894234272103
200 0.9435504352908834 1.519049332491947 1.6099291311583628
201 0.9418286455225389 1.5141446720065617 1.6076647054693207
202 0.9401044321672651 1.5092400128507175 1.6053961253766227
203 0.9383777839172406 1.5043353550337164 1.6031233697305753
204 0.9366486893806814 1.4994306985642758 1.6008464171937398
205 0.934917137071595 1.4945260434520853 1.5985652462562958
206 0.9331831154171236 1.489621389706057 1.596279835217776
207 0.9314466127459076 1.484716737335969 1.593990162204809
208 0.9297076172974145 1.479812086351297 1.5916962051499504
209 0.9279661172115067 1.4749074367613126 1.5893979418056106
210 0.9262221005356888 1.4700027885762748 1.5870953497288454
211 0.9244755552211968 1.4650981418056368 1.5847884062819666
212 0.9227264691178215 1.4601934964592824 1.582477088638532
213 0.9209748299798217 1.4552888525476302 1.5801613737690476
214 0.9192206254572242 1.4503842100803734 1.5778412384501777
215 0.9174638430999065 1.4454795690680076 1.5755166592549885
216 0.9157044703567446 1.440574929520961 1.573187612548986
216 0.9139424945710337 1.4356702914493489 1.5708540744931576
217 0.9139424945710337 1.4356702914493489 1.5708540744931576
218 0.912177902982138 1.4307656548642091 1.5685160210378677
219 0.9104106827203832 1.4258610197758186 1.566173427925106
220 0.9086408208114686 1.4209563861952443 1.5638262706778334
221 0.9068683041705335 1.416051754133459 1.5614745246043742
222 0.9050931196014268 1.4111471236011603 1.5591181647945607
223 0.9033152538601706 1.406242494610226 1.5567571660069701
224 0.9015346935393509 1.4013378671720353 1.5543915028610806
225 0.8997514251054521 1.3964332412976002 1.5520211497680443
226 0.8979654349096765 1.3915286169988217 1.5496460809082158
227 0.8961767091842531 1.3866239942873366 1.5472662702309172
228 0.8943852340449555 1.3817193731745165 1.5448816914446797
229 0.8925909954855223 1.3768147536727393 1.542492318022797
230 0.8907939793809652 1.371910135793833 1.5400981231902886
231 0.8889941714812976 1.367005519549994 1.5376990799300787
232 0.8871915574132021 1.3621009049537125 1.5352951609742667
233 0.8853861226776486 1.3571962920169713 1.5328863388014715
233 0.8835778526498934 1.352291680752834 1.530472585632658
234 0.8835778526498934 1.352291680752834 1.530472585632658
235 0.8817667325710566 1.347387071173877 1.528053873437892
236 0.8799527475544059 1.342482463293012 1.5256301739202294
237 0.8781358825826879 1.337577857123198 1.523201458513737
238 0.8763161225030973 1.332673252677666 1.5207676983860987
239 0.8744934520271643 1.3277686499697794 1.5183288644321775
240 0.8726678557288039 1.3228640490130081 1.515884927270783
241 0.8708393180421791 1.3179594498209837 1.513435857241747
242 0.8690078232629005 1.3130548524075194 1.510981624397047
243 0.8671733555421379 1.3081502567865508 1.5085221985040393
244 0.8653358988867939 1.3032456629722076 1.5060575490381944
245 0.8634954371556574 1.2983410709788266 1.503587645182637
246 0.8616519540623564 1.2934364808208219 1.5011124558155622
247 0.859805433169339 1.2885318925130302 1.4986319495136913
248 0.8579558578850924 1.2836273060700363 1.4961460945487883
249 0.8561032114666947 1.2787227215069417 1.493654858876427
250 0.8542474770120256 1.2738181388388128 1.4911582101411118
251 0.8523886374623723 1.2689135580809445 1.4886561156640938
252 0.8505266755990246 1.2640089792492422 1.4861485424416614
253 0.8486615740397261 1.259104402358947 1.4836354571416097
254 0.8467933152376785 1.2541998274264916 1.481116826098777
255 0.8449218814794114 1.2492952544675409 1.4785926153079314
256 0.8430472548819562 1.2443906834988099 1.476062790422169
257 0.8411694173925716 1.2394861145363913 1.4735273167425753
258 0.8392883507815883 1.2345815475974964 1.4709861592238125
259 0.8374040366460382 1.2296769826985754 1.468439282456369
260 0.8355164564021503 1.2247724198572028 1.4658866506726183
261 0.8336255912875712 1.2198678590903347 1.4633282277313433
262 0.8317314223539417 1.214963300415811 1.4607639771228766
263 0.829833930467801 1.2100587438514196 1.4581938619565424
264 0.8279330963093137 1.2051541894151 1.4556178449530874
265 0.8260289003634913 1.200249637125207 1.4530358884501995
266 0.8241213229231487 1.1953450870001499 1.4504479543864668
266 0.8222103440849954 1.1904405390587138 1.4478540042980206
267 0.8222103440849954 1.1904405390587138 1.4478540042980206
268 0.8202959437454959 1.1855359933198537 1.4452539993147606
269 0.81837810159823 1.18063144980279 1.4426479001541057
270 0.8164567971335309 1.1757269085269717 1.4400356671103596
271 0.8145320096313727 1.1708223695121676 1.437417260055917
272 0.8126037181629494 1.16591783277833 1.4347926384266572
273 0.8106719015825333 1.1610132983455725 1.4321617612243978
274 0.8087365385288041 1.1561087662348302 1.4295245870032542
275 0.8067976074206179 1.1512042364663981 1.42688107386296
276 0.8048550864507454 1.1462997090617542 1.424231179449599
277 0.8029089535868089 1.141395184041842 1.421574860938995
278 0.8009591865661655 1.1364906614286663 1.4189120750346538
279 0.7990057628938289 1.13158614124415 1.4162427779566766
280 0.797048659832917 1.1266816235101473 1.413566925445092
281 0.7950878544102187 1.1217771082496144 1.410884472737579
282 0.7931233234056468 1.116872595485196 1.4081953745722415
283 0.7911550434084829 1.1119680852409328 1.4054995850754002
283 0.7891829907147792 1.1070635775405218 1.4027970579267448
284 0.7891829907147792 1.1070635775405218 1.4027970579267448
285 0.7872071413482821 1.1021590724077512 1.4000877463078372
286 0.7852274710745523 1.0972545698667873 1.3973716028620833
287 0.7832439553979891 1.0923500699420694 1.3946485796842372
288 0.7812565695513679 1.0874455726582914 1.3919186283230243
289 0.7792652884964535 1.0825410780410252 1.389181699764562
290 0.7772700869222684 1.0776365861152508 1.386437744416917
291 0.7752709392353012 1.0727320969073533 1.3836867121131315
292 0.7732678195559314 1.0678276104431685 1.3809285520977654
293 0.7712607017178197 1.0629231267497579 1.3781632130125676
294 0.7692495592598575 1.0580186458537024 1.3753906428905691
295 0.7672343654225559 1.0531141677827223 1.372610789146179
296 0.7652150931444227 1.0482096925645847 1.3698235985613931
297 0.7631917150538203 1.043305220227535 1.3670290172816684
298 0.7611642034672478 1.038400750800162 1.3642269907991587
299 0.7591325303836771 1.033496284311581 1.3614174639430037
300 0.7570966674784305 1.0285918207912692 1.3586003808695586
301 0.7550565860974978 1.0236873602691554 1.3557756850517297
302 0.7530122572548755 1.018782902775594 1.352943319262281
303 0.7509636516225467 1.013878448341736 1.3501032255704126
304 0.7489107395285725 1.0089739969985014 1.3472553453214393
305 0.7468534909498511 1.0040695487779938 1.344399619128799
306 0.7447918755082592 0.9991651037124426 1.3415359868561867
307 0.7427258624615173 0.9942606618346701 1.338664387610692
308 0.7406554206982008 0.9893562231777736 1.335784759726902
309 0.7385805187315476 0.9844517877758248 1.3328970407539873
310 0.7365011246661194 0.9795473556635808 1.330001167489924
311 0.7344172062268984 0.9746429268767488 1.327097075903247
312 0.7323287307649594 0.9697385014503901 1.3241847010937868
313 0.7302356652265181 0.9648340794206999 1.321263977323553
314 0.728137976150265 0.9599296608241191 1.3183348379923252
315 0.7260356296588542 0.9550252456981544 1.3153972156254876
316 0.7239285914539316 0.9501208340801691 1.312451041852008
316 0.7218168268024985 0.9452164260088759 1.3094962474011476
317 0.7218168268024985 0.9452164260088759 1.3094962474011476
318 0.7197003005371563 0.9403120215231576 1.3065327620696356
319 0.7175789770392635 0.9354076206627073 1.303560514721608
320 0.7154528202489177 0.9305032234679829 1.3005794332381633
321 0.7133217936965426 0.9255988299815228 1.2975894444286191
322 0.7111858603797219 0.9206944402453001 1.2945904742168466
323 0.7090449828137115 0.9157900543013328 1.2915824475158013
324 0.7068991230289507 0.9108856721926903 1.2885652881979675
325 0.7047482425561433 0.9059812939633581 1.2855389190859652
326 0.70259230242021 0.9010769196577748 1.282503261925654
327 0.7004312631302971 0.8961725493212684 1.2794582373667673
328 0.6982650846701275 0.8912681829998912 1.276403764941135
329 0.6960937264861479 0.8863638207405181 1.2733397630443328
330 0.6939171474804894 0.8814594625907415 1.2702661489072442
331 0.6917353059981517 0.8765551085994352 1.2671828385781096
332 0.6895481598180662 0.8716507588155172 1.264089746893818
333 0.6873556661415641 0.8667464132896744 1.26098678745912
333 0.6851577815794156 0.8618420720726528 1.257873872622372
334 0.6851577815794156 0.8618420720726528 1.257873872622372
335 0.6829544621434938 0.8569377352168555 1.2547509134464174
336 0.6807456632323974 0.8520334027750402 1.2516178196851289
337 0.6785313396211152 0.847129074801478 1.2484744997548765
338 0.6763114454463534 0.842224751350852 1.2453208607093715
339 0.6740859341952713 0.8373204324790321 1.2421568082096703
340 0.6718547586488537 0.8324161182449635 1.2389822465781293
341 0.6696178710027889 0.8275118087091995 1.2357970785187615
342 0.6673752227271119 0.8226075039312184 1.23260120531562
343 0.6651267645761343 0.8177032039712802 1.2293945267596897
344 0.6628724465880743 0.8127989088906922 1.2261769410907284
345 0.6606122180644873 0.807894618751912 1.2229483449745209
346 0.6583460275622961 0.8029903336189027 1.2197086334555571
347 0.6560738228989048 0.798086053557725 1.2164576998840313
348 0.6537955511253477 0.7931817786361067 1.2131954358986383
349 0.6515111584549287 0.7882775089217168 1.2099217314882713
350 0.6492205902871435 0.7833732444836281 1.2066364748800562
350 0.6492205902871435 0.7833732444836281 1.2066364748800562
351 0.6469237911901636 0.7784689853916426 1.203339552498868
352 0.6446207048813477 0.7735647317173897 1.2000308489311962
353 0.6423112742130914 0.7686604835339721 1.1967102468747317
354 0.639995441147844 0.7637562409157773 1.193377627106165
355 0.6376731467426743 0.7588520039387572 1.190032868429668
356 0.6353443311296059 0.753947772680335 1.186675847630306
357 0.6330089334918544 0.7490435472198868 1.1833064394335684
358 0.630666892044714 0.7441393276377026 1.1799245164512988
359 0.6283181440123138 0.7392351140165092 1.1765299491367571
360 0.6259626256069645 0.7343309064403226 1.173122605727904
361 0.6236002720046231 0.7294267049950075 1.1697023521978192
362 0.6212310173203973 0.7245225097681818 1.166269052201095
363 0.6188547945854047 0.7196183208495611 1.162822567015356
364 0.6164715357223657 0.7147141383306015 1.1593627554808636
365 0.6140811715150138 0.7098099623047209 1.1558894739494006
366 0.6116836315861224 0.7049057928674346 1.152402576213431
366 0.6092788443661067 0.7000016301162302 1.1489019134490241
367 0.6092788443661067 0.7000016301162302 1.1489019134490241
368 0.606866737067457 0.6950974741511772 1.1453873341453427
369 0.6044472356529086 0.6901933250737841 1.1418586840392357
370 0.6020202648046992 0.6852891829885066 1.138315806048191
371 0.5995857478976229 0.680385048002174 1.1347585401885625
372 0.5971436069585211 0.6754809202233154 1.1311867235149615
373 0.5946937626404346 0.670576799763816 1.1276001900313557
374 0.5922361341865919 0.6656726867375967 1.1239987706117702
375 0.5897706393895057 0.6607685812613926 1.120382292928959
376 0.5872971945615344 0.6558644834545184 1.1167505813545988
377 0.5848157144908357 0.6509603934394333 1.1131034568833122
378 0.5823261124063603 0.6460563113412243 1.1094407370322277
379 0.5798282999323906 0.6411522372880561 1.1057622357563714
380 0.5773221870525261 0.636248171411001 1.1020677633390756
381 0.5748076820612438 0.6313441138448469 1.0983571263015572
382 0.5722846901893738 0.6264400647254491 1.094630129836524
383 0.5697531028436862 0.6215360241811544 1.0908865982107254
383 0.567212814419766 0.6166319923465375 1.0871263424775146
384 0.567212814419766 0.6166319923465375 1.0871263424775146
385 0.5646637399431981 0.6117279693832411 1.0833491264106625
386 0.5621057881583504 0.6068239554532936 1.0795547177008353
387 0.5595388564189948 0.6019199507125772 1.075742897579657
388 0.5569628398615126 0.5970159553212534 1.071913443039934
389 0.5543776315247654 0.5921119694428031 1.068066126359126
390 0.5517831222959971 0.5872079932461697 1.0642007149525847
391 0.5491792008458082 0.5823040269036821 1.0603169712306244
392 0.5465657535656404 0.5774000705926113 1.0564146524472426
393 0.5439426644989095 0.5724961244952304 1.0524935105478899
394 0.5413098152765718 0.5675921887983378 1.0485532919966314
395 0.5386670850411401 0.5626882636942007 1.044593737616669
396 0.5360143503742852 0.5577843493800271 1.0406145824091098
397 0.5333514852198638 0.5528804460586284 1.036615555370047
398 0.5306783608050856 0.5479765539384106 1.0325963792966462
399 0.5279948455523016 0.5430726732339358 1.0285567705985128
400 0.5253008049965436 0.5381688041655778 1.0244964390814493
401 0.5225961016950286 0.5332649469600234 1.0204150877329368
402 0.5198805951299774 0.5283611018508958 1.0163124125046408
403 0.5171541416147503 0.5234572690783192 1.012188102069314
404 0.5144165941893779 0.5185534488894482 1.008041837582221
405 0.511667802515084 0.5136496415391308 1.003873292425877
406 0.508907612764964 0.5087458472899313 0.9996821319410929
407 0.5061358675065641 0.5038420664117439 0.9954680131520407
408 0.5033524055826565 0.498938299183575 0.9912305844769492
409 0.5005570619869691 0.49403454589244883 0.9869694854196461
410 0.4977496677303466 0.4891308068349365 0.9826843462604191
411 0.4949300497056323 0.4842270823165185 0.9783747877190331
412 0.49209803054379175 0.4793233726525645 0.9740404206106847
413 0.48925342846714914 0.4744196781688715 0.969680845477665
414 0.48639605712940703 0.469515999201487 0.9652956522149005
415 0.4835257254536069 0.46461233609795544 0.9608844196698979
416 0.4806422374619463 0.45970868921706426 0.9564467152212369
416 0.47774539209427846 0.45480505892971956 0.9519820943452829
417 0.47774539209427846 0.45480505892971956 0.9519820943452829
418 0.4748349830225373 0.44990144561959544 0.9474901001517859
419 0.471910798453555 0.4449978496837972 0.9429702629014823
420 0.4689726209220101 0.440094271532371 0.9384220994972721
421 0.46602022707180774 0.4351907115910907 0.9338451129590849
422 0.4630533874311551 0.4302871702996135 0.9292387918522395
423 0.46007186617641593 0.4253836481142512 0.9246026096956266
424 0.4570754208734338 0.4204801455078188 0.919936024353083
425 0.454063802220891 0.4155766629701539 0.9152384773626724
426 0.45103675376663266 0.4106732010098725 0.9105093932596802
427 0.4479940116196219 0.4057697601544579 0.9057481788372312
428 0.44493530413999677 0.40086634095138257 0.9009542223811754
429 0.4418603516126897 0.39596294397012155 0.896126892863202
430 0.43876886590795994 0.39105956980130346 0.891265539071625
431 0.4356605501184705 0.38615621905978476 0.8863694887103644
432 0.43253509817341157 0.38125289238494836 0.8814380474439483
433 0.42939219444265553 0.3763495904419225 0.876470497863657
433 0.4262315133038471 0.37144631392355454 0.8714660984223428
434 0.4262315133038471 0.37144631392355454 0.8714660984223428
435 0.42305271869093763 0.366543063551622 0.8664240822889051
436 0.41985546361885706 0.36163984007824057 0.8613436561267085
437 0.4166393896721701 0.3567366442878148 0.8562239988122837
438 0.4134041264708694 0.3518334769990803 0.8510642600561277
439 0.41014929109433956 0.3469303390667855 0.8458635589522135
440 0.4068744874804262 0.34202723138407526 0.8406209824117552
441 0.40357930577405815 0.33712415488425335 0.8353355835172347
442 0.4002633216440733 0.33222111054411 0.8300063797490079
443 0.39692609554803426 0.3273180993855572 0.8246323511021124
444 0.3935671719570371 0.3224151224798484 0.8192124380613841
445 0.39018607851580717 0.317512180948683 0.8137455394524538
446 0.3867823251598763 0.3126092759698933 0.8082305101213618
447 0.3833554031619835 0.3077064087789567 0.8026661584548948
448 0.3799047841096679 0.30280358067426855 0.7970512437317916
449 0.3764299188198739 0.2979007930207306 0.7913844732497991
450 0.3729302361662108 0.2929980472546774 0.7856644992552748
451 0.3694051418208335 0.2880953448882218 0.7798899156307681
452 0.3658540169033418 0.28319268751595705 0.7740592543248643
453 0.36227621652598013 0.27829007681934925 0.7681709814902853
454 0.3586710682258289 0.27338751457440164 0.762223493315802
455 0.35503787027050954 0.2684850026577953 0.7562151115125603
456 0.35137588983188317 0.26358254305575546 0.7501440784166133
457 0.3476843610019975 0.25868013787154637 0.7440085516819096
458 0.34396248265401647 0.25377778933480916 0.7378065984890512
459 0.3402094161080848 0.24887549981291296 0.731536189268333
460 0.3364242826046586 0.24397327182067588 0.725195190822107
461 0.3326061605487691 0.23907110803446768 0.7187813588299827
462 0.3287540825025253 0.23416901130499568 0.7122923296418591
463 0.3248670319076785 0.2292669846726756 0.7057256112643318
464 0.32094393948865896 0.22436503138555625 0.6990785734824089
465 0.31698367931772353 0.219463154917427 0.6923484369599092
466 0.3129850644836064 0.21456135898950737 0.6855322612390845
466 0.3089468423368854 0.20965964759409847 0.6786269314430441
467 0.3089468423368854 0.20965964759409847 0.6786269314430441
468 0.3048676892262546 0.20475802502110427 0.6716291435828251
469 0.3007462046972033 0.19985649588862725 0.6645353882016445
470 0.29658090505073526 0.19495506517599953 0.6573419321876071
471 0.29237021619321707 0.1900537382625829 0.6500447984653237
472 0.2881124656726504 0.1851525209714218 0.6426397432653596
473 0.2838058737852593 0.1802514196181265 0.6351222306079298
474 0.2794485436161049 0.17535044106832406 0.6274874035815817
475 0.2750384498545237 0.17044959280154143 0.6197300518952803
476 0.2705734261918812 0.1655488829867238 0.6118445751184831
477 0.26605115107602545 0.16064832056822953 0.6038249408750856
478 0.2614691315519475 0.1557479153653912 0.5956646371254265
479 0.2568246848667881 0.15084767819017525 0.5873566174856523
480 0.2521149174445523 0.14594762098268516 0.5788932382979023
481 0.2473367007525334 0.14104775697308597 0.570266185907476
482 0.2424866434870704 0.13614810087083204 0.5614663921812731
483 0.23756105935278807 0.13124866909152888 0.5524839359156887
483 0.23255592956327506 0.12634948002769641 0.5433079271079974
484 0.23255592956327506 0.12634948002769641 0.5433079271079974
485 0.22746685895126298 0.12145055437545531 0.5339263703530425
486 0.2222890243129158 0.11655191553069187 0.5243260025588217
487 0.21701711322041245 0.11165359007390493 0.5144920988811812
488 0.2116452510750082 0.1067556083675762 0.5044082389060619
489 0.20616691348555818 0.10185800529956753 0.49405602275120925
490 0.20057482021532638 0.09696082121638878 0.4834147233052326
491 0.194860805684546 0.09206410310969004 0.47246085628286744
492 0.1890156604943608 0.08716790614242537 0.46116764036610597
493 0.18302893301457385 0.08227229563170887 0.44950431757779996
494 0.17688867742740294 0.07737734965773183 0.4374352885841907
495 0.17058113427805324 0.07248316256771888 0.42491898576292014
496 0.164090316486138 0.06758984975893621 0.4119063891539636
497 0.15739746639819605 0.06269755434192621 0.3983390316036548
498 0.15048033001866506 0.057806456644954464 0.38414626441731187
499 0.14331217136281538 0.05291678814346805 0.36924140943689693
500 0.13586038884645596 0.048028852456343224 0.35351622988966663
501 0.12808452831309028 0.04314305819571467 0.33683270543227223
502 0.11993334216832516 0.03825997265722136 0.3190103099396988
503 0.1113402684131947 0.033380414311065254 0.29980540541888445
504 0.1022161609384122 0.028505622905695815 0.27887589050493855
505 0.0924369468929993 0.023637599689521057 0.25571592836014845
506 0.081821238462819 0.018779868096078352 0.22952314642135677
507 0.07008643216743926 0.013939461066146616 0.1988895801236492
508 0.05675631301217252 0.009133482155997187 0.16092451519953965
509 0.040996561813747286 0.0044210785122545775 0.10784022651314304
510 0.031148284768247256 0.0006121488015837309 0.019652729071225103
511 0.02724229650001083 5.8545580858616214e-05 0.0021490692188374403
512 0.023990111439490085 5.437885863235208e-06 0.00022667197178100274
513 0.02116361949288149 5.04664808583626e-07 2.3845864775322247e-05
514 0.01867216434895992 4.6837992030654125e-08 2.5084393622136847e-06
515 0.016467202986449575 4.347663252259767e-09 2.640195336049081e-07
