1 0.9986187505775446 1.9951105146227999 1.9978700715052073
2 0.9972326915247166 1.9901908130534136 1.9957135681247231
3 0.9958547701476783 1.985285872943873 1.9935495942339754
4 0.9944807198654152 1.980381220964358 1.9913721617774214
5 0.9931090260689878 1.975476529833178 1.9891839445389843
6 0.991738565458058 1.9705718387954143 1.9869872035129126
7 0.9903678944432898 1.9656671491531774 1.9847848059110675
8 0.9889960803625044 1.9607624605858585 1.9825785961327218
9 0.9876224819620883 1.9558577728273365 1.980369836196596
10 0.9862462479115767 1.9509530856516861 1.9781602107819645
11 0.9848664631096481 1.9460483988430008 1.9759515342805836
12 0.9834823928336162 1.941143712175659 1.973745261044097
13 0.9820938778687119 1.9362390255843671 1.9715416919065725
14 0.9807005717515658 1.9313343389025988 1.9693415039548388
15 0.9793021949159005 1.9264296521483435 1.9671452409169565
16 0.9778988251507309 1.9215249653560367 1.964952729194513
16 0.9764909584799812 1.9166202786226023 1.9627629544118246
17 0.9764909584799812 1.9166202786226023 1.9627629544118246
18 0.9750791246165046 1.9117155921127174 1.9605748332111907
19 0.9736652156548892 1.906810906438483 1.9583845409902605
20 0.97224974554861 1.9019062216026799 1.9561910201678623
21 0.9708326969426141 1.8970015379211624 1.9539942812961255
22 0.969414056612742 1.892096855300824 1.9517943260613064
23 0.9679938186166835 1.8871921736905375 1.949591141385013
24 0.966571977014642 1.8822874930953941 1.9473847140789604
25 0.9651485258074223 1.8773828135212893 1.9451750309111353
26 0.9637234589539626 1.872478134974041 1.9429620785681112
27 0.9622967703796477 1.8675734574591472 1.9407458436365193
28 0.9608684539642743 1.8626687809821478 1.9385263126261432
29 0.9594385035575792 1.8577641055488436 1.9363034719372745
30 0.9580069129597474 1.8528594311651336 1.9340773078982838
31 0.9565736759392665 1.8479547578366438 1.9318478067276146
32 0.9551387862194001 1.8430500855693255 1.9296149545600882
33 0.9537022374843023 1.8381454143689557 1.9273787374324065
33 0.9522640233783345 1.833240744241613 1.9251391412833692
34 0.9522640233783345 1.833240744241613 1.9251391412833692
35 0.9508241375030442 1.8283360751932283 1.922896151957832
36 0.9493825734202866 1.8234314072298574 1.9206497551989865
37 0.9479393246458044 1.8185267403574028 1.9183999366593336
38 0.9464943846557202 1.8136220745824847 1.9161466818867343
39 0.945047746881624 1.8087174099107979 1.9138899763308537
40 0.9435994047161432 1.803812746348978 1.91162980533207
41 0.9421493515027014 1.7989080839031009 1.909366154138825
42 0.9406975805416514 1.7940034225795936 1.9070990078943444
43 0.9392440850935011 1.7890987623848804 1.90482835162787
44 0.9377888583674365 1.7841941033253919 1.9025541702760602
45 0.9363318935312095 1.7792894454076602 1.9002764486611536
46 0.9348731837064117 1.7743847886384634 1.8979951714987822
47 0.9334127219668339 1.7694801330241898 1.895710323398681
48 0.9319505013401375 1.7645754785716452 1.8934218888601912
49 0.9304865148083161 1.7596708252874875 1.8911298522687205
50 0.9290207553045567 1.7547661731785487 1.8888341979004457
51 0.9275532157122474 1.749861522251818 1.8865349099222715
52 0.926083888870392 1.7449568725141407 1.8842319723784249
53 0.9246127675667225 1.7400522239723486 1.8819253692024989
54 0.9231398445378572 1.7351475766338826 1.8796150842156891
55 0.9216651124735639 1.7302429305055862 1.8773011011146576
56 0.9201885640121253 1.7253382855946287 1.8749834034797828
57 0.9187101917405307 1.72043364190827 1.8726619747723101
58 0.9172299881933199 1.7155289994539362 1.8703367983345556
59 0.9157479458556366 1.7106243582388183 1.8680078573809766
60 0.9142640571586631 1.705719718270531 1.8656751350059004
61 0.9127783144803906 1.7008150795562853 1.863338614178727
62 0.9112907101464645 1.6959104421041153 1.8609982777411889
63 0.9098012364277961 1.6910058059213235 1.8586541084081343
64 0.9083098855395765 1.6861011710156306 1.8563060887683849
65 0.9068166496481337 1.681196537394794 1.8539542012678505
66 0.905321520854252 1.6762919050669487 1.8515984282415126
66 0.9038244912102565 1.6713872740396452 1.8492387518749263
67 0.9038244912102565 1.6713872740396452 1.8492387518749263
68 0.9023255527078492 1.6664826443211451 1.8468751542279676
69 0.9008246972846561 1.6615780159194016 1.8445076172177275
70 0.8993219168167625 1.6566733888424223 1.84213612263157
71 0.8978172031235424 1.651768763098752 1.8397606521151317
72 0.8963105479656117 1.6468641386963707 1.8373811871725905
73 0.8948019430424418 1.6419595156436508 1.8349977091698944
74 0.8932913799978008 1.637054893949402 1.8326101993208892
75 0.8917788504067585 1.6321502736216384 1.8302186387097894
76 0.8902643457909367 1.6272456546694514 1.827823008259147
77 0.8887478576039685 1.6223410371012439 1.8254232887548283
78 0.8872293772395488 1.6174364209257346 1.823019460827696
79 0.8857088960253927 1.6125318061521268 1.8206115049632476
80 0.8841864052270133 1.6076271927888826 1.8181994014894711
81 0.8826618960464153 1.6027225808454992 1.8157831305784826
82 0.881135359617685 1.5978179703307074 1.8133626722504737
83 0.8796067870108694 1.5929133612537845 1.8109380063640876
83 0.8780761692260435 1.588008753624262 1.808509112625126
84 0.8780761692260435 1.588008753624262 1.808509112625126
85 0.8765434971987912 1.58310414745116 1.8060759705711764
86 0.8750087617936707 1.5781995427441926 1.8036385595831737
87 0.8734719538091867 1.5732949395128881 1.8011968588708462
88 0.8719330639704959 1.5683903377665585 1.7987508474843534
89 0.8703920829357793 1.563485737515399 1.796300504299002
90 0.8688490012910413 1.558581138769154 1.7938458080209851
91 0.8673038095468287 1.5536765415374145 1.791386737190996
92 0.8657564981734729 1.5487719458308664 1.7889232701093012
93 0.8642070575742723 1.5438673516592751 1.7864553848851101
94 0.8626554780440313 1.5389627590332997 1.7839830595207193
95 0.8611017497994256 1.534058167962999 1.7815062718433956
96 0.8595458629785863 1.529153578458814 1.7790249995036151
97 0.8579878076475549 1.5242489905313603 1.7765392199576486
98 0.8564275737919467 1.519344404191197 1.7740489104806587
99 0.8548651513191365 1.5144398194491735 1.7715540481586503
100 0.8533005300564229 1.5095352363160695 1.7690546098878601
101 0.851733699751333 1.5046306548028239 1.7665505723703392
102 0.8501646500713107 1.4997260749205648 1.7640419121105184
103 0.8485933705984849 1.4948214966804692 1.7615286054217236
104 0.8470198508364739 1.489916920093848 1.7590106284079192
105 0.8454440802002094 1.4850123451720871 1.7564879569804566
106 0.8438660480230961 1.4801077719267797 1.753960566839004
107 0.8422857435497222 1.4752032003695223 1.751428433482013
108 0.8407031559402692 1.4702986305121037 1.7488915321932803
109 0.8391182742646913 1.4653940623663373 1.7463498380492828
110 0.8375310875048899 1.4604894959446615 1.7438033259107346
111 0.8359415845536715 1.4555849312587716 1.741251970418414
112 0.8343497542121558 1.4506803683210212 1.738695745995446
113 0.8327555851885251 1.4457758071440663 1.7361346268446358
114 0.8311590660981097 1.4408712477400771 1.7335685869424147
115 0.8295601854637628 1.4359666901221912 1.730997600034793
116 0.8279589317111636 1.431062134302787 1.7284216396399936
116 0.8263552931696099 1.4261575802952018 1.725840679043708
117 0.8263552931696099 1.4261575802952018 1.725840679043708
118 0.8247492580716749 1.4212530281121454 1.723254691292649
119 0.8231408145500475 1.4163484777671722 1.720663649197603
120 0.8215299506388644 1.4114439292735366 1.7180675253238478
121 0.819916654270322 1.4065393826448553 1.715466291993536
122 0.818300913273721 1.401634837894412 1.7128599212812636
123 0.8166827153763951 1.396730295036529 1.7102483850081238
124 0.8150620481987462 1.3918257540849743 1.707631654744387
125 0.813438899255887 1.3869212150538648 1.7050097018013088
126 0.811813255957343 1.382016677957478 1.7023824972255646
127 0.8101851056013515 1.3771121428103186 1.6997500118052298
128 0.8085544353774636 1.3722076096269424 1.697112216057963
129 0.8069212323627284 1.3673030784220292 1.6944690802328488
130 0.8052854835231906 1.3623985492108353 1.6918205743014625
131 0.8036471757107421 1.3574940220081402 1.6891666679567165
132 0.8020062956591263 1.3525894968291887 1.6865073306158618
133 0.8003628299876316 1.3476849736898402 1.6838425314062455
133 0.7987167651950792 1.34278045260521 1.6811722391694737
134 0.7987167651950792 1.34278045260521 1.6811722391694737
135 0.7970680876626939 1.3378759335915416 1.6784964224508117
136 0.7954167836490107 1.3329714166643796 1.675815049500606
137 0.7937628392901845 1.3280669018402864 1.6731280882686554
138 0.7921062405970456 1.323162389135588 1.670435506401593
139 0.7904469734543049 1.3182578785664714 1.667737271237308
140 0.788785023619957 1.3133533701500537 1.6650333498000567
141 0.7871203767214946 1.3084488639031508 1.6623237087992666
142 0.7854530182559553 1.3035443598428424 1.6596083146223992
143 0.783782933587518 1.298639857986521 1.656887133332195
144 0.7821101079464564 1.2937353583517166 1.6541601306606388
145 0.7804345264256414 1.2888308609561738 1.6514272720082839
146 0.7787561739813841 1.2839263658177884 1.6486885224340837
147 0.7770750354279129 1.279021872955066 1.6459438466592167
148 0.7753910954400226 1.2741173823860321 1.6431932090514787
149 0.7737043385479303 1.269212894129391 1.6404365736289126
150 0.7720147491377813 1.264308408204272 1.637673904049508
151 0.7703223114469347 1.2594039246292688 1.6349051636108887
152 0.7686270095656027 1.2544994434240904 1.632130315239746
153 0.7669288274291739 1.2495949646081475 1.6293493214969128
154 0.7652277488216378 1.2446904882012322 1.6265621445614218
155 0.7635237573733574 1.239786014223331 1.6237687462252532
156 0.7618168365539427 1.234881542694786 1.6209690878987897
157 0.76010696967456 1.2299770736361382 1.6181631305956228
158 0.7583941398857711 1.2250726070681457 1.6153508349268964
159 0.7566783302001236 1.2201681430122906 1.6125321610433654
160 0.7549595234528751 1.2152636814905453 1.6097070687080386
161 0.7532377022878645 1.2103592225244433 1.6068755173142952
162 0.7515128491841437 1.2054547661361872 1.6040374658195813
163 0.7497849464476919 1.2005503123474588 1.6011928727502323
164 0.7480539762076612 1.1956458611810055 1.5983416962001307
165 0.7463199204165807 1.1907414126594482 1.5954838938170115
166 0.7445827608441208 1.185836966805881 1.592619422804683
166 0.7428424790766629 1.1809325236432835 1.589748239911047
167 0.7428424790766629 1.1809325236432835 1.589748239911047
168 0.7410990565171303 1.1760280831955927 1.5868703014175396
169 0.7393524743773214 1.171123645486555 1.5839855631414081
170 0.7376027136791093 1.1662192105406122 1.5810939804215125
171 0.7358497552493823 1.1613147783821538 1.5781955081150767
172 0.7340935797176511 1.1564103490359174 1.575290100590035
173 0.7323341675139368 1.1515059225275008 1.5723777117166762
174 0.7305714988651315 1.146601498881994 1.5694582948597402
175 0.7288055537953422 1.1416970781256068 1.5665318028657749
176 0.7270363121165456 1.1367926602845932 1.563598188067342
177 0.7252637534297447 1.1318882453852286 1.560657402265827
178 0.7234878571220791 1.1269838334547473 1.557709396723964
179 0.7217085783665316 1.1220794244988823 1.5547541738225201
180 0.7199258843766402 1.1171750185326983 1.5517917090868636
181 0.718139789945214 1.1122706156161268 1.548821874500201
182 0.7163502735610299 1.1073662157776172 1.5458446191034705
183 0.7145573134885318 1.1024618190463848 1.5428598913417721
183 0.712760887754587 1.0975574254512452 1.5398676390744224
184 0.712760887754587 1.0975574254512452 1.5398676390744224
185 0.7109609741478597 1.0926530350222665 1.5368678095614088
186 0.709157550215154 1.0877486477894684 1.5338603494518985
187 0.7073505932558689 1.0828442637833584 1.5308452047790433
188 0.7055400803190511 1.0779398830349602 1.5278223209480981
189 0.7037259882003637 1.0730355055755707 1.5247916427239543
190 0.7019082934379345 1.0681311314373796 1.5217531142219336
191 0.7000869723068265 1.0632267606522803 1.5187066788986052
192 0.6982620008159814 1.058322393253538 1.5156522795409084
193 0.6964333547051694 1.0534180292739737 1.51258985824987
194 0.6946010094391032 1.048513668747658 1.5095193564350597
195 0.6927649402023195 1.0436093117088157 1.5064407148029653
196 0.690925121896722 1.038704958192167 1.5033538733411844
197 0.6890815291346932 1.0338006082328632 1.500258771311208
198 0.6872341362365062 1.0288962618670905 1.4971553472323498
199 0.6853829172256924 1.0239919191307612 1.4940435388668534
200 0.6835278458225518 1.019087580061214 1.490923283212921
201 0.6816688954386059 1.014183244695408 1.4877945164900808
202 0.6798060391732403 1.0092789130717177 1.484657174124508
203 0.6779392498087022 1.0043745852286357 1.4815111907328649
204 0.6760684998036597 0.9994702612053402 1.478356500111455
205 0.6741937613436405 0.9945659410429386 1.4751930351013771
206 0.6723150062264686 0.9896616247821551 1.472020727808638
207 0.6704322059073168 0.9847573124640212 1.4688395094792894
208 0.6685453314962001 0.979853004129829 1.4656493104767097
209 0.6666543537505729 0.9749486998222817 1.4624500602707478
210 0.6647592430705207 0.9700443995842594 1.4592416874169776
211 0.6628599694925431 0.9651401034594452 1.4560241195411374
212 0.6609565026813311 0.9602358114920729 1.4527972833259715
213 0.6590488119261101 0.9553315237274909 1.4495611044885683
214 0.6571368661321776 0.9504272402115085 1.4463155077656806
215 0.6552206338139965 0.9455229609903474 1.4430604168957866
216 0.6533000830908908 0.9406186861115641 1.4397957545961309
216 0.6513751816753616 0.9357144156234614 1.436521442552921
217 0.6513751816753616 0.9357144156234614 1.436521442552921
218 0.6494458968702548 0.9308101495746122 1.433237401391371
219 0.6475121955579681 0.9259058880147075 1.4299435506644698
220 0.6455740441952048 0.9210016309944585 1.4266398088272143
221 0.6436314088051546 0.9160973785651262 1.4233260932150296
222 0.6416842549644799 0.9111931307789826 1.4200023200342062
223 0.6397325478048601 0.9062888876891384 1.4166684043182165
224 0.6377762519956822 0.9013846493494795 1.4133242599249085
225 0.6358153317329056 0.896480415815548 1.4099697995205676
226 0.6338497507063764 0.891576187144093 1.4066049346087153
227 0.6318794721567547 0.886671963392368 1.4032295753586457
228 0.6299044588311494 0.8817677446180577 1.3998436306583157
229 0.6279246729718416 0.8768635308799629 1.3964470080940499
230 0.6259400763090808 0.8719593222383157 1.3930396139194545
231 0.6239506300483704 0.8670551187536117 1.389621353033004
232 0.621956294919328 0.8621509204904372 1.3861921288251677
233 0.6199570310508039 0.8572467275118558 1.3827518433960735
233 0.617952798015151 0.852342539882059 1.379300397408608
234 0.617952798015151 0.852342539882059 1.379300397408608
235 0.6159435548209501 0.8474383576667878 1.3758376900512115
236 0.6139292598978058 0.8425341809322544 1.3723636190145132
237 0.6119098710867698 0.8376300097466616 1.3688780804581666
238 0.609885345630163 0.8327258441790063 1.3653809689731007
239 0.6078556401573821 0.8278216842996627 1.3618721775540792
240 0.6058207106723488 0.8229175301801914 1.358351597565731
241 0.6037805125424417 0.8180133818938758 1.3548191187047878
242 0.6017350004826227 0.8131092395150437 1.3512746289693764
243 0.5996841285232997 0.8082051031206259 1.347718014666824
244 0.5976278500479438 0.8033009727910604 1.3441491602618867
245 0.5955661177576875 0.7983968486064342 1.3405679483789414
246 0.5934988836270182 0.793492730646596 1.336974259829043
247 0.5914260989090311 0.7885886189937062 1.3333679735276636
248 0.5893477141200111 0.7836845137310179 1.3297489664504463
249 0.5872636790218446 0.7787804149439522 1.32611711359555
250 0.5851739426072843 0.7738763227187988 1.3224722879332897
251 0.5830784530855173 0.7689722371444496 1.3188143603578988
252 0.5809771578580843 0.764068158310938 1.3151431996532597
253 0.578870003509359 0.7591640863107131 1.3114586724278918
254 0.576756935783277 0.7542600212372869 1.3077606430739286
255 0.5746378995657154 0.749355963186925 1.3040489737158885
256 0.5725128388662223 0.7444519122572506 1.3003235241528006
257 0.5703816967971507 0.7395478685485241 1.2965841518079695
258 0.5682444155533987 0.7346438321622658 1.2928307116697575
259 0.5661009363920816 0.7297398032029353 1.2890630562347585
260 0.5639511996093777 0.7248357817766816 1.285281035449062
261 0.5617951445194844 0.7199317679923888 1.2814844966454133
262 0.5596327094328384 0.7150277619605785 1.2776732844747865
263 0.5574638316292723 0.7101237637948227 1.273847240850368
264 0.5552884473363758 0.7052197736110595 1.2700062048722223
265 0.5531064917037 0.7003157915271518 1.266150012757963
266 0.5509178987757957 0.695411817664399 1.2622784977755956
266 0.5487226014669553 0.6905078521461864 1.2583914901631212
267 0.5487226014669553 0.6905078521461864 1.2583914901631212
268 0.546520531532344 0.6856038950992239 1.254488817056727
269 0.5443116195405637 0.6806999466522868 1.2505703024066328
270 0.5420957948450922 0.6757960069378676 1.2466357668961097
271 0.5398729855509747 0.6708920760909218 1.2426850278611992
272 0.5376431184869239 0.6659881542499079 1.2387178991971148
273 0.5354061191718592 0.6610842415562549 1.2347341912692156
274 0.5331619117816047 0.6561803381545978 1.2307337108195087
275 0.5309104191120602 0.6512764441933947 1.2267162608762603
276 0.5286515625485033 0.6463725598242404 1.2226816406410153
277 0.526385262024141 0.6414686852024952 1.2186296453966377
278 0.5241114359853504 0.6365648204870846 1.2145600663918301
279 0.5218300013502598 0.6316609658412385 1.2104726907360366
280 0.5195408734702376 0.626757121431612 1.2063673012774352
281 0.517243966084411 0.6218532874294723 1.2022436764936368
282 0.514939191280029 0.6169494640099772 1.198101590357441
283 0.512626459444217 0.6120456513528761 1.1939408122172392
283 0.51030567922029 0.6071418496422105 1.1897611066564635
284 0.51030567922029 0.6071418496422105 1.1897611066564635
285 0.5079767574564986 0.6022380590671202 1.185562233363982
286 0.5056395991571518 0.5973342798211619 1.181343946986857
287 0.5032941074318779 0.5924305121032846 1.1771059969810427
288 0.5009401834395392 0.5875267561172168 1.1728481274613662
289 0.4985777263347689 0.5826230120726027 1.1685700770383027
290 0.49620663320715747 0.5777192801837636 1.1642715786561766
291 0.4938267990246295 0.57281556067197 1.159952359417013
292 0.49143811656896974 0.567911853763239 1.1556121404016833
293 0.48904047637213505 0.5630081596906125 1.1512506364855406
294 0.4866337666478667 0.5581044786930305 1.1468675561449084
295 0.48421787322248516 0.5532008110164133 1.14246260125601
296 0.48179267946359067 0.5482971569131401 1.1380354668808852
297 0.47935806620201316 0.5433935166432207 1.1335858410573223
298 0.47691391165539854 0.5384898904736581 1.1291134045650408
299 0.47446009134578776 0.5335862786791263 1.1246178306917858
300 0.47199647801632594 0.5286826815425995 1.1200987849835455
301 0.46952294153918434 0.5237790993549224 1.1155559249945832
302 0.4670393488278223 0.518875532415911 1.1109889000106468
303 0.4645455637382576 0.5139719810338833 1.1063973507741307
304 0.4620414469693825 0.5090684455269535 1.1017809091933852
305 0.45952685596033155 0.5041649262223686 1.0971391980317478
306 0.45700164477959154 0.4992614234579165 1.092471830596379
307 0.45446566401381444 0.4943579375814249 1.0877784103980137
308 0.45191876064788905 0.4894544689519533 1.0830585308081735
309 0.44936077793989476 0.4845510179395587 1.0783117746969249
310 0.44679155529640546 0.4796475849265416 1.073537714042825
311 0.44421092813361174 0.4747441703072046 1.0687359095416242
312 0.44161872773683314 0.46984077448858147 1.0639059101872288
313 0.4390147811134635 0.4649373978919067 1.0590472528343948
314 0.436398910838011 0.4600340409513356 1.0541594617363694
315 0.4337709348899923 0.4551307041163665 1.049242048068046
316 0.431130666484613 0.45022738785161853 1.044294509418033
316 0.4284779138959154 0.4453240926377822 1.0393163292564924
317 0.4284779138959154 0.4453240926377822 1.0393163292564924
318 0.4258124802677104 0.4404208189720422 1.0343069763834716
319 0.423134163419639 0.4355175673690681 1.029265904339537
320 0.4204427556435052 0.4306143383620799 1.024192550786151
321 0.41773804348237775 0.42571113250342035 1.0190863368693375
322 0.41501980750990036 0.42080795036523483 1.0139466665219259
323 0.4122878220874512 0.41590479254107215 1.0087729257568363
324 0.40954185511744656 0.4110016596465855 1.003564481898243
325 0.40678166789027254 0.4060985523205163 0.9983206825093689
326 0.40400701660519833 0.40119547122981264 0.9930408501342114
327 0.4012176499540913 0.3962924170660676 0.9877242865846324
328 0.398413305136334 0.3913893905412933 0.9823702810511382
329 0.39559371169608676 0.38648639239642385 0.9769780989171548
330 0.39275859261542995 0.38158342340531537 0.97154697715027
331 0.38990766230967244 0.37668048437307916 0.96607612720858
332 0.38704062616718793 0.3717775761383421 0.9605647340435711
333 0.3841571801429568 0.36687469957465874 0.9550119548413316
333 0.3812570103245945 0.36197185559223694 0.9494169176956547
334 0.3812570103245945 0.36197185559223694 0.9494169176956547
335 0.3783397924760233 0.357069045140628 0.9437787201917354
336 0.3754051915530023 0.35216626921054156 0.9380964278988142
337 0.3724528611870867 0.3472635288364581 0.9323690727724716
338 0.36948244313587997 0.3423608250986465 0.9265956514549211
339 0.3664935667061622 0.33745815912712385 0.920775123448981
340 0.36348584812953905 0.3325555321031532 0.9149064091888306
341 0.3604588899038626 0.32765294526359845 0.9089883879711949
342 0.3574122800932163 0.32275039990387466 0.9030198957341322
343 0.3543455915731816 0.31784789738179603 0.8969997227019323
344 0.35125838123058895 0.3129454391211359 0.8909266108463277
345 0.3481501891059239 0.30804302661708294 0.8847992511742154
346 0.3450205374768654 0.3031406614399008 0.8786162808068412
347 0.3418689298749264 0.2982383452401749 0.8723762798487893
348 0.3386948500312053 0.2933360797547208 0.8660777680194859
349 0.3354977607425384 0.28843386681288014 0.8597192010298538
350 0.33227710265723415 0.28353170834179464 0.8532989666587902
350 0.33227710265723415 0.28353170834179464 0.8532989666587902
351 0.32903229296251446 0.2786296063753029 0.8468153805409191
352 0.32576272397276884 0.2737275630599516 0.8402666815950159
353 0.3224677616077592 0.2688255806651055 0.8336510270818868
354 0.3191467437458867 0.26392366159116126 0.8269664872448281
355 0.31579897844383886 0.2590218083803029 0.8202110394931721
356 0.31242374200474116 0.25412002372762604 0.813382562083805
357 0.309020276885482 0.2492183104933097 0.8064788272313471
358 0.3055877894207508 0.2443166717169763 0.7994974936010518
359 0.30212544734763236 0.23941511063141635 0.7924360980951728
360 0.29863237710181484 0.23451363068067835 0.785292046885874
361 0.29510766086908036 0.22961223553800683 0.7780626055650602
362 0.29155033335792363 0.2247109291254958 0.7707448883264626
363 0.28795937826231804 0.21980971563906307 0.763335846067935
364 0.28433372437541854 0.2149085995714494 0.755832253256374
365 0.28067224131255103 0.21000758574288456 0.7482306934265875
366 0.27697373479768694 0.20510667933228577 0.7405275430975582
366 0.27323694144773847 0.20020588591309146 0.732718953931727
367 0.27323694144773847 0.20020588591309146 0.732718953931727
368 0.2694605230000233 0.19530521149465102 0.7248008328649838
369 0.26564305989887393 0.19040466256752733 0.716768819934582
370 0.261783044158945 0.18550424615646843 0.7086182634649061
371 0.25787887138803 0.18060396987932664 0.700344192245095
372 0.253928831875795 0.1757038420153679 0.6919412841678035
373 0.2499311005690145 0.17080387158250168 0.6834038308703279
374 0.2458837257939223 0.16590406842802063 0.6747256976538031
375 0.2417846165138385 0.16100444333050826 0.6659002779082647
376 0.2376315278752595 0.15610500812137956 0.6569204411433324
377 0.2334220447660909 0.15120577582355102 0.6477784734302722
378 0.22915356303155804 0.14630676081552593 0.6384660089067749
379 0.22482326792941393 0.14140797902401211 0.6289739506340105
380 0.22042810930603834 0.13650944815111035 0.619292378730079
381 0.21596477287107105 0.13161118794518645 0.6094104431733276
382 0.21142964677377665 0.12671322052495107 0.5993162380890245
383 0.20681878252785088 0.12181557076928838 0.588996653400589
383 0.2021278490527459 0.11691826679040045 0.5784371987251012
384 0.2021278490527459 0.11691826679040045 0.5784371987251012
385 0.19735207828268278 0.1120213405112434 0.56762179291969
386 0.19248620038822686 0.1071248283792464 0.5565325107108225
387 0.1875243660510628 0.102228772249084 0.5451492752746977
388 0.1824600524904262 0.09733322049531469 0.5334494820471556
389 0.17728594887638127 0.09243822941996956 0.5214075340196604
390 0.1719938153092211 0.087543865059965 0.5089942618144335
391 0.16657430751072835 0.08265020553503485 0.49617619169577937
392 0.16101675642753685 0.07775734414267275 0.4829146100559184
393 0.15530888769972723 0.07286539350046592 0.4691643509889994
394 0.14943645967776206 0.0679744911909275 0.45487220011438023
395 0.1433827890113229 0.0630848076076158 0.43997475598437413
396 0.13712811806364153 0.05819655711025707 0.4243955064215779
397 0.13064875457491731 0.05331001430435869 0.4080407385268213
398 0.12391587486261953 0.04842553852719283 0.3907936620782466
399 0.11689381502625139 0.04354361200636981 0.3725056967008136
400 0.10953755594826028 0.03866490190427873 0.35298306201520485
401 0.10178888702447575 0.03379036651364 0.33196518305102307
402 0.09357030169411813 0.02892144899337339 0.30908791004989783
403 0.08477478489376249 0.024060460764738854 0.2838162408184319
404 0.07524761202779816 0.019211425274158832 0.255309434498223
405 0.06475182048350253 0.014382233575797354 0.2221131926238531
406 0.05289965141985579 0.009591494800981983 0.18131489610122142
407 0.03905085937401546 0.004899463402107831 0.12546365126519973
408 0.02777459188622881 0.0008389347587485347 0.03020511560295851
409 0.024266757849739903 8.155075725645008e-05 0.003360595501113642
410 0.02136870880257764 7.583130826708861e-06 0.0003548708018237457
411 0.01884458050421561 7.036953839198045e-07 3.7342056182274e-05
412 0.016625179767803904 6.529022571409917e-08 3.9271891568077555e-06
413 0.01466283319943149 6.060681529227744e-09 4.133363209412169e-07
