1 1.0828729074532044 6.495110467455386 5.998035801570802
2 1.0824151773199804 6.490190925858202 5.996027274790873
3 1.0819609962861774 6.485285678646204 5.994010598262689
4 1.0815058021076411 6.48038094635407 5.991998317276789
5 1.0810471468163991 6.4754761794215945 5.990003487351476
6 1.0805847978464496 6.470571405221224 5.988027425627997
7 1.080121790269106 6.465666628883443 5.986053320221009
8 1.0796586621343698 6.460761848886495 5.984078186446687
9 1.079195391085889 6.45585707194593 5.982102152465673
10 1.078731969066197 6.4509522958242655 5.980125258926483
11 1.0782683958990027 6.446047519941249 5.978147504329734
12 1.0778046714475011 6.441142744303645 5.97616888749715
13 1.0773407955363357 6.43623796891745 5.974189407459762
14 1.0768767679962599 6.431333193783686 5.9722090632064075
15 1.0764125886524096 6.42642841890507 5.970227853754936
16 1.0759482573342993 6.421523644282362 5.96824577809338
16 1.0754837738689471 6.416618869916491 5.966262835220038
17 1.0754837738689471 6.416618869916491 5.966262835220038
18 1.0750191380813339 6.411714095809858 5.964279024142136
19 1.0745543497976502 6.406809321964065 5.962294343855697
20 1.0740894088503716 6.40190454838014 5.9603087933175685
21 1.0736243150526725 6.396999775059946 5.958322371588712
22 1.073159068234679 6.392095002005382 5.9563350776322705
23 1.0726936682327584 6.38719022921803 5.95434691037265
24 1.0722281148629866 6.382285456699312 5.952357868842923
25 1.0717624079425514 6.377380684450725 5.950367952066261
26 1.071296547303018 6.372475912473526 5.948377158981975
27 1.070830532762332 6.367571140769311 5.946385488601469
28 1.0703643641497649 6.362666369340471 5.944392939870156
29 1.0698980412875687 6.3577615981874045 5.942399511766707
30 1.0694315639901424 6.352856827312162 5.9404052033110935
31 1.0689649320856462 6.347952056717499 5.9384100134436375
32 1.0684981453909128 6.343047286403176 5.936413941160896
33 1.0680312037277786 6.338142516371403 5.9344169854300235
33 1.0675641069156108 6.333237746624246 5.932419145227855
34 1.0675641069156108 6.333237746624246 5.932419145227855
35 1.0670968547761384 6.328332977162674 5.930420419513154
36 1.0666294471267221 6.323428207987982 5.928420807265337
37 1.06616188378386 6.318523439101895 5.926420307465083
38 1.0656941645736593 6.313618670507442 5.924418919036929
39 1.0652262893154754 6.308713902204006 5.922416640935557
40 1.0647582578188046 6.3038091341949665 5.9204134721702415
41 1.0642900699032527 6.298904366479626 5.918409411686248
42 1.0638217253887303 6.293999599060601 5.91640445842626
43 1.0633532240839108 6.289094831940104 5.914398611391075
44 1.0628845658119541 6.284190065118844 5.912391869495493
45 1.0624157503830536 6.279285298598526 5.910384231723346
46 1.0619467776195919 6.274380532379733 5.908375696985567
47 1.0614776472265255 6.269475766460686 5.90636626484019
48 1.061008358920266 6.264571000838234 5.904355934776394
49 1.0605389125224327 6.259666235513569 5.902344705698069
50 1.0600693078426433 6.254761470488444 5.900332576572343
51 1.0595995447026518 6.249856705764935 5.898319546295001
52 1.059129623018224 6.244951941339533 5.896305613229059
53 1.0586594520727535 6.240047177059819 5.894291280205741
54 1.0581891224425932 6.235142413040306 5.8922760410236235
55 1.0577186339331086 6.230237649282142 5.89025989465186
56 1.0572479863546584 6.225332885786721 5.888242840027889
57 1.056777179526875 6.220428122555456 5.886224876033353
58 1.056306213261272 6.215523359590043 5.884206001591194
59 1.0558350873747733 6.210618596892901 5.882186215590706
60 1.0553638016789781 6.205713834463799 5.880165516944137
61 1.0548923559929635 6.200809072305984 5.878143904521141
62 1.0544207501240026 6.195904310420193 5.876121377250532
63 1.0539489838851819 6.190999548808341 5.874097934025613
64 1.053477057083066 6.1860947874718475 5.872073573771315
65 1.0530049695344108 6.181190026412135 5.870048295351507
66 1.0525327210450695 6.1762852656309795 5.86802209768689
66 1.0520603114351854 6.17138050513053 5.8659949796145625
67 1.0520603114351854 6.17138050513053 5.8659949796145625
68 1.0515877405100607 6.166475744911579 5.863966940048768
69 1.0511150080783622 6.161570984975247 5.861937977881001
70 1.0506421139471875 6.156666225323862 5.85990809200833
71 1.0501690579289733 6.151761465958399 5.8578772812924225
72 1.0496958398303273 6.146856706880565 5.855845544623805
73 1.0492224594559576 6.141951948092499 5.853812880899653
74 1.0487489166165895 6.137047189595276 5.851779288978193
75 1.0482752111187437 6.132142431390547 5.849744767737264
76 1.0478013427643902 6.127237673480092 5.847709316075834
77 1.0473273113650114 6.12233291586432 5.845672932834063
78 1.0468531167257402 6.117428158546399 5.843635616885758
79 1.0463787586453888 6.112523401527171 5.841597367133354
80 1.0459042369395537 6.1076186448083005 5.83955818238193
81 1.0454295514028833 6.102713888390702 5.837518061548333
82 1.044954701840779 6.097809132276937 5.83547700348648
83 1.0444796880545324 6.092904376467084 5.833435007066383
83 1.04400450984953 6.087999620964057 5.831392071133395
84 1.04400450984953 6.087999620964057 5.831392071133395
85 1.0435291670335265 6.0830948657686745 5.829348194513127
86 1.0430536594010928 6.078190110882518 5.827303376101026
87 1.0425779867545857 6.073285356307399 5.825257614744747
88 1.0421021488954694 6.068380602043939 5.823210909291237
89 1.041626145626216 6.063475848094466 5.821163258578884
90 1.0411499767436543 6.058571094460784 5.819114661472531
91 1.040673642048872 6.053666341142995 5.817065116807007
92 1.040197141343003 6.048761588144511 5.815014623415451
93 1.0397204744196133 6.0438568354650695 5.812963180165165
94 1.0392436410775614 6.0389520831077 5.810910785892409
95 1.0387666411203482 6.034047331072614 5.808857439400124
96 1.0382894743386468 6.029142579362173 5.806803139560401
97 1.037812140365026 6.024237827968942 5.804747886115552
98 1.037334638974953 6.019333076895204 5.802691678013602
99 1.0368569699662353 6.014428326141345 5.800634514071118
100 1.0363791332516095 6.00952357570444 5.79857639245373
101 1.03590112870281 6.004618825582152 5.796517311552056
102 1.035422869276822 5.999714075626684 5.794457756005629
103 1.0349444417392633 5.994809325954013 5.792397238135324
104 1.0344658458755043 5.989904576564833 5.790335756803425
105 1.0339870814913095 5.9849998274620075 5.788273310755392
106 1.0335081483807231 5.98009507864637 5.78620989879552
107 1.0330290463331306 5.975190330119843 5.784145519750436
108 1.032549775148856 5.970285581883429 5.782080172379808
109 1.0320703346243942 5.965380833938615 5.780013855460366
110 1.0315907245511347 5.960476086287344 5.777946567793021
111 1.0311109447284053 5.955571338930687 5.775878308128506
112 1.030630994944263 5.950666591869943 5.773809075276024
113 1.0301508749951898 5.945761845107879 5.77173886799411
114 1.029670584671077 5.940857098645205 5.76966768507132
115 1.02919012376945 5.93595235248369 5.76759552524953
116 1.028709492075295 5.931047606624786 5.765522387335638
116 1.0282286893826693 5.926142861070733 5.763448270081519
117 1.0282286893826693 5.926142861070733 5.763448270081519
118 1.0277477154808332 5.921238115821904 5.761373172259152
119 1.0272665701634611 5.916333370880859 5.759297092612912
120 1.0267852532160564 5.91142862624898 5.757220029926837
121 1.026303764431043 5.906523881926926 5.755141982940454
122 1.0258221035966066 5.901619137916553 5.7530629504131845
123 1.0253402704988197 5.896714394219997 5.750982931111536
124 1.0248582649262639 5.891809650838656 5.748901923782171
125 1.0243760866709377 5.886904907773216 5.746819927146813
126 1.0238937355129614 5.8820001650260965 5.7447369399904264
127 1.0234112112431726 5.877095422598668 5.742652961031724
128 1.0229285136405715 5.872190680491881 5.740567989050313
129 1.022445642495746 5.867285938707679 5.738482022756618
130 1.0219625975875088 5.862381197248261 5.736395060922252
131 1.0214793787107117 5.857476456114481 5.734307102222324
132 1.0209959856408988 5.852571715307118 5.732218145435064
133 1.0205124181671164 5.847666974828823 5.73012818925955
133 1.0200286760656105 5.842762234680388 5.7280372324596955
134 1.0200286760656105 5.842762234680388 5.7280372324596955
135 1.0195447591214697 5.837857494864041 5.725945273745958
136 1.01906066711332 5.8329527553810605 5.723852311858911
137 1.0185763998299178 5.8280480162321116 5.721758345476373
138 1.0180919570497162 5.823143277419428 5.7196633733303015
139 1.0176073385500612 5.818238538943913 5.717567394152282
140 1.0171225441091583 5.813333800808769 5.715470406666041
141 1.0166375735059017 5.8084290630132855 5.71337240958227
142 1.0161524265231938 5.803524325560062 5.711273401587055
143 1.0156671029377222 5.798619588450246 5.709173381394633
144 1.015181602525217 5.793714851685622 5.707072347719882
145 1.0146959250653966 5.788810115267525 5.704970299249442
146 1.0142100703380061 5.783905379196965 5.702867234664078
147 1.0137240380603445 5.779000643474358 5.700763152989718
148 1.0132378278907614 5.774095908094191 5.698658053572694
149 1.012751439768251 5.769191173050474 5.696551934175125
150 1.0122648734771642 5.764286438344833 5.6944447934307085
151 1.0117781288001393 5.759381703977378 5.692336629975772
152 1.0112911225019532 5.754476969799329 5.6902279094101464
153 1.0108039374985593 5.749572235929647 5.688118162814182
154 1.010316573549499 5.74466750237076 5.686007388939768
155 1.0098290304388056 5.7397627691231925 5.683895586393538
156 1.009341307938213 5.734858036190008 5.6817827538482835
157 1.0088534058230028 5.729953303571871 5.67966888994887
158 1.0083653238670731 5.725048571270251 5.677553993343142
159 1.0078770618436885 5.720143839286806 5.675438062677075
160 1.007388619529638 5.715239107623783 5.673321096571746
161 1.0068999966887306 5.710334376281392 5.671203093713649
162 1.0064111930988608 5.705429645261918 5.669084052706345
163 1.005922208530799 5.700524914566414 5.6669639721866
164 1.0054330427542564 5.695620184197049 5.664842850792549
165 1.0049436955375959 5.690715454155124 5.662720687163343
166 1.0044541666542843 5.685810724442138 5.660597479903824
166 1.0039644558693235 5.680905995060188 5.658473227661376
167 1.0039644558693235 5.680905995060188 5.658473227661376
168 1.0034745629554946 5.676001266010538 5.656347929032932
169 1.0029844876788823 5.671096537294369 5.654221582647288
170 1.0024942298065558 5.666191808913444 5.652094187122462
171 1.0020037891055116 5.661287080869038 5.6499657410705675
172 1.0015131653445886 5.656382353162809 5.647836243087857
173 1.0010223582854303 5.651477625796292 5.645705691805174
174 1.0005313677002525 5.646572898770876 5.643574085787707
175 1.0000401933429002 5.641668172088556 5.6414414236989625
176 0.9995488349867726 5.636763445751065 5.639307704085972
177 0.9990572923904348 5.631858719759161 5.637172925572533
178 0.9985655653168888 5.626953994114732 5.635037086752588
179 0.9980736535328821 5.622049268819143 5.632900186192442
180 0.9975815567973481 5.617144543874221 5.630762222496968
181 0.9970892748718728 5.612239819280872 5.6286231942491325
182 0.9965968075158133 5.607335095040738 5.626483100039195
183 0.9961041544888151 5.602430371155701 5.62434193844998
183 0.995611315552515 5.597525647627397 5.6221997080467565
184 0.995611315552515 5.597525647627397 5.6221997080467565
185 0.9951182904691764 5.592620924456423 5.620056407384116
186 0.994625078993256 5.587716201645323 5.617912035056588
187 0.9941316808845426 5.582811479195088 5.615766589620907
188 0.9936380959004322 5.577906757107364 5.613620069641835
189 0.9931443237932377 5.573002035383878 5.611472473706771
190 0.9926503643247939 5.5680973140258 5.6093238003425805
191 0.9921562172508614 5.563192593034487 5.607174048104426
192 0.9916618823218089 5.558287872412037 5.605023215572474
193 0.9911673592948994 5.553383152159134 5.6028713012802625
194 0.990672647923755 5.548478432277547 5.600718303776743
195 0.9901777479617024 5.543573712768769 5.598564221605978
196 0.9896826591620339 5.5386689936350475 5.596409053306692
197 0.9891873812763233 5.53376427487694 5.594252797419296
198 0.9886919141304473 5.52885955649254 5.592095452055114
199 0.9881962574740031 5.523954838474572 5.589937015744965
200 0.9877004109878148 5.51905012082072 5.587777487407371
201 0.9872043744288194 5.51414540353307 5.5856168655284435
202 0.9867081475401481 5.509240686613932 5.583455148666204
203 0.9862116509462745 5.504335969906896 5.581292782969519
204 0.9857149636582557 5.499431253539118 5.5791293186107636
205 0.9852180854130607 5.494526537512747 5.576964754163158
206 0.9847210159689977 5.489621821828899 5.5747990880715905
207 0.9842237550678259 5.484717106489551 5.572632318868978
208 0.9837263024623659 5.479812391496468 5.57046444501885
209 0.9832286579051798 5.474907676850457 5.56829546497865
210 0.9827308211383925 5.470002962553278 5.566125377259302
211 0.9822327919133138 5.465098248606229 5.563954180312631
212 0.9817345699745706 5.460193535011794 5.561781872622889
213 0.9812361550644554 5.455288821770312 5.559608452678718
214 0.9807375469330312 5.450384108884739 5.55743391892073
215 0.9802387453260687 5.4454793963553065 5.555258269804374
216 0.9797397499869251 5.440574684184506 5.5530815037943615
216 0.9792405606579346 5.435669972373318 5.550903619352926
217 0.9792405606579346 5.435669972373318 5.550903619352926
218 0.9787411770820179 5.430765260923794 5.54872461493331
219 0.9782415990011655 5.425860549837427 5.546544488986675
220 0.9777418261603646 5.420955839115106 5.544363239939769
221 0.9772418582990373 5.416051128758709 5.542180866245078
222 0.9767416951536582 5.4111464187697615 5.5399973663646005
223 0.9762413364701107 5.406241709149802 5.537812738700112
224 0.9757407819885684 5.4013369999009395 5.5356269816794645
225 0.9752400314399984 5.396432291023993 5.5334400937745025
226 0.9747390845634921 5.391527582520713 5.531252073405006
227 0.9742379411003353 5.386622874393164 5.529062918971664
228 0.9737366007902495 5.381718166642183 5.5268726288757914
229 0.973235063359045 5.3768134592699255 5.524681201592011
230 0.9727333285477658 5.3719087522771325 5.522488635500008
231 0.9722313960943202 5.367004045666082 5.520294928991788
232 0.9717292657303555 5.3620993394379 5.518100080486642
233 0.9712269371892063 5.3571946335941485 5.51590408838764
233 0.9707244102015017 5.352289928136606 5.5137069511063235
234 0.9707244102015017 5.352289928136606 5.5137069511063235
235 0.9702216845031012 5.347385223066757 5.511508667017084
236 0.9697187598206609 5.342480518385492 5.509309234538812
237 0.9692156358951527 5.337575814094913 5.507108652003133
238 0.9687123124448457 5.332671110196729 5.5049069178630345
239 0.9682087892090446 5.327766406692064 5.5027040304441535
240 0.9677050659097683 5.322861703582681 5.500499988163749
241 0.9672011422776512 5.317957000869978 5.498294789382465
242 0.9666970180433123 5.31305229855555 5.496088432453923
243 0.9661926929301673 5.308147596640219 5.493880915764565
244 0.9656881666674516 5.303242895126682 5.4916722376623355
245 0.9651834389799986 5.298338194015694 5.489462396510817
246 0.9646785095914948 5.2934334933090135 5.4872513906737534
247 0.964173378224969 5.288528793008293 5.485039218511102
248 0.963668044624525 5.28362409311354 5.482825878253754
249 0.9631625086491542 5.278719393620107 5.480611367466501
250 0.9626567700207479 5.273814694529776 5.478395684493146
251 0.9621508284582587 5.2689099958433 5.476178827685625
252 0.9616446835926826 5.26400529755733 5.47396079588474
253 0.9611383350885819 5.259100599671622 5.471741587736092
254 0.9606317826674393 5.254195902186957 5.469521201554816
255 0.960124950824422 5.24929120494578 5.467300063849416
256 0.9596179146333659 5.24438650808055 5.465077744077166
257 0.9591106738044787 5.239481811591688 5.462854240593919
258 0.9586032280634437 5.234577115482099 5.460629551662283
259 0.9580955771267585 5.229672419752029 5.458403675586668
260 0.9575877207165496 5.224767724404376 5.456176610634434
261 0.9570796585454724 5.219863029439467 5.453948355116423
262 0.9565713903378044 5.214958334859394 5.451718907271291
263 0.9560629158052939 5.210053640666201 5.449488265401197
264 0.9555542346608568 5.205148946861458 5.447256427793299
265 0.9550453466273594 5.200244253445885 5.445023392669251
266 0.9545362514130408 5.1953395604216945 5.442789158327734
266 0.954026948736748 5.190434867790218 5.440553722998086
267 0.954026948736748 5.190434867790218 5.440553722998086
268 0.9535174383096467 5.185530175553401 5.438317084946111
269 0.9530077198450208 5.180625483712671 5.436079242416998
270 0.9524977930507345 5.175720792268739 5.433840193678072
271 0.9519876576399072 5.170816101224738 5.4315999369611765
272 0.9514773133222854 5.1659114105815505 5.429358470506956
273 0.9509667598116267 5.161006720340285 5.427115792525291
274 0.9504559968079196 5.156102030503581 5.424871901298122
275 0.9499450240288263 5.151197341072022 5.4226267949962
276 0.949433841177595 5.1462926520477 5.420380471865935
277 0.9489224479573324 5.141387963432088 5.4181329301456955
278 0.948410844081596 5.136483275226402 5.415884168005661
279 0.9478990292487344 5.131578587432602 5.4136341836953665
280 0.9473870031664151 5.126673900052335 5.4113829754025025
281 0.9468747655354891 5.121769213087073 5.409130541345182
282 0.9463623160608087 5.116864526538754 5.406876879710802
283 0.94584965444802 5.111959840408261 5.404621988672718
283 0.9453367803960604 5.107055154697048 5.402365866434801
284 0.9453367803960604 5.107055154697048 5.402365866434801
285 0.944823693606453 5.102150469407901 5.400108511179121
286 0.9443103937766916 5.097245784541714 5.397849921100307
287 0.9437968806092598 5.092341100099814 5.3955900943564234
288 0.9432831537988813 5.087436416083698 5.393329029141547
289 0.9427692130454446 5.082531732495702 5.391066723612566
290 0.9422550580479073 5.077627049336652 5.388803175921491
291 0.9417406884992645 5.0727223666083745 5.386538384246882
292 0.9412261040972789 5.067817684311991 5.384272346730637
293 0.9407113045379313 5.0629130024502125 5.382005061517857
294 0.9401962895107844 5.058008321023348 5.379736526779104
295 0.939681058714128 5.0531036400339415 5.377466740628651
296 0.9391656118355635 5.0481989594829075 5.375195701231431
297 0.9386499485708522 5.043294279371856 5.372923406697628
298 0.9381340686080956 5.038389599702575 5.370649855172626
299 0.9376179716406262 5.033484920476693 5.368375044762843
300 0.9371016574850509 5.028580241689493 5.366098972853125
301 0.9365851258453625 5.023675563341933 5.363821637470016
302 0.9360683764117551 5.018770885434579 5.361543036709677
303 0.935551408865925 5.01386620797006 5.359263168710169
304 0.935034222898664 5.008961530948654 5.356982031545929
305 0.9345168181915647 5.004056854371807 5.354699623336298
306 0.933999194372961 4.9991521782379555 5.352415942493536
307 0.9334813509707255 4.994247502545376 5.350130987996565
308 0.9329632165295128 4.989342827138688 5.347845165534303
309 0.9324448620848835 4.9844381521502745 5.345558064425824
310 0.9319262873022981 4.979533477580721 5.343269682836471
311 0.9314074918703202 4.974628803432357 5.34098001879179
312 0.9308884754749485 4.9697241297066705 5.338689070321843
313 0.9303692377960967 4.96481945640505 5.336396835482171
314 0.9298497785154621 4.959914783529112 5.334103312308995
315 0.9293300973132049 4.955010111080488 5.3318084988379955
316 0.9288101938684908 4.9501054390611765 5.329512393101552
316 0.9282900678623224 4.945200767472824 5.3272149931116815
317 0.9282900678623224 4.945200767472824 5.3272149931116815
318 0.9277697189692254 4.940296096316495 5.324916296907474
319 0.9272491468673887 4.935391425595024 5.322616302499401
320 0.9267283512352803 4.930486755308917 5.320315007884281
321 0.926207331747764 4.925582085459861 5.3180124110713205
322 0.9256860880744232 4.920677416049833 5.315708510090757
323 0.9251646198956638 4.915772747080345 5.313403302900542
324 0.9246429268839945 4.910868078553851 5.311096787495318
325 0.9241210087051719 4.905963410470723 5.308788961896551
326 0.9235988650363736 4.901058742833078 5.306479824052254
327 0.9230764955481114 4.896154075642461 5.304169371938331
328 0.922553899910671 4.891249408900703 5.301857603522474
329 0.9220310777886781 4.886344742609477 5.299544516794896
330 0.9215080288535306 4.88144007677111 5.297230109697712
331 0.920984752765998 4.876535411386212 5.2949143802223535
332 0.9204612492009742 4.8716307464568205 5.292597326270652
333 0.9199375178181602 4.866726081984122 5.290278945820867
333 0.9194135582858246 4.861821417970195 5.287959236792945
334 0.9194135582858246 4.861821417970195 5.287959236792945
335 0.9188893702685079 4.856916754416996 5.285638197118072
336 0.9183649534277749 4.852012091325666 5.283315824733565
337 0.9178403074199506 4.847107428698565 5.280992117598088
338 0.9173154319110537 4.842202766536358 5.278667073602525
339 0.9167903265595981 4.837298104841293 5.276340690672452
340 0.9162649910263742 4.832393443614933 5.2740129667093605
341 0.9157394249743117 4.827488782858979 5.271683899592288
342 0.9152136280544131 4.822584122575416 5.269353487258926
343 0.9146875999252057 4.817679462765117 5.267021727592088
344 0.9141613402429618 4.812774803430138 5.264688618478462
345 0.9136348486635012 4.807870144571512 5.262354157795801
346 0.9131081248386269 4.8029654861916455 5.260018343436021
347 0.9125811684222532 4.798060828291641 5.257681173266955
348 0.9120539790685908 4.79315617087382 5.2553426451455145
349 0.9115265564263307 4.788251513939062 5.253002756948252
350 0.9109989001477868 4.783346857489771 5.250661506521898
350 0.9109989001477868 4.783346857489771 5.250661506521898
351 0.9104710098803751 4.7784422015271275 5.248318891729411
352 0.9099428853721152 4.773537546048592 5.245974909838968
353 0.9094145263053942 4.768632891053654 5.243629558488359
354 0.9088859323285775 4.763728236544062 5.241282835503163
355 0.9083571030861937 4.758823582520984 5.2389347387196255
356 0.9078280382235174 4.753918928986352 5.23658526595968
357 0.9072987373829217 4.749014275941133 5.234234415050036
358 0.9067692002086035 4.744109623387365 5.231882183797129
359 0.9062394263429316 4.739204971325817 5.229528570005567
360 0.9057094154275594 4.734300319758084 5.227173571473977
361 0.9051791670982591 4.729395668685776 5.224817186023892
362 0.9046486135818589 4.724491017957232 5.222459800442426
363 0.904117821939214 4.719586367696375 5.220101023529746
364 0.9035867917970641 4.714681717905386 5.217740853126871
365 0.9030555227999214 4.709777068586315 5.215379286960854
366 0.9025240145818941 4.70487241973979 5.213016322805974
366 0.9019922667854673 4.699967771367846 5.210651958378376
367 0.9019922667854673 4.699967771367846 5.210651958378376
368 0.9014602790422391 4.695063123472847 5.208286191446105
369 0.9009280509899571 4.690158476056088 5.2059190197291025
370 0.9003955822620038 4.685253829119522 5.203550440961817
371 0.8998628724949995 4.6803491826648544 5.201180452848234
372 0.8993299213173206 4.675444536693749 5.198809053128412
373 0.8987967283611674 4.670539891207607 5.196436239508455
374 0.8982632932597014 4.665635246208396 5.194062009677925
375 0.8977296156386567 4.660730601698341 5.191686361357964
376 0.8971956951288901 4.655825957678722 5.189309292227346
377 0.8966615313594007 4.650921314151707 5.186930799964831
378 0.8961271239555461 4.646016671119122 5.184550882258081
379 0.8955924725396378 4.641112028582127 5.182169536799805
380 0.8950575767421979 4.636207386542285 5.1797867612237924
381 0.894522436182593 4.63130274500173 5.177402553217092
382 0.8939870504846054 4.626398103961993 5.17501691042857
383 0.8934514192682167 4.621493463425388 5.172629830517962
383 0.8929155421545595 4.616588823393364 5.170241311125318
384 0.8929155421545595 4.616588823393364 5.170241311125318
385 0.8923794187623951 4.611684183867381 5.167851349892335
386 0.8918430487144713 4.6067795448497915 5.165459944426476
387 0.8913064316234834 4.601874906342019 5.163067092380187
388 0.8907695671060527 4.596970268345491 5.160672791370956
389 0.8902324547794147 4.592065630862253 5.158277039001114
390 0.8896950942557107 4.587160993894115 5.15587983288992
391 0.8891574851534565 4.582256357442965 5.153481170607398
392 0.8886196270814123 4.577351721510512 5.151081049767485
393 0.8880815196525234 4.572447086098186 5.148679467947077
394 0.8875431624794928 4.567542451208108 5.14627642271273
395 0.8870045551661677 4.562637816841684 5.143871911668975
396 0.8864656973204165 4.557733183001034 5.141465932385225
397 0.8859265885523991 4.552828549687715 5.139058482404304
398 0.885387228467596 4.547923916903647 5.136649559283874
399 0.8848476166708537 4.543019284650494 5.134239160572221
400 0.8843077527653574 4.5381146529301155 5.131827283814689
401 0.8837676363553242 4.5332100217442415 5.1294139265376275
402 0.8832272670414373 4.528305391094119 5.12699908627444
403 0.8826866444258856 4.523400760982289 5.124582760538295
404 0.882145768106593 4.518496131410355 5.122164946853056
405 0.8816046377515688 4.513591502376782 5.1197456423189625
406 0.881063253012684 4.508686873881046 5.11732484411779
407 0.8805216134844878 4.503782245924957 5.114902549753596
408 0.8799797187603339 4.498877618509754 5.11247875672353
409 0.8794375684372717 4.493972991637067 5.1100534624904554
410 0.8788951621060381 4.489068365308499 5.10762666454056
411 0.878352499359771 4.484163739525444 5.105198360332486
412 0.8778095797902994 4.479259114289629 5.102768547319434
413 0.8772664029866452 4.474354489603027 5.1003372229577355
414 0.876722968536168 4.469449865466774 5.097904384698908
415 0.8761792760262668 4.4645452418828695 5.095470029981659
416 0.8756353250442771 4.459640618852544 5.093034156230551
416 0.8750910518201163 4.454735996244337 5.090597129268844
417 0.8750910518201163 4.454735996244337 5.090597129268844
418 0.8745465194192786 4.44983137417021 5.088158577459107
419 0.8740017273909229 4.444926752630728 5.085718498405901
420 0.8734566752349568 4.440022131623592 5.0832768899833995
421 0.8729113625310374 4.435117511150696 5.0808337495927605
422 0.8723657888630271 4.430212891214292 5.0783890745971165
423 0.8718199538162006 4.4253082718158 5.075942862336408
424 0.871273856960524 4.420403652957076 5.073495110226127
425 0.8707274978803693 4.415499034640334 5.071045815584185
426 0.8701808761511004 4.410594416867055 5.068594975765921
427 0.8696339913503252 4.405689799639825 5.066142588100639
428 0.8690868430510331 4.400785182959953 5.063688649928782
429 0.8685394308282014 4.395880566829745 5.061233158566013
430 0.8679917542534246 4.390975951250485 5.05877611133212
431 0.8674438129002738 4.386071336224872 5.0563175055225384
432 0.8668956063358275 4.381166721754049 5.053857338454227
433 0.8663471341287198 4.376262107840322 5.051395607421848
433 0.8657983958486971 4.371357494485782 5.048932309698689
434 0.8657983958486971 4.371357494485782 5.048932309698689
435 0.8652493910609831 4.366452881691571 5.046467442568615
436 0.8647001193330333 4.361548269460046 5.044001003289125
437 0.8641505802264464 4.356643657793225 5.041532989136671
438 0.863600773304167 4.3517390466929955 5.039063397364837
439 0.8630506981304044 4.34683443616126 5.036592225204905
440 0.8625003542618943 4.341929826199781 5.034119469916616
441 0.8619497412574038 4.337025216810581 5.0316451287331105
442 0.8613988586773097 4.332120607995307 5.029169198862581
443 0.8608477060771847 4.327215999756129 5.026691677526693
444 0.8602962830139508 4.322311392094881 5.02421256192361
445 0.859744589038924 4.317406785013496 5.021731849269051
446 0.8591926237082814 4.3125021785145865 5.019249536735775
447 0.8586403865712341 4.307597572598995 5.01676562151975
448 0.8580878771784313 4.30269296726931 5.014280100795092
449 0.8575350950815286 4.297788362527177 5.011792971713388
450 0.8569820398251795 4.292883758374732 5.009304231452109
451 0.8564287109571216 4.287979154814111 5.006813877155031
452 0.8558751080213928 4.283074551846402 5.004321905970592
453 0.8553212305639962 4.27816994947427 5.001828315021782
454 0.8547670781283047 4.27326534769927 4.999333101429805
455 0.854212650254386 4.2683607465235545 4.996836262319961
456 0.8536579464816662 4.263456145949277 4.994337794805314
457 0.8531029663483743 4.25855154597816 4.991837695989363
458 0.8525477093947661 4.253646946611847 4.989335962947531
459 0.8519921751893497 4.24874234785122 4.986832592572772
460 0.8514363633434063 4.243837749694742 4.984327581488427
461 0.8508802733878305 4.238933152144454 4.98182092677609
462 0.8503239048596896 4.234028555202139 4.979312625464514
463 0.8497672572840338 4.229123958868888 4.976802674635541
464 0.8492103301937508 4.22421936314715 4.974291071310187
465 0.8486531231171963 4.219314768038691 4.9717778125185985
466 0.8480956355800896 4.214410173545395 4.969262895289842
466 0.8475378671075429 4.209505579668854 4.966746316639462
467 0.8475378671075429 4.209505579668854 4.966746316639462
468 0.846979817222843 4.20460098641095 4.964228073577233
469 0.8464214854489251 4.199696393773319 4.961708163097826
470 0.8458628713086381 4.194791801758132 4.959186582180101
471 0.8453039743210152 4.189887210366378 4.956663327806872
472 0.8447447940011731 4.184982619600885 4.9541383969690065
473 0.844185329870334 4.180078029463384 4.951611786603114
474 0.8436255221688326 4.175173439826657 4.949083841243829
475 0.8430654298062421 4.170268850799807 4.946554209627882
476 0.842505052286092 4.165364262385156 4.944022888744304
477 0.841944389128403 4.160459674584418 4.941489875467198
478 0.8413834398442169 4.15555508739963 4.9389551667062
479 0.8408222038765656 4.1506505008301176 4.936418759749405
480 0.8402606807013026 4.1457459148762394 4.933880651675973
481 0.8396988698232825 4.140841329540529 4.931340839379698
482 0.8391367707527909 4.135936744824328 4.928799319703238
483 0.8385743829933529 4.131032160730307 4.926256089512637
483 0.8380117060494661 4.126127577260702 4.9237111456497304
484 0.8380117060494661 4.126127577260702 4.9237111456497304
485 0.8374487394244016 4.12122299441731 4.921164484944982
486 0.8368854826139831 4.116318412202075 4.9186161042546654
487 0.8363219351216212 4.1114138306177805 4.916066000373268
488 0.8357580964439361 4.1065092496655256 4.913514170114889
489 0.8351939660763602 4.101604669348497 4.910960610284743
490 0.8346295435143835 4.096700089668304 4.908405317667388
491 0.8340648282513624 4.0917955106269535 4.905848289041877
492 0.8334998197779017 4.086890932226876 4.903289521185365
493 0.8329345175830678 4.081986354470158 4.900729010864969
494 0.8323689211577926 4.0770817773584955 4.898166754817605
495 0.8318030299867474 4.072177200894658 4.895602749799478
496 0.8312368435589739 4.067272625080429 4.893036992520974
497 0.830670361357576 4.062368049917862 4.890469479708748
498 0.8301035828618136 4.057463475409501 4.887900208093599
499 0.8295365075564778 4.052558901556935 4.885329174353454
500 0.8289691349194149 4.0476543283627935 4.882756375189133
501 0.8284014644283413 4.042749755829006 4.880181807282058
502 0.827833495560027 4.037845183958423 4.877605467300923
503 0.827265227790892 4.032940612752397 4.8750273518951825
504 0.8266966605917342 4.028036042213299 4.87244745772906
505 0.8261277934344847 4.023131472343155 4.869865781440031
506 0.8255586257915029 4.018226903144072 4.867282319643386
507 0.8249891571266715 4.013322334618959 4.864697068985526
508 0.8244193869115917 4.008417766769723 4.8621100260462145
509 0.8238493146085958 4.003513199597995 4.859521187439516
510 0.8232789396831776 3.99860863310665 4.8569305497422715
511 0.8227082615962195 3.9937040672972235 4.854338109536708
512 0.82213727980951 3.9887995021721765 4.85174386338056
513 0.8215659937803874 3.9838949377345694 4.8491478078381896
514 0.820994402966852 3.9789903739856562 4.8465499394474065
515 0.8204225069145676 3.974085810923759 4.843950254204312
516 0.8198503050856097 3.96918124855156 4.841348748582942
516 0.8192777969322593 3.964276686870133 4.838745419092461
517 0.8192777969322593 3.964276686870133 4.838745419092461
518 0.8187049819062097 3.9593721258820254 4.8361402622264835
519 0.8181318594550939 3.9544675655891277 4.8335332744809
520 0.8175584290254924 3.9495630059939804 4.8309244523376185
521 0.8169846900633883 3.9446584470984187 4.828313792260122
522 0.8164106420118556 3.939753888904169 4.825701290707768
523 0.8158362843132122 3.934849331413878 4.823086944124231
524 0.8152616164076483 3.929944774629018 4.820470748942952
525 0.8146866377343746 3.9250402185522786 4.817852701583186
526 0.814111347728751 3.920135663186234 4.815232798465255
527 0.8135357458282492 3.9152311085319154 4.81261103597344
528 0.8129598314642209 3.9103265545920682 4.809987410508566
529 0.8123836040692949 3.90542200136865 4.807361918441087
530 0.8118070630730716 3.900517448864053 4.804734556137957
531 0.8112302079030169 3.8956128970798636 4.8021053199557215
532 0.8106530379853074 3.8907083460187133 4.7994742062377
533 0.810075497635477 3.8858037955539513 4.796841537481622
533 0.8094976415073607 3.8808992457969502 4.7942069831980625
534 0.8094976415073607 3.8808992457969502 4.7942069831980625
535 0.8089194690128528 3.875994696750183 4.791570539747508
536 0.8083409795764983 3.8710901484159574 4.788932203392779
537 0.8077621726155991 3.866185600796164 4.7862919704164195
538 0.8071830475491828 3.861281053893233 4.78364983706866
539 0.8066036037904886 3.8563765077094754 4.7810057996110205
540 0.8060238407537988 3.851471962247209 4.778359854275882
541 0.8054437577886314 3.846567417506426 4.775711997653673
542 0.8048633542799764 3.8416628734882012 4.773062226102863
543 0.8042826296360074 3.8367583301953863 4.770410535823434
544 0.8037015832654913 3.831853787629988 4.7677569229874095
545 0.8031202145720374 3.826949245794544 4.765101383774569
546 0.8025385229554425 3.8220447046915513 4.762443914363665
547 0.8019565078222446 3.81714016432376 4.759784510870055
548 0.801374168567103 3.8122356246932187 4.757123169454895
549 0.8007915045863855 3.8073310858025127 4.754459886245954
550 0.8002085152778571 3.802426547654229 4.751794657338668
551 0.7996252000346834 3.7975220102504252 4.749127478830969
552 0.7990415582456645 3.7926174735943534 4.746458346823955
553 0.798457589303743 3.7877129376877074 4.743787257367799
554 0.7978732925923592 3.782808402533128 4.741114206545825
555 0.7972886675022501 3.777903868133519 4.738439190373739
556 0.7967037134147901 3.772999334491179 4.735762204897409
557 0.7961184297098348 3.768094801608628 4.7330832461471894
558 0.7955328157687123 3.763190269488138 4.730402310119438
559 0.7949468709677997 3.7582857381326384 4.727719392815715
560 0.794360594681835 3.7533812075440816 4.725034490220933
561 0.7937739862868217 3.7484766777255913 4.722347598288664
562 0.7931870451535226 3.7435721486793123 4.719658712977011
563 0.7925997706507071 3.7386676204081897 4.7169678302314235
564 0.7920121621485741 3.7337630929143035 4.714274945962111
565 0.7914242190099671 3.728858566200301 4.711580056098006
566 0.7908359406005395 3.7239540402689997 4.7088831565256495
566 0.7902473262799043 3.7190495151227227 4.706184243140914
567 0.7902473262799043 3.7190495151227227 4.706184243140914
568 0.7896583754096411 3.7141449907644355 4.703483311802645
569 0.7890690873451153 3.7092404671963175 4.700780358379451
570 0.7884794614439734 3.7043359444209027 4.698075378700425
571 0.7878894970863713 3.699431422439795 4.695368368432826
572 0.7872991936831396 3.6945269012530875 4.692659323032414
573 0.7867085505839786 3.6896223808635895 4.6899482382958215
574 0.7861175671352647 3.6847178612733127 4.687235110011598
575 0.785526242681281 3.679813342485251 4.684519933955022
576 0.7849345765642252 3.6749088245012964 4.681802705885268
577 0.784342568127275 3.6700043073244544 4.6790834215298185
578 0.7837502167067386 3.6650997909568432 4.676362076628605
579 0.783157521638825 3.660195275401782 4.6736386668961645
580 0.7825644822549549 3.65529076066121 4.670913188046193
581 0.7819710978900928 3.650386246737664 4.668185635744215
582 0.7813773678719241 3.6454817336336887 4.665456005671284
583 0.7807832915272941 3.640577221351477 4.662724293484977
583 0.7801888681832084 3.6356727098942354 4.659990494815014
584 0.7801888681832084 3.6356727098942354 4.659990494815014
585 0.7795940971603196 3.6307681992642866 4.657254605299606
586 0.7789989777808729 3.6258636894640914 4.654516620539163
587 0.778403509363729 3.620959180496382 4.651776536126067
588 0.777807691223153 3.616054672363666 4.649034347651135
589 0.7772115226736809 3.611150165068514 4.646290050674772
590 0.7766150030282002 3.606245658613665 4.643543640738442
591 0.7760181315939816 3.6013411530014277 4.640795113387474
592 0.7754209076794588 3.5964366482349064 4.638044464131976
593 0.7748233305880562 3.5915321443161146 4.6352916884811695
594 0.7742253487558275 3.5866276411198217 4.632537086112586
595 0.7736270124700362 3.5817231387597595 4.629780347669136
596 0.7730283210178512 3.576818637238152 4.627021468668227
597 0.7724292736988482 3.5719141365582745 4.624260444524373
598 0.7718298698103008 3.567009636722268 4.621497270634217
599 0.7712301086405073 3.5621051377335355 4.618731942419452
600 0.7706299894792202 3.5572006395943645 4.615964455261163
601 0.770029511613664 3.5522961423072332 4.613194804525202
602 0.7694286743323964 3.547391645875879 4.610422985540296
603 0.7688274769122074 3.5424871503021347 4.607648993672285
604 0.7682259186360382 3.537582655589134 4.604872824220777
605 0.7676239987777314 3.5326781617398186 4.602094472508434
606 0.7670217165604678 3.527773668754816 4.599313934127321
607 0.7664190712372817 3.5228691766365148 4.596531204461432
608 0.7658160620788439 3.517964685387848 4.593746278758069
609 0.7652126883531923 3.513060195011549 4.590959152248215
610 0.7646089493248022 3.5081557055109176 4.588169820152955
611 0.7640048442584443 3.5032512168886623 4.585378277658665
612 0.7634003724128374 3.4983467291481896 4.582584519956622
613 0.7627955330467105 3.493442242291964 4.579788542204323
614 0.7621903254138165 3.4885377563232414 4.576990339557521
615 0.7615847487686327 3.483633271245224 4.574189907134737
616 0.7609788023605433 3.4787287870605 4.5713872400512905
616 0.7603724854372295 3.473824303772242 4.568582333400351
617 0.7603724854372295 3.473824303772242 4.568582333400351
618 0.759765797244803 3.468919821383571 4.565775182251137
619 0.7591587370256503 3.4640153398978755 4.562965781662122
620 0.7585513040190579 3.459110859317638 4.560154126675565
621 0.7579434974602408 3.454206379646184 4.557340212325498
622 0.7573353165866202 3.4493019008865606 4.554524033598328
623 0.7567267606285133 3.444397423041789 4.551705585488984
624 0.7561178288169041 3.4394929461151715 4.548884862954413
625 0.7555085203764139 3.434588470109676 4.54606186095489
626 0.7548988345317277 3.4296839950283546 4.543236574415731
627 0.7542887705039537 3.424779520874532 4.540408998249273
628 0.7536783275097114 3.4198750476509434 4.537579127359049
629 0.7530675048048129 3.414970575359727 4.5347469563765745
630 0.7524563016417644 3.4100661040021154 4.531912479916485
631 0.7518447172314263 3.4051616335816957 4.5290756928116425
632 0.7512327507805817 3.4002571641009065 4.526236589882176
633 0.7506204014954205 3.395352695563615 4.523395165917735
633 0.7500076685746304 3.3904482279721844 4.520551415715043
634 0.7500076685746304 3.3904482279721844 4.520551415715043
635 0.749394551218547 3.3855437613299357 4.517705334025847
636 0.7487810486233181 3.380639295640471 4.514856915591004
637 0.7481671599824633 3.3757348309060755 4.5120061551287565
638 0.747552884485185 3.3708303671303024 4.509153047348192
639 0.7469382213196335 3.3659259043161955 4.506297586926981
640 0.7463231696691515 3.3610214424670155 4.503439768534818
641 0.7457077287190592 3.356116981585928 4.500579586791871
642 0.7450918976436121 3.3512125216760125 4.4977170363473
643 0.7444756756188019 3.346308062740672 4.494852111802375
644 0.7438590618210076 3.34140360478288 4.491984807717394
645 0.7432420554179316 3.3364991478058386 4.489115118667088
646 0.7426246555769466 3.331594691813106 4.486243039190213
647 0.7420068614612181 3.326690236807585 4.483368563811399
648 0.7413886722327981 3.3217857827927473 4.480491687023911
649 0.7407700870490582 3.3168813297715145 4.477612403309491
650 0.7401511050647788 3.311976877747472 4.474730707127168
651 0.7395317254320414 3.307072426723696 4.4718465929121205
652 0.7389119472996183 3.302167976703754 4.468960055080517
653 0.7382917698126652 3.2972635276908417 4.466071088029997
654 0.7376711921143259 3.2923590796881386 4.463179686130243
655 0.737050213344918 3.2874546326990934 4.460285843728072
656 0.7364288326407669 3.282550186727014 4.457389555153737
657 0.7358070025788257 3.2776457416535507 4.454491096396466
658 0.7351847689637349 3.272741297588436 4.451590179434027
659 0.7345621309120755 3.267836854535229 4.4486867985934575
660 0.7339390875493235 3.2629324124970154 4.445780948105907
661 0.7333156380004682 3.2580279714776474 4.442872622164874
662 0.7326917813846302 3.253123531480465 4.439961814956843
663 0.7320675168144943 3.248219092509139 4.437048520665665
664 0.7314428434029656 3.2433146545670466 4.434132733431153
665 0.7308177602565336 3.238410217657542 4.431214447389437
666 0.7301922664825852 3.233505781784208 4.4282936566287585
666 0.7295663611833583 3.2286013469506427 4.425370355225595
667 0.7295663611833583 3.2286013469506427 4.425370355225595
668 0.7289400434555143 3.223696913160791 4.422444537247495
669 0.7283133123957495 3.218792480417616 4.41951619671699
670 0.7276861670944058 3.2138880487251003 4.41658532765286
671 0.7270586066419501 3.208983618086723 4.4136519240285
672 0.726430630121919 3.204079188506554 4.410715979816
673 0.7258022366163366 3.199174759987568 4.407777488950714
674 0.7251734252029157 3.1942703325340385 4.4048364453513
675 0.7245441949022154 3.1893659061472763 4.401892843234654
676 0.7239145447812417 3.184461480831363 4.398946676494349
677 0.7232844739069169 3.1795570565898927 4.395997938978414
678 0.7226539813453284 3.1746526334264793 4.393046624494324
679 0.7220230661574791 3.1697482113453863 4.390092726835459
680 0.7213917274006235 3.1648437903501603 4.387136239770837
681 0.7207599641290536 3.159939370444863 4.3841771570417984
682 0.7201277753946305 3.1550349516331018 4.381215472357167
683 0.7194951602434946 3.150130533919091 4.378251179414481
683 0.7188621177182437 3.145226117306302 4.37528427188462
684 0.7188621177182437 3.145226117306302 4.37528427188462
685 0.7182286468590384 3.1403217017993743 4.3723147434074745
686 0.7175947467025348 3.1354172874016144 4.369342587594697
687 0.7169604162817391 3.130512874117143 4.366367798033311
688 0.7163256546509191 3.125608461949222 4.363390368131375
689 0.7156904608783307 3.1207040509000916 4.360410291161642
690 0.7150548339855455 3.11579964097356 4.357427560634524
691 0.714418772989115 3.110895232173881 4.354442170042582
692 0.7137822769034442 3.1059908245051013 4.351454112841834
693 0.7131453447393664 3.1010864179707056 4.34846338245966
694 0.7125079755016276 3.0961820125752895 4.345469972312214
695 0.7118701681929549 3.0912776083221774 4.342473875776005
696 0.7112319218114224 3.086373205215914 4.339475086207171
697 0.710593235350838 3.081468803260184 4.336473596935924
698 0.7099541078029451 3.0765644024592773 4.333469401254889
699 0.70931453815487 3.071660002817118 4.330462492433025
700 0.7086745253882832 3.0667556043377973 4.327452863721212
700 0.7086745253882832 3.0667556043377973 4.327452863721212
701 0.7080340684817059 3.061851207025416 4.324440508337668
702 0.707393166411045 3.0569468108843387 4.321425419464737
703 0.7067518181466724 3.052042415918206 4.318407590265037
704 0.7061100226561146 3.047138022131263 4.315387013866622
705 0.7054677789009575 3.042233629528131 4.312363683381262
706 0.7048250858392351 3.0373292381124863 4.309337591887694
707 0.7041819424278567 3.032424847888922 4.306308732419098
708 0.7035383476165036 3.027520458861527 4.303277097998102
709 0.7028943003516674 3.0226160710343337 4.300242681612411
710 0.7022497995746119 3.017711684411601 4.297205476227378
711 0.7016048442247642 3.012807298997679 4.294165474764744
712 0.7009594332351727 3.0079029147969756 4.291122670130071
713 0.7003135655365724 3.0029985318138075 4.288077055187334
714 0.6996672400518512 2.998094150052472 4.285028622792583
715 0.6990204557031652 2.993189769517369 4.281977365750237
716 0.6983732114082865 2.988285390213036 4.2789232768351555
716 0.697725506079813 2.983381012143681 4.275866348796501
717 0.697725506079813 2.983381012143681 4.275866348796501
718 0.6970773386249796 2.9784766353133914 4.272806574358862
719 0.6964287079482284 2.9735722597270833 4.269743946207535
720 0.6957796129490628 2.968667885389043 4.266678456999251
721 0.6951300525207588 2.9637635123037787 4.263610099370968
722 0.6944800255567614 2.958859140475643 4.260538865899764
723 0.6938294888267029 2.9539547697908226 4.2574650074128355
724 0.693178483442384 2.949050400359049 4.254388257572294
725 0.6925270082734003 2.9441460321845394 4.251308608923207
726 0.6918750621942517 2.939241665272095 4.24822605392138
727 0.691222644075074 2.9343372996267143 4.245140584989305
728 0.6905697527791305 2.9294329352524557 4.242052194529574
729 0.6899163871660072 2.9245285721544967 4.238960874907873
730 0.6892625460912185 2.919624210337306 4.235866618452407
731 0.6886082284049589 2.9147198498059033 4.232769417463024
732 0.6879534329516241 2.909815490564918 4.22966926421244
733 0.6872981585716684 2.9049111326188806 4.22656615093487
733 0.6866424041024691 2.9000067759730794 4.223460069821591
734 0.6866424041024691 2.9000067759730794 4.223460069821591
735 0.6859861683745887 2.8951024206322624 4.22035101304166
736 0.6853294502135153 2.8901980666009326 4.217238972731272
737 0.6846722484408979 2.8852937138841135 4.214123940986893
738 0.6840145618734904 2.8803893624867962 4.211005909870569
739 0.6833563893239135 2.8754850124138627 4.207884871404739
740 0.6826977295975108 2.870580663670499 4.204760817591805
741 0.6820385814967643 2.865676316261403 4.201633740385401
742 0.6813789438192288 2.860771970191735 4.1985036317040985
743 0.6807188153547516 2.855867625466601 4.195370483447393
744 0.6800581948914489 2.850963282090897 4.19223428745825
745 0.6793970812102832 2.8460589400697245 4.189095035556722
746 0.6787354730885384 2.841154599408159 4.185952719517787
747 0.678073369296775 2.8362502601114428 4.182807331089993
748 0.6774107686067286 2.831345922184529 4.1796588619456525
749 0.676747669804932 2.8264415856302363 4.176507303593582
750 0.6760840716297241 2.8215372504529905 4.173352647772898
751 0.6754199728323346 2.816632916658385 4.170194886075101
752 0.6747553721563797 2.811728584251338 4.167034010067427
753 0.6740902683438655 2.806824253237249 4.163870011257065
754 0.6734246601299546 2.8019199236214356 4.160702881122193
755 0.6727585462437404 2.797015595409378 4.1575326111071345
756 0.6720919254082854 2.7921112686062983 4.15435919262106
757 0.6714247963442678 2.787206943217519 4.151182617015533
758 0.6707571577627003 2.7823026192485014 4.148002875629128
759 0.670089008372988 2.7773982967048707 4.1448199597372035
760 0.6694203468753781 2.7724939755919435 4.141633860597431
761 0.6687511719680116 2.767589655915033 4.138444569406175
762 0.6680814823410912 2.7626853376800637 4.13525207733503
763 0.6674112766800884 2.7577810208922062 4.132056375508469
764 0.6667405536637393 2.7528767055574965 4.128857455018206
765 0.6660693119667919 2.7479723916809604 4.125655306902903
766 0.6653975502563194 2.743068079268781 4.12244992217377
766 0.6647252671959466 2.738163768326068 4.11924129178456
767 0.6647252671959466 2.738163768326068 4.11924129178456
768 0.6640524614414276 2.7332594588591923 4.116029406661989
769 0.6633791316440707 2.7283551508734254 4.112814257680473
770 0.6627052764480674 2.7234508443746486 4.109595835680766
771 0.6620308944920265 2.7185465393686217 4.1063741314588516
772 0.6613559844092604 2.713642235861026 4.1031491357637275
773 0.660680544826159 2.7087379338581687 4.099920839308055
774 0.6600045743643815 2.703833633365241 4.096689232751413
775 0.6593280716376043 2.6989293343887493 4.093454306723648
776 0.6586510352552416 2.6940250369343173 4.090216051797936
777 0.6579734638196875 2.6891207410080002 4.086974458509368
778 0.657295355926177 2.6842164466158294 4.0837295173546035
779 0.6566167101656759 2.679312153763614 4.08048121877309
780 0.6559375251212792 2.6744078624579255 4.077229553170391
781 0.6552577993717816 2.6695035727042957 4.0739745108927226
782 0.6545775314878589 2.664599284509142 4.070716082253069
783 0.6538967200327822 2.65969499787881 4.0674542575247505
783 0.6532153635665888 2.6547907128192185 4.064189026914382
784 0.6532153635665888 2.6547907128192185 4.064189026914382
785 0.6525334606393054 2.649886429336683 4.06092038060472
786 0.6518510097981907 2.6449821474372617 4.057648308708048
787 0.6511680095814143 2.6400778671276295 4.0543728013062745
788 0.6504844585198399 2.635173588413647 4.051093848437078
789 0.6498003551393616 2.630269311302043 4.047811440081367
790 0.6491156979599091 2.625365035799327 4.044525566167213
791 0.6484304854932567 2.620460761911658 4.04123621658271
792 0.6477446786862723 2.6155564895357464 4.037943615130123
793 0.6470583137092875 2.610652218776428 4.0346475170232505
794 0.6463713890464206 2.605747949640449 4.031347912048922
795 0.6456839031855465 2.60084368213443 4.028044789877688
796 0.64499585460508 2.595939416264611 4.024738140145196
797 0.6443072417767789 2.591035152037955 4.021427952435808
798 0.6436180631644337 2.586130889461217 4.018114216288711
799 0.6429283172254195 2.5812266285414442 4.014796921188386
800 0.6422380024110911 2.5763223692851036 4.011476056560137
801 0.641547117163643 2.571418111699345 4.008151611791031
802 0.6408556599192982 2.566513855790635 4.004823576207209
803 0.6401636291064452 2.5616096015664485 4.001491939087512
804 0.6394710231454918 2.55670534903331 3.9981566896606835
805 0.6387778404522189 2.5518010981986077 3.9948178170865725
806 0.6380840794320709 2.5468968490691046 3.9914753104888305
807 0.6373897384840467 2.5419926016518377 3.988129158931324
808 0.6366948159990675 2.5370883559543476 3.9847793514280214
809 0.6359993103618431 2.5321841119835584 3.981425876928871
810 0.6353032199873261 2.527279869745596 3.978068724090543
811 0.6346065432566527 2.5223756292475015 3.974707881679345
812 0.6339092785294096 2.5174713904967088 3.971343338493054
813 0.6332114241600024 2.5125671535001675 3.967975083256366
814 0.6325129784930466 2.5076629182655474 3.964603104650943
815 0.631813939866854 2.502758684799939 3.9612273912907976
816 0.6311143066093864 2.497854453110898 3.957847931748578
816 0.6304140770436986 2.4929502232058742 3.9544647145198026
817 0.6304140770436986 2.4929502232058742 3.9544647145198026
818 0.6297132494824759 2.488045995092271 3.951077728056459
819 0.629011822231112 2.483141768777693 3.9476869607473533
820 0.6283097935867209 2.4782375442697386 3.9442924009232176
821 0.627607161838113 2.473333321576128 3.9408940368563026
822 0.6269039252671389 2.468429100704487 3.9374918567508246
823 0.6262000821464532 2.463524881662488 3.93408584875645
824 0.6254956307383851 2.4586206644578694 3.930676000974646
825 0.624790569300143 2.453716449098558 3.927262301425388
826 0.6240848960784817 2.448812235592494 3.9238447380795836
827 0.6233786093123872 2.4439080239473303 3.920423298840914
828 0.6226717072324736 2.439003814171221 3.916997971550075
829 0.6219641880601066 2.434099606272324 3.91356874398867
830 0.6212560500069754 2.4291954002583034 3.910135603880282
831 0.6205472912784583 2.4242911961376246 3.90669853887054
832 0.6198379100447137 2.419386993917792 3.903257536705464
833 0.6191279044837442 2.4144827936069024 3.8998125849620737
833 0.618417272771857 2.4095785952132633 3.896363671106889
834 0.618417272771857 2.4095785952132633 3.896363671106889
835 0.6177060130789372 2.404674398745396 3.892910782524793
836 0.6169941235652396 2.3997702042112903 3.889453906537156
837 0.6162816023808483 2.394866011619861 3.8859930304067185
838 0.615568447666835 2.3899618209795888 3.882528141327203
839 0.6148546575556658 2.385057632298814 3.8790592264203236
840 0.6141402301693384 2.3801534455861235 3.8755862727472485
841 0.6134251636218219 2.3752492608506937 3.872109267292857
842 0.6127094560178501 2.370345078100588 3.868628196969646
843 0.611993105450261 2.365440897344931 3.865143048637137
844 0.6112761100043784 2.360536718592461 3.861653809070917
845 0.6105584677552074 2.355632541852513 3.858160464980992
846 0.6098401767681573 2.3507283671333568 3.854663003003543
847 0.6091212350988945 2.3458241944446137 3.8511614097048428
848 0.6084016407931002 2.340920023794842 3.8476556715778503
849 0.6076813918856793 2.336015855193403 3.844145775049285
850 0.6069604864042744 2.331111688649613 3.840631706455013
851 0.6062389223629014 2.326207524172224 3.8371134520784365
852 0.6055166977680451 2.321303361771123 3.8335909981137193
853 0.6047938106141544 2.3163992014553547 3.830064330689998
854 0.604070258886047 2.311495043234378 3.8265334358572067
855 0.6033460405586595 2.3065908871176206 3.8229982995858665
856 0.6026211535964636 2.301686733114634 3.819458907769979
857 0.6018955959526835 2.2967825812352056 3.815915246231111
858 0.6011693655698338 2.291878431488682 3.8123673007127805
859 0.6004424603805385 2.2869742838852285 3.8088150568762704
860 0.59971487830581 2.2820701384341895 3.8052585003077133
861 0.5989866172570204 2.277165995145454 3.801697616506748
862 0.5982576751338928 2.2722618540292663 3.7981323908978246
863 0.5975280498244735 2.2673577150953164 3.7945628088277408
864 0.5967977392068072 2.262453578353791 3.790988855555612
865 0.5960667411464543 2.2575494438146877 3.7874105162663407
866 0.5953350207277206 2.2526453113797675 3.7838279841595712
866 0.5946026086762906 2.2477411811583674 3.780241035541886
867 0.5946026086762906 2.2477411811583674 3.780241035541886
868 0.5938695028188297 2.2428370531605344 3.7766496553785003
869 0.5931357009789529 2.237932927396865 3.773053828496958
870 0.5924012009665004 2.233028803877864 3.7694535396530013
871 0.5916660005792502 2.228124682614191 3.7658487735188815
872 0.5909300976416862 2.2232205636157714 3.762239514433793
873 0.5901934899330468 2.2183164468932626 3.7586257468629736
874 0.5894561752147841 2.213412332457343 3.755007455220614
875 0.588718151237636 2.2085082203184876 3.7513846238231974
876 0.5879794157396824 2.2036041104879405 3.747757236902231
877 0.5872399664472487 2.1987000029767 3.7441252785954706
878 0.5864998010726629 2.1937958977957557 3.740488732960305
879 0.585758917317457 2.188891794955939 3.736847583951762
880 0.5850173128700963 2.183987694468893 3.733201815437298
881 0.584274985406643 2.1790835963454116 3.7295514111883734
882 0.5835319325902042 2.174179500597157 3.7258963548855415
883 0.5827881520711835 2.1692754072352414 3.722236630113029
883 0.5820436414874575 2.1643713162715117 3.718572220358414
884 0.5820436414874575 2.1643713162715117 3.718572220358414
885 0.5812983984636325 2.1594672277175198 3.7149031090141933
886 0.5805524206099295 2.15456314158437 3.7112292793832156
887 0.5798057055262953 2.1496590578845183 3.707550714654061
888 0.5790582507958691 2.1447549766292893 3.7038673979370733
889 0.5783100539906578 2.1398508978309296 3.700179312230144
890 0.5775611126685714 2.134946821501212 3.696486440433765
891 0.576811424373726 2.130042747652186 3.6927887653488893
892 0.5760609866375279 2.1251386762963196 3.689086269668719
893 0.5753097969764192 2.12023460744534 3.6853789359895854
894 0.5745578528926566 2.115330541112076 3.681666746807617
895 0.5738051518756664 2.110426477308692 3.6779496845054207
896 0.5730516913982714 2.10552241604763 3.674227731376313
897 0.572297468922522 2.1006183573417143 3.670500869585529
898 0.5715424818933377 2.0957143012035284 3.6667690812082707
899 0.5707867277428723 2.0908102476458446 3.6630323482008356
900 0.5700302038873915 2.085906196681666 3.6592906524190663
901 0.5692729077285505 2.0810021483236594 3.655543975607486
902 0.5685148366528818 2.0760981025851994 3.651792299402738
903 0.5677559880336618 2.0711940594791534 3.6480356053177445
904 0.5669963592270333 2.0662900190189055 3.644273874766688
905 0.566235947574792 2.0613859812181006 3.6405070890449243
906 0.5654747504036785 2.0564819460897548 3.6367352293301924
907 0.5647127650237265 2.0515779136477317 3.6329582766940542
908 0.5639499887308592 2.0466738839054557 3.62917621208113
909 0.5631864188043345 2.0417698568768934 3.62538901632544
910 0.5624220525078003 2.036865832575619 3.6215966701401157
911 0.5616568870879565 2.0319618110156976 3.6177991541257266
912 0.5608909197770967 2.0270577922114517 3.6139964487516103
913 0.560124147790688 2.0221537761765926 3.6101885343680067
914 0.559356568327179 2.0172497629258483 3.606375391208275
915 0.5585881785692965 2.0123457524733346 3.6025569993756856
916 0.557818975681704 2.007441744833508 3.5987333388582505
916 0.5570489568134518 2.002537740021289 3.594904389511157
917 0.5570489568134518 2.002537740021289 3.594904389511157
918 0.5562781190965056 1.9976337380507563 3.591070131061901
919 0.5555064596455279 1.992729738937503 3.587230543113893
920 0.5547339755578387 1.9878257426958201 3.583385605139597
921 0.5539606639143859 1.982921749341198 3.5795352964766765
922 0.5531865217764153 1.9780177588882712 3.575679596343706
923 0.5524115461894612 1.9731137713529594 3.5718184838161195
924 0.551635734180223 1.9682097867501958 3.567951937840141
925 0.5508590827574338 1.9633058050956993 3.5640799372282017
926 0.5500815889113818 1.9584018264051413 3.560202460658322
927 0.5493032496157049 1.9534978506941292 3.5563194866602474
928 0.5485240618240071 1.9485938779785235 3.5524309936356557
929 0.5477440224718872 1.943689908274607 3.548536959843074
930 0.5469631284761157 1.9387859415982243 3.5446373633993233
931 0.5461813767339466 1.9338819779659517 3.54073218228379
932 0.5453987641242818 1.9289780173937596 3.536821394326074
933 0.5446152875126865 1.9240740598983355 3.5329049771734793
933 0.5438309437505999 1.919170105495891 3.528982908291477
934 0.5438309437505999 1.919170105495891 3.528982908291477
935 0.5430457296586908 1.9142661542033956 3.525055165071511
936 0.5422596420367458 1.909362206037632 3.5211217247627027
937 0.5414726776657733 1.9044582610155973 3.5171825644564354
938 0.540684833306567 1.899554319154378 3.5132376610929184
939 0.5398961056991022 1.894650380471525 3.5092869914632456
940 0.5391064915631598 1.8897464449842953 3.505330532201353
941 0.5383159875975752 1.8848425127103663 3.501368259787603
942 0.5375245904799641 1.8799385836672655 3.4974001505468593
943 0.5367322968676932 1.8750346578730863 3.493426180640831
944 0.5359391033970224 1.8701307353456196 3.489446326069309
945 0.535145006682325 1.8652268161032242 3.485460562674124
946 0.534349975594455 1.8603229000576151 3.4814690465514455
947 0.5335540345348928 1.8554189873263232 3.4774715721974068
948 0.5327571800477048 1.8505150779279824 3.4734681149905504
949 0.5319594086616657 1.845611171881205 3.469458650096067
950 0.5311607168809305 1.8407072692052058 3.4654431525248404
950 0.5311607168809305 1.8407072692052058 3.4654431525248404
951 0.5303611011877942 1.8358033699188778 3.461421597110763
952 0.5295605580412928 1.8308994740417661 3.4573939585187174
953 0.528759083878023 1.8259955815930957 3.4533602112343598
954 0.5279566751100401 1.821091692592406 3.4493203295759876
955 0.5271533281271735 1.816187807059823 3.4452742876768396
956 0.5263490392950387 1.8112839250147323 3.4412220594924245
957 0.5255438049547221 1.8063800464777504 3.4371636188031522
958 0.5247376214249649 1.8014761714687986 3.433098939193178
959 0.523930484998518 1.7965723000084306 3.429027994073512
960 0.5231223919441488 1.7916684321172662 3.4249507566645208
961 0.5223133385058298 1.7867645678162107 3.420867199998316
962 0.5215033209016786 1.781860707125861 3.416777296921189
963 0.5206923353259382 1.7769568500676514 3.412681020079407
964 0.5198803779468724 1.7720529966629417 3.4085783419277873
965 0.5190674449063156 1.7671491469331821 3.404469234729463
966 0.5182535323203693 1.7622453009000225 3.400353670547977
966 0.5174386362795076 1.7573414585853138 3.3962316212429897
967 0.5174386362795076 1.7573414585853138 3.3962316212429897
968 0.5166227528470764 1.7524376200112983 3.3921030584768515
969 0.5158058780598285 1.7475337852000736 3.3879679537063683
970 0.514988007926434 1.7426299541740227 3.3838262781896806
971 0.5141691384306242 1.7377261269560755 3.3796780029623332
972 0.5133492655269839 1.7328223035688486 3.3755230988594134
973 0.5125283851425225 1.72791848403573 3.371361536503456
974 0.5117064931756247 1.723014668379389 3.3671932863045124
975 0.5108835854974444 1.7181108566240715 3.363018318451467
976 0.5100596579501011 1.713207048792771 3.358836602914346
977 0.5092347063463928 1.708303244909787 3.3546481094471226
978 0.5084087264704992 1.7033994449991063 3.3504528075757714
979 0.5075817140762849 1.6984956490848802 3.3462506666061884
980 0.5067536648891098 1.6935918571918989 3.342041655608941
981 0.5059245746030677 1.6886880693447248 3.3378257434314507
982 0.5050944388818925 1.683784285568531 3.333602898689317
983 0.5042632533596586 1.6788805058883824 3.3293730897558476
983 0.5034310136384706 1.6739767303297144 3.3251362847737638
984 0.5034310136384706 1.6739767303297144 3.3251362847737638
985 0.5025977152897799 1.6690729589182771 3.3208924516418645
986 0.5017633538531764 1.6641691916800156 3.316641558018159
987 0.5009279248363111 1.659265428640887 3.3123835713153493
988 0.5000914237144749 1.654361669827491 3.308118458700147
989 0.49925384593020655 1.6494579152664255 3.303846187089788
990 0.498415186893339 1.6445541649844055 3.299566723147103
991 0.49757544198115716 1.6396504190087895 3.295280033275601
992 0.49673460654016105 1.6347466773667678 3.29098608360116
993 0.49589267590588915 1.6298429400863972 3.2866848398376223
994 0.4950496453525936 1.6249392071953837 3.2823762676125923
995 0.4942055101207336 1.6200354787217972 3.278060332281656
996 0.49336026541516825 1.6151317546942239 3.273736998935397
997 0.4925139064051486 1.6102280351411968 3.2694062323929622
998 0.4916664282247029 1.6053243200916045 3.2650679971949077
999 0.49081782597196966 1.6004206095747942 3.2607222576023416
1000 0.4899680947083858 1.5955169036203685 3.2563689775963307
1001 0.4891172294572356 1.5906132022576955 3.2520081208808973
1002 0.4882652252069543 1.5857095055170536 3.2476396508576677
1003 0.48741207690672145 1.5808058134290741 3.243263530648218
1004 0.48655777946750656 1.5759021260238049 3.2388797230793167
1005 0.4857023277627789 1.5709984433329243 3.234488190676766
1006 0.48484571662606524 1.5660947653870032 3.230088895669972
1007 0.4839879408530041 1.5611910922179522 3.2256817999771488
1008 0.48312899519791835 1.5562874238576565 3.221266865219109
1009 0.4822688743764183 1.5513837603382123 3.2168440526960764
1010 0.4814075730625229 1.5464801016919913 3.2124133234005896
1011 0.4805450858899001 1.5415764479520873 3.2079746380036545
1012 0.4796814074497956 1.5366727991514533 3.203527956860168
1013 0.4788165322922539 1.5317691553234907 3.199073239995291
1014 0.4779504549249618 1.5268655165023166 3.1946104471059336
1015 0.4770831698128984 1.5219618827218067 3.19013953755419
1016 0.47621467137750106 1.5170582540166362 3.1856604703680915
1016 0.4753449539958947 1.5121546304215054 3.1811732042380427
1017 0.4753449539958947 1.5121546304215054 3.1811732042380427
1018 0.47447401200135236 1.507251011971818 3.1766776975079556
1019 0.4736018396830674 1.502347398702969 3.1721739081679545
1020 0.47272843128366493 1.4974437906508467 3.1676617938646725
1021 0.47185378100056946 1.4925401878517703 3.163141311884431
1022 0.4709778829853781 1.4876365903427278 3.1586124191502907
1023 0.47010073134160135 1.4827329981602575 3.1540750722270654
1024 0.46922232012700393 1.4778294113419905 3.1495292273010116
1025 0.46834264334987313 1.4729258299259445 3.14497484019537
1026 0.4674616949716476 1.4680222539500067 3.140411866343498
1027 0.46657946890285323 1.4631186834530823 3.1358402608103595
1028 0.46569595900601574 1.4582151184740917 3.1312599782624586
1029 0.46481115909334475 1.4533115590523067 3.1266709729756044
1030 0.4639250629255262 1.448408005227834 3.122073198835448
1031 0.463037664212496 1.443504457040602 3.1174666093213377
1032 0.4621489566123275 1.4386009145317054 3.1128511575077993
1033 0.4612589337298569 1.43369737774193 3.108226796061572
1033 0.46036757506202697 1.4287938466512595 3.1035935718512606
1034 0.46036757506202697 1.4287938466512595 3.1035935718512606
1035 0.4594748799882233 1.4238903213217462 3.0989513972085736
1036 0.4585808502325673 1.4189868018322247 3.094300167816846
1037 0.45768547918422875 1.4140832882256897 3.089639834643933
1038 0.4567887601765065 1.409179780545351 3.0849703482214266
1039 0.4558906864870537 1.404276278835257 3.0802916586345646
1040 0.45499125133657725 1.3993727831399698 3.075603715520217
1041 0.45409044788724784 1.3944692935041942 3.070906468066568
1042 0.45318826924325356 1.3895658099732622 3.0661998650000317
1043 0.4522847084497663 1.384662332593306 3.061483854582043
1044 0.4513797584918927 1.3797588614103973 3.056758384603503
1045 0.4504734122942184 1.374855396471545 3.052023402379148
1046 0.44956566272040993 1.3699519378243088 3.047278854738285
1047 0.4486565025917328 1.3650484855170908 3.0425246878885734
1048 0.447745924651679 1.3601450395984362 3.0377608476426716
1049 0.44683392157597296 1.3552416001174956 3.032987279339916
1050 0.44592048597404377 1.3503381671237227 3.0282039278238573
1051 0.4450056103914321 1.3454347406673266 3.023410737414898
1052 0.44408928730732544 1.3405313207992957 3.0186076519148295
1053 0.44317150913400283 1.335627907570256 3.0137946145955854
1054 0.4422522682164084 1.330724501032663 3.008971568194414
1055 0.44133155683034747 1.3258211012388017 3.004138454908769
1056 0.4404093671830367 1.3209177082416994 2.9992952163815314
1057 0.4394856914111964 1.316014322095103 2.9944417937006267
1058 0.43856052157979447 1.311110942853487 2.9895781273940667
1059 0.43763384968203217 1.3062075705717167 2.984704157415512
1060 0.4367056676387676 1.301304205305193 2.9798198231345157
1061 0.4357759672955892 1.2964008471106985 2.974925063344172
1062 0.4348447404247579 1.291497496044696 2.9700198162294815
1063 0.4339119787214494 1.2865941521650146 2.965104019382111
1064 0.43297767380437413 1.2816908155300337 2.9601776097793002
1065 0.4320418172141792 1.276787486198568 2.955240523779245
1066 0.43110440041278997 1.2718841642305625 2.950292697111677
1066 0.4301654147825648 1.2669808496862578 2.9453340648659005
1067 0.4301654147825648 1.2669808496862578 2.9453340648659005
1068 0.42922485162407886 1.262077542626899 2.940364561491524
1069 0.4282827021563593 1.2571742431145498 2.9353841207800526
1070 0.42733895751501844 1.2522709512117773 2.93039267586028
1071 0.42639360875145177 1.247367666981925 2.92539015918746
1072 0.4254466468316868 1.242464390489357 2.9203765025345114
1073 0.424498062635175 1.237561121799172 2.915351636982064
1074 0.4235478469531761 1.2326578609770458 2.910315492911284
1075 0.4225959904885461 1.22775460808972 2.905267999988269
1076 0.4216424838538514 1.2228513632047462 2.9002090871578483
1077 0.4206873175698778 1.2179481263904295 2.8951386826348133
1078 0.41973048206513724 1.2130448977156965 2.8900567138877613
1079 0.4187719676739464 1.2081416772512448 2.8849631076354596
1080 0.4178117646362432 1.2032384650673493 2.8798577898229296
1081 0.4168498630932878 1.1983352612364617 2.8747406856369375
1082 0.4158862530905401 1.193432065831187 2.869611719460638
1083 0.41492092457255203 1.1885288789250836 2.8644708148895983
1083 0.413953867384622 1.18362570059305 2.85931789469983
1084 0.413953867384622 1.18362570059305 2.85931789469983
1085 0.4129850712683758 1.1787225309107199 2.854152880854946
1086 0.4120145258631832 1.1738193699548716 2.848975694475052
1087 0.41104222070200513 1.16891621780303 2.8437862558417413
1088 0.4100681452124194 1.1640130745337995 2.8385844843686385
1089 0.4090922887125371 1.1591099402270242 2.8333702986064178
1090 0.40811464041218265 1.1542068149634632 2.8281436162097773
1091 0.4071351894090024 1.1493036988251342 2.822904353940675
1092 0.4061539246880526 1.1444005918947373 2.817652427644757
1093 0.40517083513835067 1.1394974942576626 2.8123877521158867
1094 0.40418590951740013 1.1345944059990147 2.807110241308822
1095 0.4031991364612916 1.1296913272052236 2.8018198082467314
1096 0.4022105044857478 1.1247882579638355 2.796516364986415
1097 0.4012200019854884 1.1198851983637113 2.7911998225956243
1098 0.400227617231407 1.114982148494649 2.7858700911436083
1099 0.39923333836928615 1.1100791084477035 2.7805270796821415
1100 0.3982371534176154 1.1051760783153195 2.775170696231764
1101 0.3972390502666237 1.1002730581916227 2.7698008477593734
1102 0.396239016674715 1.0953700481710504 2.764417440169134
1103 0.3952370402672976 1.0904670483505048 2.759020378284953
1104 0.3942331085350607 1.0855640588275244 2.753609565826156
1105 0.39322720883120027 1.0806610797009721 2.74818490539617
1106 0.3922193283698374 1.0757581110718633 2.742746298462612
1107 0.3912094542229837 1.0708551530417931 2.737293645340742
1108 0.39019757332017924 1.0659522057144533 2.7318268451653824
1109 0.3891836724437129 1.061049269194486 2.7263457958862447
1110 0.3881677382282372 1.0561463435886884 2.7208503942377846
1111 0.38714975715725847 1.051243429004949 2.715340535724368
1112 0.3861297155620249 1.046340525552536 2.709816114591315
1113 0.3851075996177902 1.041437633343219 2.704277023815734
1114 0.38408339534157326 1.0365347524894513 2.6987231550784423
1115 0.38305708859031085 1.0316318831059346 2.693154398741047
1116 0.3820286650578688 1.0267290253085917 2.6875706438234555
1116 0.3809981102711931 1.0218261792158734 2.6819717779926546
1117 0.3809981102711931 1.0218261792158734 2.6819717779926546
1118 0.3799654095900277 1.0169233449472004 2.676357687518011
1119 0.37893054820154326 1.012020522624338 2.670728257269115
1120 0.37789351111949154 1.0071177123705282 2.6650833706749553
1121 0.3768542831804037 1.002214914311019 2.6594229097065862
1122 0.37581284904084994 0.9973121285733914 2.653746754850806
1123 0.3747691931736933 0.9924093552866241 2.64805478508655
1124 0.3737232998660444 0.9875065945817043 2.642346877852308
1125 0.37267515321577 0.9826038465923396 2.6366229090229565
1126 0.37162473712739996 0.977701111453505 2.630882752883941
1127 0.37057203531164556 0.9727983893028462 2.625126282086389
1128 0.3695170312975885 0.9678956802817522 2.619353367510313
1129 0.3684597083926532 0.9629929845322183 2.6135638784851722
1130 0.36740004969771667 0.9580903021981318 2.607757682630728
1131 0.36633803810316734 0.9531876334260252 2.6019346458300094
1132 0.36527365628618597 0.9482849783646844 2.596094632189184
1133 0.36420688670681917 0.9433823371653208 2.590237504006147
1133 0.36313771160320396 0.9384797099816361 2.58436312174347
1134 0.36313771160320396 0.9384797099816361 2.58436312174347
1135 0.3620661129887793 0.933577096969954 2.5784713439859703
1136 0.3609920726475889 0.9286744982888577 2.572562027408998
1137 0.35991557213032516 0.9237719140996656 2.5666350267422398
1138 0.35883659275003515 0.9188693445668974 2.560690194734348
1139 0.35775511557636047 0.9139667898573408 2.5547273821225365
1140 0.35667110567093185 0.9090642500458868 2.5487465499506934
1141 0.35558455918643744 0.9041617253963184 2.5427474338734015
1142 0.3544954567218009 0.8992592160857951 2.5367298763197157
1143 0.35340377833600384 0.894356722292567 2.5306937195284998
1144 0.3523095038215763 0.8894542441987375 2.524638803525417
1145 0.35121261270084486 0.8845517819887296 2.5185649660656444
1146 0.3501130842206984 0.8796493358506432 2.5124720425933713
1147 0.34901089734703666 0.8747469059757352 2.506359866196202
1148 0.3479060307604123 0.8698444925586731 2.5002282675510648
1149 0.34679846284888527 0.8649420957975443 2.4940770748872554
1150 0.34568817170797234 0.8600397158944515 2.4879061138979
1150 0.34568817170797234 0.8600397158944515 2.4879061138979
1151 0.3445751351421693 0.8551373530566019 2.4817152076390485
1152 0.34345933063078593 0.8502350074928704 2.475504176670225
1153 0.3423407353375581 0.8453326794161075 2.4692728388942218
1154 0.34121932610557165 0.8404303690425473 2.463021009491479
1155 0.34009507945002004 0.8355280765932144 2.456748500873276
1156 0.33896797155159525 0.8306258022922713 2.4504551226186853
1157 0.3378379782501178 0.8257235463688373 2.444140681417156
1158 0.33670507503714653 0.8208213090559346 2.4378049810071283
1159 0.33556923704894115 0.8159190905907298 2.431447822112883
1160 0.3344304390596621 0.8110168912157236 2.4250690023794124
1161 0.33328865545920056 0.806114711179258 2.418668316413603
1162 0.3321438602924204 0.8012125507356271 2.4122455553754247
1163 0.33099602720157334 0.7963104101410863 2.4058005072554574
1164 0.3298451294340999 0.7914082896563296 2.39933295669429
1165 0.32869113983571835 0.7865061895477236 2.392842684901162
1166 0.3275340308410978 0.7816041100865214 2.38632946958026
1166 0.3263737744665266 0.776702051549357 2.379793084842412
1167 0.3263737744665266 0.776702051549357 2.379793084842412
1168 0.3252103422989761 0.7718000142184361 2.3732333011380558
1169 0.32404370548820405 0.7668979983815387 2.3666498851632705
1170 0.3228738347364318 0.7619960043322229 2.360042599779741
1171 0.32170070028885495 0.7570940323700034 2.353411203924048
1172 0.320524271923522 0.7521920828003884 2.3467554525164434
1173 0.31934451894066307 0.7472901559356087 2.340075096370956
1174 0.3181614101523769 0.7423882520934777 2.3333698820920046
1175 0.31697491387091575 0.7374863715992824 2.3266395519855396
1176 0.31578499789870806 0.7325845147846082 2.3198838439424336
1177 0.3145916295140705 0.7276826819881895 2.3131024913542495
1178 0.31339477546261324 0.7227808735558118 2.3062952229783953
1179 0.3121944019423045 0.7178790898406743 2.2994617628452634
1180 0.31099047459079143 0.7129773312039286 2.292601830143129
1181 0.3097829584740047 0.7080755980137804 2.285715139082443
1182 0.30857181807149364 0.7031738906471746 2.278801398785727
1183 0.30735701726206144 0.6982722094888422 2.271860313159778
1183 0.3061385193094843 0.6933705549325587 2.2648915807671046
1184 0.3061385193094843 0.6933705549325587 2.2648915807671046
1185 0.30491628684848077 0.6884689273800298 2.2578948946802058
1186 0.3036902818690419 0.6835673272427664 2.250869942349805
1187 0.30246046569939855 0.6786657549410173 2.2438164054654064
1188 0.30122679899171695 0.6737642109051281 2.2367339597950413
1189 0.2999892417040457 0.6688626955745102 2.229622275036038
1190 0.29874775308255624 0.6639612093994718 2.222481014663873
1191 0.29750229164514336 0.6590597528402373 2.2153098357519703
1192 0.29625281516154267 0.6541583263682964 2.2081083888151163
1193 0.2949992806344869 0.6492569304658665 2.2008763176284343
1194 0.2937416442801844 0.644355565626573 2.193613259044594
1195 0.2924798615075636 0.6394542323563296 2.1863188428096034
1196 0.29121388690688366 0.6345529311728851 2.1789926912921738
1197 0.2899436753032963 0.6296516626145796 2.1716344112556722
1198 0.2886691785155145 0.6247504272171401 2.164243617659247
1199 0.28739034846595635 0.6198492255370387 2.156819910082905
1200 0.2861071361947149 0.6149480581447976 2.149362879667163
1201 0.28481949179893534 0.6100469256255248 2.141872109146868
1202 0.28352736440181436 0.6051458285791119 2.1343471726471543
1203 0.28223070213017015 0.600244767620514 2.1267876353993187
1204 0.28092945208358583 0.5953437433805272 2.119193053505094
1205 0.27962356030786184 0.5904427565064797 2.111562973650754
1206 0.27831297176226605 0.5855418076626507 2.1038969328487442
1207 0.2769976302916731 0.5806408975306122 2.096194458123012
1208 0.2756774785925314 0.5757400268099957 2.088455066222423
1209 0.27435245818014103 0.5708391962194646 2.0806782633040926
1210 0.27302250935255745 0.5659384064971479 2.072863544618383
1211 0.27168757115745296 0.5610376584008508 2.065010394147581
1212 0.2703475813524692 0.5561369527098077 2.0571182842754445
1213 0.2690024763667999 0.5512362902242685 2.049186675414196
1214 0.2676521912615342 0.5463356717676424 2.041215015623746
1215 0.2662966596879904 0.5414350981859878 2.0332027402084827
1216 0.26493581384252407 0.5365345703495717 2.025149271319294
1216 0.2635695844223413 0.5316340891539699 2.0170540175154836
1217 0.2635695844223413 0.5316340891539699 2.0170540175154836
1218 0.2621979005799255 0.5267336555205834 2.0089163733026143
1219 0.2608206898697075 0.5218332703980093 2.000735718698889
1220 0.259437878201294 0.5169329347625432 1.9925114187122
1221 0.2580493897839397 0.5120326496199902 1.9842428228514948
1222 0.25665514707136006 0.5071324160063779 1.9759292645916642
1223 0.2552550707041385 0.5022322349893306 1.9675700608175528
1224 0.2538490794489276 0.4973321076693178 1.959164511248019
1225 0.25243709013601706 0.49243203518064593 1.9507118978249822
1226 0.2510190175933444 0.48753201869392776 1.942211484086592
1227 0.24959477457734175 0.4826320594159723 1.9336625145027604
1228 0.24816427170301078 0.47773215859315366 1.9250642137756113
1229 0.24672741736678053 0.4728323175113466 1.9164157861241768
1230 0.24528411766911193 0.4679325374988744 1.9077164145218526
1231 0.2438342763322361 0.4630328199277434 1.8989652598998783
1232 0.2423777946156075 0.4581331662161482 1.8901614603050254
1233 0.24091457122384774 0.453233577829357 1.881304130036333
1233 0.2394445022153115 0.44833405628355644 1.8723923587120361
1234 0.2394445022153115 0.44833405628355644 1.8723923587120361
1235 0.23796748090067535 0.4434346031461944 1.8634252103180369
1236 0.23648339774225904 0.4385352200402492 1.8544017221801103
1237 0.2349921402427426 0.4336359086453991 1.8453209039138974
1238 0.23349359283380539 0.42873667070129856 1.8361817362862805
1239 0.23198763675458323 0.42383750801029013 1.8269831700499732
1240 0.23047414992788204 0.4189384224407304 1.817724124687393
1241 0.2289530068263835 0.4140394159296402 1.8084034871121344
1242 0.2274240783344884 0.4091404904865237 1.7990201102838914
1243 0.22588723160176544 0.40424164819664 1.7895728117528562
1244 0.22434232988875277 0.39934289122537864 1.7800603721259622
1245 0.22278923240557275 0.3944442218218788 1.770481533433446
1246 0.22122779413857183 0.3895456423233478 1.7608349974295983
1247 0.2196578656710486 0.38464715515977554 1.7511194237669991
1248 0.2180792929923986 0.3797487628590959 1.741333428077156
1249 0.2164919172969641 0.37485046805233396 1.731475579931919
1250 0.21489557476921403 0.369952273478665 1.7215444006977496
1251 0.21329009635993587 0.36505418199243034 1.7115383612391748
1252 0.21167530754521596 0.3601561965683047 1.7014558795024863
1253 0.2100510280758885 0.3552583203097293 1.6912953179233166
1254 0.20841707170660406 0.35036055645445113 1.6810549806959472
1255 0.2067732459140637 0.34546290838388516 1.6707331108370846
1256 0.20511935159084257 0.3405653796307706 1.6603278871030467
1257 0.20345518272717805 0.33566797388861486 1.6498374206506536
1258 0.20178052606620928 0.3307706950211829 1.639259751521555
1259 0.2000951607394778 0.3258735470733379 1.628592844869559
1260 0.19839885788055348 0.3209765342821093 1.6178345869075217
1261 0.19669138020994228 0.3160796610891356 1.6069827805964958
1262 0.19497248159149977 0.3111829321535942 1.5960351410286449
1263 0.1932419065604347 0.30628635236714147 1.5849892904640388
1264 0.19149938981675638 0.3013899268685443 1.5738427530079389
1265 0.18974465568418772 0.296493661060955 1.562592948886218
1266 0.18797741752835298 0.2915975606303277 1.5512371882986717
1266 0.18619737713258894 0.28670163156463 1.5397726647914767
1267 0.18619737713258894 0.28670163156463 1.5397726647914767
1268 0.18440422402817436 0.2818058801760203 1.528196448108284
1269 0.18259763477266722 0.27691031312394626 1.5165054764739843
1270 0.18077727217316786 0.2720149374411634 1.5046965482508128
1271 0.17894278444852116 0.2671197605611649 1.4927663128993656
1272 0.17709380432297167 0.26222479034975593 1.4807112611999014
1273 0.17522994804925995 0.2573300351380479 1.46852771459881
1274 0.1733508143466893 0.2524355037603045 1.4562118136661961
1275 0.17145598325150177 0.24754120559337178 1.4437595054951433
1276 0.16954501486965243 0.24264715060326797 1.4311665299614797
1277 0.16761744801739048 0.2377533493934558 1.4184284047135036
1278 0.1656727987403088 0.23285981326090868 1.4055404087542165
1279 0.16371055869863038 0.22796655425605786 1.3924975644100899
1280 0.1617301933993497 0.22307358525150572 1.3792946175528575
1281 0.15973114026237942 0.21818092001694148 1.3659260157947324
1282 0.15771280649624184 0.21328857330380166 1.352385884458179
1283 0.15567456676224825 0.20839656093939327 1.3386680000058322
1283 0.15361576060178325 0.20350489993302484 1.3247657605951564
1284 0.15361576060178325 0.20350489993302484 1.3247657605951564
1285 0.15153568959597483 0.19861360859487143 1.3106721533680679
1286 0.14943361421752377 0.19372270667141372 1.2963797180828427
1287 0.14730875034419266 0.18883221549569412 1.2818805064497545
1288 0.14516026537890064 0.1839421581622436 1.2671660366706659
1289 0.1429872739220487 0.17905255972208156 1.252227242402665
1290 0.14078883293740665 0.17416344740799647 1.2370544152846827
1291 0.1385639363274238 0.16927485089189537 1.2216371400701427
1292 0.13631150883454857 0.16438680258148675 1.205964221121015
1293 0.13403039916621995 0.15949933796231747 1.1900235987845698
1294 0.13171937220554147 0.15461249599519186 1.1738022540369142
1295 0.1293771001679908 0.14972631957873594 1.157286099196245
1296 0.1270021533119342 0.1448408561082285 1.1404598452160104
1297 0.12459298812678521 0.13995615810619666 1.1233068586795427
1298 0.1221479308662828 0.13507228391247197 1.1058090215243814
1299 0.11966516551736411 0.13018929864817852 1.0879465054455408
1300 0.11714271623531383 0.12530727529157243 1.0696975391953334
1301 0.11457842586293793 0.12042629595635453 1.0510381430829918
1302 0.11196993167313944 0.11554645346018891 1.0319418055687484
1303 0.10931463677712522 0.11066785324036098 1.012379096735186
1304 0.10660967620963932 0.10579061571553479 0.9923172030604998
1305 0.10385187644502979 0.10091487922098483 0.9717193629563395
1306 0.10103770671510416 0.09604080369064429 0.9505441761603949
1307 0.09816322001710719 0.09116857532715089 0.9287447509491099
1308 0.09522398103135075 0.08629841259118615 0.9062676403202884
1309 0.0922149772466729 0.08143057398023858 0.883051500001065
1310 0.08913050828073936 0.07656536827438414 0.859025374714816
1311 0.08596404658127701 0.07170316824135765 0.8341064793124178
1312 0.08270806002519121 0.06684442928754332 0.8081972817060858
1313 0.07935378309772538 0.06198971534506553 0.7811816012441936
1314 0.07589091759083155 0.057139735595847514 0.7529192874425149
1315 0.0723072351728508 0.05229539791782879 0.7232387988949707
1316 0.06858804100283296 0.04745788895961371 0.6919265846600505
1316 0.06471543740114664 0.0426287982723691 0.6587114293631243
1317 0.06471543740114664 0.0426287982723691 0.6587114293631243
1318 0.06066729879518104 0.03781031877825021 0.6232405188485758
1319 0.056415810270796875 0.03300558577270996 0.5850414203799001
1320 0.05192539681542272 0.028219286275137354 0.5434582690903144
1321 0.04714983878281323 0.023458835722620645 0.4975379837602269
1322 0.042028744193888544 0.018736869833654916 0.445810841913746
1323 0.036485950046313775 0.0140771789256929 0.38582465052503506
1324 0.030446964391675286 0.009531077950788018 0.31303869338757384
1325 0.023984498587434924 0.005229230068086658 0.2180254070779768
1326 0.019020785670150614 0.0015685589080030242 0.08246551615712537
1327 0.016765290824958614 0.0001654785886046477 0.009870308265592298
1328 0.014784679693985597 1.549607284113173e-05 0.0010481169130390783
1329 0.013032440464909669 1.43798804856507e-06 0.00011033912277880005
1330 0.011495175009385067 1.3347561203840566e-07 1.1611446709548263e-05
1331 0.010138890840380076 1.2390424700546879e-08 1.22206905031462e-06
1332 0.008940660241991331 1.1500387815750998e-09 1.286301850699736e-07
