1 1.6657457499626043 4.995110313143405 2.9987231324201455
2 1.6648278126565317 4.990190545105649 2.9974214193015576
3 1.6639182318471524 4.9852852272722705 2.996111907336934
4 1.6630095949275117 4.980380346895722 2.9947995261643756
5 1.6620982424317385 4.975475431842941 2.9934905800535323
6 1.6611813756670037 4.970570512399047 2.992190127585102
7 1.6602582383915878 4.965665591780726 2.9908995341539915
8 1.6593312294734106 4.960760670158832 2.9896144796437847
9 1.658403768903251 4.955855747230044 2.988328801560485
10 1.6574759890315591 4.950950823962016 2.987042259872971
11 1.6565478129693723 4.946045902282064 2.985754992134061
12 1.6556192389757398 4.941140980778012 2.9844669984838315
13 1.6546902667370036 4.9362360594168475 2.9831782773164837
14 1.6537608956803176 4.931331138207982 2.981888827513575
15 1.6528311252231755 4.926426217152199 2.980598647963507
16 1.6519009547908157 4.921521296249711 2.9793077375349877
16 1.650970383793791 4.916616375501146 2.978016095118057
17 1.650970383793791 4.916616375501146 2.978016095118057
18 1.6500394116553974 4.9117114549072864 2.976723719574447
19 1.649108037780693 4.906806534468516 2.975430609793104
20 1.6481762616003084 4.901901614185361 2.974136764611465
21 1.6472440825148988 4.896996694058215 2.97284218291549
22 1.6463114999370816 4.892091774087854 2.9715468635642885
23 1.6453785132856975 4.8871868542748125 2.97025080540007
24 1.6444451219488079 4.8822819346194155 2.968954007314938
25 1.6435113253468903 4.877377015122434 2.967656468137196
26 1.6425771228925332 4.8724720957847945 2.966358186703894
27 1.6416425139679907 4.867567176606299 2.965059161900584
28 1.6407074979921932 4.862662257587318 2.963759392541312
29 1.6397720743618893 4.8577573387286925 2.9624588774748277
30 1.6388362424664635 4.852852420030628 2.961157615557147
31 1.637900001710184 4.847947501494134 2.9598556056122085
32 1.6369633514897053 4.843042583119752 2.9585528464717186
33 1.636026291201068 4.838137664907969 2.9572493369627404
33 1.6350888202303955 4.833232746858603 2.955945075924112
34 1.6350888202303955 4.833232746858603 2.955945075924112
35 1.6341509379864925 4.828327828973283 2.954640062149016
36 1.6332126438418475 4.823422911252302 2.9533342944896885
37 1.6322739371934387 4.818517993695652 2.9520277717481043
38 1.6313348174240638 4.813613076303689 2.9507204927462753
39 1.6303952839268676 4.808708159077743 2.9494124562822526
40 1.6294553360754511 4.803803242017754 2.948103661182718
41 1.6285149732645736 4.7988983251246315 2.946794106230786
42 1.6275741948613816 4.793993408398604 2.945483790253201
43 1.6266330002570744 4.7890884918403716 2.944172712027544
44 1.625691388829344 4.784183575450927 2.9428608703500636
45 1.6247493599388116 4.779278659229804 2.941548264041041
46 1.6238069129781638 4.774373743178196 2.9402348918577363
47 1.622864047312307 4.7694688272968575 2.938920752601411
48 1.6219207623084506 4.764563911585761 2.9376058450626426
49 1.6209770573410074 4.759658996045382 2.936290168013208
50 1.620032931792538 4.7547540806768405 2.9349737202044337
51 1.6190883850123992 4.749849165479618 2.9336565004406743
52 1.618143416366736 4.744944250454897 2.932338507490799
53 1.6171980252204614 4.740039335603461 2.9310197401195097
54 1.6162522109366433 4.7351344209256325 2.929700197088392
55 1.615305972879782 4.73022950642181 2.92837987715028
56 1.6143593104067095 4.725324592093127 2.927058779066145
57 1.6134122228722645 4.720419677938998 2.925736901593263
58 1.612464709643186 4.715514763960955 2.9244142434623743
59 1.611516770057003 4.710609850158899 2.9230908034498913
60 1.6105684034691112 4.705704936533987 2.9217665802942947
61 1.6096196092403827 4.700800023086126 2.9204415727170123
62 1.608670386712127 4.6958951098162744 2.9191157794692524
63 1.6077207352333707 4.690990196724516 2.9177891992812977
64 1.606770654144325 4.686085283811805 2.9164618308935624
65 1.6058201427977232 4.681180371078545 2.9151336730169595
66 1.6048692005325402 4.676275458525224 2.913804724380969
66 1.6039178266866896 4.671370546152344 2.9124749837105295
67 1.6039178266866896 4.671370546152344 2.9124749837105295
68 1.6029660206103893 4.666465633960409 2.9111444497017334
69 1.6020137816237154 4.661560721950157 2.909813121099026
70 1.6010611090708837 4.6566558101219115 2.9084809965962064
71 1.6001080022948033 4.651750898476325 2.9071480748830654
72 1.599154460610534 4.6468459870140775 2.9058143546934043
73 1.5982004833623835 4.641941075735388 2.9044798347009713
74 1.5972460698757476 4.637036164641305 2.9031445136077423
75 1.5962912194785346 4.632131253731225 2.9018083901034157
76 1.59533593148047 4.627226343006755 2.9004714629054296
77 1.5943802052205458 4.622321432468144 2.899133730670441
78 1.5934240400199589 4.617416522115686 2.897795192080728
79 1.592467435190907 4.612511611950036 2.8964558458283842
80 1.5915103900544114 4.607606701972087 2.8951156905828053
81 1.5905529039408313 4.602701792181848 2.8937747249890085
82 1.5895949761522121 4.5977968825803215 2.8924329477372845
83 1.5886366060003783 4.592891973167515 2.891090357492632
83 1.5876777927980394 4.587987063944331 2.8897469529120925
84 1.5876777927980394 4.587987063944331 2.8897469529120925
85 1.5867185358628844 4.583082154911424 2.888402732636552
86 1.5857588344947973 4.578177246069307 2.8870576953322518
87 1.5847986880435654 4.573272337417591 2.885711839567016
88 1.5838380959913057 4.568367428954608 2.8843651636598127
89 1.582877057651091 4.563462520679969 2.883017666231081
90 1.5819155723127611 4.558557612595923 2.8816693459381715
91 1.5809536392891852 4.553652704700893 2.880320201386972
92 1.5799912578611688 4.54874779699664 2.8789702312367673
93 1.5790284273366484 4.543842889482998 2.877619434089043
94 1.5780651469971236 4.538937982160662 2.8762678085868245
95 1.5771014161389452 4.534033075030356 2.874915353338888
96 1.5761372340417106 4.529128168092499 2.8735620669771205
97 1.5751726000109365 4.524223261347642 2.872207948078979
98 1.5742075133223468 4.519318354795416 2.8708529952683604
99 1.5732419732461809 4.5144134484374066 2.869497207173096
100 1.5722759790860679 4.509508542274174 2.8681405823521264
101 1.571309530104489 4.504603636305268 2.8667831194314215
102 1.5703426255945772 4.499698730532073 2.865424816974803
103 1.5693752648108041 4.4947938249543204 2.8640656736081476
104 1.5684072436890502 4.4898889194970675 2.862706059005696
105 1.5674387652423385 4.484984014223086 2.8613456000175366
106 1.5664698286999859 4.480079109133137 2.85998429529355
107 1.5655004333434563 4.475174204227924 2.8586221433808525
108 1.5645305784501835 4.470269299508169 2.85725914282634
109 1.5635602632750842 4.465364394973793 2.8558952922099055
110 1.5625894870804449 4.46045949062581 2.854530590091048
111 1.5616182491320594 4.455554586464432 2.8531650350146776
112 1.5606465485859864 4.4506496824887956 2.851798625717833
113 1.5596743846169967 4.445744778698547 2.8504313608960574
114 1.5587017564758616 4.440839875094633 2.849063239099137
115 1.5577286634213776 4.435934971676586 2.8476942588534953
116 1.556755104701962 4.431030068445822 2.8463244186979137
116 1.5557810795704297 4.426125165402758 2.8449537171546435
117 1.5557810795704297 4.426125165402758 2.8449537171546435
118 1.554806587277661 4.42122026254785 2.843582152741612
119 1.5538316270649086 4.41631535988198 2.8422097239867137
120 1.5528561981827194 4.411410457405704 2.8408364293926898
121 1.5518802998694041 4.40650555511916 2.8394622674764167
122 1.550903931373032 4.401600653023313 2.83808723672944
123 1.5499270919246209 4.396695751118672 2.836711335666169
124 1.5489497807691974 4.391790849405784 2.83533456276733
125 1.5479719971259707 4.386885947885297 2.8339569165528653
126 1.546993740241414 4.381981046557777 2.832578395484621
127 1.5460150093404772 4.3770761454240885 2.8311989980558656
128 1.5450358036482899 4.372171244484173 2.829818722750744
129 1.5440561223932794 4.3672663437394705 2.8284375680400977
130 1.543075964806931 4.3623614431900855 2.827055532380029
131 1.5420953301078935 4.357456542836332 2.825672614241988
132 1.5411142175077481 4.352551642679459 2.8242888121026475
133 1.5401326262290902 4.3476467427199665 2.8229041244096513
133 1.5391505554820957 4.342741842958224 2.8215185496249147
134 1.5391505554820957 4.342741842958224 2.8215185496249147
135 1.5381680044875674 4.337836943394846 2.820132086182597
136 1.5371849724538633 4.332932044030768 2.81874473253141
137 1.5362014585936221 4.328027144865856 2.8173564871030154
138 1.5352174621048664 4.3231222459013985 2.815967348348268
139 1.5342329822035554 4.318217347138282 2.814577314676292
140 1.5332480180806678 4.313312448576149 2.8131863845326137
141 1.5322625689389606 4.308407550216503 2.8117945563337283
142 1.531276633986902 4.303502652058895 2.8104018284756935
143 1.5302902124064872 4.298597754105259 2.8090081993959934
144 1.5293033033959875 4.293692856355274 2.8076136674920225
145 1.5283159061555864 4.2887879588096975 2.8062182311495802
146 1.527328019860897 4.283883061469297 2.8048218887907628
147 1.5263396437102075 4.278978164334878 2.8034246387872037
148 1.5253507768778323 4.274073267406725 2.802026479545329
149 1.5243614185458902 4.269168370685469 2.8006274094485337
150 1.5233715679057576 4.2642634741718055 2.799227426854281
151 1.5223812241272305 4.259358577866813 2.7978265301509286
152 1.5213903863817886 4.254453681770172 2.796424717713793
153 1.5203990538477605 4.249548785883314 2.7950219878976763
154 1.519407225695686 4.244643890206071 2.7936183390615303
155 1.5184149010867944 4.239738994739608 2.7922137695731553
156 1.5174220791969073 4.234834099484483 2.7908082777639303
157 1.5164287591901993 4.229929204441014 2.789401861977264
158 1.5154349402252034 4.225024309610637 2.7879945205584153
159 1.514440621451562 4.22011941499312 2.786586251858602
160 1.5134458020364814 4.215214520589812 2.7851770541884293
161 1.5124504811353539 4.210309626400699 2.7837669258699553
162 1.5114546578938226 4.205404732426396 2.7823558652341784
163 1.5104583314693756 4.200499838668277 2.780943870581339
164 1.5094615009953896 4.195594945126077 2.7795309402454853
165 1.50846416562361 4.190690051801058 2.778117072518323
166 1.5074663244979678 4.185785158693338 2.776702265695608
166 1.5064679767532783 4.180880265803831 2.775286518080798
167 1.5064679767532783 4.180880265803831 2.775286518080798
168 1.5054691215321894 4.1759753731332765 2.7738698279531517
169 1.5044697579734707 4.17107048068251 2.7724521935894315
170 1.5034698852042476 4.166165588451835 2.7710336132777664
171 1.502469502352005 4.1612606964415875 2.769614085295869
172 1.5014686085472218 4.156355804652583 2.7681936079064315
173 1.5004672029167205 4.151450913085823 2.7667721793691467
174 1.4994652845717193 4.146546021741517 2.7653497979620534
175 1.4984628526477097 4.141641130620212 2.763926461908707
176 1.4974599062501024 4.1367362397230805 2.7625021694785676
177 1.4964564445001518 4.131831349050817 2.7610769189015296
178 1.4954524665113134 4.126926458603311 2.759650708411259
179 1.4944479713789776 4.122021568381571 2.758223536265396
180 1.493442958229951 4.117116678386744 2.7567954006535387
181 1.4924374261746445 4.1122117886183975 2.755366299784275
182 1.4914313744915086 4.107306899075512 2.75393623154526
183 1.4904248022860427 4.102402009758455 2.752505194133988
183 1.4894177086471485 4.097497120667631 2.7510731857682993
184 1.4894177086471485 4.097497120667631 2.7510731857682993
185 1.488410092678009 4.092592231803989 2.7496402046296446
186 1.4874019534558411 4.087687343167755 2.7482062489365373
187 1.4863932900765444 4.082782454759863 2.7467713168629904
188 1.485384101633079 4.077877566580539 2.7453354065774564
189 1.4843743872012003 4.072972678631094 2.743898516270357
190 1.4833641458632494 4.0680677909114085 2.742460644108383
191 1.482353376696944 4.06316290342209 2.741021788256616
192 1.481342078781965 4.058258016164118 2.739581946866064
193 1.4803302511754874 4.053353129138062 2.7381411181183464
194 1.4793178929559097 4.048448242344615 2.736699300145136
195 1.4783050031953036 4.0435433557839024 2.735256491078585
196 1.4772915809468254 4.038638469456992 2.7338126890756045
197 1.4762776252769125 4.033733583364192 2.7323678922570984
198 1.4752631352481853 4.028828697506486 2.730922098740515
199 1.4742481099188027 4.0239238118842655 2.7294753066401363
200 1.473232548327254 4.019018926498587 2.7280275140960497
201 1.4722164495391168 4.014114041349459 2.7265787191863624
202 1.4711998125946204 4.00920915643748 2.7251289200253535
203 1.4701826365372472 4.004304271763739 2.723678114710403
204 1.4691649204158335 3.9993993873285585 2.7222263013171903
205 1.4681466632630338 3.994494503132352 2.720773477940124
206 1.4671278641134107 3.9895896191762263 2.719319642659194
207 1.4661083420342775 3.9846847353839103 2.7178651271126513
208 1.4650882763989086 3.9797798518214367 2.716409595197551
209 1.4640676662028023 3.974874968489845 2.714953045031763
210 1.4630465104938455 3.969970085389484 2.7134954746239996
211 1.4620248082796858 3.965065202521152 2.7120368820462817
212 1.4610025585913706 3.960160319885398 2.7105772653153988
213 1.4599797604402482 3.9552554374828826 2.7091166224730396
214 1.4589564128419772 3.9503505553144596 2.707654951541264
215 1.4579325148001976 3.945445673380488 2.7061922505522773
216 1.4569080653402267 3.940540791682367 2.704728517486892
216 1.4558830634558702 3.935635910219887 2.7032637503713786
217 1.4558830634558702 3.935635910219887 2.7032637503713786
218 1.4548575081509911 3.9307310289940673 2.701797947202208
219 1.4538313984248508 3.9258261480054766 2.700331105972055
220 1.452804733270814 3.920921267255282 2.6988632246728725
221 1.4517775116883258 3.916016386743601 2.697394301272459
222 1.4507497326605414 3.911111506471374 2.695924333757247
223 1.449721395177219 3.9062066264393693 2.6944533200890377
224 1.4486924981725664 3.9013017466477438 2.6929812583201667
225 1.4476630405264233 3.8963968670957967 2.69150814659116
226 1.4466330212193692 3.8914919877839207 2.690033982843677
227 1.445602439226226 3.886587108713704 2.688558765018438
228 1.4445712935186956 3.8816822298850857 2.6870824910483027
229 1.443539583067639 3.8767773512990034 2.685605158855801
230 1.4425073068318226 3.871872472956519 2.684126766373412
231 1.4414744637779726 3.866967594857963 2.682647311505606
232 1.4404410528724743 3.862062717004601 2.681166792145377
233 1.4394070730576758 3.857157839396696 2.679685206216951
233 1.4383725232974203 3.852252962035214 2.678202551592167
234 1.4383725232974203 3.852252962035214 2.678202551592167
235 1.437337402539881 3.8473480849212778 2.6767188261592096
236 1.4363017097255952 3.842443208055078 2.675234027806856
237 1.4352654438047836 3.8375383314377594 2.6737481543934662
238 1.4342286037121041 3.8326334550697165 2.6722612037927598
239 1.433191188388835 3.8277285789515463 2.670773173853101
240 1.432153196769392 3.822823703084796 2.669284062423075
241 1.4311146277763473 3.8179188274695326 2.6677938673590247
242 1.4300754803427904 3.813013952106734 2.6663025864849814
243 1.4290357533899805 3.808109076997363 2.6648102176336095
244 1.4279954458353885 3.8032042021420454 2.663316758630936
245 1.4269545565994903 3.798299327541478 2.661822207283903
246 1.4259130845929269 3.7933944531967745 2.6603265614044926
247 1.4248710287297326 3.788489579108406 2.6588298187842523
248 1.4238283879116416 3.783584705277183 2.657331977224197
249 1.4227851610446889 3.7786798317039105 2.6558330345035306
250 1.4217413470249867 3.7737749583896423 2.6543329884063076
251 1.4206969447536504 3.7688700853345827 2.6528318366927346
252 1.4196519531167375 3.7639652125398047 2.651329577137767
253 1.4186063710062948 3.759060340006126 2.6498262074909618
254 1.4175601973085958 3.754155467734641 2.6483217254987443
255 1.4165134309085328 3.749250595725875 2.6468161288955487
256 1.415466070674152 3.7443457239804396 2.645309415433108
257 1.4144181154915787 3.7394408524995475 2.6438015828154966
258 1.4133695642292927 3.7345359812833494 2.6422926287646384
259 1.4123204157531042 3.729631110333344 2.640782550993968
260 1.4112706689227594 3.7247262396498 2.6392713472128846
261 1.4102203226058947 3.7198213692340802 2.6377590151022345
262 1.4091693756604995 3.7149164990862404 2.6362455523453323
263 1.408117826927671 3.7100116292077474 2.634730956643385
264 1.4070656752698265 3.70510675959942 2.6332152256424766
265 1.4060129195240916 3.700201890261566 2.631698357020797
266 1.4049595585397279 3.6952970211954685 2.6301803484195996
266 1.4039055911467488 3.6903921524015626 2.628661197500573
267 1.4039055911467488 3.6903921524015626 2.628661197500573
268 1.4028510161893541 3.685487283880696 2.627140901884079
269 1.4017958324940913 3.6805824156341207 2.625619459208682
270 1.400740038879897 3.6756775476621013 2.624096867111302
271 1.3996836341798284 3.670772679965692 2.6225731231876925
272 1.3986266172125217 3.6658678125461654 2.6210482250454237
273 1.3975689867901653 3.6609629454038743 2.619522170288071
274 1.3965107417289886 3.6560580785397234 2.617994956496532
275 1.3954518808369905 3.6511532119542016 2.6164665812512604
276 1.3943924029110994 3.6462483456487793 2.614937042138524
277 1.3933323067539 3.641343479623995 2.6134063367176013
278 1.3922715912325931 3.6364386138797897 2.6118744624103196
279 1.3912102552300345 3.6315337484161367 2.6103414165931866
280 1.3901482975326218 3.626628883233776 2.608807196808204
281 1.389085716934043 3.6217240183332198 2.6072718005675006
282 1.388022512202938 3.6168191537153733 2.605735225414392
283 1.3869586821217779 3.61191428938151 2.6041974688503204
283 1.3858942254611886 3.6070094253316256 2.6026585283817814
284 1.3858942254611886 3.6070094253316256 2.6026585283817814
285 1.3848291409918052 3.6021045615673146 2.6011184015000666
286 1.3837634274746577 3.597199698088874 2.5995770856971525
287 1.382697083664973 3.59229483489734 2.598034578459957
288 1.3816301083227958 3.587389971993692 2.5964908772497277
289 1.3805625002007833 3.582485109378474 2.5949459795246157
290 1.3794942580434253 3.577580247052575 2.593399882741633
291 1.3784253805984252 3.5726753850169883 2.591852584335003
292 1.377355866595228 3.5677705232724772 2.5903040817562073
293 1.3762857147770444 3.562865661819671 2.58875437241376
294 1.375214923871545 3.5579608006600796 2.587203453728967
295 1.374143492602411 3.553055939793786 2.585651323112449
296 1.373071419693362 3.548151079221968 2.5840979779583138
297 1.3719987038625565 3.543246218945452 2.5825434156535514
298 1.3709253438222746 3.5383413589650377 2.580987633578787
299 1.3698513382842816 3.5334364992819056 2.579430629098397
300 1.368776685956811 3.5285316398965243 2.577872399565301
301 1.367701385529577 3.523626780809985 2.5763129423500795
302 1.3666254357102472 3.518721922022973 2.574752254771449
303 1.365548835177099 3.5138170635363544 2.5731903341857745
304 1.3644715826252913 3.5089122053510144 2.5716271778996993
305 1.363393676737693 3.5040073474681996 2.570062783225263
306 1.3623151161910498 3.4991024898884096 2.5684971474673843
307 1.3612358996641616 3.4941976326121944 2.566930267908941
308 1.360156025818932 3.489292775641495 2.565362141847394
309 1.3590754933170377 3.484387918976233 2.563792766560771
310 1.3579943008247173 3.479483062617538 2.562222139300901
311 1.3569124469966782 3.4745782065663464 2.5606502573226466
312 1.355829930484167 3.4696733508236104 2.5590771178687506
313 1.3547467499353605 3.46476849539034 2.5575027181690273
314 1.3536629039900956 3.4598636402673395 2.555927055450028
315 1.3525783094496442 3.454958785420656 2.55435028144615
316 1.3514929728345828 3.4500539308460536 2.5527723785422345
316 1.3504069670730077 3.4451490765757335 2.5511932036629346
317 1.3504069670730077 3.4451490765757335 2.5511932036629346
318 1.349320290781134 3.4402442226099943 2.5496127540025397
319 1.348232942577069 3.435339368949581 2.5480310267327613
320 1.347144921079334 3.430434515595769 2.546448019005484
321 1.3460562248978323 3.425529662549587 2.5448637279691564
322 1.3449668526379621 3.420624809811803 2.543278150760914
323 1.343876802897247 3.4157199573835073 2.541691284513283
324 1.3427860742679085 3.410815105265445 2.5401031263487246
325 1.3416946653457138 3.4059102534589973 2.538513673363528
326 1.3406025747126122 3.4010054019648543 2.536922922659562
327 1.3395098009518769 3.396100550784127 2.5353308713163605
328 1.3384163426298072 3.391195699917803 2.5337375164252416
329 1.337322198327855 3.386290849366652 2.5321428550283263
330 1.3362273666071705 3.3813859991319593 2.53054688418609
331 1.335131846024244 3.3764811492143525 2.528949600946782
332 1.3340356351388132 3.3715762996151195 2.5273510023323253
333 1.3329387324986015 3.3666714503353767 2.5257510853664904
333 1.3318411366454175 3.361766601376031 2.5241498470632164
334 1.3318411366454175 3.361766601376031 2.5241498470632164
335 1.3307428461210997 3.356861752737502 2.522547284415025
336 1.329643859461337 3.351956904421468 2.5209433944059327
337 1.3285441751966287 3.3470520564290913 2.51933817400819
338 1.3274437918492787 3.3421472087608244 2.517731620187727
339 1.3263427079342702 3.3372423614181694 2.5161237299037147
340 1.3252409219696015 3.3323375144016976 2.5145145000873548
341 1.3241384324669219 3.32743266771263 2.5129039276607146
342 1.3230352379266073 3.3225278213522684 2.5112920095455378
343 1.321931336840686 3.317622975321119 2.5096787426569236
344 1.3208267277097723 3.3127181296207113 2.5080641238724395
345 1.3197214090140554 3.3078132842517984 2.5064481500857196
346 1.3186153792323754 3.3029084392156483 2.5048308181711167
347 1.3175086368476072 3.298003594513093 2.503212124972631
348 1.3164011803274986 3.2930987501454028 2.5015920673408503
349 1.315293008098084 3.288193906113164 2.499970642182534
350 1.314184118546345 3.283289062416581 2.498347846455729
350 1.314184118546345 3.283289062416581 2.498347846455729
351 1.3130745101349979 3.2783842190568317 2.4967236769524828
352 1.3119641813091634 3.2734793760350813 2.495098130475323
353 1.3108531305143911 3.268574533352346 2.493471203802768
354 1.3097413561845381 3.26366969101005 2.4918428937126804
355 1.3086288567533877 3.258764849008848 2.4902131969591474
356 1.3075156306452218 3.253860007350266 2.488582110291545
357 1.30640167628327 3.248955166035132 2.486949630437135
358 1.3052869920807328 3.244050325064731 2.4853157541189104
359 1.3041715764432065 3.2391454844403764 2.48368047805053
360 1.3030554277774626 3.234240644162921 2.4820437989190958
361 1.301938544477508 3.22933580423364 2.4804057134122504
362 1.3008209249329437 3.224430964653813 2.4787662182018098
363 1.2997025675330487 3.2195261254242875 2.4771253099355146
364 1.2985834706508668 3.214621286546348 2.4754829852678926
365 1.2974636326686704 3.2097164480210916 2.4738392408111123
366 1.2963430519492853 3.204811609849885 2.4721940731898653
366 1.2952217268490118 3.1999067720338092 2.47054747901618
367 1.2952217268490118 3.1999067720338092 2.47054747901618
368 1.294099655727442 3.1950019345740723 2.468899454870878
369 1.292976836932365 3.19009709747148 2.467249997331818
370 1.2918532688106124 3.185192260727835 2.4655991029541524
371 1.2907289496927423 3.1802874243436907 2.4639467682976797
372 1.289603877905639 3.1753825883208133 2.4622929899045776
373 1.2884780517795242 3.170477752660096 2.460637764284251
374 1.2873514696305572 3.1655729173628036 2.458981087947378
375 1.2862241297700268 3.1606680824303064 2.4573229573880138
376 1.28509603050481 3.1557632478634274 2.455663369082063
377 1.2839671701950954 3.15085841366275 2.454002319377049
378 1.2828375472052873 3.145953579829409 2.4523398045863205
379 1.2817071598184624 3.1410487463637837 2.450675821151435
380 1.2805760063089582 3.1361439132675097 2.4490103655049023
381 1.279444084953321 3.13123908054178 2.4473434340477795
382 1.2783113940151913 3.1263342481874155 2.445675023178478
383 1.2771779317574854 3.121429416206246 2.444005129270393
383 1.2760436964293917 3.1165245845991967 2.4423337486951375
384 1.2760436964293917 3.1165245845991967 2.4423337486951375
385 1.2749086862764754 3.111619753367403 2.4406608778039343
386 1.2737728995360622 3.1067149225123356 2.4389865129363906
387 1.2726363344477702 3.10181009203457 2.437310650399217
388 1.271498989226407 3.0969052619362247 2.4356332865198844
389 1.2703608621009435 3.09200043221825 2.433954417569705
390 1.2692219512768461 3.0870956028817544 2.4322740398368583
391 1.2680822549587953 3.082190773927803 2.4305921495825635
392 1.2669417713443716 3.0772859453580717 2.428908743053531
393 1.2658004986281846 3.0723811171738884 2.427223816473126
394 1.26465843499013 3.0674762893761716 2.425537366063677
395 1.2635155786077408 3.062571461966311 2.423849388023326
396 1.262371927650891 3.0576666349457398 2.4221598785356844
397 1.261227480284092 3.052761808315423 2.420468833764855
398 1.2600822346646319 3.047856982076974 2.41877624985972
399 1.2589361889354131 3.0429521562315394 2.41708212296664
400 1.2577893412401129 3.038047330780443 2.4153864492006996
401 1.2566416897104122 3.0331425057255395 2.413689224670331
402 1.255493232475951 3.028237681067372 2.4119904454565653
403 1.2543439676539676 3.0233328568075364 2.410290107634635
404 1.253193893358222 3.018428032947577 2.408588207255785
405 1.2520430076911484 3.013523209488666 2.406884740361919
406 1.2508913087517621 3.0086183864320155 2.4051797029705577
407 1.2497387946266159 3.0037135637791827 2.4034730910922883
408 1.2485854633977462 2.99880874153126 2.4017649007146633
409 1.2474313131396717 2.993903919689962 2.400055127808662
410 1.2462763419211749 2.9889990982561914 2.3983437683239286
411 1.2451205477990361 2.984094277231938 2.39663081820217
412 1.2439639288209916 2.9791894566180024 2.3949162733694607
413 1.2428064830327696 2.9742846364162028 2.3932001297242818
414 1.2416482084729377 2.969379816627575 2.3914823831458007
415 1.2404891031633782 2.9644749972537414 2.389763029513131
416 1.2393291651269571 2.9595701782961377 2.3880420646704934
416 1.238168392373682 2.9546653597562043 2.3863194844538396
417 1.238168392373682 2.9546653597562043 2.3863194844538396
418 1.2370067829101086 2.949760541635102 2.3845952846723044
419 1.2358443347272146 2.9448557239347166 2.382869461132197
420 1.2346810458130428 2.9399509066561977 2.381142009611257
421 1.2335169141485751 2.9350460898007005 2.379412925867005
422 1.2323519377092051 2.930141273369968 2.3776822056341715
423 1.2311861144475824 2.9252364573658456 2.3759498446572085
424 1.2300194423259798 2.9203316417891476 2.374215838626721
425 1.2288519192878782 2.915426826641854 2.3724801832358686
426 1.2276835432725566 2.9105220119248543 2.370742874150177
427 1.226514312210768 2.9056171976400784 2.369003907017408
428 1.225344224018865 2.9007123837888398 2.367263277477351
429 1.2241732766132998 2.895807570372664 2.3655209811342837
430 1.2230014678973329 2.8909027573930692 2.363777013582253
431 1.221828795762521 2.8859979448515305 2.3620313704019655
432 1.220655127167872 2.881093132686248 2.3602843002600378
433 1.2194805912746245 2.876188320954878 2.358535544996769
433 1.2183051859326601 2.8712835096589835 2.356785100164294
434 1.2183051859326601 2.8712835096589835 2.356785100164294
435 1.2171289090081183 2.8663786988001356 2.3550329612465206
436 1.215951758353982 2.861473888379854 2.353279123715725
437 1.2147737318131433 2.8565690783994 2.3515235830262404
438 1.2135948272167247 2.8516642688609437 2.349766334618441
439 1.2124150423968107 2.846759459765645 2.34800737389229
440 1.2112343751683665 2.8418546511155154 2.346246696243645
441 1.2100528233308148 2.836949842911721 2.344484297059593
442 1.2088703846872895 2.832045035155807 2.3427201716819295
443 1.2076870570246372 2.8271402278501254 2.3409543154460177
444 1.2065028381227576 2.822235420995783 2.3391867236607613
445 1.2053177257506156 2.817330614594545 2.3374173916176693
446 1.2041317176700983 2.81242580864793 2.335646314582392
447 1.2029448116262613 2.80752100315782 2.3338734878139022
448 1.2017570053616882 2.8026161981256545 2.332098906535737
449 1.2005682966132363 2.797711393553527 2.3303225659429616
450 1.1993786830999145 2.792806589442607 2.3285444612241384
451 1.1981881625320419 2.7879017857948503 2.326764587544735
452 1.1969967326151938 2.7829969826122474 2.32498294003858
453 1.1958043910393232 2.7780921798958778 2.3231995138279453
454 1.1946111354902422 2.773187377648047 2.3214143040027766
455 1.193416963634808 2.7682825758699625 2.3196273056472756
456 1.192221873140264 2.7633777745638213 2.3178385138038076
457 1.1910258616572404 2.7584729737312963 2.3160479235044047
458 1.1898289268304683 2.7535681733738895 2.3142555297499747
459 1.1886310662886181 2.748663373493754 2.312461327530485
460 1.1874322776548971 2.7437585740922765 2.3106653118028966
461 1.1862325585414364 2.738853775171548 2.308867477503044
462 1.185031906549008 2.7339489767332683 2.307067819544995
463 1.1838303192702133 2.7290441787791164 2.305266332814883
464 1.1826277942833898 2.724139381311076 2.303463012182765
465 1.1814243291612725 2.719234584330781 2.3016578524849276
466 1.1802199214608589 2.71432978784021 2.299850848543933
466 1.179014568728171 2.709424991841341 2.2980419951587683
467 1.179014568728171 2.709424991841341 2.2980419951587683
468 1.1778082685045388 2.7045201963357544 2.2962312870919805
469 1.1766010183155886 2.699615401325663 2.294418719091717
470 1.1753928156731916 2.6947106068123716 2.29260428588634
471 1.1741836580864025 2.689805812798515 2.2907879821646993
472 1.1729735430493835 2.6849010192851184 2.288969802596887
473 1.1717624680428862 2.6799962262750543 2.2871497418339968
474 1.1705504305387568 2.6750914337694316 2.2853277944959585
475 1.1693374279979964 2.6701866417705147 2.283503955177504
476 1.1681234578679278 2.6652818502801523 2.281678218452059
477 1.1669085176476166 2.6603770592998726 2.2798505787437007
478 1.1656926048089284 2.6554722688312506 2.2780210304812867
479 1.164475716766946 2.650567478875937 2.276189568156029
480 1.1632578509242606 2.6456626894363753 2.2743561862353023
481 1.1620390046737306 2.6407579005142265 2.2725208791555844
482 1.160819175389416 2.6358531121115294 2.2706836413408564
483 1.1595983604409619 2.630948324230184 2.268844467173712
483 1.1583765571852886 2.626043536872378 2.2670033510116414
484 1.1583765571852886 2.626043536872378 2.2670033510116414
485 1.1571537629628175 2.6211387500398846 2.265160287193491
486 1.15592997510879 2.616233963734944 2.263315270017735
487 1.1547051909377049 2.611329177959477 2.2614682937719257
488 1.1534794077573851 2.6064243927156614 2.2596193527053225
489 1.152252622865222 2.6015196080052676 2.2577684410353176
490 1.1510248335431654 2.596614823830478 2.255915552957616
491 1.1497960370544933 2.5917100401934463 2.2540606826518528
492 1.1485662306599584 2.586805257096332 2.252203824249622
493 1.1473354116053631 2.581900474541251 2.25034497185843
494 1.1461035771222443 2.57699569253002 2.2484841195597767
495 1.144870724427488 2.5720909110650205 2.246621261410312
496 1.1436368507278896 2.5671861301482424 2.244756391431692
497 1.1424019532164078 2.562281349781908 2.24288950361811
498 1.1411660290740921 2.5573765699683246 2.241020591932011
499 1.1399290754692146 2.552471790709548 2.2391496503051354
500 1.1386910895472449 2.5475670120076566 2.2372766726580737
501 1.1374520684049665 2.5426622338648306 2.2354016529508547
502 1.1362120091655916 2.537757456283028 2.233524585034706
503 1.134970908938737 2.53285267926419 2.2316454627304525
504 1.1337287648233538 2.5279479028111176 2.2297642798231347
505 1.1324855739100472 2.5230431269256908 2.227881030055483
506 1.1312413332709312 2.5181383516102276 2.225995707148667
507 1.1299960399657594 2.5132335768673557 2.2241083047897323
508 1.1287496910373984 2.5083288026991966 2.222218816639383
509 1.127502283520554 2.503424029107734 2.2203272363147257
510 1.1262538144323135 2.4985192560957965 2.218433557408346
511 1.1250042807696343 2.4936144836655147 2.216537773491485
512 1.1237536795261225 2.488709711819313 2.2146398780814502
513 1.1225020076757974 2.4838049405594935 2.2127398646728027
514 1.121249262176852 2.478900169888598 2.2108377267298547
515 1.1199954399750605 2.473995399808784 2.208933457678965
516 1.118740537998078 2.4690906303228024 2.2070270509202237
516 1.1174845531643842 2.464185861432591 2.2051184998081172
517 1.1174845531643842 2.464185861432591 2.2051184998081172
518 1.116227482375633 2.4592810931411795 2.2032077976678788
519 1.1149693225158523 2.4543763254508444 2.20129493779498
520 1.113710070453424 2.4494715583636126 2.199379913451228
521 1.1124497230441162 2.444566791882721 2.1974627178596347
522 1.1111882771303754 2.439662026010182 2.195543344203169
523 1.1099257295336669 2.434757260748518 2.1936217856409876
524 1.1086620770661182 2.4298524961005756 2.191698035284799
525 1.1073973165159148 2.4249477320685955 2.1897720862264216
526 1.106131444666508 2.42004296865537 2.187843931500382
527 1.1048644582769385 2.4151382058634914 2.1859135641216616
528 1.1035963540921911 2.4102334436953687 2.1839809770647585
529 1.1023271288413206 2.40532868215357 2.1820461632672163
530 1.1010567792393529 2.400423921241162 2.1801091156256773
531 1.0997853019823216 2.3955191609604363 2.1781698270040555
532 1.0985126937505592 2.3906144013141906 2.1762282902276873
533 1.0972389512076424 2.385709642304972 2.174284498084227
533 1.0959640710031997 2.3808048839356166 2.1723384433180617
534 1.0959640710031997 2.3808048839356166 2.1723384433180617
535 1.094688049764787 2.37590012620895 2.1703901186456305
536 1.0934108841092025 2.370995369127398 2.168439516732119
537 1.0921325706302176 2.366090612693876 2.1664866302160717
538 1.090853105908698 2.361185856911345 2.1645314516883913
539 1.0895724865076262 2.356281101781992 2.162573973700922
540 1.0882907089707456 2.351376347309076 2.1606141887702943
541 1.087007769827357 2.346471593495563 2.1586520893666097
542 1.0857236655836604 2.3415668403438867 2.1566876679298628
543 1.0844383927333243 2.3366620878570523 2.154720916849413
544 1.0831519477528084 2.331757336038237 2.1527518284723417
545 1.0818643270929793 2.326852584890017 2.150780395118841
546 1.0805755271997233 2.3219478344150923 2.148806609041337
547 1.0792855444855889 2.3170430846169663 2.146830462480918
548 1.0779943753557806 2.312138335497989 2.144851947613263
549 1.0767020161916403 2.3072335870616048 2.1428710565829796
550 1.0754084633559495 2.302328839310689 2.1408877814909304
551 1.0741137131949006 2.2974240922480234 2.1389021143901457
552 1.0728177620340646 2.2925193458768502 2.136914047293763
553 1.0715206061833291 2.287614600200087 2.13492357216385
554 1.070222241923164 2.282709855220939 2.1329306809387214
555 1.0689226655297266 2.277805110942463 2.130935365481889
556 1.0676218732513831 2.2729003673676575 2.1289376176282953
557 1.0663198613127827 2.267995624499811 2.1269374291758987
558 1.0650166259260263 2.2630908823419147 2.1249347918622106
559 1.0637121632809603 2.258186140897104 2.1229296973834124
560 1.062406469546562 2.253281400168593 2.1209221373908798
561 1.0610994367188669 2.2483766600975783 2.118912311413539
562 1.0597911654290424 2.243471920744246 2.1169000024981397
563 1.058481651763105 2.2385671821113586 2.1148852021975
564 1.05717089181766 2.233662444202715 2.112867901955037
565 1.0558588816593377 2.2287577070214213 2.1108480931834483
566 1.0545456173329568 2.223852970570931 2.108825767248704
566 1.0532310948635293 2.2189482348542904 2.1068009154646226
567 1.0532310948635293 2.2189482348542904 2.1068009154646226
568 1.0519153102546763 2.2140434998753693 2.104773529096495
569 1.0505982594875578 2.2091387656370864 2.102743599360826
570 1.049279938524421 2.20423403214332 2.100711117419328
571 1.0479603433021896 2.1993292993972307 2.0986760743894224
572 1.0466394697364314 2.1944245674024443 2.0966384613366933
573 1.0453173137250902 2.18951983616223 2.094598269265877
574 1.043993871137394 2.1846151056805665 2.0925554891433475
575 1.0426691378456474 2.1797103759602696 2.09051011183084
576 1.0413431097389758 2.17480564700528 2.0884621280592324
577 1.0400157826208367 2.16990091881865 2.086411528631331
578 1.0386871522717034 2.1649961914044558 2.084358304297316
579 1.037357214450753 2.1600914647660177 2.08230244574885
580 1.0360259648893553 2.1551867389070214 2.080243943632426
581 1.0346933992972551 2.150282013831169 2.078182788535813
582 1.0333595133604687 2.145377289542062 2.0761189709913537
583 1.0320243027430838 2.140472566043856 2.074052481472148
583 1.0306877630805802 2.135567843339902 2.0719833104033283
584 1.0306877630805802 2.135567843339902 2.0719833104033283
585 1.0293498899907203 2.130663121434024 2.069911448140566
586 1.028010679059377 2.125758400330175 2.0678368849973716
587 1.0266701258513857 2.120853680032184 2.065759611222179
588 1.0253282259069658 2.115948960543833 2.0636796170047362
589 1.0239849747396272 2.111044241869035 2.0615968924796175
590 1.0226403678390863 2.106139524011835 2.0595114277194644
591 1.0212944006702347 2.1012348069761804 2.05742321273594
592 1.0199470686706928 2.096330090765948 2.0553322374837704
593 1.0185983672480596 2.0914253753852146 2.053238491865645
594 1.0172482917921943 2.086520660838003 2.051141965706286
595 1.0158968376619597 2.0816159471285474 2.049042648778484
596 1.0145440001869954 2.0767112342605185 2.0469405307978263
597 1.013189774676126 2.071806522238504 2.044835601406235
598 1.0118341564068811 2.0669018110665656 2.0427278501907167
599 1.0104771406331736 2.061997100748627 2.0406172666672715
600 1.0091187225770573 2.057092391289234 2.038503840297297
601 1.0077588974351837 2.0521876826923795 2.0363875604723902
602 1.0063976603776956 2.0472829749625774 2.0342684165166314
603 1.0050350065436344 2.0423782681038833 2.0321463976938716
604 1.00367093104457 2.0374735621211437 2.0300214932006093
605 1.0023054289669058 2.0325688570180676 2.02789369215836
606 1.0009384953629898 2.027664152799623 2.025762983632967
607 0.9995701252590277 2.022759449469785 2.023629356615284
608 0.9982003136507115 2.0178547470334953 2.021492800030896
609 0.9968290555054843 2.0129500454951503 2.0193533027329336
610 0.9954563457606754 2.008045344859004 2.0172108535051443
611 0.9940821793227359 2.003140645129997 2.015065441063161
612 0.9927065510674387 1.9982359463123653 2.0129170540515724
613 0.9913294558408574 1.9933312484113395 2.010765681042507
614 0.9899508884581433 1.988426551430928 2.0086113105347265
615 0.9885708437031236 1.983521855376423 2.0064539309557987
616 0.987189316330677 1.978617160252335 2.004293530654014
616 0.9858063010590332 1.973712466063339 2.0021300979137755
617 0.9858063010590332 1.973712466063339 2.0021300979137755
618 0.9844217925788624 1.9688077728145637 1.9999636209362377
619 0.9830357855479706 1.9639030805106235 1.9977940878478713
620 0.9816482745892453 1.9589983891566096 1.995621486704411
621 0.9802592542943219 1.9540936987572155 1.9934458054812718
622 0.9788687192231024 1.949189009317889 1.9912670320744335
623 0.9774766639012612 1.944284320843204 1.9890851543025725
624 0.976083082821884 1.9393796333382902 1.9869001599038971
625 0.9746879704404622 1.9344749468085911 1.9847120365447832
626 0.9732913211814056 1.9295702612588739 1.9825207718041837
627 0.9718931294340215 1.9246655766944964 1.9803263531817727
628 0.9704933895561859 1.9197608931205496 1.978128768088231
629 0.9690920958632879 1.9148562105426294 1.9759280038672018
630 0.9676892426423983 1.9099515289657 1.9737240477638618
631 0.9662848241420164 1.9050468483951923 1.9715168869455457
632 0.9648788345739552 1.9001421688365876 1.9693065084960646
633 0.9634712681138845 1.8952374902953493 1.9670928994130916
633 0.9620621189026514 1.8903328127766932 1.9648760466037758
634 0.9620621189026514 1.8903328127766932 1.9648760466037758
635 0.9606513810434996 1.885428136286588 1.9626559368899852
636 0.959239048600631 1.8805234608302688 1.9604325570082215
637 0.9578251156025867 1.8756187864134057 1.9582058936024214
638 0.9564095760361264 1.870714113041696 1.9559759332345221
639 0.9549924238567945 1.8658094407208088 1.9537426623612624
640 0.9535736529745753 1.8609047694565382 1.9515060673621134
641 0.952153257265158 1.8560000992546584 1.9492661345145144
642 0.9507312305622467 1.8510954301212255 1.9470228500083229
643 0.9493075666605689 1.8461907620617846 1.944776199937214
644 0.9478822593149819 1.8412860950825298 1.9425261703000911
645 0.9464553022402368 1.8363814291894316 1.9402727469989984
646 0.9450266891093212 1.8314767643883862 1.938015915840997
647 0.9435964135532737 1.8265721006856932 1.935755662537359
648 0.9421644691628344 1.8216674380873648 1.9334919726977369
649 0.9407308494879579 1.8167627765995846 1.9312248318299043
650 0.9392955480350326 1.811858116228596 1.9289542253435867
651 0.9378585582667441 1.8069534569806829 1.9266801385489434
652 0.9364198736032925 1.8020487988625216 1.9244025566526437
653 0.9349794874208036 1.7971441418801994 1.9221214647582572
654 0.9335373930543711 1.7922394860402195 1.919836847859222
655 0.9320935837905594 1.7873348313490691 1.9175486908519281
656 0.9306480528740475 1.7824301778134846 1.915256978520446
657 0.9292007935043786 1.7775255254399085 1.9129616955407094
658 0.9277517988335034 1.7726208742352003 1.9106628264843915
659 0.9263010619676262 1.767716224206014 1.9083603558124766
660 0.9248485759687212 1.762811575359192 1.9060542678705612
661 0.923394333848233 1.757906927701595 1.9037445468996355
662 0.9219383285744226 1.753002281240001 1.9014311770187908
663 0.9204805530629145 1.7480976359817622 1.8991141422433508
664 0.9190210001866949 1.7431929919335432 1.89679342646079
665 0.9175596627643333 1.738288349102644 1.8944690134543405
666 0.9160965335819873 1.733383707496226 1.8921408868545777
666 0.914631605419281 1.7284790671214947 1.8898090300839032
667 0.914631605419281 1.7284790671214947 1.8898090300839032
668 0.9131648709491093 1.7235744279857825 1.8874734265613657
669 0.9116963227886724 1.7186697900964063 1.8851340595949593
670 0.9102259535093001 1.7137651534608782 1.882790912359288
671 0.9087537556289262 1.7088605180864205 1.880443967908292
672 0.9072797216135945 1.7039558839810027 1.878093209170951
673 0.9058038438738873 1.6990512511518574 1.8757386189546925
674 0.9043261147715473 1.6941466196068695 1.8733801799308296
675 0.902846526612681 1.689241989353626 1.871017874645163
676 0.9013650716473153 1.684337360399905 1.8686516855169977
677 0.8998817420743883 1.679432732754109 1.8662815948268006
678 0.8983965300332502 1.674528106423683 1.863907584729549
679 0.8969094276096267 1.6696234814168158 1.8615296372417074
680 0.8954204268327611 1.664718857741663 1.8591477342437093
681 0.8939295196735002 1.6598142354062582 1.8567618574812146
682 0.8924366980465255 1.6549096144192572 1.8543719885586571
683 0.8909419538073878 1.6500049947884539 1.8519781089410539
683 0.8894452787524928 1.6451003765227272 1.8495801999534944
684 0.8894452787524928 1.6451003765227272 1.8495801999534944
685 0.8879466646182905 1.640195759630325 1.8471782427781407
686 0.8864461030852839 1.6352911441198095 1.8447722184441484
687 0.8849435857666841 1.63038653000019 1.8423621078485815
688 0.8834391042192226 1.625481917279728 1.8399478917296939
689 0.881932649936241 1.620577305967382 1.837529550680022
690 0.8804242143473873 1.615672696072412 1.8351070651436208
691 0.8789137888211068 1.6107680876033388 1.8326804154066956
692 0.8774013646603076 1.6058634805693637 1.8302495816052047
693 0.8758869331036464 1.6009588749799701 1.827814543718651
694 0.8743704853257227 1.596054270843837 1.825375281565309
695 0.8728520124333172 1.591149668170759 1.8229317748090972
696 0.8713315054679072 1.5862450669701684 1.8204840029494296
697 0.869808955403344 1.581340467251241 1.8180319453229228
698 0.8682843531448156 1.5764358690241191 1.8155755811036658
699 0.8667576895279008 1.5715312722978803 1.8131148892995117
700 0.8652289553218904 1.566626677082753 1.810649848744281
700 0.8652289553218904 1.566626677082753 1.810649848744281
701 0.8636981412228628 1.5617220833886567 1.8081804381071147
702 0.8621652378562057 1.5568174912252613 1.805706635883772
703 0.8606302357757611 1.5519129006029455 1.8032284203959799
704 0.8590931254633765 1.547008311531778 1.8007457697875942
705 0.8575538973280236 1.5421037240221769 1.7982586620235552
706 0.8560125417019773 1.5371991380842653 1.795767074893448
707 0.8544690488452725 1.5322945537288613 1.7932709859995521
708 0.8529234089396039 1.5273899709664391 1.7907703727646131
709 0.8513755402334622 1.5224853897536377 1.7882653632921441
710 0.8498255020773967 1.517580810150009 1.7857557892064733
711 0.8482732872858761 1.5126762321685823 1.783241621351205
712 0.8467188857346762 1.5077716558203886 1.7807228363781373
713 0.8451622872135944 1.5028670811165747 1.7781994107561987
714 0.8436034814363305 1.4979625080685464 1.77567132074668
715 0.8420424580289114 1.4930579366876462 1.7731385424229786
716 0.8404792065379444 1.4881533669852864 1.770601051649101
716 0.8389137164260562 1.483248798973472 1.7680588240855268
717 0.8389137164260562 1.483248798973472 1.7680588240855268
718 0.8373459770693179 1.47834423266361 1.7655118351887997
719 0.8357759777592089 1.473439668067615 1.762960060204219
720 0.8342037077003605 1.4685351051978135 1.7604034741659287
721 0.8326291560096284 1.4636305440658564 1.7578420518929452
722 0.8310523117161119 1.458725984684583 1.7552757679866546
723 0.829473163758061 1.4538214270659373 1.7527045968300727
724 0.827891700982135 1.448916871222411 1.7501285125863062
725 0.8263079121453233 1.4440123171671213 1.7475474891896738
726 0.8247217859103134 1.4391077649123032 1.7449615003486798
727 0.8231333108459247 1.4342032144713275 1.7423705195424704
728 0.821542475427732 1.4292986658570561 1.7397745200123693
729 0.8199492680316487 1.424394119082831 1.7371734747714316
730 0.8183536769393721 1.419489574161604 1.7345673565865425
731 0.8167556903323353 1.4145850311073374 1.7319561379875386
732 0.8151552962934929 1.4096804899335134 1.7293397912561246
733 0.8135524828049624 1.4047759506538897 1.726718288426224
733 0.8119472377449861 1.3998714132824168 1.7240916012846688
734 0.8119472377449861 1.3998714132824168 1.7240916012846688
735 0.8103395488891633 1.3949668778331643 1.7214597013627497
736 0.8087294039097798 1.3900623443204017 1.7188225599318931
737 0.8071167903733765 1.385157812758568 1.7161801480028518
738 0.8055016957385646 1.3802532831621874 1.713532436324213
739 0.8038841073552425 1.3753487555458734 1.7108793953779413
740 0.8022640124636977 1.3704442299248867 1.7082209953757572
741 0.8006413981945656 1.365539706313779 1.7055572062512014
742 0.7990162515768197 1.360635184728399 1.702887997638661
743 0.7973885595634727 1.3557306651841248 1.7002133388097698
744 0.7957583089414892 1.3508261476969634 1.697533198860117
745 0.7941254863816968 1.345921632282217 1.694847546594543
746 0.7924900784370239 1.341017118956275 1.692156350526274
747 0.7908520715425328 1.336112607734756 1.6894595788675235
748 0.7892114520086946 1.3312080986342687 1.6867571995389685
749 0.7875682060250768 1.3263035916711754 1.6840491801530961
750 0.7859223196579207 1.321399086862194 1.68133548801279
751 0.7842737788450392 1.3164945842241127 1.6786160901144094
752 0.782622569400276 1.311590083774048 1.6758909531309838
753 0.780968677005468 1.3066855855292843 1.6731600434214795
754 0.7793120872134038 1.3017810895070947 1.6704233270163817
755 0.7776527854439115 1.2968765957254593 1.6676807696189972
756 0.7759907569829142 1.2919721042020236 1.6649323365980122
757 0.7743259869808989 1.2870676149548588 1.6621779929834748
758 0.7726584604494426 1.282163128002498 1.659417703465882
759 0.7709881622611151 1.2772586433631832 1.6566514323868522
760 0.7693150771485818 1.2723541610559042 1.653879143733677
761 0.7676391896988732 1.267449681099654 1.651100801141803
762 0.7659604843569887 1.2625452035133207 1.6483163678779156
763 0.7642789454187713 1.2576407283166378 1.6455258068473138
764 0.7625945570305861 1.2527362555292012 1.6427290805839787
765 0.7609073031899171 1.2478317851709009 1.6399261512403318
766 0.7592171677405241 1.2429273172619064 1.637116980587956
766 0.7575241343709233 1.2380228518226066 1.6343015300109318
767 0.7575241343709233 1.2380228518226066 1.6343015300109318
768 0.7558281866124174 1.2331183888738797 1.6314797605004019
769 0.7541293078364896 1.2282139284364284 1.6286516326490919
770 0.7524274812527069 1.223309470531416 1.6258171066462694
771 0.7507226899083956 1.218405015180564 1.6229761422679736
772 0.749014916686688 1.2135005624052078 1.6201286988691757
773 0.747304144296747 1.2085961122276925 1.6172747353957817
774 0.7455903552816003 1.2036916646701592 1.61441421035488
775 0.7438735320106244 1.1987872197552396 1.6115470818205127
776 0.7421536566767567 1.1938827775057146 1.608673307427639
777 0.7404307112942539 1.1889783379447816 1.6057928443655154
778 0.7387046776996407 1.184073901095933 1.6029056493634126
779 0.7369755375438645 1.179169466982873 1.600011678695223
780 0.7352432722935524 1.1742650356295525 1.5971108881642604
781 0.7335078632270933 1.169360607060715 1.5942032330997413
782 0.7317692914312721 1.164456181300612 1.591288668349344
783 0.7300275378000758 1.1595517583747408 1.5883671482709105
783 0.7282825830301544 1.154647338307992 1.5854386267262746
784 0.7282825830301544 1.154647338307992 1.5854386267262746
785 0.7265344076173609 1.1497429211264216 1.5825030570774417
786 0.7247829918582258 1.1448385068559548 1.5795603921675574
787 0.7230283158420616 1.1399340955229875 1.5766105843246045
788 0.7212703594492216 1.1350296871542322 1.5736535853503903
789 0.7195091023504234 1.1301252817767808 1.570689346507217
790 0.7177445240009247 1.1252208794184013 1.5677178185158145
791 0.7159766036372517 1.1203164801065304 1.5647389515455965
792 0.7142053202772043 1.1154120838698467 1.5617526952010412
793 0.7124306527116728 1.1105076907365161 1.5587589985210093
794 0.7106525795055176 1.1056033007359911 1.555757809962902
795 0.7088710789911287 1.1006989138975476 1.5527490773979262
796 0.707086129267114 1.0957945302509853 1.5497327480978345
797 0.7052977081925182 1.0908901498266144 1.5467087687301044
798 0.703505793439381 1.0859857726561972 1.5436770852261266
799 0.7017103623837422 1.0810813987711356 1.5406376429993889
800 0.6999113921458897 1.076177028202675 1.5375903868390763
801 0.6981088595951291 1.0712726609830379 1.5345352608822733
802 0.6963027413413116 1.0663682971447477 1.531472208612257
803 0.6944930137331617 1.0614639367204215 1.5284011728421178
804 0.6926796528538279 1.0565595797437195 1.5253220957057316
805 0.6908626345153377 1.051655226248768 1.5222349186485356
806 0.6890419342570415 1.0467508762696427 1.5191395824091611
807 0.6872175273389269 1.0418465298412682 1.516036027013966
808 0.6853893887377361 1.03694218699937 1.5129241917635747
809 0.6835574931423926 1.032037847779489 1.5098040152191032
810 0.6817218149476204 1.0271335122184664 1.5066754351954916
811 0.6798823282530044 1.0222291803532269 1.503538388738389
812 0.6780390068558981 1.0173248522213163 1.5003928121166719
813 0.6761918242447675 1.0124205278608585 1.4972386408126446
814 0.6743407535867626 1.0075162073111987 1.4940758095255307
815 0.6724857677165628 1.0026118906118415 1.4909042521691245
816 0.670626839171251 0.9977075778032526 1.4877239017695776
816 0.6687639401588188 0.992803268925516 1.484534690506405
817 0.6687639401588188 0.992803268925516 1.484534690506405
818 0.6668970425531003 0.9878989640201888 1.481336549699168
819 0.6650261178896746 0.9829946631290342 1.4781294097867437
820 0.663151137356304 0.9780903662944221 1.474913200320585
821 0.661272071792097 0.9731860735598186 1.4716878499380914
822 0.6593888916768716 0.9682817849687266 1.4684532863547624
823 0.6575015671270303 0.9633775005660022 1.4652094363447747
824 0.6556100678912669 0.9584732203967493 1.4619562257175593
825 0.6537143633369591 0.9535689445070005 1.458693579317119
826 0.6518144224536518 0.948664672943503 1.4554214209811522
827 0.6499102138384493 0.9437604057536444 1.4521396735399494
828 0.6480017056916608 0.9388561429860645 1.4488482587927032
829 0.6460888658086005 0.9339518846893491 1.4455470974886389
830 0.6441716615754429 0.9290476309137071 1.4422361093028315
831 0.6422500599581223 0.9241433817097456 1.438915212822252
832 0.6403240274966085 0.9192391371289168 1.4355843255214806
833 0.6383935303496318 0.9143348972256755 1.4322433636270056
833 0.6364585341858215 0.9094306620530487 1.4288922423146104
834 0.6364585341858215 0.9094306620530487 1.4288922423146104
835 0.6345190042195161 0.9045264316655551 1.425530875593173
836 0.6325749052029788 0.8996222061182549 1.4221591762790318
837 0.6306262014245917 0.8947179854671438 1.418777055957976
838 0.6286728566958963 0.8898137697693037 1.4153844249708514
839 0.6267148343415634 0.8849095590825907 1.41198119239078
840 0.6247520971930381 0.880005353466267 1.4085672659924817
841 0.6227846075787711 0.8751011529802931 1.4051425522259853
842 0.6208123273130778 0.8701969576857944 1.4017069561941078
843 0.6188352176870294 0.8652927676449812 1.3982603816232637
844 0.616853239457323 0.8603885829210463 1.3948027308375226
845 0.6148663528381085 0.8554844035786502 1.3913339047256261
846 0.6128745174877493 0.8505802296834329 1.3878538027165326
847 0.6108776925000403 0.8456760613017429 1.3843623227438233
848 0.6088758363694683 0.8407718985031848 1.3808593612721412
849 0.6068689069977853 0.8358677413576032 1.3773448132195272
850 0.6048568617139025 0.8309635899359186 1.3738185718540539
851 0.6028396572403432 0.8260594443102222 1.370280528808815
852 0.6008172497167606 0.8211553045559218 1.3667305739690958
853 0.5987895945960611 0.8162511707475992 1.3631685956370636
854 0.5967566466789866 0.8113470429611331 1.3595944803905655
855 0.5947183601020987 0.8064429212741944 1.356008113043202
856 0.5926746883257895 0.8015388057655131 1.3524093766003928
857 0.5906255841559832 0.7966346965176152 1.348798152142399
858 0.5885709996655148 0.7917305936136475 1.3451743189242902
859 0.5865108861929107 0.7868264971366845 1.3415377543016098
860 0.5844451943366784 0.7819224071723117 1.3378883336696128
861 0.5823738739418427 0.777018323807342 1.3342259304113924
862 0.5802968740854534 0.7721142471302476 1.3305504158489532
863 0.5782141430566 0.7672101772316714 1.3268616592046436
864 0.5761256283410469 0.7623061142037189 1.3231595275474526
865 0.574031276602296 0.7574020581404507 1.319443885747011
866 0.5719310336653314 0.7524980091377639 1.3157145964177428
866 0.5698248444962917 0.7475939672938662 1.3119715198706667
867 0.5698248444962917 0.7475939672938662 1.3119715198706667
868 0.567712653183122 0.7426899327086071 1.3082145140581254
869 0.5655944029162092 0.737785905484082 1.304443434517831
870 0.5634700359675681 0.7328818857243469 1.3006581343156458
871 0.5613394936703128 0.7279778735360577 1.2968584639861727
872 0.5592027163955072 0.7230738690277686 1.2930442714737462
873 0.5570596435326525 0.7181698723104302 1.2892154020637363
874 0.5549102134624884 0.7132658834972915 1.2853716983270265
875 0.55275436353852 0.7083619027044029 1.2815130000417247
876 0.5505920300579883 0.7034579300498403 1.2776391441331836
877 0.5484231482381225 0.6985539656549207 1.2737499646014432
878 0.5462476521923749 0.6936500096427746 1.2698452924397892
879 0.5440654748982496 0.6887460621401084 1.2659249555743575
880 0.5418765481758197 0.6838421232759152 1.2619887787689101
881 0.5396808026558652 0.6789381931824688 1.2580365835532659
882 0.5374781677500705 0.6740342719947884 1.2540681881393496
883 0.5352685716215622 0.6691303598511037 1.2500834073332865
883 0.533051941154586 0.664226456892683 1.246082052443096
884 0.533051941154586 0.664226456892683 1.246082052443096
885 0.5308282019194702 0.6593225632644505 1.2420639311934554
886 0.528597278142808 0.6544186791143539 1.2380288476202739
887 0.5263590926678026 0.6495148045938451 1.2339766019844727
888 0.5241135669231531 0.6446109398583598 1.229906990659668
889 0.5218606208849974 0.6397070850666327 1.2258198060274892
890 0.5196001730357613 0.6348032403812905 1.221714836375931
891 0.5173321403295569 0.6298994059692732 1.2175918657750655
892 0.5150564381473769 0.6249955820011125 1.2134506739672632
893 0.5127729802565412 0.6200917686521497 1.209291036243596
894 0.5104816787660597 0.6151879661012751 1.2051127233171468
895 0.5081824440833358 0.6102841745326272 1.2009155011906472
896 0.5058751848631462 0.6053803941347785 1.1966991310288353
897 0.5035598079637403 0.600476625100947 1.1924633690069748
898 0.5012362183935624 0.595572867629374 1.1882079661724287
899 0.49890431925844003 0.5906691219237004 1.1839326682953104
900 0.4965640117118594 0.5857653881925877 1.1796372156999753
901 0.49421519489383636 0.5808616666501993 1.175321343114462
902 0.4918577658742403 0.5759579575167622 1.1709847794982764
903 0.4894916195944412 0.5710542610179502 1.1666272478599045
904 0.48711664880195293 0.5661505773859632 1.1622484650820117
905 0.484732743986592 0.5612469068590256 1.1578481417268358
906 0.4823397933114012 0.5563432496819142 1.1534259818425057
907 0.47993768254549823 0.5514396061065905 1.1489816827506847
908 0.4775262949869147 0.5465359763915804 1.1445149348405133
909 0.4751055113914548 0.5416323608032029 1.1400254213362186
910 0.4726752098890896 0.5367287596149011 1.1355128180740455
911 0.47023526590451203 0.5318251731084553 1.1309767932557615
912 0.4677855520697813 0.5269216015735472 1.126417007199368
913 0.4653259381385799 0.5220180453082879 1.1218331120686944
914 0.46285629088795605 0.5171145046199916 1.11722475161339
915 0.4603764740292248 0.5122109798247527 1.1125915608629415
916 0.45788634643303483 0.5073074712459333 1.1079331698747787
916 0.4553857592479663 0.5024039792097335 1.1032492101628606
917 0.4553857592479663 0.5024039792097335 1.1032492101628606
918 0.452874561295755 0.49750050405304286 1.0985393011027271
919 0.45035260667526633 0.49259704613846733 1.0938030308630189
920 0.4478197478921745 0.4876936058428509 1.089039972306619
921 0.44527583159528694 0.482790183551835 1.0842496926503862
922 0.44272069704152356 0.47788677965778775 1.0794317565256406
923 0.44015417936402385 0.47298339456515864 1.0745857173242557
924 0.43757610954058923 0.46808002869203486 1.069711116503759
925 0.4349863142484812 0.46317668246992083 1.0648074831277017
926 0.4323846157062823 0.4582733563450661 1.0598743334022087
927 0.4297708315106271 0.45337005077878634 1.05491117018158
928 0.42714477446634347 0.4484667662478282 1.0499174824463755
929 0.4245062524061687 0.44356350324587457 1.0448927447633254
930 0.42185506800145356 0.43866026228334004 1.0398364167141607
931 0.41919101856555574 0.43375704388912684 1.0347479422946968
932 0.4165138958448799 0.4288538486105801 1.0296267492844846
933 0.4138234858034211 0.4239506770151616 1.0244722485773832
933 0.41111956839340075 0.4190475296910886 1.0192838334810217
934 0.41111956839340075 0.4190475296910886 1.0192838334810217
935 0.40840191731047987 0.4141444072479323 1.0140608789872227
936 0.4056702997436268 0.40924131031846134 1.0088027409871794
937 0.40292447610697835 0.40433823955936793 1.0035087554522606
938 0.40016419975871986 0.39943519565219365 0.9981782375660647
939 0.3973892167030069 0.39453217930527157 0.992810480814152
940 0.39459926528115497 0.3896291912547639 0.9874047560051845
941 0.39179407583464865 0.38472623226579894 0.9819603102630051
942 0.3889733703613108 0.3798233031346509 0.9764763659317846
943 0.386136862145724 0.37492040469013244 0.9709521194292022
944 0.3832842553656673 0.370017537794877 0.9653867400367558
945 0.3804152446842434 0.36511470334848434 0.9597793685990186
946 0.3775295148063511 0.36021190228808875 0.9541291161642151
947 0.37462674002026786 0.3553091355912215 0.9484350625158224
948 0.37170658370064347 0.35040640427873504 0.9426962546376023
949 0.3687686977893829 0.3455037094158269 0.9369117050524622
950 0.36581272223875033 0.340601052116448 0.9310803900749856
950 0.36581272223875033 0.340601052116448 0.9310803900749856
951 0.3628382844202861 0.33569843354468704 0.9252012479362234
952 0.3598449984960714 0.3307958549184186 0.9192731767870608
953 0.3568324647487961 0.32589331751329653 0.9132950325658283
954 0.3538002688650087 0.32099082266542206 0.9072656267197328
955 0.35074798117795686 0.3160883717752239 0.9011837237485113
956 0.34767515584575026 0.31118596631278433 0.8950480386089056
957 0.34458132998320246 0.30628360782082087 0.8888572338952649
958 0.34146602272837023 0.3013812979206297 0.8826099168302106
959 0.33832873424095755 0.2964790383175597 0.8763046360301382
960 0.33516894462649377 0.2915768308056598 0.8699398780235674
961 0.3319861127873253 0.2866746772752206 0.8635140634899635
962 0.3287796751810601 0.2817725797187759 0.8570255432109748
963 0.3255490444828042 0.27687054023932883 0.8504725937045513
964 0.3222936081469316 0.2719685610578744 0.8438534124880495
965 0.31901272684953663 0.2670666445221579 0.8371661129623857
966 0.3157057328127624 0.26216479311750474 0.8304087188463838
966 0.3123719279807437 0.25726300947647407 0.8235791581512829
967 0.3123719279807437 0.25726300947647407 0.8235791581512829
968 0.3090105820508787 0.2523612963910546 0.8166752566082128
969 0.30562093033032706 0.247459656826118 0.8096947305233773
970 0.3022021714066939 0.24255809393251343 0.8026351789712542
971 0.2987534646174766 0.23765661106441752 0.7954940752526924
972 0.2952739272767976 0.23275521179566383 0.7882687575644732
973 0.29176263165612865 0.22785389994010605 0.7809564187392394
974 0.2882186016709668 0.22295267957247597 0.7735540949817006
975 0.2846408092526425 0.21805155505296914 0.7660586534498999
976 0.2810281703559896 0.21315053105444315 0.7584667785597325
977 0.27737954056480746 0.20824961259191646 0.7507749568258465
978 0.27369371023830646 0.20334880505714864 0.7429794600690378
979 0.2699693991518318 0.19844811425667375 0.7350763267249625
980 0.26620525053798344 0.19354754645448788 0.7270613410642387
981 0.26239982447930266 0.18864710842153945 0.7189300099414486
982 0.25855159053946897 0.18374680749095143 0.7106775367637962
983 0.2546589195255206 0.1788466516207847 0.7022987922591166
983 0.2507200742644868 0.17394664946751467 0.6937882815239471
984 0.2507200742644868 0.17394664946751467 0.6937882815239471
985 0.24673319922862183 0.16904681046755546 0.6851401067876458
986 0.2426963088459677 0.1641471449340791 0.6763479251687281
987 0.238607274273312 0.15924766416684386 0.6674049005917317
988 0.23446380838179642 0.1543483805814102 0.6583036488517333
989 0.23026344864236187 0.14944930785818197 0.6490361746049502
990 0.22600353756211822 0.14455046111872122 0.6395937987430431
991 0.22168120019007936 0.1396518571331052 0.6299670743994595
992 0.21729331818295294 0.13475351456470364 0.6201456892072776
993 0.21283649971536453 0.12985545426302206 0.6101183511131003
994 0.2083070446197714 0.12495769961601656 0.5998726535826251
995 0.20370090421760612 0.12006027697625857 0.5893949142611691
996 0.1990136319368437 0.11516321617282801 0.5786699888446569
997 0.19424032570261382 0.11026655114149564 0.5676810453371878
998 0.18937555854139476 0.10537032070001419 0.5564092933195588
999 0.18441329500179512 0.10047456951584112 0.544833654834176
1000 0.17934679316301314 0.09557934933988083 0.5329303504914424
1001 0.17416848241518978 0.09068472056615551 0.5206723932403433
1002 0.16886981305489376 0.08579075424531041 0.508028952560176
1003 0.16344106804004505 0.08089753470885164 0.49496455009111145
1004 0.15787112603106918 0.0760051630546661 0.4814380245803037
1005 0.15214715455846076 0.07111376181372477 0.46740119471902536
1006 0.14625421167438546 0.06622348135539223 0.4527970893777032
1007 0.14017472898313416 0.06133450890422678 0.4375575351503377
1008 0.13388781524131627 0.05644708146064348 0.42159983982787813
1009 0.12736829812196737 0.05156150482535992 0.4048221228172872
1010 0.12058538017537868 0.04667818256418117 0.38709653273301203
1011 0.11350070142279427 0.04179766179442464 0.36825906157819077
1012 0.10606545411048285 0.03692070892110255 0.34809362983204856
1013 0.09821591995947093 0.03204844201478899 0.32630598000827027
1014 0.08986624932919568 0.027182578788601516 0.3024781716329009
1015 0.08089613289569976 0.02232594442117359 0.2759828390061447
1016 0.07112839261781942 0.01748364337196897 0.24580399933835823
1016 0.060285575615470564 0.012666259754587744 0.2101043180773298
1017 0.060285575615470564 0.012666259754587744 0.2101043180773298
1018 0.047905805593742155 0.00790114409894088 0.16493082625403113
1019 0.03330992424203782 0.0032928530620438875 0.09885501504348179
1020 0.027426226752470195 0.0003915924113192765 0.014278027191035566
1021 0.024073917309572732 3.7025156657143406e-05 0.0015379780606964515
1022 0.021211177747355103 3.436768877207463e-06 0.00016202631075664837
1023 0.018713261728190017 3.189771665111506e-07 1.704551409285519e-05
1024 0.016508084426360918 2.9608449727176108e-08 1.7935727103440228e-06
1025 0.014557756753938162 2.7482620813262393e-09 1.887833495076623e-07
