1 0.41620655468387885 2.49511201003453 5.994888792488242
2 0.41574540902168833 2.4901938490189206 5.989708593243933
3 0.4152875205444096 2.4852904064185375 5.984505393180405
4 0.4148310295778162 2.480387287231675 5.979271342734477
5 0.4143753204170015 2.475484138022548 5.974014416523105
6 0.413919643658003 2.4705809930385305 5.968745457946479
7 0.4134635007612331 2.4656778518565448 5.963471617971
8 0.4130065753593066 2.4607747127091524 5.958197422325135
9 0.4125484413445344 2.4558715735056973 5.952928983325642
10 0.41208873426447873 2.450968432562992 5.947671529865118
11 0.41162736132594063 2.446065289351243 5.942426376788799
12 0.411164230985374 2.4411621434794233 5.937194822684517
13 0.4106993370445718 2.436258995104883 5.931976936306776
14 0.41023291970332554 2.431355845448278 5.926769229555246
15 0.4097655288167292 2.4264526972040743 5.921563739660796
16 0.409297727587074 2.4215495531113627 5.916352302728586
16 0.4088295192520338 2.4166464133278405 5.911134836225059
17 0.4088295192520338 2.4166464133278405 5.911134836225059
18 0.4083608989328588 2.4117432781527435 5.905911375097824
19 0.4078918653704752 2.4068401473489796 5.900681900490766
20 0.40742241736912216 2.401937020929838 5.895446393058186
21 0.4069525537144514 2.3970338989158013 5.890204833553499
22 0.40648227318643965 2.392130781327051 5.88495720262286
23 0.4060115745580285 2.3872276681824203 5.879703480820914
24 0.40554045659717897 2.382324559501922 5.874443648585895
25 0.4050689180649324 2.3774214553051833 5.869177686262473
26 0.4045969577158942 2.3725183556122342 5.8639055740953046
27 0.4041245742994421 2.367615260442926 5.858627292208681
28 0.4036517665579574 2.3627121698177223 5.853342820632689
29 0.4031785332269202 2.357809083756485 5.848052139297415
30 0.4027048730367835 2.3529060022800627 5.842755228008244
31 0.4022307847104201 2.3480029254084487 5.837452066476854
32 0.40175626696447087 2.343099853162853 5.832142634305351
33 0.4012813185097732 2.338196785563812 5.826826910973842
33 0.40080593804993075 2.3332937226321633 5.8215048758621215
34 0.40080593804993075 2.3332937226321633 5.8215048758621215
35 0.4003301242816361 2.3283906643890595 5.816176508243517
36 0.39985387589584565 2.3234876108559415 5.810841787266221
37 0.3993771915627047 2.3185845620534353 5.805500692168104
38 0.398900069950973 2.313681518002621 5.800153201996142
39 0.3984225097309295 2.3087784787253582 5.7947992955633145
40 0.3979445095662925 2.303875444243583 5.789438951562634
41 0.39746606811410923 2.2989724145788966 5.784072148566103
42 0.3969871840238265 2.2940693897542217 5.778698865040781
43 0.39650785593778465 2.289166369791107 5.773319079333187
44 0.3960280824923109 2.2842633547121842 5.7679327696579055
45 0.3955478623157652 2.279360344540072 5.7625399141216
46 0.3950671940292941 2.274457339297577 5.757140490710872
47 0.3945860762474216 2.269554339007136 5.751734477280523
48 0.3941045075769808 2.264651343692471 5.7463218515716035
49 0.39362248661749827 2.2597483533761316 5.740902591197837
50 0.3931400119609763 2.254845368082096 5.735476673653649
51 0.3926570821926573 2.2499423878330256 5.730044076294263
52 0.3921736958894068 2.245039412653013 5.724604776364489
53 0.3916898516212032 2.2401364425660493 5.719158750971287
54 0.39120554795024987 2.2352334775956755 5.713705977093999
55 0.390720783431191 2.230330517765917 5.708246431581738
56 0.3902355566103682 2.225427563101564 5.702780091163113
57 0.38974986602678485 2.2205246136266625 5.697306932426401
58 0.3892637102122255 2.2156216693659156 5.691826931819472
59 0.38877708768936 2.2107187303438693 5.686340065673505
60 0.3882899969818193 2.2058157965854797 5.680846310055114
61 0.38780242263167014 2.2009128679496714 5.675345844964127
62 0.387314377170893 2.1960099446127646 5.669838441457671
63 0.3868258590880493 2.191107026600219 5.664324075349573
64 0.38633686686783403 2.1862041139380404 5.6588027222520845
65 0.3858473989847438 2.1813012066512956 5.653274357662686
66 0.3853574539056802 2.1763983047664954 5.647738956930074
66 0.3848670300886099 2.171495408309416 5.64219649526607
67 0.3848670300886099 2.171495408309416 5.64219649526607
68 0.3843761259834951 2.166592517306369 5.636646947733173
69 0.38388474003187706 2.1616896317840473 5.631090289248134
70 0.3833928706661975 2.1567867517688355 5.625526494587977
71 0.3829005163108128 2.1518838772877507 5.619955538375395
72 0.3824076753807853 2.1469810083678653 5.614377395092797
73 0.3819143462823792 2.14207814503602 5.608792039072064
74 0.38142052741394844 2.137175287320277 5.6031994444830735
75 0.3809262171638196 2.132272435247714 5.597599585356756
76 0.380431413911789 2.1273695888464146 5.591992435566033
77 0.3799361160288209 2.12246674814424 5.586377968824727
78 0.37944032187620697 2.117563913169432 5.580756158699156
79 0.37894402980690006 2.1126610839503543 5.575126978585494
80 0.3784472381633488 2.1077582605158964 5.5694904017403
81 0.3779499452796138 2.102855442894444 5.56384640124426
82 0.3774521494800293 2.0979526311151835 5.558194950022889
83 0.3769538490791348 2.093049825207491 5.552536020843474
83 0.3764550423824199 2.0881470252006364 5.546869586300835
84 0.3764550423824199 2.0881470252006364 5.546869586300835
85 0.3759557276854804 2.08324423112445 5.541195618828993
86 0.37545590327396305 2.078341443008564 5.535514090697458
87 0.3749555674236592 2.073438660883266 5.529824974009532
88 0.37445471840136074 2.068535884778796 5.52412824068524
89 0.3739533544629564 2.0636331147256604 5.5184238624875945
90 0.3734514738543257 2.0587303507544754 5.512711811006364
91 0.3729490748117161 2.0538275928967415 5.506992057651892
92 0.3724461555604587 2.048924841182913 5.501264573666176
93 0.37194271431644327 2.0440220956451096 5.4955293301056205
94 0.3714387492848347 2.0391193563145236 5.48978629785026
95 0.3709342586599209 2.0342166232233816 5.484035447608487
96 0.3704292406258166 2.029313896403778 5.478276749900687
97 0.3699236933477397 2.0244111758876255 5.472510175185282
98 0.36941761498075454 2.0195084617078503 5.466735693729873
99 0.3689110036767554 2.0146057538971287 5.460953275501515
100 0.36840385757719774 2.0097030524886823 5.455162890273363
101 0.367896174812165 2.0048003575160918 5.4493645076349955
102 0.3673879535006405 1.9998976690130466 5.44355809698469
103 0.36687919175048195 1.9949949870131907 5.437743627526322
104 0.36636988767112366 1.9900923115509759 5.431921068080262
105 0.36586003935800687 1.985189642659981 5.426090387306288
106 0.3653496448841392 1.9802869803751484 5.420251553831791
107 0.36483870231197424 1.9753843247315321 5.41440453606914
108 0.3643272096919739 1.970481675763749 5.408549302232252
109 0.3638151650629738 1.9655790335079228 5.402685820333232
110 0.36330256645144104 1.9606763979992665 5.396814058183457
111 0.36278941187212765 1.9557737692738804 5.390933983385468
112 0.36227569932795894 1.950871147368175 5.385045563329659
113 0.36176141425515634 1.9459685321623916 5.3791489514408735
114 0.3612465672347376 1.9410659238379306 5.373243927814623
115 0.36073115623060314 1.9361633224315116 5.3673304592348225
116 0.3602151791967728 1.9312607279806695 5.361408512231768
116 0.3596986340748798 1.9263581405232775 5.355478053114487
117 0.3596986340748798 1.9263581405232775 5.355478053114487
118 0.3591815187929494 1.9214555600973775 5.349539047984823
119 0.3586638312667832 1.9165529867412912 5.343591462713481
120 0.35814556939900266 1.9116504204938574 5.3376352629512125
121 0.3576267310789347 1.9067478613939235 5.331670414125362
122 0.35710731418292 1.9018453094806778 5.325696881432401
123 0.3565873165743418 1.8969427647941184 5.319714629834966
124 0.35606673610260514 1.89204022737376 5.313723624069575
125 0.355545570604151 1.8871376972601392 5.307723828631792
126 0.35502381790150067 1.8822351744935248 5.301715207782877
127 0.3545014758034022 1.8773326591152197 5.295697725547248
128 0.3539785421048933 1.8724301511663966 5.289671345704185
129 0.35345501458657413 1.8675276506884622 5.2836360317955995
130 0.352930891015565 1.8626251577233353 5.27759174710833
131 0.35240616914385314 1.8577226723131979 5.271538454693937
132 0.3518808467101816 1.8528201945008496 5.2654761173371885
133 0.3513549214379253 1.847917724329161 5.259404697581949
133 0.35082839103565483 1.8430152618414672 5.253324157719495
134 0.35082839103565483 1.8430152618414672 5.253324157719495
135 0.35030125319798 1.838112807081423 5.247234459771046
136 0.349773505603985 1.833210360093128 5.241135565507058
137 0.3492451459180077 1.8283079209206716 5.2350274364297205
138 0.3487161717890161 1.8234054896092424 5.228910033780878
139 0.3481865808505249 1.8185030662037052 5.222783318534557
140 0.34765637072084016 1.8136006507495284 5.21664725139125
141 0.34712553900245907 1.8086982432927758 5.210501792782129
142 0.3465940832824173 1.8037958438796957 5.204346902857825
143 0.346062001131077 1.7988934525570102 5.198182541502579
144 0.34552929010404 1.7939910693717118 5.192008668299973
145 0.3449959477395101 1.7890886943712832 5.1858252425681775
146 0.34446197156006597 1.7841863276035672 5.179632223327873
147 0.34392735907129424 1.7792839691170634 5.173429569318525
148 0.3433921077788833 1.7743816189601136 5.167217238733604
149 0.34285621515797593 1.7694792771820163 5.16099518967945
150 0.34231967866403157 1.764576943832254 5.154763380004489
151 0.34178249573487784 1.7596746189603572 5.148521767262605
152 0.34124466379124335 1.754772302617223 5.1422703087035115
153 0.3407061802365927 1.7498699948531606 5.136008961263979
154 0.3401670424563299 1.7449676957194107 5.129737681578682
155 0.33962724781853143 1.740065405268003 5.123456425963059
156 0.33908679367313654 1.735163123550559 5.117165150416247
157 0.33854567735150304 1.7302608506201511 5.110863810627442
158 0.33800389616713833 1.7253585865294192 5.104552361953404
159 0.3374614474149441 1.7204563313319832 5.098230759428061
160 0.3369183283708794 1.7155540850817002 5.091898957759341
161 0.33637453629234243 1.7106518478334274 5.085556911319539
162 0.3358300684176947 1.7057496196417499 5.079204574142518
163 0.33528492196579773 1.7008474005622474 5.072841899928175
164 0.3347390941362677 1.695945190650809 5.066468842030185
165 0.33419258210899955 1.6910429899638484 5.060085353457371
166 0.33364538304407604 1.686140798558616 5.053691386869482
166 0.3330974940815758 1.6812386164922342 5.047286894570566
167 0.3330974940815758 1.6812386164922342 5.047286894570566
168 0.33254891234123163 1.6763364438228154 5.04087182851078
169 0.3319996238734657 1.6714342804557063 5.034446307363096
170 0.3314496368449774 1.6665321265938227 5.028010114771306
171 0.3308989483120001 1.6616299822964213 5.021563201614328
172 0.33034755531262233 1.656727847623773 5.015105518356081
173 0.329795454862725 1.6518257226369624 5.008637015099323
174 0.32924264395703146 1.646923607397002 5.002157641559753
175 0.3286891195685694 1.642021501966338 4.9956673470713655
176 0.32813487864801916 1.6371194064071029 4.989166080583569
177 0.32757991812436077 1.6322173207824022 4.982653790647678
178 0.32702423490422167 1.6273152451561745 4.976130425418716
179 0.3264678258714435 1.6224131795927814 4.969595932652963
180 0.32591068788700756 1.6175111241567515 4.963050259700408
181 0.3253528177892588 1.6126090789139431 4.956493353496882
182 0.32479421239220196 1.6077070439304448 4.9499251605785215
183 0.3242348684875863 1.602805019272937 4.943345627042892
183 0.3236747828425029 1.5979030050089673 4.936754698578085
184 0.3236747828425029 1.5979030050089673 4.936754698578085
185 0.32311395220031114 1.5930010012065126 4.930152320438791
186 0.3225523732800095 1.5880990079342663 4.923538437448199
187 0.32199004277603255 1.5831970252615486 4.916912993992106
188 0.3214269573580837 1.5782950532587636 4.910275934014066
189 0.3208631136703877 1.5733930919960992 4.903627201013809
190 0.32029850833262846 1.5684911415454907 4.896966738029951
191 0.31973313795265573 1.5635892019790034 4.890294487431362
192 0.3191669991002469 1.5586872733697257 4.883610391311662
193 0.3186000883169947 1.5537853557910797 4.876914391326608
194 0.3180324021176218 1.5488834493172685 4.8702064286658
195 0.31746393699043995 1.5439815540231119 4.863486444035396
196 0.3168946893966485 1.5390796699842448 4.856754377659578
197 0.3163246557704169 1.5341777972774504 4.850010169270305
198 0.3157538325175963 1.5292759359793915 4.8432537581128745
199 0.31518221601703317 1.5243740861683932 4.836485082921089
200 0.3146098026181815 1.5194722479231493 4.829704081939302
201 0.3140365886434061 1.514570421323136 4.822910692877754
202 0.3134625703846279 1.5096686064486926 4.816104852953526
203 0.31288774410559705 1.5047668033810209 4.809286498844692
204 0.3123121060404214 1.4998650122019708 4.802455566701115
205 0.3117356523935356 1.4949632329945741 4.795611992135343
206 0.31115837933865464 1.4900614658424352 4.788755710225309
207 0.31058028301947616 1.4851597108300298 4.781886655492864
208 0.31000135954854635 1.480257968042793 4.77500476190971
209 0.3094216050075581 1.4753562375672102 4.768109962881138
210 0.30884101544620784 1.4704545194901444 4.7612021912493026
211 0.30825958688256744 1.465552813899914 4.754281379278632
212 0.307677315302318 1.460651120885537 4.7473474586526745
213 0.3070941966584182 1.4557494405368872 4.740400360466992
214 0.3065102268712551 1.4508477729448845 4.733440015214535
215 0.3059254018270592 1.4459461182015092 4.72646635279704
216 0.30533971737908655 1.4410444763995895 4.719479302492766
216 0.3047531693458373 1.436142847632913 4.7124787929708525
217 0.3047531693458373 1.436142847632913 4.7124787929708525
218 0.30416575351127123 1.4312412319961227 4.705464752273915
219 0.30357746562472 1.4263396295854238 4.698437107807775
220 0.30298830139950217 1.421438040497532 4.691395786345259
221 0.3023982565136915 1.4165364648303644 4.684340714002195
222 0.30180732660899157 1.411634902682862 4.67727181623962
223 0.3012155072902382 1.4067333541553086 4.670189017857707
224 0.30062279412537724 1.4018318193486905 4.6630922429789035
225 0.3000291826445094 1.396930298365278 4.655981415049334
226 0.2994346683400658 1.392028791308547 4.648856456820257
227 0.29883924666595185 1.3871272982829954 4.641717290344907
228 0.2982429130371269 1.382225819394308 4.634563836969501
229 0.2976456628289158 1.3773243547492307 4.62739601732717
230 0.29704748195031927 1.3724229043045248 4.6202138974336115
231 0.29644837517068745 1.3675214683130887 4.613017249717441
232 0.2958483377542307 1.3626200468861194 4.605805992454435
233 0.295247364917778 1.3577186401357353 4.5985800432591155
233 0.2946454518324731 1.3528172481748186 4.591339319040267
234 0.2946454518324731 1.3528172481748186 4.591339319040267
235 0.2940425936271361 1.347915871117613 4.5840837359326665
236 0.2934387853877599 1.3430145090799694 4.576813209287466
237 0.2928340221567211 1.3381131621786053 4.569527653663357
238 0.29222829893249097 1.3332118305316707 4.562226982814085
239 0.2916216106693835 1.3283105142590284 4.554911109674094
240 0.2910139522759542 1.3234092134815725 4.547579946361639
241 0.29040531861536656 1.318507928321537 4.540233404154222
242 0.2897957045046639 1.3136066589029978 4.532871393481462
243 0.289185104713936 1.3087054053513876 4.525493823915891
244 0.2885735139656034 1.3038041677930143 4.518100604161551
245 0.2879609269343877 1.2989029463563617 4.510691642037667
246 0.2873473382459041 1.2940017411713196 4.50326684447638
247 0.2867327424770168 1.2891005523690753 4.495826117494774
248 0.28611713415421364 1.2841993800823372 4.488369366198703
249 0.2855005077536709 1.2792982244457998 4.480896494760615
250 0.2848828576997026 1.274397085595425 4.473407406418176
251 0.2842641783656406 1.2694959636690775 4.465902003439076
252 0.2836444640711846 1.264594858805976 4.458380187136697
253 0.2830237090836022 1.2596937711471632 4.450841857828466
254 0.28240190761549583 1.254792700835517 4.443286914846126
255 0.2817790538250297 1.2498916480156659 4.435715256506555
256 0.2811551418149762 1.2449906128339059 4.4281267801006985
257 0.2805301656314249 1.2400895954381654 4.420521381887535
258 0.27990411926400427 1.2351885959787139 4.412898957066401
259 0.2792769966443991 1.2302876146070314 4.405259399769132
260 0.2786487916455876 1.2253866514770628 4.397602603048886
261 0.2780194980813033 1.2204857067445178 4.389928458857955
262 0.27738910970534514 1.2155847805669193 4.382236858030104
263 0.2767576202099708 1.2106838731037806 4.374527690277353
264 0.27612502322627713 1.2057829845168204 4.36680084415498
265 0.27549131232229546 1.2008821149698161 4.359056207060759
266 0.27485648100237103 1.1959812646283638 4.351293665213035
266 0.27422052270680336 1.191080433660614 4.343513103627614
267 0.27422052270680336 1.191080433660614 4.343513103627614
268 0.2735834308101385 1.1861796222364969 4.335714406109931
269 0.2729451986246264 1.1812788305285034 4.327897455170413
270 0.2723058194004327 1.176378058712551 4.320062131990858
271 0.2716652863102816 1.1714773069651159 4.312208316623557
272 0.27102359245808716 1.1665765754653958 4.30433588782793
273 0.2703807308772386 1.1616758643946845 4.296444723060247
274 0.2697366945306685 1.1567751739370347 4.28853469843908
275 0.26909147630836944 1.1518745042785352 4.280605688745515
276 0.26844506902781157 1.1469738556080034 4.2726575673817795
277 0.2677974654317362 1.1420732281168682 4.264690206367887
278 0.2671486581875651 1.1371726219988267 4.256703476310997
279 0.2664986398863127 1.1322720374504587 4.248697246385503
280 0.26584740304132515 1.1273714746710124 4.240671384312022
281 0.2651949400871679 1.1224709338622314 4.232625756333369
282 0.2645412433784618 1.1175704152287638 4.224560227192737
283 0.2638863051885389 1.1126699189781462 4.2164746601123415
283 0.26323011770866017 1.1077694453207974 4.2083689167622635
284 0.26323011770866017 1.1077694453207974 4.2083689167622635
285 0.2625726730463144 1.1028689944697732 4.200242857242198
286 0.2619139632240051 1.0979685666413304 4.192096340057591
287 0.2612539801781126 1.093068162054909 4.183929222091463
288 0.26059271575797444 1.088167780932533 4.17574135856955
289 0.25993016172328065 1.0832674234998663 4.167532603057829
290 0.2592663097443897 1.0783670899855724 4.159302807405764
291 0.2586011513993717 1.0734667806215619 4.151051821744403
292 0.25793467817348276 1.0685664956432024 4.142779494444332
293 0.25726688145746146 1.0636662352889679 4.134485672089289
294 0.25659775254643763 1.0587659998009455 4.126170199442163
295 0.25592728263727627 1.0538657894248595 4.117832919433194
296 0.2552554628286972 1.0489656044099456 4.109473673101797
297 0.254582284118254 1.0440654450087463 4.101092299587412
298 0.2539077317890509 1.0391653113716401 4.092688726135323
299 0.25323180022933295 1.0342652038206792 4.084262730368079
300 0.25255448218739895 1.0293651226593596 4.0758141124399305
301 0.25187576824625 1.0244650681565837 4.0673427034672125
302 0.2511956488827629 1.0195650405858456 4.058848332447403
303 0.250514114455937 1.0146650402234028 4.05033082637694
304 0.24983115521231802 1.009765067349929 4.041790010104161
305 0.24914676128380064 1.0048651222498923 4.033225706294694
306 0.24846092268583386 0.9999652052127478 4.024637735396132
307 0.2477736293156768 0.995065316532076 4.01602591559213
308 0.24708487094983567 0.9901654565058738 4.007390062772811
309 0.24639463724324534 0.98526562543681 3.998729990475148
310 0.24570291772605982 0.9803658236327752 3.9900455098616656
311 0.24500970180153336 0.9754660514056398 3.981336429672496
312 0.24431497874451016 0.9705663090730812 3.9726025561782716
313 0.2436187376990685 0.9656665969569004 3.9638436931306402
314 0.2429209676755307 0.9607669153849417 3.955059641735979
315 0.24222165754922712 0.9558672646893989 3.946250200583886
316 0.24152079605749988 0.9509676452086449 3.9374151656168106
316 0.2408183717970959 0.9460680572860538 3.9285543300789927
317 0.2408183717970959 0.9460680572860538 3.9285543300789927
318 0.24011437322247164 0.9411685012703674 3.9196674844548043
319 0.23940878864228027 0.9362689775167046 3.910754416437312
320 0.2387016062175392 0.9313694863854758 3.9018149108585307
321 0.23799281395825775 0.9264700282431217 3.8928487496501387
322 0.2372823997220893 0.9215706034625581 3.883855711767595
323 0.23657035120949552 0.9166712124221542 3.8748355731627315
324 0.23585665596312966 0.91177185550757 3.865788106696904
325 0.23514130136316577 0.9068725331100398 3.856713082102976
326 0.23442427463365756 0.9019732456301903 3.8476102657872495
327 0.23370556282391083 0.897073993473329 3.8384794210022446
328 0.23298515281057167 0.8921747770517235 3.829320307706926
329 0.2322630312959924 0.8872755967841554 3.820132682473368
330 0.23153918480557747 0.8823764530972684 3.8109162984148726
331 0.23081359968341544 0.8774773464248471 3.8016709051303623
332 0.23008626208956667 0.8725782772081999 3.792396248623169
333 0.22935715799671047 0.8676792458967565 3.7830920712280585
333 0.22862627318561884 0.8627802529476153 3.7737581115497374
334 0.22862627318561884 0.8627802529476153 3.7737581115497374
335 0.227893593242194 0.8578812988259823 3.764394104376022
336 0.227159103553659 0.8529823840057846 3.7549997806022115
337 0.22642278930424228 0.8480835089691497 3.7455748671552116
338 0.2256846354712107 0.8431846742068546 3.736119086912387
339 0.22494462681747138 0.8382858802205939 3.7266321586814826
340 0.22420274789357203 0.8333871275195266 3.717113796995617
341 0.22345898303215733 0.8284884166224838 3.7075637120538514
342 0.22271331635093178 0.8235897480602388 3.6979816095167815
343 0.22196573172999956 0.8186911223706749 3.688367190691109
344 0.22121621281716783 0.8137925401021391 3.6787201522825432
345 0.22046474302207802 0.8088940018128035 3.6690401863113244
346 0.2197113055117545 0.8039955080719404 3.6593269800079855
347 0.21895588320744575 0.7990970594601369 3.649580215677726
348 0.2181984587824426 0.7941986565707505 3.6397995705488273
349 0.2174390146451289 0.7893003000065841 3.629984716840079
350 0.21667753294069317 0.7844019903817243 3.6201353215352654
350 0.21667753294069317 0.7844019903817243 3.6201353215352654
351 0.21591399554512622 0.7795037283228281 3.610251046277874
352 0.21514838405916317 0.7746055144683491 3.6003315472513244
353 0.21438067980322956 0.7697073494698808 3.5903764750459826
354 0.2136108638106429 0.7648092339918483 3.580385474541312
355 0.21283891682145833 0.7599111687121567 3.570358184775082
356 0.21206481927617907 0.755013154322121 3.5602942388046093
357 0.21128855130931043 0.7501151915276264 3.5501932635692817
358 0.21051009274206897 0.7452172810485548 3.54005487975175
359 0.20972942307595258 0.7403194236198779 3.5298787016248765
360 0.20894652148532 0.735421619992135 3.5196643369045204
361 0.2081613668095707 0.730523870930975 3.5094113865963887
362 0.20737393754650363 0.7256261772186879 3.4991194448239966
363 0.20658421184284445 0.7207285396535792 3.4887880986852062
364 0.20579216748853701 0.7158309590518356 3.478416928048093
365 0.20499778190566387 0.7109334362462165 3.4680055054126133
366 0.20420103214204716 0.7060359720885052 3.4575533957015927
366 0.20340189486144616 0.7011385674480461 3.4470601560799103
367 0.20340189486144616 0.7011385674480461 3.4470601560799103
368 0.20260034633477064 0.6962412232142212 3.43652533576509
369 0.2017963624301746 0.6913439402952551 3.4259484758278207
370 0.2009899186039783 0.6864467196199753 3.4153291089814295
371 0.20018098989032126 0.6815495621383088 3.4046667593747455
372 0.19936955089059108 0.6766524688208452 3.39396094237166
373 0.19855557576364902 0.6717554406610664 3.3832111643174994
374 0.19773903821430677 0.6668584786747838 3.3724169223077336
375 0.19691991148209284 0.6619615839013262 3.361577703946523
376 0.19609816832899116 0.6570647574041767 3.35069298710546
377 0.19527378102857665 0.6521680002716153 3.3397622396433038
378 0.19444672135272445 0.6472713136180086 3.328784919154614
379 0.19361696055880878 0.6423746985837768 3.31776047268681
380 0.19278446937648036 0.6374781563367629 3.306688336454425
381 0.19194921799390505 0.6325816880733864 3.2955679355436227
382 0.19111117604313985 0.6276852950182922 3.2843986836050014
383 0.19027031220171228 0.6227889784171656 3.2731799890932276
383 0.18942659020812977 0.6178927394252908 3.261911322726075
384 0.18942659020812977 0.6178927394252908 3.261911322726075
385 0.1885799831104483 0.6129965794995448 3.2505919737012725
386 0.18773045816517273 0.6081004999906596 3.2392213066226505
387 0.18687798199564312 0.6032045022850191 3.2277986729281047
388 0.186022520572756 0.5983085878029564 3.2163234105246388
389 0.18516403919775345 0.5934127580026347 3.2047948433922175
390 0.18430250248271493 0.5885170143791437 3.1932122811752848
391 0.18343787433137493 0.5836213584671613 3.1815750187601233
392 0.18257011852431318 0.5787257918578844 3.1698823254081114
393 0.18169919694281847 0.5738303161531235 3.1581334744903162
394 0.18082507119114122 0.5689349330117229 3.1463277147577067
395 0.17994770213084169 0.564039644138995 3.1344642774536595
396 0.17906704980710306 0.559144451286269 3.1225423766605744
397 0.1781830734240165 0.554249356253943 3.1105612087799925
398 0.17729573131929094 0.5493543608914494 3.098519951967259
399 0.17640498093858883 0.5444594671009805 3.0864177655534624
400 0.17551077880844634 0.5395646768376822 3.0742537894300312
401 0.17461308050736468 0.5346699921132567 3.062027143440184
402 0.1737118406369631 0.5297754149965819 3.049736926705813
403 0.17280701279145097 0.5248809476173217 3.0373822169518365
404 0.17189854952545608 0.5199865921672062 3.0249620697945594
405 0.1709864023217554 0.5150923509029932 3.0124755179871725
406 0.17007052155569877 0.5101982261487769 2.999921570662585
407 0.16915085645948094 0.5053042202991093 2.9872992125236553
408 0.1682273550861475 0.5004103358210533 2.9746074029684313
409 0.16729996426854998 0.49551657525808823 2.9618450752487
410 0.16636862958041296 0.4906229412322439 2.949011135510407
411 0.16543329529244657 0.48572943644825733 2.936104461859408
412 0.16449390432891883 0.4808360636962434 2.9231239033318395
413 0.16355039822137982 0.47594282585596903 2.910068278841722
414 0.16260271705959134 0.47104972590034616 2.896936376085978
415 0.16165079944124333 0.4661567668992142 2.8837269503801766
416 0.1606945824202127 0.46126395202410286 2.870438723428199
416 0.15973400144946706 0.4563712845523455 2.857070382079683
417 0.15973400144946706 0.4563712845523455 2.857070382079683
418 0.15876899032382094 0.45147876787188634 2.8436205769846015
419 0.15779948112009548 0.44658640548620143 2.8300879211784014
420 0.1568254041328573 0.441694201019654 2.8164709886254475
421 0.15584668780830988 0.43680215822281976 2.80276831266432
422 0.15486325867394576 0.43191028097900525 2.7889783843975766
423 0.15387504126578638 0.4270185733092211 2.77509965096703
424 0.15288195805127733 0.422127039380121 2.7611305137689146
425 0.15188392934917458 0.41723568351044615 2.747069326546322
426 0.1508808732436403 0.412344510177996 2.732914393411204
427 0.14987270549545723 0.40745352402792884 2.7186639667372865
428 0.1488593394494936 0.402562729881258 2.7043162449195424
429 0.14784068593344224 0.3976721327433261 2.689869370075554
430 0.14681665315579656 0.3927817378135199 2.6753214255382463
431 0.14578714659525663 0.38789155049470303 2.660670433255627
432 0.14475206888545916 0.3830015764051114 2.645914351028562
433 0.14371131969242676 0.3781118213881038 2.6310510695841125
433 0.14266479558725972 0.3732222915260562 2.616078409461414
434 0.14266479558725972 0.3732222915260562 2.616078409461414
435 0.14161238990693015 0.36833299315137363 2.600994117770682
436 0.14055399261333695 0.3634439328626508 2.585795864671611
437 0.13948949013923898 0.3585551175369563 2.5704812396908547
438 0.13841876522793825 0.35366655434774746 2.5550477477916695
439 0.13734169676081084 0.3487782507807375 2.539492805219646
440 0.13625815957794496 0.3438902146525811 2.523813735028929
441 0.1351680242847369 0.3390024541298099 2.508007762366102
442 0.13407115704637174 0.33411497775045135 2.492072009454574
443 0.13296741937234596 0.32922779444659733 2.4760034901833166
444 0.13185666788485695 0.32434091356814515 2.4597991043681913
445 0.13073875407251603 0.31945434490938923 2.4434556316193707
446 0.12961352402711565 0.3145680987371222 2.4269697247897786
447 0.1284808181647246 0.30968218582134627 2.410337902925745
448 0.12734047092703782 0.30479661746808984 2.393556543722293
449 0.12619231046145304 0.2999114055551573 2.3766218754412045
450 0.12503615827896514 0.2950265625710194 2.3595299682256137
451 0.12387182888884712 0.2901421016560768 2.342276724729943
452 0.12269912940672677 0.2852580366500287 2.32485787005421
453 0.12151785913113353 0.28037438213974447 2.307268940914966
454 0.1203278090927121 0.2754911535142248 2.2895052738969093
455 0.1191287615682528 0.27060836702442254 2.2715619927718467
456 0.11792048955410168 0.26572603984639476 2.2534339948146176
457 0.11670275620178944 0.260844190153719 2.2351159359312494
458 0.11547531420718403 0.2559628371936835 2.2166022145169393
459 0.11423790515055925 0.2510820013737422 2.197886953921555
460 0.11299025878120253 0.24620170435420902 2.178963983355068
461 0.11173209224346328 0.2413219691528928 2.1598268170531907
462 0.11046310923381986 0.23644282025818134 2.1404686315473636
463 0.10918299972838812 0.23156428378859895 2.1208822285947058
464 0.10789143791737944 0.22668638757785123 2.101060028057481
465 0.106588080461495 0.22180916129976552 2.08099405054859
466 0.10527256725262973 0.2169326367374246 2.060675847458309
466 0.10394451924665979 0.21205684793534335 2.0400964810095816
467 0.10394451924665979 0.21205684793534335 2.0400964810095816
468 0.10260353703570148 0.20718183141369276 2.019246484081759
469 0.10124919927981318 0.20230762641298855 1.9981158157497068
470 0.0998810609812503 0.19743427516632175 1.9766938118867619
471 0.0984986515779467 0.19256182320686943 1.9549691302574437
472 0.0971014728376807 0.18769031971712025 1.9329296892424284
473 0.0956889965243655 0.18281981792298502 1.9105625992893887
474 0.0942606618033203 0.1779503755431973 1.8878540860926678
475 0.09281587235555844 0.17308205530194598 1.8647894041108009
476 0.09135399315163552 0.1682149255169393 1.841352739094008
477 0.0898743468456314 0.16334906077362965 1.817527097628857
478 0.08837620972346252 0.15848454270523613 1.7932941817843193
479 0.0868588071422805 0.1536214608954387 1.7686342461944766
480 0.08532130838223641 0.14875991392913798 1.7435259344910523
481 0.0837628208112771 0.1439000106209411 1.7179460914426088
482 0.08218238325537931 0.13904187145854158 1.6918695461346394
483 0.08057895843009094 0.13418563030599986 1.665268860758696
483 0.07895142428193694 0.12933143642788875 1.6381140378930201
484 0.07895142428193694 0.12933143642788875 1.6381140378930201
485 0.07729856402739446 0.12447945690387607 1.610372177932837
486 0.07561905466489909 0.11962987953397287 1.5820070756518299
487 0.07391145364830491 0.11478291634930898 1.5529787425841195
488 0.07217418337743806 0.10993880789363711 1.523242837659933
489 0.07040551305354036 0.10509782847990258 1.492749983939187
490 0.06860353734331415 0.10026029269976244 1.4614449426715086
491 0.06676615117610493 0.09542656355903192 1.4292656065695806
492 0.06489101981087649 0.09059706274719928 1.3961417621612746
493 0.06297554309550292 0.08577228373821091 1.3619935537219037
494 0.061016813083208624 0.08095280875478313 1.3267295465659241
495 0.05901156268174206 0.07613933093126468 1.2902442753786265
496 0.0569560991647542 0.07133268328068888 1.2524151816357405
497 0.05484623338140488 0.06653387880561974 1.2130984153996152
498 0.05267718204646431 0.06174416428098543 1.1721235244991564
499 0.050443458886747776 0.05696509664878848 1.1292860938953977
500 0.04813873767474137 0.05219865166630337 1.0843377742680664
501 0.045755692418614366 0.047447383611034386 1.0369722564122275
502 0.04328581904365496 0.042714666674111834 0.9868050927032916
503 0.04071926182705086 0.03800507209933861 0.9333438376353586
504 0.038044715730883534 0.033324980345531656 0.8759424194745516
505 0.03524960674200661 0.028683619746811124 0.8137287872953526
506 0.0323210794770114 0.02409491444729145 0.7454860678285554
507 0.029249401783794312 0.019580964492111576 0.6694483749394303
508 0.0260384004378299 0.015178908802870808 0.582943212626
509 0.022736907629407808 0.01095452996645957 0.48179506839756137
510 0.019523218275680182 0.00702334784577366 0.3597433449034657
511 0.017164474839452 0.003578630911148296 0.2084905564907192
512 0.015568153689228845 0.0006720393927835013 0.04316757183920055
513 0.013802790509337103 6.590287758839705e-05 0.004774605362866014
514 0.012170730428986564 6.132623521496038e-06 0.000503882947476201
515 0.010730472690113915 5.69078717376573e-07 5.303389084628775e-05
516 0.009462338118922367 5.278735316390569e-08 5.578679656177564e-06
516 0.008345307567092333 4.900133283401146e-09 5.871722814295803e-07
517 0.008345307567092333 4.900133283401146e-09 5.871722814295803e-07
