1 0.49930966373152147 1.9951114576897468 3.995739723480532
2 0.49861695271930684 1.9901927124079417 3.9914260868067752
3 0.497928293768083 1.9852887331101312 3.9870976563440816
4 0.4972414994739734 1.9803850490283939 3.982742894797443
5 0.49655585411204595 1.9754813318190674 3.978366815051802
6 0.4958708080061809 1.9705776197132991 3.9739738413654235
7 0.4951856276319267 1.965673912724923 3.969569799764091
8 0.4944997657896593 1.960770209536693 3.965159025718785
9 0.4938129386599876 1.9558665094425796 3.9607437479261383
10 0.4931247738647783 1.950962811582654 3.9563269074727834
11 0.49243484156026895 1.9460591150421467 3.9519119095555895
12 0.49174277537400923 1.9411554189837312 3.9475016536995975
13 0.4910484720838826 1.9362517231829766 3.943096930871255
14 0.49035182824358636 1.931348027338281 3.9386985345935486
15 0.4896527370970989 1.9264443313446382 3.9343072863546995
16 0.4889512179249066 1.921540635301849 3.929922996115658
16 0.4882475098811112 1.9166369397723448 3.925543706795449
17 0.4882475098811112 1.9166369397723448 3.925543706795449
18 0.48754190113384555 1.9117332454445295 3.9211670648174684
19 0.48683527698814993 1.9068295544468432 3.916785912154138
20 0.4861278688631002 1.9019258671926873 3.912398340051337
21 0.48541967076599263 1.8970221840037014 3.9080043480936792
22 0.4847106779582036 1.8921185048048585 3.9036039246653758
23 0.4840008874782992 1.8872148295612914 3.899197043612667
24 0.4832902963592388 1.8823111582946237 3.8947836786184222
25 0.48257890160983935 1.8774074910275345 3.890363803234401
26 0.48186670021883854 1.8725038277821024 3.8859373908421344
27 0.48115368915581946 1.867600168580938 3.8815044146447852
28 0.4804398653719503 1.862696513446521 3.8770648476567313
29 0.479725225798025 1.8577928624018132 3.8726186627175307
30 0.4790097673452351 1.8528892154697585 3.8681658324815156
31 0.4782934869053853 1.8479855726734624 3.8637063294132328
32 0.4775763813497128 1.8430819340365396 3.859240125794483
33 0.4768584475292516 1.8381782995824132 3.854767193716653
33 0.4761396822753605 1.8332746693348065 3.8502875050741716
34 0.4761396822753605 1.8332746693348065 3.8502875050741716
35 0.47542008239820555 1.8283710433178646 3.845801031573684
36 0.47469964468741044 1.8234674215555493 3.8413077447241446
37 0.4739783659119211 1.8185638040724579 3.836807615836204
38 0.47325624281831136 1.8136601908928929 3.8323006160304964
39 0.47253327213235635 1.8087565820418336 3.8277867162234487
40 0.4718094505594003 1.8038529775443028 3.823265887119401
41 0.4710847747814733 1.7989493774253817 3.8187380992303943
42 0.47035924145970165 1.7940457817104944 3.8142033228536034
43 0.46963284723250315 1.7891421904255052 3.809661528082483
44 0.4689055887161499 1.7842386035960038 3.8051126847969505
45 0.46817746250440534 1.779335021248088 3.8005567626642116
46 0.4674484651674397 1.7744314434082953 3.795993731143593
47 0.46671859325342 1.7695278701029087 3.791423559468277
48 0.4659878432872086 1.7646243013586866 3.786846216653493
49 0.46525621176943244 1.759720737202691 3.7822616714997412
50 0.46452369517749487 1.7548171776621337 3.77766989258022
51 0.46379028996529 1.7499136227644643 3.7730708482392497
52 0.46305599256165786 1.745010072537546 3.76846450660109
53 0.4623207993721083 1.7401065270091938 3.7638508355507354
54 0.46158470677666563 1.7352029862075302 3.7592298027479827
55 0.46084771113123335 1.7302994501609679 3.7546013756119945
56 0.4601098087660953 1.7253959188982153 3.74996552132917
57 0.4593709959864594 1.7204923924483204 3.745322206844409
58 0.4586312690718191 1.715588870840267 3.7406713988609774
59 0.457890624275513 1.7106853541038636 3.7360130638415154
60 0.45714905783892196 1.7057818422686912 3.7313471678852923
61 0.4564065659775337 1.700878335364603 3.726673676838224
62 0.4556631448654744 1.6959748334219686 3.7219925564150507
63 0.454918790650865 1.691071336471365 3.7173037720686413
64 0.454173499454049 1.6861678445434767 3.7126072889994206
65 0.45342726736854816 1.6812643576692077 3.7079030721429174
66 0.45268009045965446 1.676360875880071 3.703191086177178
66 0.4519319647649599 1.6714573992075437 3.6984712955119976
67 0.4519319647649599 1.6714573992075437 3.6984712955119976
68 0.45118288629350933 1.66655392768368 3.6937436642921155
69 0.45043285102669917 1.661650461340485 3.6890081563833177
70 0.4496818549168725 1.6567470002106037 3.6842647353802334
71 0.4489298938860734 1.6518435443266328 3.679513364609725
72 0.4481769638287097 1.6469400937219192 3.674754007105481
73 0.44742306060808706 1.6420366484295905 3.6699866256288156
74 0.44666818005845693 1.6371332084836479 3.6652111826488083
75 0.4459123179828295 1.6322297739179545 3.660427640352393
76 0.445155470154278 1.6273263447669366 3.6556359606295583
77 0.4443976323150302 1.6224229210651413 3.650836105074065
78 0.44363880017583424 1.61751950284772 3.6460280349839183
79 0.44287896941583765 1.6126160901498758 3.6412117113552145
80 0.44211813568235125 1.6077126830074713 3.636387094879467
81 0.4413562945908153 1.6028092814562334 3.6315541459360166
82 0.4405934417230366 1.5979058855328254 3.626712824602805
83 0.439829572628996 1.5930024952736397 3.6218630906325284
83 0.4390646828250166 1.5880991107160831 3.6170049034643013
84 0.4390646828250166 1.5880991107160831 3.6170049034643013
85 0.4382987677933203 1.5831957318972836 3.6121382222179537
86 0.43753182298328525 1.5782923588551008 3.607263005679464
87 0.43676384380894173 1.5733889916277122 3.60237921231405
88 0.43599482564995146 1.5684856302536938 3.5974868002515903
89 0.43522476385122233 1.5635822747717232 3.5925857272823283
90 0.43445365372144223 1.5586789252212219 3.587675950863557
91 0.43368147126511697 1.5537755815303873 3.5827575870322055
92 0.43290823107541404 1.548872243844116 3.5778304330145607
93 0.43213392834928444 1.543968912202681 3.5728944452487528
94 0.43135855825201025 1.5390655866472445 3.567949579774153
95 0.430582115909768 1.534162267219091 3.5629957922836426
96 0.4298045964108831 1.5292589539597548 3.55803303810604
97 0.4290259948055092 1.5243556469115598 3.553061272202393
98 0.4282463061053438 1.5194523461171794 3.5480804491595803
99 0.4274655252826592 1.5145490516190994 3.543090523189238
100 0.4266836472708599 1.509645763461319 3.538091448119154
101 0.4259006669621287 1.5047424816873738 3.5330831774000866
102 0.42511657920933105 1.499839206341811 3.5280656640852324
103 0.42433137882454275 1.4949359374691618 3.5230388608317003
104 0.4235450605779551 1.4900326751148791 3.518002719903359
105 0.42275761919791977 1.4851294193244808 3.5129571931598877
106 0.4219690493704557 1.4802261701443313 3.5079022320540125
107 0.42117934573975396 1.475322927620901 3.5028377876167287
108 0.42038850290542856 1.4704196918012782 3.497763810472397
109 0.41959651542491755 1.4655164627333193 3.4926802508100385
110 0.4188033778103754 1.4606132404649677 3.4875870583983204
111 0.4180090845288261 1.455710025045033 3.48248418257677
112 0.41721363000560086 1.4508068165225152 3.477371572215987
113 0.4164170086377987 1.4459036149476805 3.4722491755982374
114 0.4156192147559367 1.441000420370825 3.4671169407242663
115 0.4148202426433141 1.4360972328423947 3.4619748151423564
116 0.4140200865354285 1.4311940524138311 3.4568227459451077
116 0.41321874062094466 1.4262908791367246 3.451660679749022
117 0.41321874062094466 1.4262908791367246 3.451660679749022
118 0.4124161990390513 1.421387713063467 3.446488562707686
119 0.4116124558800751 1.4164845542471696 3.441306340495847
120 0.4108075051849915 1.4115814027410436 3.4361139583012044
121 0.4100013409438783 1.4066782585992859 3.4309113608285355
122 0.40919395709676804 1.401775121876592 3.4256984922802607
123 0.4083853475315466 1.3968719926280246 3.4204752963623903
124 0.4075755060842471 1.3919688709096967 3.4152417162722544
125 0.4067644265384594 1.387065756777851 3.40999769468952
126 0.40595210262404646 1.3821626502897577 3.404743173777284
127 0.4051385280168914 1.3772595515031745 3.3994780951708266
128 0.4043236963383376 1.372356460476276 3.3942023999698736
129 0.40350760115458917 1.3674533772682782 3.388916028732724
130 0.40269023597522213 1.3625503019386598 3.383618921474169
131 0.40187159425401586 1.3576472345483024 3.3783110176484823
132 0.4010516693862823 1.3527441751575773 3.372992256154032
133 0.4002304547100249 1.3478411238287908 3.3676625753163365
133 0.399407943504254 1.3429380806240565 3.3623219128834205
134 0.399407943504254 1.3429380806240565 3.3623219128834205
135 0.3985841289884521 1.338035045606691 3.356970206020062
136 0.3977590043215972 1.3331320188407119 3.3516073913007993
137 0.39693256260123666 1.3282290003905122 3.3462334047027213
138 0.39610479686424255 1.3233259903216192 3.340848181586562
139 0.39527570008320334 1.3184229886999723 3.335451656710624
140 0.3944452651684801 1.3135199955929484 3.330043764201105
141 0.3936134849655989 1.3086170110676247 3.32462443755451
142 0.392780352254409 1.3037140351931105 3.3191936096352337
143 0.39194585974910046 1.2988110680382896 3.313751212653983
144 0.39111000009829 1.2939081096734533 3.3082971781552013
145 0.39027276588246607 1.289005160169561 3.3028314370205263
146 0.3894341496135516 1.2841022195984504 3.297353919456492
147 0.3885941437344189 1.279199288032737 3.2918645549815437
148 0.3877527406164391 1.2742963655457336 3.286363272429463
149 0.3869099325616103 1.2693934522122376 3.2808499999159455
150 0.3860657117984129 1.2644905481072415 3.2753246648526626
151 0.38522007048239265 1.2595876533070982 3.269787193927297
152 0.3843730006953208 1.2546847678890687 3.2642375130911288
153 0.38352449444336956 1.2497818919310828 3.258675547555211
154 0.38267454365706594 1.2448790255122757 3.2531012217731288
155 0.38182314018942365 1.2399761687127173 3.247514459436799
156 0.3809702758153396 1.2350733216134966 3.2419151834621083
157 0.3801159422309076 1.2301704842965115 3.2363033159741152
158 0.3792601310513646 1.2252676568449337 3.2306787783053084
159 0.37840283382141965 1.2203648393434232 3.2250414908873335
160 0.37754404200155667 1.215462031877775 3.2193913733454265
161 0.376683746959246 1.2105592345339578 3.213728344549281
162 0.37582193997736285 1.205656447399439 3.208052322522895
163 0.37495861225216626 1.20075367056264 3.202363224437987
164 0.37409375489338276 1.195850904113201 3.19666096659117
165 0.37322735892092956 1.1909481481417061 3.1909454644079713
166 0.37235941526513217 1.1860454027401997 3.1852166324186975
166 0.3714899147666243 1.1811426680017374 3.1794743842339557
167 0.3714899147666243 1.1811426680017374 3.1794743842339557
168 0.37061884817281476 1.176239944020682 3.1737186325510804
169 0.369746206137798 1.171337230892593 3.1679492891295706
170 0.3688719792209261 1.1664345287139979 3.16216626477717
171 0.3679961578855157 1.1615318375833643 3.156369469337555
172 0.36711873249660487 1.1566291575998722 3.1505588116797303
173 0.3662396933202872 1.1517264888640124 3.1447341996783353
174 0.36535903052223495 1.1468238314781192 3.1388955402002194
175 0.3644767341661976 1.1419211855455773 3.1330427390870805
176 0.3635927942115685 1.1370185511709736 3.1271757011481416
177 0.3627072005137637 1.1321159284606979 3.121294330129344
178 0.36181994282094154 1.1272133175223278 3.1153985287100836
179 0.3609310064289292 1.1223107184342171 3.109488235822186
180 0.3600403746104645 1.1174081312571478 3.103563405815517
181 0.359148047472942 1.1125055561796726 3.097623846231513
182 0.3582540143200843 1.1076029933152456 3.091669455309022
183 0.35735826434379964 1.1027004427791776 3.0857001301033713
183 0.3564607866186273 1.0977979046887378 3.0797157665010073
184 0.3564607866186273 1.0977979046887378 3.0797157665010073
185 0.35556157010016354 1.0928953791622438 3.0737162591963174
186 0.35466060362443413 1.0879928663197835 3.0677015016641302
187 0.35375787590489516 1.0830903662835605 3.0616713861509623
188 0.3528533755314806 1.0781878791772743 3.0556258036451216
189 0.3519470909679833 1.0732854051260756 3.049564643862087
190 0.3510390105498713 1.068382944257576 3.043487795228369
191 0.3501291224834302 1.0634804967005609 3.03739514484657
192 0.34921741484303936 1.0585780625860572 3.0312865784824905
193 0.3483038755687844 1.0536756420469424 3.025161980544367
194 0.3473884924640442 1.0487732352179746 3.0190212340626856
195 0.34647125319522526 1.0438708422359169 3.012864220650738
196 0.34555214528679423 1.0389684632395382 3.0066908205047795
197 0.3446311561347276 1.0340660983708725 3.0005009122466633
198 0.34370827298060513 1.0291637477733837 2.9942943730989495
199 0.34278348291411426 1.0242614115918174 2.9880710788169744
200 0.3418567728750489 1.0193590899736598 2.9818309036288797
201 0.34092812965021013 1.014456783068373 2.9755737202125228
202 0.339997539872172 1.0095544910273406 2.9692993996571273
203 0.33906499001590545 1.0046522140048924 2.9630078114457183
204 0.33813046639562117 0.9997499521574841 2.9566988234291536
205 0.33719395516366163 0.9948477056434919 2.950372301782899
206 0.33625544230618687 0.9899454746246876 2.9440281109956428
207 0.33531491364132715 0.9850432592643563 2.9376661138252187
208 0.33437235481597305 0.9801410597292606 2.9312861712766183
209 0.33342775130284086 0.975238876187875 2.9248881425652518
210 0.3324810883973603 0.9703367088121313 2.918471885090939
211 0.3315323512148875 0.9654345577763552 2.9120372543993294
212 0.33058152468733343 0.9605324232573289 2.90558410415043
213 0.32962859356028656 0.9556303054353196 2.899112286084314
214 0.328673542389648 0.9507282044930305 2.8926216499833934
215 0.32771635553775946 0.9458261206163854 2.8861120436432026
216 0.3267570171700366 0.9409240539939224 2.879583312832997
216 0.32579551125284206 0.9360220048178234 2.873035301248823
217 0.32579551125284206 0.9360220048178234 2.873035301248823
218 0.32483182154859735 0.9311199732830642 2.866467850483551
219 0.3238659316116238 0.9262179595878249 2.859880799992679
220 0.3228978247862827 0.9213159639340952 2.853273987038746
221 0.3219274842007567 0.9164139865264151 2.84664724666668
222 0.3209548927655763 0.9115120275732578 2.84000041164358
223 0.3199800331676129 0.9066100872868416 2.8333333124318365
224 0.3190028878751092 0.9017081658834044 2.8266457770640194
225 0.31802343912580006 0.8968062635835561 2.8199376311656317
226 0.317041668912613 0.8919043806101604 2.813208697989785
227 0.316057558989009 0.8870025171899935 2.806458798287559
228 0.3150710908635169 0.8821006735538257 2.7996877502669255
229 0.31408224579589455 0.8771988499363055 2.7928953695343566
230 0.31309100479146035 0.872297046576668 2.786081469052988
231 0.3120973485971317 0.8673952637175335 2.7792458590771423
232 0.31110125769612834 0.862493501606736 2.7723883471059003
233 0.3101027123020051 0.857591760495981 2.7655087378300105
233 0.3091016923550749 0.8526900406415261 2.7586068330613154
234 0.3091016923550749 0.8526900406415261 2.7586068330613154
235 0.30809817751356433 0.8477883423050251 2.751682431707018
236 0.3070921471441238 0.8428866657533237 2.744735329743688
237 0.30608358033172733 0.837985011257364 2.737765320012176
238 0.3050724558637747 0.8330833790924894 2.7307721922443555
239 0.3040587522258474 0.8281817695397314 2.723755732986033
240 0.3030424475981109 0.8232801828852596 2.7167157255048244
241 0.30202351985443504 0.8183786194227081 2.7096519496797415
242 0.30100194653513457 0.8134770794486832 2.7025641821014927
243 0.2999777048521289 0.8085755632654278 2.695452195902383
244 0.29895077168297035 0.8036740711812935 2.688315760675036
245 0.29792112356782363 0.7987726035111318 2.6811546423605175
246 0.29688873670258975 0.7938711605768767 2.6739686031678
247 0.2958535869184265 0.7889697427050569 2.6667574016014672
248 0.29481564968078094 0.7840683502282464 2.659520792322986
249 0.29377490008437596 0.7791669834854692 2.652258526040456
250 0.29273131284431997 0.7742656428228837 2.644970349429795
251 0.29168486228790214 0.7693643285931833 2.6376560050407982
252 0.29063552234517914 0.7644630411560974 2.6303152312130913
253 0.2895832665417974 0.7595617808789017 2.622947761967003
254 0.2885280679901194 0.7546605481359829 2.615553326901375
255 0.28746989937808665 0.7497593433097547 2.6081316511112522
256 0.2864087329620492 0.7448581667901673 2.6006824550593057
257 0.2853445405557956 0.7399570189751907 2.593205454479341
258 0.28427729352033865 0.7350559002713737 2.5857003602673743
259 0.28320696275480756 0.73015481109391 2.578166878354813
260 0.2821335186845412 0.7252537518658825 2.570604709597807
261 0.28105693125119013 0.7203527230205925 2.563013549652646
262 0.2799771699003059 0.7154517249997651 2.555393088852647
263 0.27889420357144706 0.7105507582547784 2.5477430120656837
264 0.2778080006845426 0.705649823247088 2.5400629985756593
265 0.27671852912814904 0.7007489204478804 2.5323527219363102
266 0.2756257562475056 0.6958480503390693 2.524611849823692
266 0.2745296488300744 0.6909472134128182 2.5168400438981133
267 0.2745296488300744 0.6909472134128182 2.5168400438981133
268 0.27343017309345735 0.6860464101726294 2.5090369596413975
269 0.2723272946706277 0.6811456411333069 2.5012022462057413
270 0.2712209785949967 0.6762449068209287 2.493335546254841
271 0.2701111892880849 0.6713442077739525 2.4854364957755815
272 0.26899789054125134 0.6664435445432292 2.477504723930275
273 0.2678810455011899 0.6615429176919374 2.469539852863531
274 0.26676061665398765 0.6566423277968718 2.4615414975164627
275 0.26563656580771877 0.6517417754479193 2.453509265436307
276 0.2645088540754314 0.6468412612493046 2.4454427565772203
277 0.2633774418566074 0.6419407858194215 2.437341563097565
278 0.26224228881911743 0.6370403497917592 2.42920526914391
279 0.26110335388010564 0.6321399538147401 2.421033450627403
280 0.2599605951854876 0.6272395985529255 2.4128256750042305
281 0.25881397008970725 0.6223392846872915 2.4045815010356013
282 0.2576634351352212 0.6174390129151734 2.396300478533723
283 0.25650894602870894 0.6125387839521068 2.3879821481296424
283 0.255350457620081 0.6076385985308914 2.3796260409877803
284 0.255350457620081 0.6076385985308914 2.3796260409877803
285 0.2541879238776041 0.6027384574034163 2.3712316785499428
286 0.2530212978650069 0.5978383613405754 2.362798572235358
287 0.2518505317145196 0.5929383111332676 2.3543262231639104
288 0.25067557660130846 0.5880383075930559 2.345814121845273
289 0.24949638271629423 0.5831383515522632 2.33726174786012
290 0.24831289923796354 0.578238443866114 2.3286685695372427
291 0.24712507430287617 0.5733385854117228 2.3200340436075693
292 0.24593285497605982 0.5684387770905512 2.3113576148493276
293 0.24473618721885737 0.5635390198282445 2.302638715721656
294 0.2435350158553922 0.5586393145754409 2.2938767659889754
295 0.2423292835401488 0.5537396622982899 2.2850711816945846
296 0.2411189266576883 0.5488400639289183 2.276221412963137
297 0.23990389209965537 0.5439405205647385 2.267326785756303
298 0.23868412126557761 0.5390410332850106 2.2583866510551562
299 0.23745955276296424 0.5341416031821812 2.2494003587860267
300 0.2362301238360391 0.5292422313802462 2.240367243542482
301 0.23499577032617433 0.5243429190358684 2.2312866240446794
302 0.23375642662468185 0.5194436673400654 2.222157802634798
303 0.23251202562773235 0.5145444775189428 2.212980064707551
304 0.2312624986879822 0.5096453508355294 2.2037526781336885
305 0.23000777556249008 0.5047462885909987 2.194474892671034
306 0.22874778436159668 0.4998472921263248 2.185145939320589
307 0.2274824514930493 0.49494836282402227 2.175765029678104
308 0.22621170160433202 0.49004950210991294 2.1663313552499637
309 0.22493545752388772 0.4851507114540277 2.156844086719879
310 0.22365364019805975 0.4802519923738432 2.147302373207738
311 0.22236616862624858 0.47535334643557176 2.1377053414745935
312 0.22107295978998806 0.4704547752558576 2.1280520951217823
313 0.2197739285849254 0.4655562805049596 2.1183417136990323
314 0.21846898774477108 0.460657863908157 2.1085732518078304
315 0.21715804776208927 0.45575952724857866 2.0987457381634447
316 0.21584101680831952 0.4508612723700037 2.0888581745813264
316 0.21451780064574735 0.4459631011792168 2.0789095349512556
317 0.21451780064574735 0.4459631011792168 2.0789095349512556
318 0.21318830253947793 0.4410650156492528 2.068898764122281
319 0.21185242316144878 0.43616701782179884 2.058824776761718
320 0.2105100604931214 0.4312691098113047 2.0486864561297145
321 0.20916110972012986 0.42637129380773714 2.0384826528136495
322 0.20780546312350778 0.421473572080658 2.0282121833830615
323 0.2064430099654443 0.4165759469822614 2.0178738289661173
324 0.20507363636795065 0.4116784209528331 2.007466333771858
325 0.20369722518688257 0.4067809965235167 1.9969884035009036
326 0.20231365614318242 0.401883676325633 1.9864387011087867
327 0.20092280654327382 0.3969864631073461 1.9758158366250225
328 0.19952454709662587 0.3920893596817859 1.9651184046637862
329 0.19811874604304366 0.3871923689940748 1.9543449407354547
330 0.19670526774939806 0.3822954941081247 1.943493931210668
331 0.19528397239625397 0.3773987382124366 1.9325638124907174
332 0.19385471579370486 0.372502104625652 1.9215529686781465
333 0.192417349188053 0.36760559680454846 1.9104597291031213
333 0.19097171905380586 0.3627092183510597 1.8992823657248807
334 0.19097171905380586 0.3627092183510597 1.8992823657248807
335 0.18951766687534008 0.35781297302062665 1.8880190903573488
336 0.18805502891630163 0.3529168647314452 1.8766680517143695
337 0.18658363597231178 0.34802089757290766 1.86522733228627
338 0.18510331311221204 0.3431250758167266 1.853694944988476
339 0.1836138793997259 0.3382294039265733 1.8420688296130963
340 0.1821151475988227 0.33333388657113044 1.830346849046429
341 0.18060692386280183 0.32843852863520767 1.8185267851896212
342 0.17908900739492734 0.3235433352336832 1.8066063346937036
343 0.17756119009884852 0.318648311726731 1.7945831042771179
344 0.17602325619527284 0.31375346373450613 1.7824546058075483
345 0.1744749818169852 0.30885879715450476 1.7702182509953255
346 0.17291613457571972 0.30396431817993735 1.7578713457004316
347 0.17134647309677364 0.2990700333194575 1.7454110838368273
348 0.1697657465241014 0.29417594941867037 1.732834540782387
349 0.16817369398443985 0.2892820736839912 1.7201386663407467
350 0.16657004401600736 0.28438841370719214 1.707320277107344
350 0.16657004401600736 0.28438841370719214 1.707320277107344
351 0.1649545139538188 0.27949497749414043 1.694376048250421
352 0.1633268092664038 0.2746017734941347 1.6813025046379821
353 0.16168662284160337 0.2697088106334514 1.668096011243133
354 0.16003363421747696 0.26481609835190817 1.6547527627350984
355 0.1583675087499707 0.2599236466406721 1.6412687721888546
356 0.15668789671214353 0.25503146608799226 1.6276398588495888
357 0.1549944323214285 0.2501395679258511 1.6138616347657573
358 0.15328673267946433 0.2452479640819127 1.5999294902758947
359 0.1515643966242404 0.24035666723914692 1.585838578139436
360 0.1498270034793639 0.23546569089866565 1.5715837961819548
361 0.1480741116906795 0.23057504945175328 1.5571597683017995
362 0.14630525733716215 0.22568475825832626 1.5425608236225794
363 0.14451995250396898 0.22079483373491157 1.5277809735569061
364 0.14271768349749112 0.2159052934526777 1.5128138865599874
365 0.14089790888690537 0.21101615624674183 1.4976528602430736
366 0.1390600573499906 0.20612744233873184 1.4822907905175386
366 0.13720352529763818 0.20123917347551407 1.4667201373941534
367 0.13720352529763818 0.20123917347551407 1.4667201373941534
368 0.13532767424913433 0.19635137308234546 1.4509328869486686
369 0.1334318279290145 0.19146406644054625 1.4349205089388777
370 0.1315152690395947 0.18657728088419162 1.4186739094760141
371 0.12957723567732168 0.18169104602686767 1.4021833779455046
372 0.12761691732692954 0.17680539401801215 1.3854385274412433
373 0.125633450387375 0.1719203598377698 1.3684282275753386
374 0.12362591315305647 0.16703598163489697 1.3511405285079363
375 0.12159332015925417 0.16215230111481752 1.3335625748391615
376 0.11953461581239218 0.1572693639919568 1.3156805074672993
377 0.11744866716612104 0.15238722051107131 1.297479351515609
378 0.11533425571619282 0.14750592605987883 1.2789428877301814
379 0.11319006804399288 0.14262554188394455 1.2600535042395342
380 0.1110146850980592 0.13774613593265592 1.2407920250459192
381 0.10880656986762356 0.13286778385873527 1.2211375105417357
382 0.10656405315250804 0.1279905702122874 1.2010670242536199
383 0.10428531704007529 0.12311458987167037 1.1805553587602295
383 0.10196837564288858 0.11823994977065283 1.1595747115237984
384 0.10196837564288858 0.11823994977065283 1.1595747115237984
385 0.099611052506367 0.11336677100083974 1.1380942992605514
386 0.09721095397120269 0.10849519138554019 1.1160798958693512
387 0.09476543756536426 0.10362536866231166 1.0934932748116768
388 0.09227157482663252 0.09875748447101261 1.070291524302759
389 0.08972610650529877 0.09389174937377855 1.0464262078309814
390 0.08712538408236468 0.08902840908424045 1.0218423714502851
391 0.08446530370648662 0.0841677526979381 0.996477239819293
392 0.08174122748688203 0.07931012353789917 0.9702585338668541
393 0.0789478754740293 0.07445593310256261 0.9431024287291384
394 0.07607919701611864 0.06960568012580957 0.9149108147272172
395 0.07312820821438057 0.06475997670920414 0.8855676665747866
396 0.0700867786773342 0.0599195846499419 0.8549342084303792
397 0.06694535558917282 0.05508546745662459 0.8228422565214316
398 0.06369259978688765 0.05025886667812394 0.7890848677285535
399 0.060314899734946345 0.045441417371372556 0.7534028502254788
400 0.05679571528565617 0.04063532906516164 0.7154646941373083
401 0.053114686293230004 0.035843681483669024 0.6748356054629971
402 0.04924643016787991 0.031070932617320555 0.6309276126492922
403 0.04515899069246922 0.026323846457512387 0.5829148538056718
404 0.04081215013311487 0.021613317774704308 0.5295804730750345
405 0.036157058703755185 0.016958310115835113 0.469017965614384
406 0.03114452774951074 0.01239537070929818 0.3979951408796977
407 0.025778831192320828 0.008004442755975468 0.3105044870443888
408 0.020408826546019776 0.003977911156719567 0.19491131191446956
409 0.0174724989815058 0.0007672306645379115 0.04391075743372518
410 0.015445483873447914 7.545572554965141e-05 0.004885293731675584
411 0.013616539362776051 7.023221004292551e-06 0.0005157860464526064
412 0.012005208292687189 6.51718437333502e-07 5.4286308195959206e-05
413 0.010586889203364327 6.044852153715613e-08 5.709752919483341e-06
414 0.009337195664891001 5.611317532502726e-09 6.009639011423919e-07
