1 1.6243093145303935 6.495110318958739 3.99869055779967
2 1.6236227329079684 6.490190625457008 3.9973514129312764
3 1.6229414730127767 6.48528522566104 3.9960068391264683
4 1.622258786324499 6.480380341132789 3.994664966996532
5 1.621570840174478 6.47547542320649 3.993334896494402
6 1.6208772635742794 6.470570499332214 3.9920175603325005
7 1.6201826426028925 6.465665573390241 3.9907016674384765
8 1.6194878630798561 6.460760643642881 3.989385033955209
9 1.6187928748675469 6.455855716848271 3.9880677862363973
10 1.6180976601532369 6.450950790743036 3.9867499654700196
11 1.617402218698556 6.4460458647499745 3.9854315705939807
12 1.6167065503039766 6.441140938876163 3.984112600808778
13 1.616010654711455 6.436236013125174 3.982793055454445
14 1.615314531656962 6.4313310874992276 3.981472933882467
15 1.6146181808851194 6.426426161997832 3.980152235418854
16 1.613921602127314 6.421521236622139 3.978830959420778
16 1.6132247951368501 6.416616311371891 3.9775091051880147
17 1.6132247951368501 6.416616311371891 3.9775091051880147
18 1.612527759653913 6.411711386249665 3.976186672051941
19 1.6118304954218983 6.406806461254921 3.9748636593315805
20 1.6111330021774204 6.401901536388574 3.973540066361068
21 1.6104352796571895 6.396996611651483 3.972215892471755
22 1.6097373276019655 6.392091687044664 3.970891136982577
23 1.6090391457486648 6.387186762567899 3.969565799218654
24 1.608340733821997 6.38228183822269 3.968239878533754
25 1.607642091565419 6.377376914010254 3.9669133742326768
26 1.6069432187297148 6.3724719899294895 3.9655862855981403
27 1.6062441150226774 6.367567065982489 3.964258612018379
28 1.6055447802058747 6.362662142169739 3.9629303527453605
29 1.6048452139823897 6.357757218491841 3.9616015071728943
30 1.6041454161118986 6.352852294949919 3.9602720745528535
31 1.603445386313391 6.347947371543052 3.9589420542336793
32 1.602745124327234 6.34304244827409 3.9576114455107994
33 1.6020446298799527 6.338137525142128 3.956280247708872
33 1.6013439027097303 6.333232602148678 3.9549484601226723
34 1.6013439027097303 6.333232602148678 3.9549484601226723
35 1.6006429425566397 6.328327679294672 3.953616082039321
36 1.5999417491324193 6.323422756580315 3.9522831128128506
37 1.599240322177484 6.318517834006247 3.950949551724107
38 1.5985386614073729 6.313612911573898 3.949615398113247
39 1.5978367665662065 6.308707989282618 3.94828065124587
40 1.5971346373815698 6.30380306713417 3.946945310427285
41 1.5964322735696157 6.29889814512864 3.9456093749873467
42 1.5957296748555354 6.293993223267334 3.9442728442316786
43 1.5950268409854969 6.289088301549914 3.94293571741035
44 1.5943237716689138 6.284183379978409 3.9415979938630796
45 1.5936204666252838 6.279278458552468 3.9402596729004906
46 1.5929169255874192 6.27437353727294 3.9389207537983455
47 1.5922131482898263 6.269468616140844 3.937581235825613
48 1.591509134442877 6.26456369515779 3.936241118308605
49 1.5908048837771982 6.259658774322613 3.934900400519085
50 1.5901003960014437 6.25475385363733 3.933559081782438
51 1.5893956708592087 6.249848933101918 3.9322171613336043
52 1.5886907080695263 6.244944012716528 3.9308746384656446
53 1.587985507335096 6.240039092483031 3.929531512510373
54 1.5872800683919417 6.235134172401788 3.928187782713446
55 1.5865743909581482 6.230229252472475 3.9268434483617103
56 1.5858684747413183 6.225324332696975 3.9254985087665797
57 1.5851623194665432 6.220419413075786 3.924152963192534
58 1.5844559248545003 6.21551449360886 3.9228068109118452
59 1.5837492906164172 6.210609574297908 3.921460051218493
60 1.5830424164747536 6.205704655142771 3.9201126833746716
61 1.5823353021308153 6.2007997361445994 3.918764706692972
62 1.5816279473182013 6.195894817303496 3.9174161204025366
63 1.5809203517443757 6.190989898620882 3.916066923795237
64 1.58021251511871 6.186084980096747 3.9147171161544883
65 1.5795044371665592 6.181180061732191 3.9133666967219694
66 1.5787961175933518 6.1762751435276515 3.912015664785455
66 1.5780875561171452 6.1713702254836775 3.910664019598645
67 1.5780875561171452 6.1713702254836775 3.910664019598645
68 1.5773787524430827 6.166465307600842 3.9093117604443894
69 1.5766697062901096 6.161560389880247 3.907958886568796
70 1.5759604173629582 6.156655472322466 3.9066053972499817
71 1.5752508851090734 6.151750554922469 3.905251292397471
72 1.5745411092196233 6.146845637679884 3.9038965713168285
73 1.5738310894060263 6.14194072059631 3.90254123326177
74 1.573120825362321 6.13703580367221 3.9011852775254745
75 1.5724103168258445 6.132130886908975 3.899828703291414
76 1.5716995634858166 6.127225970306794 3.898471509858689
77 1.5709885652610138 6.122321053861853 3.8971136959514743
78 1.5702771223980319 6.117416137459215 3.895755755593681
79 1.5695654344468435 6.112511221189716 3.8943971923948024
80 1.5688535010949627 6.107606305053963 3.893038005646309
81 1.5681413220512723 6.102701389052664 3.8916781945837458
82 1.5674288970373809 6.097796473186588 3.8903177584081283
83 1.5667162257411862 6.092891557455611 3.888956696400569
83 1.566003307880995 6.087986641861337 3.8875950077648116
84 1.566003307880995 6.087986641861337 3.8875950077648116
85 1.565290143174198 6.08308172640445 3.8862326917032637
86 1.5645767313084278 6.0781768110848935 3.8848697474887164
87 1.5638630719855948 6.0732718959035354 3.883506174356087
88 1.5631491649212925 6.06836698086245 3.8821419715040464
89 1.5624350098191482 6.06346206596091 3.8807771381561373
90 1.5617206063739706 6.058557151200006 3.8794116735559165
91 1.5610059542866657 6.053652236580271 3.8780455769283817
92 1.5602910532663314 6.048747322102558 3.8766788474753087
93 1.5595759030115433 6.04384240776739 3.875311484421324
94 1.558860503219942 6.038937493575916 3.873943486990685
95 1.558144853602821 6.034032579528419 3.87257485437007
96 1.5574289538450685 6.029127665625671 3.8712055858089838
97 1.5567128036528122 6.024222751868638 3.869835680501153
98 1.5559964027135251 6.019317838257144 3.8684651376828163
99 1.555279750734324 6.0144129247925555 3.8670939565392373
100 1.5545628474123592 6.00950801147617 3.8657221362772627
101 1.5538456924392352 6.0046030983080865 3.86434967611361
102 1.5531282855136437 5.999698185288463 3.862976575244246
103 1.5524106263229989 5.9947932724183834 3.861602832890613
104 1.5516927145675952 5.989888359698394 3.860228448238591
105 1.5509745499441845 5.984983447129538 3.858853420479995
106 1.5502561321353245 5.980078534713301 3.8574777488390475
107 1.5495374608385524 5.975173622449064 3.8561014324981344
108 1.5488185357556854 5.970268710338248 3.8547244706270827
109 1.5480993565641419 5.965363798380693 3.8533468624521916
110 1.5473799229500578 5.960458886577491 3.8519686071756447
111 1.5466602346027198 5.955553974929006 3.85058970398807
112 1.5459402912105222 5.950649063436483 3.849210152079631
113 1.5452200924824593 5.9457441521002625 3.8478299505853446
114 1.5444996380843627 5.940839240921611 3.8464490987450226
115 1.5437789277130798 5.935934329899924 3.8450675957167566
116 1.5430579610540833 5.931029419036516 3.8436854406849057
116 1.5423367377887303 5.926124508332616 3.8423026328407266
117 1.5423367377887303 5.926124508332616 3.8423026328407266
118 1.541615257600734 5.92121959778807 3.840919171365401
119 1.5408935201668696 5.916314687404537 3.8395350554552494
120 1.540171525186282 5.9114097771826 3.838150284246829
121 1.5394492723333946 5.906504867121773 3.8367648569342503
122 1.5387267613012012 5.9015999572234845 3.8353787726632405
123 1.5380039917567723 5.8966950474883895 3.8339920306402706
124 1.5372809633869582 5.891790137917212 3.832604630019187
125 1.5365576758752169 5.886885228510747 3.8312165699589515
126 1.53583412888971 5.881980319269559 3.8298278496531255
127 1.5351103221134361 5.877075410194003 3.828438468254739
128 1.534386255231191 5.872170501284949 3.827048424909261
129 1.5336619279059445 5.867265592542739 3.825657718812828
130 1.5329373398289456 5.862360683968204 3.824266349087929
131 1.532212490675749 5.8574557755626815 3.822874314893085
132 1.531487380102113 5.852550867325485 3.821481615431439
133 1.5307620078049753 5.847645959258545 3.8200882498016346
133 1.530036373448031 5.842741051362176 3.8186942171807328
134 1.530036373448031 5.842741051362176 3.8186942171807328
135 1.5293104767106684 5.837836143636387 3.817299516702946
136 1.5285843172621796 5.832931236082371 3.815904147524967
137 1.5278578947717982 5.828026328700557 3.8145081087996306
138 1.5271312089150735 5.8231214214920515 3.8131113996609347
139 1.526404259358488 5.818216514456714 3.811714019261172
140 1.525677045775186 5.81331160759634 3.8103159667337305
141 1.5249495678275349 5.808406700910958 3.8089172412342123
142 1.5242218251798716 5.803501794400392 3.8075178419096107
143 1.5234938175110906 5.798596888066825 3.806117767868535
144 1.5227655444934396 5.7936919819102295 3.8047170182311607
145 1.5220370057848107 5.788787075930513 3.8033155921498967
146 1.5213082010449388 5.783882170129409 3.8019134887701536
147 1.5205791297753857 5.778977264503613 3.80051070762576
148 1.5198497915470701 5.7740723590523055 3.7991072480753645
149 1.5191201861907115 5.769167453772835 3.797703108823392
150 1.518390313477411 5.764262548663425 3.7962982887200694
151 1.5176601730709431 5.759357643723381 3.7948927868809266
152 1.5169295778668332 5.754452738853204 3.7934870694164617
153 1.5161987145910605 5.74954783413321 3.7920806677929035
154 1.5154675828747508 5.744642929563397 3.7906735811967383
155 1.5147361823818895 5.739738025144635 3.7892658087291626
156 1.5140045127751978 5.734833120878093 3.7878573494910133
157 1.5132725737239507 5.729928216764168 3.786448202562491
158 1.512540364883675 5.725023312803668 3.7850383670547276
159 1.511807885903448 5.720118408996957 3.783627842090958
160 1.5110751364541015 5.7152135053454645 3.782216626736921
161 1.5103421161903046 5.71030860184849 3.7808047200936197
162 1.5096088247797363 5.705403698508274 3.7793921212276542
163 1.5088752618634547 5.700498795324774 3.777978829266961
164 1.508141427096121 5.695593892299055 3.7765648433023564
165 1.5074073201356053 5.690688989430847 3.77515016241192
166 1.5066729406487132 5.6857840867219185 3.773734785648866
166 1.5059382882840597 5.680879184172137 3.7723187121068626
167 1.5059382882840597 5.680879184172137 3.7723187121068626
168 1.5052033626777162 5.6759742817818974 3.770901940907501
169 1.5044681635038886 5.6710693795532885 3.769484471074107
170 1.5037326904068713 5.666164477485512 3.768066301699136
171 1.5029969430374603 5.661259575580586 3.7666474318567436
172 1.5022609210338658 5.656354673838791 3.7652278606475704
173 1.501524624064581 5.651449772260268 3.763807587092356
174 1.5007880517615761 5.646544870846437 3.762386610300306
175 1.5000512037818463 5.6416399695969845 3.760964929312808
176 1.4993140797707798 5.636735068514095 3.7595425431980587
177 1.4985766793680695 5.631830167597274 3.758119451032792
178 1.4978390022341563 5.626925266847478 3.756695651838704
179 1.4971010479948317 5.622020366265002 3.7552711447199596
180 1.4963628162977454 5.617115465851476 3.7538459287228005
181 1.4956243067868384 5.61221056560719 3.7524200028978676
182 1.4948855191108892 5.607305665532421 3.750993366279627
183 1.4941464529079695 5.602400765628414 3.749566017926014
183 1.4934071078054008 5.59749586589521 3.7481379569171
184 1.4934071078054008 5.59749586589521 3.7481379569171
185 1.492667483454091 5.592590966334061 3.7467091822705125
186 1.4919275794934195 5.587686066945568 3.745279693028299
187 1.4911873955636976 5.582781167729605 3.7438494882255937
188 1.490446931305776 5.577876268687776 3.742418566893231
189 1.4897061863453334 5.572971369820338 3.7409869280951287
190 1.4889651603086926 5.568066471128545 3.7395545708901423
191 1.488223852849686 5.563161572612219 3.7381214942629404
192 1.4874822635894909 5.558256674272329 3.7366876972768215
193 1.4867403921702005 5.553351776110558 3.7352531789388665
194 1.4859982382303525 5.548446878126405 3.733817938259433
195 1.4852558013921975 5.543541980320583 3.7323819742864295
196 1.4845130812817613 5.538637082694277 3.730945286054398
197 1.4837700775357445 5.533732185247586 3.7295078725661095
198 1.4830267897834075 5.528827287981606 3.728069732839471
199 1.4822832176437926 5.5239223908964386 3.7266308659131644
200 1.4815393607546425 5.519017493993974 3.725191270775814
201 1.4807952187366948 5.5141125972737735 3.723750946452952
202 1.4800507912172776 5.509207700737151 3.722309891950442
203 1.4793060778187095 5.5043028043837285 3.7208681062813063
204 1.4785610781783873 5.499397908215134 3.7194255884176846
205 1.4778157918970212 5.4944930122318105 3.7179823374188734
206 1.4770702186078963 5.4895881164344775 3.716538352258083
207 1.4763243579432093 5.484683220823534 3.7150936319066794
208 1.4755782095137893 5.479778325400422 3.7136481753861337
209 1.4748317729351708 5.474873430164513 3.7122019817003036
210 1.4740850478411016 5.46996853511788 3.710755049804639
211 1.473338033825902 5.465063640260313 3.709307378747881
212 1.4725907305304238 5.460158745592336 3.707858967457713
213 1.4718431375627727 5.455253851115114 3.7064098149402507
214 1.471095254531088 5.450348956829317 3.7049599201967496
215 1.4703470810574772 5.445444062735318 3.703509282188625
216 1.469598616746948 5.440539168833855 3.702057899916129
216 1.4688498612337688 5.435634275125403 3.7006057723011327
217 1.4688498612337688 5.435634275125403 3.7006057723011327
218 1.4681008141113039 5.430729381610732 3.6991528983642414
219 1.4673514749929943 5.425824488290378 3.6976992770708077
220 1.466601843496261 5.420919595165495 3.6962449073720363
221 1.4658519192279056 5.41601470223668 3.694789788240961
222 1.4651017017942325 5.411109809503762 3.6933339186467826
223 1.464351191023246 5.406204916963145 3.691877296992838
224 1.4636003865360117 5.401300024615302 3.6904199222021754
225 1.4628492879608812 5.396395132460594 3.6889617931747605
226 1.462097894720767 5.391490240496167 3.6875029093218408
227 1.4613462063643674 5.386585348721222 3.6860432697343644
228 1.4605942224827988 5.381680457136404 3.68458287339267
229 1.4598417690484655 5.376775565634296 3.6831221572314057
230 1.459089019594745 5.371870674303617 3.6816606815365027
231 1.4583359736923975 5.366965783144803 3.6801984453253573
232 1.4575826309481004 5.3620608921589294 3.6787354475204737
233 1.4568289909752032 5.3571560013468345 3.6772716870226114
233 1.4560750533693807 5.352251110709096 3.675807162772209
234 1.4560750533693807 5.352251110709096 3.675807162772209
235 1.4553208177300554 5.347346220246559 3.674341873695665
236 1.4545662836572242 5.342441329959702 3.6728758187128965
237 1.4538114507586737 5.33753643984913 3.671408996719436
238 1.4530563186235224 5.332631549915285 3.6699414066530314
239 1.4523008868505962 5.327726660159961 3.66847304742302
240 1.4515451550319076 5.322821770583177 3.667003917949884
241 1.4507891227619882 5.317916881185287 3.665534017143115
242 1.4500327896324618 5.3130119919673655 3.6640633439151737
243 1.4492761552385518 5.308107102929786 3.662591897164049
244 1.4485192191773892 5.30320221407347 3.661119675778376
245 1.4477619810412579 5.298297325399788 3.6596466786544233
246 1.4470044404132916 5.2933924369089915 3.658172904705876
247 1.4462465968776632 5.288487548601082 3.656698352838669
248 1.4454884500284024 5.283582660477394 3.655223021929768
249 1.4447299994489136 5.2786777725384635 3.6537469108774605
250 1.4439712447294248 5.273772884785127 3.6522700185579806
251 1.4432121854532385 5.268867997217892 3.650792343859827
252 1.4424528212035974 5.263963109837858 3.649313885667022
253 1.441693151567082 5.259058222645476 3.647834642849638
254 1.4409331761282362 5.254153335640541 3.64635461427737
255 1.4401728944603047 5.249248448825033 3.6448737988449325
256 1.4394123061461428 5.244343562198979 3.6433921954162614
257 1.4386514107694437 5.239438675763743 3.6419098028489736
258 1.4378902079034441 5.234533789519865 3.6404266200214432
259 1.4371286971264605 5.229628903467362 3.638942645793663
260 1.4363668780165757 5.224724017608037 3.637457879022287
261 1.4356047501501574 5.219819131941893 3.6359723185618638
262 1.4348423131015053 5.2149142464694975 3.6344859632673643
263 1.4340795664351331 5.2100093611909895 3.6329988120130228
264 1.4333165097344405 5.205104476107798 3.6315108636208904
265 1.432553142564017 5.2001995912212555 3.630022116955338
266 1.4317894645028042 5.195294706531274 3.628532570838105
266 1.431025475110922 5.190389822038675 3.6270422241339597
267 1.431025475110922 5.190389822038675 3.6270422241339597
268 1.430261173956643 5.185484937743545 3.6255510756811873
269 1.4294965606113959 5.180580053647531 3.6240591243058295
270 1.4287316346458785 5.175675169750954 3.6225663688294985
271 1.427966395621166 5.17077028605499 3.6210728080934302
272 1.427200843099538 5.165865402559874 3.619578440929766
273 1.4264349766449318 5.160960519266199 3.6180832661612907
274 1.4256687958130971 5.156055636174465 3.6165872826260665
275 1.4249023001770318 5.151150753285786 3.615090489113394
276 1.4241354892890334 5.146245870601003 3.6135928844594325
277 1.4233683627081375 5.141340988120306 3.6120944674773137
278 1.422600920001491 5.13643610584423 3.610595236954329
279 1.4218331607177461 5.131531223774071 3.609095191719721
280 1.4210650844098314 5.126626341910529 3.607594330585934
281 1.4202966906437684 5.121721460253857 3.6060926523263026
282 1.4195279789708326 5.116816578805116 3.6045901557465903
283 1.4187589489375119 5.111911697564598 3.603086839658587
283 1.4179896001040373 5.107006816533318 3.601582702834082
284 1.4179896001040373 5.107006816533318 3.601582702834082
285 1.417219932008455 5.102101935711838 3.6000777440952607
286 1.4164499442099499 5.097197055100807 3.598571962205032
287 1.415679636255306 5.092292174701201 3.597065355952361
288 1.4149090076938404 5.087387294513463 3.595557924113716
289 1.41413805806652 5.0824824145380285 3.594049665481072
290 1.4133667869221385 5.077577534775684 3.592540578821034
291 1.412595193808879 5.072672655228141 3.5910306628966646
292 1.411823278265183 5.067767775894153 3.589519916487929
293 1.4110510398365015 5.062862896775791 3.5880083383535335
294 1.4102784780625786 5.0579580178736165 3.5864959272598207
295 1.409505592482531 5.053053139188247 3.5849826819689423
296 1.4087323826331777 5.048148260720365 3.5834686012430943
297 1.40795884805419 5.043243382470025 3.581953683830906
298 1.4071849883631227 5.038338504436816 3.5804379282766186
299 1.4064108032404983 5.033433626617857 3.5789213329564653
300 1.405636292216392 5.028528749014437 3.577403896626422
301 1.4048614548158345 5.0236238716273025 3.575885618048975
302 1.4040862905811762 5.01871899445686 3.574366495936317
303 1.4033107990396445 5.013814117503141 3.572846529032873
304 1.4025349797118458 5.008909240767581 3.5713257160949192
305 1.401758832135005 5.004004364250459 3.569804055829568
306 1.4009823558327306 4.999099487952109 3.5682815469725826
307 1.400205538617782 4.994194611866413 3.5667582180802184
308 1.3994282429012534 4.989289735899722 3.5652344171331523
309 1.3986506171198152 4.984384860132394 3.5637097636266994
310 1.3978726607743146 4.979479984563884 3.5621842563296378
311 1.397094373397372 4.974575109196145 3.560657893925423
312 1.3963157545089167 4.969670234029233 3.5591306751223066
313 1.3955368036389553 4.964765359064034 3.557602598597241
314 1.3947575202954647 4.95986048430107 3.556073663076845
315 1.3939779040136917 4.954955609741278 3.5545438672122667
316 1.3931979543013113 4.9500507353856795 3.553013209718736
316 1.392417670684283 4.945145861234166 3.551481689257755
317 1.392417670684283 4.945145861234166 3.551481689257755
318 1.3916370526657345 4.940240987288371 3.5499493045439894
319 1.3908560997748367 4.935336113548815 3.548416054218541
320 1.3900748115181005 4.930431240015938 3.546881936973892
321 1.3892931874139096 4.92552636669039 3.5453469514660023
322 1.388511226967519 4.920621493573083 3.5438110963781138
323 1.3877289297013764 4.91571662066481 3.5422743703430735
324 1.3869462951119498 4.910811747966401 3.5407367720536116
325 1.3861633227140604 4.905906875479059 3.5391983001494087
326 1.3853800120146567 4.90100200320248 3.5376589532826532
327 1.3845963625148607 4.896097131138365 3.5361187301153376
328 1.383812373721055 4.891192259286876 3.534577629288368
329 1.3830280451367114 4.886287387648896 3.533035649444036
330 1.3822433762526645 4.88138251622459 3.531492789249805
331 1.3814583665910942 4.876477645016011 3.5299490472878126
332 1.380673015645261 4.871572774022648 3.528404422205577
333 1.3798873229111743 4.866667903245947 3.526858912638349
333 1.3791012878787903 4.861763032686447 3.525312517229517
334 1.3791012878787903 4.861763032686447 3.525312517229517
335 1.378314910049109 4.856858162345009 3.5237652345877626
336 1.3775281889120852 4.851953292222055 3.522217063342949
337 1.376741123963944 4.847048422318764 3.5206680021027
338 1.3759537147072944 4.842143552635457 3.519118049450902
339 1.3751659606170192 4.837238683172644 3.517567204035677
340 1.374377861195397 4.83233381393149 3.5160154644287243
341 1.37358941591957 4.827428944913233 3.514462829259236
342 1.3728006242818367 4.822524076117524 3.5129092971095983
343 1.3720114857673085 4.817619207546159 3.511354866575236
344 1.3712219998651636 4.812714339199455 3.5097995362331584
345 1.370432166055491 4.807809471077719 3.5082433046766672
346 1.3696419838119307 4.8029046031824185 3.506686170509445
347 1.3688514526220896 4.7979997355135975 3.5051281322913725
348 1.3680605719593313 4.793094868072263 3.5035691886124676
349 1.367269341318292 4.788190000859129 3.502009338000996
350 1.3664777601613924 4.783285133875071 3.5004485790607567
350 1.3664777601613924 4.783285133875071 3.5004485790607567
351 1.3656858279662263 4.778380267121066 3.4988869103496594
352 1.3648935442112955 4.7734754005973 3.4973243304155677
353 1.364100908361727 4.768570534305087 3.4957608378342755
354 1.3633079198871103 4.76366566824473 3.49419643116222
355 1.3625145782647219 4.758760802416991 3.4926311089292543
356 1.361720882962153 4.753855936822999 3.4910648696830813
357 1.3609268334420401 4.7489510714629555 3.4894977119761568
358 1.3601324291669807 4.744046206338179 3.487929634354569
359 1.35933766961181 4.739141341448745 3.486360635324787
360 1.3585425542373157 4.73423647679576 3.4847907134227056
361 1.3577470825050237 4.729331612380027 3.4832198671747308
362 1.3569512538705428 4.724426748202095 3.4816480951148594
363 1.3561550677946987 4.719521884262779 3.48007539575647
364 1.3553585237413377 4.71461702056344 3.478501767598134
365 1.3545616211597167 4.7097121571038825 3.4769272091672225
366 1.3537643595097455 4.704807293885133 3.47535171895716
366 1.352966738236966 4.699902430908204 3.4737752954906993
367 1.352966738236966 4.699902430908204 3.4737752954906993
368 1.3521687568031444 4.694997568173854 3.4721979372411838
369 1.3513704146497532 4.690092705683014 3.470619642726593
370 1.3505717112332092 4.6851878434354 3.469040410418005
371 1.3497726459986872 4.680282981432299 3.467460238808878
372 1.3489732183914733 4.675378119674949 3.4658791263846647
373 1.348173427862286 4.670473258163771 3.4642970716085446
374 1.3473732738529574 4.665568396899019 3.462714072958661
375 1.3465727558088743 4.6606635358815 3.4611301288966603
376 1.3457718733627961 4.655758675108809 3.4595452373923257
377 1.344970625949502 4.650853814581231 3.4579593969183464
378 1.3441690130085473 4.645948954299547 3.4563726059276476
379 1.3433670339743415 4.641044094264053 3.4547848628781357
380 1.3425646882824536 4.636139234475521 3.4531961662171717
381 1.3417619753713312 4.631234374935135 3.4516065143770716
382 1.3409588946661275 4.626329515642943 3.4500159058155235
383 1.340155445598466 4.621424656599913 3.4484243389662517
383 1.3393516276028887 4.616519797807025 3.4468318122474413
384 1.3393516276028887 4.616519797807025 3.4468318122474413
385 1.3385474401008737 4.611614939263951 3.445238324101847
386 1.3377428825178044 4.6067100809721575 3.4436438729554184
387 1.336937954271556 4.60180522293168 3.44204845724424
388 1.3361326548021915 4.596900365143809 3.4404520753400494
389 1.3353268364218094 4.591995507520179 3.438855104436497
390 1.3345206459295862 4.5870906501341455 3.4372571635554716
391 1.3337140827167928 4.582185792986758 3.435658251169386
392 1.3329071462129416 4.57728093607802 3.434058365643098
393 1.332099835828944 4.572376079409351 3.432457505382122
394 1.3312921508422226 4.567471222978332 3.430855669124758
395 1.3304840906380606 4.562566366784921 3.429252855324899
396 1.329675654630358 4.557661510830594 3.4276490623554334
397 1.3288668422268355 4.552756655115682 3.4260442885958726
398 1.3280576528367334 4.547851799641571 3.4244385324141255
399 1.3272480858806286 4.542946944408637 3.422831792139594
400 1.326438140754304 4.538042089417556 3.42122406615729
401 1.3256278168677627 4.533137234669335 3.4196153528072317
402 1.3248171136221605 4.528232380164773 3.418005650443485
403 1.324006030422164 4.523327525904397 3.416394957402209
404 1.323194566670368 4.518422671889683 3.414783272016945
405 1.3223827217620194 4.513517818121006 3.4131705926306513
406 1.3215704951022411 4.508612964599446 3.4115569175525855
407 1.320757886072776 4.50370811132521 3.4099422451429136
408 1.3199448940869545 4.498803258299572 3.408326573672251
409 1.319131518525527 4.493898405523031 3.40670990148589
410 1.3183177587807025 4.488993552997075 3.40509222689141
411 1.3175036142409824 4.484088700721974 3.403473548196124
412 1.3166890842950523 4.479183848698371 3.401853863698202
413 1.3158741683301032 4.474278996927596 3.4002331716912066
414 1.3150588657303885 4.469374145410109 3.398611470466611
415 1.3142431758772546 4.464469294146777 3.39698875831465
416 1.3134270981555685 4.459564443138675 3.395365033507527
416 1.3126106319457074 4.4546595923862595 3.3937402943194463
417 1.3126106319457074 4.4546595923862595 3.3937402943194463
418 1.311793776617911 4.4497547418904935 3.3921145390420486
419 1.3109765315531403 4.444849891652245 3.3904877659299832
420 1.3101588961354864 4.439945041672608 3.388859973220732
421 1.3093408697238516 4.435040191952178 3.3872311592072704
422 1.3085224516955607 4.430135342491772 3.385601322125791
423 1.307703641423352 4.4252304932920365 3.383970460214866
424 1.3068844382658205 4.420325644353917 3.382338571740512
425 1.3060648415975373 4.415420795678628 3.3807056549181924
426 1.3052448507753447 4.410515947266597 3.3790717079991937
427 1.3044244651645656 4.405611099118716 3.3774367292037155
428 1.3036036841306768 4.40070625123523 3.3758007167415243
429 1.302782507037475 4.395801403618216 3.374163668818566
430 1.3019609332257436 4.390896556267729 3.372525583689233
431 1.3011389620570457 4.385991709184697 3.3708864595451278
432 1.300316592890787 4.381086862370084 3.369246294573778
433 1.2994938250792707 4.376182015824088 3.3676050869707947
433 1.2986706579703164 4.3712771695482715 3.3659628349346944
434 1.2986706579703164 4.3712771695482715 3.3659628349346944
435 1.2978470909083741 4.366372323543325 3.3643195366622614
436 1.2970231232481229 4.361467477809918 3.362675190313906
437 1.296198754329689 4.356562632349225 3.3610297940782705
438 1.2953739835016431 4.351657787161449 3.3593833461114353
439 1.2945488100943823 4.346752942248371 3.357735844607868
440 1.2937232334587445 4.341848097610177 3.3560872876977936
441 1.2928972529270335 4.336943253247268 3.354437673549632
442 1.2920708678379864 4.332038409161565 3.352787000306211
443 1.2912440775257081 4.32713356535304 3.351135266110747
444 1.29041688131907 4.322228721823024 3.34948246911093
445 1.2895892785522551 4.31732387857196 3.3478286074297716
446 1.2887612685508656 4.312419035600889 3.3461736792027774
447 1.287932850641871 4.307514192910903 3.344517682551659
448 1.2871040241503127 4.3026093505025385 3.3428606155923757
449 1.286274788400642 4.2977045083769 3.341202476432488
450 1.2854451427131668 4.292799666534631 3.339543263179549
451 1.2846150864068504 4.287894824976649 3.337882973934365
452 1.2837846187986217 4.2829899837036 3.3362216067923174
453 1.282953739208519 4.278085142716466 3.3345591598304285
454 1.282122446943332 4.273180302016163 3.3328956311495195
455 1.2812907414360482 4.268275461601463 3.3312310185100182
456 1.2804586220524878 4.263370621471791 3.329565319836652
457 1.2796260880924852 4.258465781628408 3.3278985332163895
458 1.2787931388653806 4.253560942071951 3.326230656700236
459 1.2779597736751378 4.248656102803112 3.324561688342419
460 1.2771259918210278 4.243751263822465 3.322891626198435
461 1.27629179260755 4.23884642513066 3.3212204682993467
462 1.27545717532425 4.233941586729327 3.319548212704957
463 1.2746221392729549 4.229036748618251 3.3178748574306858
464 1.2737866837461291 4.224131910798959 3.316200400506656
465 1.27295080804164 4.219227073271731 3.3145248399368734
466 1.2721145114401926 4.214322236038164 3.312848173759943
466 1.2712777932285078 4.209417399098128 3.3111703999862914
467 1.2712777932285078 4.209417399098128 3.3111703999862914
468 1.2704406527017815 4.204512562452867 3.309491516594139
469 1.2696030891347063 4.199607726102929 3.307811521603305
470 1.2687651018094224 4.194702890049284 3.306130413003241
471 1.267926690011183 4.189798054292584 3.3044481887636823
472 1.2670878530116327 4.184893218834025 3.302764846878857
473 1.2662485900935292 4.179988383674132 3.301080385302056
474 1.265408767165847 4.175083548727766 3.2993951496627902
475 1.2645685171298493 4.170178714068086 3.2977087896613204
476 1.263727839230173 4.165273879695192 3.296021303315244
477 1.262886732742841 4.160369045610054 3.2943326885493702
478 1.262045196937713 4.155464211813872 3.292642943293068
479 1.261203231075443 4.1505593783070465 3.2909520654873483
480 1.2603608344221586 4.145654545090709 3.2892600530477285
481 1.2595180062332294 4.140749712165322 3.287566903905433
482 1.2586747457763487 4.135844879532114 3.2858726159482377
483 1.2578310523000673 4.13094004719196 3.2841771871016636
483 1.2569869250414856 4.126035215145259 3.2824806153087738
484 1.2569869250414856 4.126035215145259 3.2824806153087738
485 1.256142363133164 4.121130383391186 3.28078289877268
486 1.2552973658187123 4.1162255519297 3.2790840353951305
487 1.254451932346912 4.1113207207628 3.277384023053851
488 1.2536060619635994 4.106415889890644 3.275682859620601
489 1.252759753913491 4.101511059314433 3.2739805429586477
490 1.2519130074379314 4.0966062290351495 3.272277070927594
491 1.2510658217772903 4.09170139905383 3.270572441377283
492 1.250218196168828 4.086796569371109 3.26886665215296
493 1.2493701298435709 4.081891739988281 3.2671597011042355
494 1.2485216220352437 4.076986910906332 3.2654515860609146
495 1.247672671972722 4.072082082125791 3.2637423048525496
496 1.2468232788931908 4.0671772536478175 3.2620318552748424
497 1.2459734420120032 4.062272425473731 3.26032023516806
498 1.2451231605536381 4.057367597603865 3.2586074423350824
499 1.2442724337436193 4.052462770039514 3.256893474564043
500 1.2434212607982258 4.047557942781683 3.2551783296541963
501 1.2425696409372513 4.042653115831168 3.253462005382537
502 1.241717573370253 4.037748289189128 3.251744499540203
503 1.2408650573094027 4.032843462856596 3.2500258098983843
504 1.240012091967498 4.027938636834638 3.2483059342135956
505 1.2391586765475817 4.023033811123641 3.2465848702542357
506 1.238304810258041 4.018128985725064 3.244862615762396
507 1.2374504923001737 4.013224160639683 3.2431391684849546
508 1.2365957218833248 4.008319335868905 3.241414526134919
509 1.2357404981876732 4.003414511412833 3.239688686487339
510 1.2348848204211267 3.99850968727334 3.2379616472326123
511 1.2340286877744708 3.9936048634507917 3.236233406091331
512 1.233172099433983 3.988700039946521 3.2345039607831745
513 1.2323150545937387 3.983795216761441 3.232773308993447
514 1.2314575524358986 3.978890393896858 3.2310414484253793
515 1.230599592145478 3.973985571353337 3.2293083767604105
516 1.2297411729007615 3.9690807491321145 3.2275740916844247
516 1.2288822938808897 3.964175927234124 3.2258385908669904
517 1.2288822938808897 3.964175927234124 3.2258385908669904
518 1.2280229542626575 3.959271105660624 3.2241018719702117
519 1.2271631532171563 3.9543662844117176 3.2223639326562807
520 1.226302889916415 3.9494614634891856 3.220624770572286
521 1.2254421635289483 3.9445566428938807 3.218884383359721
522 1.224580973222835 3.939651822626658 3.2171427686470886
523 1.2237193181610029 3.9347470026888884 3.2153999240626514
524 1.2228571975013962 3.929842183081136 3.213655847232848
525 1.2219946104064927 3.9249373638046383 3.211910535758435
526 1.2211315560288019 3.9200325448602933 3.210163987251702
527 1.220268033524279 3.915127726249032 3.2084161993014586
528 1.219404042037422 3.91022290797229 3.20666716951254
529 1.2185395807230048 3.905318090030587 3.2049168954474307
530 1.217674648724656 3.9004132724251432 3.2031653746838544
531 1.2168092451857417 3.8955084551570955 3.201412604785444
532 1.215943369243913 3.8906036382275464 3.1996585833160687
533 1.2150770200351098 3.8856988216373303 3.19790330782904
533 1.2142101967004768 3.880794005387617 3.196146775849336
534 1.2142101967004768 3.880794005387617 3.196146775849336
535 1.2133428983660521 3.8758891894792646 3.194388984926462
536 1.2124751242033525 3.8709843739128367 3.192629932474893
537 1.2116068734447951 3.866079558687114 3.1908696157320584
538 1.2107381452174988 3.861174743803343 3.1891080321994116
539 1.2098689386398702 3.8562699292625755 3.1873451793859413
540 1.2089992528318974 3.8513651150654677 3.1855810547808274
541 1.2081290869125507 3.846460301213232 3.1838156558609985
542 1.2072584399911297 3.8415554877068665 3.182048980113233
543 1.2063873111762784 3.836650674547069 3.180281025010262
544 1.205515699577291 3.831745861735298 3.178511788008139
545 1.2046436042977406 3.826841049272076 3.1767412665615504
546 1.2037710244396043 3.821936237158791 3.1749694581143704
547 1.2028979591088864 3.8170314253963427 3.1731963600836277
548 1.2020244073937263 3.81212661398546 3.171421969917444
549 1.2011503683899156 3.8072218029277094 3.169646285028499
550 1.200275841183541 3.802316992223249 3.167869302837876
551 1.1994008248729386 3.7974121818738045 3.1660910207195267
552 1.1985253185334728 3.7925073718800952 3.164311436091016
553 1.1976493212538784 3.78760256224323 3.162530546318685
554 1.1967728321086035 3.7826977529643866 3.1607483487903227
555 1.1958958501774153 3.777792944044168 3.158964840862789
556 1.1950183745297855 3.7728881354842594 3.1571800199045565
557 1.1941404042419883 3.767983327284897 3.1553938832483626
558 1.1932619383758678 3.763078519447622 3.1536064282495224
559 1.1923829759914515 3.7581737119734324 3.151817652250996
560 1.1915035161598697 3.753268904863172 3.1500275525494783
561 1.1906235579355635 3.7483640981180115 3.14823612646918
562 1.189743100378913 3.7434592917390637 3.1464433713016158
563 1.1888620232547313 3.7385544856440416 3.1446495997988495
564 1.1879804451590452 3.7336496799051413 3.1428544932027775
565 1.1870983651222442 3.7287448745233633 3.141058048832699
566 1.186215782193409 3.7238400695001737 3.139260263941601
566 1.185332695415046 3.718935264835937 3.137461135781584
567 1.185332695415046 3.718935264835937 3.137461135781584
568 1.1844491038234757 3.714030460531998 3.135660661604518
569 1.183565006451495 3.70912565658961 3.1338588386540116
570 1.1826804023426525 3.704220853009869 3.1320556641274777
571 1.1817952905145341 3.699316049793671 3.130251135273225
572 1.180909669998854 3.694411246942307 3.128445249284725
573 1.1800235398171965 3.6895064444571957 3.1266380033645396
574 1.1791368989879354 3.684601642338743 3.124829394704951
575 1.178249746531685 3.679696840588382 3.123019420475156
576 1.1773620814536867 3.674792039207363 3.12120807786684
577 1.1764739027735815 3.669887238196592 3.1193953640150407
578 1.1755852094976835 3.664982437557787 3.1175812760725354
579 1.1746960006271014 3.6600776372916317 3.115765811186665
580 1.1738062751577159 3.6551728373991947 3.1139489665005207
581 1.172916032095378 3.6502680378817023 3.1121307391123403
582 1.1720252703465073 3.645363238739353 3.1103111263647136
583 1.1711339888733727 3.6404584399723094 3.1084901254334008
583 1.1702421866645336 3.6355536415821317 3.1066677334068067
584 1.1702421866645336 3.6355536415821317 3.1066677334068067
585 1.1693498627040246 3.630648843569398 3.10484394736561
586 1.1684570159808796 3.6257440459361785 3.1030187643595006
587 1.1675636454625233 3.620839248683516 3.1011921814755907
588 1.1666697501272365 3.6159344518120844 3.0993641957526816
589 1.165775328949382 3.6110296553236503 3.0975348042216475
590 1.1648803808938792 3.606124859219207 3.095704003918429
591 1.1639849049274984 3.6012200634998255 3.0938717918546685
592 1.1630889000062088 3.596315268167272 3.092038165051764
593 1.1621923650933466 3.5914104732222687 3.0902031204909948
594 1.1612952991421042 3.5865056786667915 3.0883666551619458
595 1.1603977010988271 3.5816008845011833 3.0865287660511753
596 1.1594995699149298 3.576696090727277 3.084689450113114
597 1.1586009045371963 3.571791297346148 3.082848704293824
598 1.1577017039005515 3.5668865043588553 3.0810065255507793
599 1.1568019669495584 3.561981711767216 3.0791629107962386
600 1.1559016926078725 3.557076919571826 3.077317856976724
601 1.1550008798106846 3.552172127774576 3.0754713609887556
602 1.1540995274807428 3.547267336376673 3.073623419740861
603 1.153197634542046 3.5423625453791265 3.071774030117446
604 1.152295199912731 3.53745775478317 3.069923188997992
605 1.1513922225107938 3.5325529645900504 3.0680708932415377
606 1.1504887012436835 3.527648174801392 3.066217139714617
607 1.1495846350247632 3.5227433854184023 3.0643619252466077
608 1.148680022753201 3.5178385964423966 3.062505246683671
609 1.1477748633318872 3.512933807874446 3.060647100840591
610 1.1468691556518733 3.508029019716196 3.0587874845428673
611 1.1459628986103858 3.5031242319687403 3.056926394577598
612 1.1450560910992122 3.498219444633429 3.0550638277250375
613 1.144148732004109 3.4933146577117347 3.0531997807599622
614 1.1432408201988589 3.488409871204561 3.051334250466823
615 1.142332354570575 3.483505085113547 3.0494672335732487
616 1.1414233339875917 3.478600299440098 3.0475987268347833
616 1.1405137573194273 3.4736955141852186 3.045728726981353
617 1.1405137573194273 3.4736955141852186 3.045728726981353
618 1.1396036234348608 3.4687907293508617 3.0438572307234653
619 1.138692931193172 3.4638859449379473 3.041984234773757
620 1.1377816795496665 3.458981160946031 3.0401097355646423
621 1.1368698673891617 3.454076377376796 3.038233729696023
622 1.1359574935610617 3.4491715942306738 3.03635621383862
623 1.1350445569116028 3.4442668115091837 3.0344771846497856
624 1.134131056283245 3.439362029213801 3.0325966387740233
625 1.1332169905166096 3.4344572473454313 3.0307145728372245
626 1.1323023584411331 3.4295524659059855 3.028830983472939
627 1.1313871588913078 3.424647684896817 3.026945867277447
628 1.130471390692245 3.419742904318798 3.0250592208483185
629 1.129555052665251 3.4148381241734995 3.0231710407704258
630 1.1286381436252846 3.4099333444620488 3.0212813236216207
631 1.1277206623886407 3.40502856518642 3.0193900659531963
632 1.1268026077647657 3.4001237863470912 3.017497264309589
633 1.125883978560048 3.3952190079461744 3.015602915220889
633 1.1249647735765362 3.39031422998443 3.0137070152035053
634 1.1249647735765362 3.39031422998443 3.0137070152035053
635 1.1240449916101234 3.385409452463874 3.0118095607672153
636 1.1231246314541077 3.380504675385394 3.009910548403395
637 1.122203691896848 3.3755998987504507 3.008009974592681
638 1.121282171722343 3.370695122560483 3.006107835802771
639 1.120360069709164 3.3657903468170667 3.004204128491296
640 1.1194373846347476 3.360885571521352 3.002298849093689
641 1.11851411526974 3.355980796674676 3.0003919940387616
642 1.1175902603825336 3.351076022278569 2.9984835597364174
643 1.1166658187292426 3.346171248334447 2.996573542604147
644 1.1157407890759825 3.341266474843805 2.994661939007289
645 1.1148151701725275 3.3363617018079306 2.992748745329326
646 1.1138889607735352 3.3314569292283087 2.990833957915153
647 1.1129621596202024 3.3265521571064602 2.988917573120046
648 1.112034765450516 3.321647385443458 2.9869995872815784
649 1.1111067770010552 3.316742614241243 2.985079996715827
650 1.1101781930042443 3.3118378435007516 2.983158797722926
651 1.1092490121870187 3.3069330732239943 2.981235986592384
652 1.10831923327181 3.3020283034120457 2.979311559598496
653 1.1073888549772044 3.2971235340664564 2.9773855129997018
654 1.1064578760167734 3.2922187651887636 2.975457843041153
655 1.1055262950939448 3.2873139967802234 2.9735285459681227
656 1.1045941109179407 3.28240922884247 2.9715976179836048
657 1.1036612174408669 3.277504461296084 2.9696653370640793
658 1.1027277183612831 3.2725996942129263 2.967731417032119
659 1.1017936123459808 3.2676949275950387 2.965795854123113
660 1.1008588980923668 3.2627901614436516 2.9638586444617077
661 1.099923574277266 3.2578853957604816 2.961919784200609
662 1.098987639576083 3.252980630547001 2.959979269468205
663 1.0980510926606886 3.2480758658045565 2.9580370963742144
664 1.097113932198302 3.2431711015349998 2.9560932610131143
665 1.0961761568506165 3.2382663377400616 2.954147759465783
666 1.0952377652740752 3.2333615744209094 2.9522005877981976
666 1.0942987561194462 3.228456811579117 2.950251742063317
667 1.0942987561194462 3.228456811579117 2.950251742063317
668 1.0933591280331372 3.22355204921676 2.9483012182974724
669 1.0924188796580254 3.218647287334999 2.9463490125166785
670 1.0914780096277055 3.213742525935599 2.9443951207333816
671 1.0905365165760952 3.2088377650201156 2.942439538929653
672 1.0895943991292345 3.20393300458995 2.9404822630791974
673 1.0886516559064572 3.199028244647152 2.9385232891447783
674 1.0877082855258222 3.1941234851932454 2.936562613062321
675 1.086764286598109 3.189218726229717 2.934600230757405
676 1.0858196577270396 3.184313967758268 2.9326361381447397
677 1.084874397516619 3.1794092097806597 2.9306703311080344
678 1.0839285045587923 3.1745044522984602 2.9287028055329407
679 1.0829819774461333 3.169599695313232 2.9267335572727804
680 1.082034814760157 3.1646949388268606 2.924762582180264
681 1.0810870150856813 3.159790182840879 2.9227898760678857
682 1.0801385769940286 3.1548854273571285 2.9208154347537665
683 1.079189499049081 3.1499806723766706 2.9188392540441237
683 1.0782397798174705 3.1450759179022505 2.9168613297078165
684 1.0782397798174705 3.1450759179022505 2.9168613297078165
685 1.0772894178575165 3.140171163934905 2.914881657502949
686 1.0763384117225787 3.135266410476352 2.9129002331698373
687 1.0753867599592724 3.130361657528623 2.910917052435328
688 1.0744344611058112 3.125456905092982 2.9089321110161084
689 1.0734815136770475 3.120552153171616 2.9069454046606165
690 1.0725279161468055 3.115647401764509 2.904956929193855
691 1.0715736670361329 3.1107426508742724 2.9029666802827285
692 1.0706187648646117 3.1058379005021686 2.9009746535639382
693 1.0696632081509845 3.1009331506501088 2.8989808446439596
694 1.0687069953999158 3.096028401320081 2.896985249134194
695 1.0677501251162551 3.0911236525137378 2.894987862611752
696 1.0667925957936721 3.086218904232899 2.8929886806505385
697 1.0658344059221072 3.0813141564796007 2.890987698800922
698 1.0648755539879642 3.0764094092555165 2.8889849125884695
699 1.0639160384708697 3.071504662562563 2.886980317523112
700 1.0629558578450222 3.066599916402501 2.884973909094923
700 1.0629558578450222 3.066599916402501 2.884973909094923
701 1.0619950105739726 3.0616951707773907 2.8829656827885164
702 1.0610334951227154 3.056790425688994 2.880955634049476
703 1.0600713099456116 3.0518856811392423 2.878943758317375
704 1.059108453492248 3.046980937129658 2.876930051009134
705 1.0581449242408725 3.042076193662177 2.8749145074287474
706 1.0571807206969568 3.037171450737405 2.872897122769246
707 1.0562158412936227 3.0322667083573625 2.8708778923856415
708 1.0552502844504228 3.02736196652363 2.868856811633354
709 1.054284048591893 3.0224572252386155 2.866833875818784
710 1.0533171321247512 3.017552484503447 2.864809080259086
711 1.0523495334580288 3.012647744320805 2.8627824202299217
712 1.0513812509878946 3.007743004692205 2.860753891003936
713 1.0504122831117741 3.0028382656199084 2.858723487813953
714 1.0494426282155198 2.997933527105459 2.856691205886279
715 1.048472284677183 2.993028789151008 2.8546570404314884
716 1.047501250868142 2.988124051758264 2.8526209866401433
716 1.0465295251623086 2.9832193149295727 2.850583039658531
717 1.0465295251623086 2.9832193149295727 2.850583039658531
718 1.0455571059171898 2.978314578666717 2.848543194638864
719 1.0445839914861663 2.9734098429715417 2.846501446706231
720 1.0436101802205293 2.968505107846383 2.844457790953224
721 1.0426356704574493 2.963600373292861 2.8424122224713466
722 1.0416604605351698 2.9586956393131354 2.8403647363105806
723 1.0406845487785916 2.9537909059091367 2.838315327517718
724 1.0397079335092654 2.9488861730830824 2.836263991109387
725 1.0387306130451177 2.943981440836807 2.834210722071916
726 1.0377525856890863 2.9390767091724905 2.832155515392805
727 1.036773849741374 2.934171978092328 2.830098366026752
728 1.0357944034974302 2.9292672475978954 2.8280392689003
729 1.034814245244166 2.92436251769167 2.825978218923399
730 1.0338333732624543 2.9194577883756727 2.823915210981029
731 1.0328517858223056 2.914553059651779 2.821850239946437
732 1.0318694811907054 2.9096483315225465 2.819783300660288
733 1.0308864576263954 2.904743603989751 2.8177143879432567
733 1.0299027133835823 2.8998388770553567 2.8156434965865804
734 1.0299027133835823 2.8998388770553567 2.8156434965865804
735 1.0289182467018565 2.894934150721843 2.8135706213796894
736 1.027933055819401 2.890029424991018 2.8114957570726973
737 1.0269471389683378 2.885124699865413 2.8094188983902173
738 1.0259604943682747 2.8802199753469435 2.807340040047459
739 1.0249731202348462 2.875315251437751 2.8052591767274313
740 1.023985014776942 2.87041052814021 2.803176303088264
741 1.022996176196483 2.8655058054563565 2.801091413763007
742 1.0220066026837362 2.8606010833884192 2.7990045033727076
743 1.0210162924249298 2.8556963619389677 2.7969155665054513
744 1.0200252435981294 2.850791641109714 2.7948245977262025
745 1.0190334543721782 2.8458869209029953 2.7927315915808997
746 1.0180409229092717 2.840982201321347 2.7906365425887074
747 1.0170476473648546 2.836077482366674 2.7885394452412147
748 1.016053625888771 2.8311727640415865 2.786440294000309
749 1.0150588566169358 2.8262680463480896 2.7843390833194515
750 1.0140633376808872 2.8213633292885727 2.7822358076181826
751 1.0130670672039912 2.816458612865468 2.7801304612919036
752 1.0120700433057002 2.811553897080676 2.778023038699342
753 1.0110722640900938 2.8066491819369923 2.7759135341951184
754 1.010073727655881 2.8017444674365186 2.7738019421004445
755 1.009074432096631 2.796839753581538 2.7716882567030567
756 1.0080743754933703 2.7919350403746113 2.7695724722773423
757 1.0070734662574055 2.787030327742337 2.7674548293877685
758 1.0060717923727287 2.782125615754542 2.7653350753360777
759 1.005069351881712 2.777220904413397 2.7632132043563216
760 1.004066142842566 2.77231619372176 2.761089210590432
761 1.0030621632977268 2.767411483681744 2.7589630881733567
762 1.002057411280623 2.7625067742956575 2.7568348312151008
763 1.00105188481694 2.7576020655667293 2.7547044337976603
764 1.0000455819270608 2.7526973574967513 2.752571889965633
765 0.9990385006167 2.747792650088529 2.750437193754129
766 0.9980306388852104 2.742887943344718 2.7483003391644316
766 0.9970219947253139 2.737983237267316 2.746161320163903
767 0.9970219947253139 2.737983237267316 2.746161320163903
768 0.9960125661206402 2.733078531859491 2.744020130694267
769 0.9950023510427282 2.7281738271234257 2.7418767646773836
770 0.9939913474566331 2.723269123061865 2.739731216001031
771 0.9929795533208143 2.7183644196770986 2.7375834785178528
772 0.9919669665801162 2.7134597169721646 2.7354335460655808
773 0.9909535851724008 2.7085550149494937 2.733281412447056
774 0.9899394070299842 2.7036503136115466 2.7311270714265605
775 0.9889244300685271 2.6987456129614125 2.7289705167607234
776 0.9879086522021758 2.693840913001289 2.7268117421548745
777 0.98689207132903 2.6889362137340966 2.7246507413044205
778 0.9858746853449065 2.6840315151624137 2.722487507855433
779 0.9848564921311604 2.679126817288818 2.720322035438255
780 0.9838374895598535 2.674222120116327 2.7181543176533283
781 0.9828176754941867 2.6693174236474926 2.715984348068719
782 0.981797047790587 2.664412727885077 2.7138121202146706
783 0.9807756042935057 2.6595080328318454 2.7116376275973972
783 0.979753342839522 2.6546033384905257 2.709460863687336
784 0.979753342839522 2.6546033384905257 2.709460863687336
785 0.9787302612537481 2.6496986448641775 2.707281821929086
786 0.9777063573484907 2.644793951955133 2.705100495743663
787 0.9766816289319893 2.639889259766579 2.702916878505561
788 0.9756560737979408 2.6349845683012423 2.7007309635700065
789 0.9746296897363002 2.630079877561817 2.6985427442431207
790 0.9736024745208677 2.625175187551292 2.6963522138162204
791 0.972574425916455 2.6202704982725824 2.6941593655452194
792 0.9715455417494261 2.6153658097279315 2.6919641924541584
793 0.9705158197835022 2.6104611219196547 2.6897666876795303
794 0.969485257748544 2.605556434850914 2.6875668443910663
795 0.9684538533725422 2.6006517485245784 2.6853646557015316
796 0.9674216043672322 2.595747062943747 2.683160114706725
797 0.9663885084382865 2.5908423781110805 2.680953214456121
798 0.9653545632766869 2.5859376940296555 2.6787439479772597
799 0.9643197665688974 2.5810330107026034 2.6765323082467347
800 0.9632841159805015 2.576128328132626 2.6743182882346743
801 0.9622476091756375 2.5712236463229186 2.6721018808513324
802 0.9612102438044843 2.5663189652765555 2.6698830789807517
803 0.9601720175040452 2.561414284996681 2.667661875478359
804 0.9591329279040853 2.5565096054860716 2.6654382631535785
805 0.9580929726211486 2.5516049267478866 2.663212234786789
806 0.9570521492607278 2.5467002487853985 2.6609837831225707
807 0.9560104554222145 2.5417955716016194 2.6587529008551014
808 0.9549678886851801 2.53689089519975 2.656519580666314
809 0.9539244466195341 2.5319862195826928 2.6542838151966945
810 0.9528801267895388 2.527081544754032 2.6520455970346672
811 0.9518349267423711 2.5221768707169043 2.6498049187467676
812 0.9507888440178903 2.517272197473963 2.647561772849953
813 0.9497418761382784 2.5123675250290267 2.6453161518416994
814 0.9486940206212015 2.5074628533851135 2.6430680481608135
815 0.9476452749683155 2.5025581825456187 2.6408174542201897
816 0.946595636645568 2.4976535125136476 2.6385643624605457
816 0.9455451031070016 2.492748843292005 2.636308765283633
817 0.9455451031070016 2.492748843292005 2.636308765283633
818 0.9444936718188528 2.487844174884364 2.63405065498577
819 0.9434413402388511 2.482939507293864 2.631790023813519
820 0.9423881058079988 2.4780348405238914 2.629526863986931
821 0.9413339659563601 2.473130174578078 2.627261167682896
822 0.9402789181027791 2.4682255094596925 2.624992927034761
823 0.9392229596530264 2.4633208451723574 2.622722134137748
824 0.9381660879981408 2.4584161817192087 2.6204487810521675
825 0.9371083005219911 2.4535115191041075 2.618172859783063
826 0.9360495945906101 2.448606857330238 2.6158943623079702
827 0.9349899675569912 2.4437021964014396 2.613613280564411
828 0.9339294167654799 2.438797536320954 2.6113296064357328
829 0.9328679395442783 2.4338928770928296 2.6090433317730133
830 0.9318055332107149 2.4289882187200593 2.606754448377779
831 0.9307421950659127 2.4240835612068596 2.6044629480188037
832 0.9296779223968135 2.4191789045564254 2.602168822423482
833 0.9286127124822064 2.4142742487729385 2.5998720632625405
833 0.9275465625859323 2.409369593859496 2.597572662166252
834 0.9275465625859323 2.409369593859496 2.597572662166252
835 0.9264794699557947 2.4044649398203526 2.5952706107293206
836 0.9254114318269521 2.3995602866587573 2.5929659004984766
837 0.9243424454221089 2.3946556343788012 2.590658522973335
838 0.9232725079482842 2.3897509829840824 2.5883484696134165
839 0.9222016166008441 2.384846332478546 2.5860357318271516
840 0.9211297685568933 2.379941682865696 2.5837203009889476
841 0.9200569609831625 2.3750370341499236 2.581402168417905
842 0.9189831910341778 2.370132386334612 2.5790813253802645
843 0.9179084558463856 2.3652277394240917 2.576757763107391
844 0.9168327525419959 2.3603230934217487 2.574431472782309
845 0.9157560782261824 2.3554184483320904 2.5721024455491803
846 0.914678429997618 2.3505138041585574 2.569770672480687
847 0.9135998049330967 2.3456091609056866 2.5674361446229255
848 0.9125202000969947 2.3407045185771946 2.565098852966097
849 0.9114396125369306 2.3357998771770765 2.5627587884572356
850 0.9103580392901864 2.330895236709649 2.5604159419815384
851 0.9092754773738411 2.3259905971786767 2.5580703043884743
852 0.9081919237916268 2.321085958588746 2.5557218664733354
853 0.9071073755330114 2.316181320943583 2.553370618977282
854 0.9060218295706451 2.311276684247747 2.55101655259569
855 0.9049352828616336 2.306372048505058 2.5486596579721454
856 0.9038477323476191 2.301467413720121 2.546299925699187
857 0.9027591749525684 2.296562779896897 2.543937346322246
858 0.9016696075890657 2.291658147039873 2.541571910322492
859 0.9005790271484144 2.2867535151531064 2.539203608142933
860 0.8994874305101267 2.2818488842412474 2.5368324301620775
861 0.8983948145348233 2.276944254308392 2.534458366711926
862 0.8973011760661693 2.2720396253593145 2.5320814080731444
863 0.8962065119332495 2.2671349973978745 2.5297015444658286
864 0.8951108189469148 2.262230370429296 2.52731876606159
865 0.894014093903029 2.2573257444573813 2.5249330629705113
866 0.8929162598559652 2.2524211194145667 2.522544633444015
866 0.8918173875343125 2.247516495371448 2.520153258712928
867 0.8918173875343125 2.247516495371448 2.520153258712928
868 0.8907174736725526 2.242611872332576 2.517758928749847
869 0.88961651499786 2.237707250302865 2.5153616334429763
870 0.8885145082208464 2.2328026292863457 2.512961362620054
871 0.887411450032755 2.227898009288352 2.510558106057927
872 0.8863073371085616 2.2229933903133863 2.50815185347055
873 0.8852021661047221 2.2180887723660625 2.5057425945155853
874 0.8840959336574712 2.213184155451448 2.503330318798764
875 0.8829886363880588 2.2082795395742565 2.5009150158572986
876 0.8818802708979082 2.203374924739211 2.4984966751731394
877 0.8807708337725438 2.1984703109514436 2.49607528616143
878 0.8796603216347622 2.193565698215405 2.4936508380176554
879 0.878548731040809 2.188661086535967 2.4912233200121743
880 0.8774360585170661 2.1837564759178165 2.4887927213847716
881 0.8763223005741454 2.1788518663662924 2.4863590313047617
882 0.8752074536987624 2.1739472578864296 2.483922238892038
883 0.8740915143612551 2.169042650483359 2.4814823331952756
883 0.8729744790119938 2.1641380441617617 2.4790393032005564
884 0.8729744790119938 2.1641380441617617 2.4790393032005564
885 0.8718563440830593 2.1592334389272465 2.476593137827236
886 0.870737105986263 2.1543288347847436 2.474143825930775
887 0.8696167611113371 2.149424231739663 2.4716913563082437
888 0.8684953058304817 2.144519629797101 2.4692357176835236
889 0.8673727364927688 2.1396150289625164 2.4667768987230025
890 0.8662490494314696 2.134710429241077 2.464314888012997
891 0.8651242409564727 2.1298058306381993 2.4618496740809244
892 0.8639983073568464 2.124901233159338 2.459381245386765
893 0.862871244901617 2.119996636809965 2.456909590319797
894 0.8617430498377903 2.1150920415954753 2.4544346972030797
895 0.8606137183928965 2.1101874475214024 2.4519565542854123
896 0.8594832467731138 2.1052828545933644 2.44947514974555
897 0.8583516311601957 2.1003782628170797 2.446990471699916
898 0.8572188677201699 2.095473672197887 2.444502508176164
899 0.8560849525900571 2.0905690827415597 2.4420112471508943
900 0.8549498818896929 2.0856644944541505 2.4395166765146667
901 0.8538136517146003 2.0807599073410423 2.4370187840900988
902 0.852676258138457 2.0758553214082927 2.434517557625272
903 0.8515376972155536 2.0709507366614903 2.4320129847842322
904 0.8503979649718774 2.066046153106959 2.429505053172703
905 0.8492570574130281 2.06114157075022 2.4269937503125196
906 0.8481149705233144 2.0562369895973474 2.424479063644617
907 0.8469717002591607 2.0513324096545817 2.4219609805462268
908 0.845827242558511 2.0464278309277866 2.419439488302155
909 0.8446815933326243 2.041523253423074 2.416914574127756
910 0.8435347484711432 2.03661867714682 2.414386225153227
911 0.842386703837856 2.031714102104916 2.4118544284335997
912 0.8412374552711767 2.0268095283038807 2.4093191709474344
913 0.8400869985882542 2.0219049557497693 2.4067804395824854
914 0.8389353295795275 2.0170003844492297 2.4042382211512603
915 0.8377824440111941 2.012095814408518 2.4016925023814815
916 0.8366283376236449 2.007191245633912 2.3991432699197452
916 0.8354730061332808 2.002286678132124 2.396590510325482
917 0.8354730061332808 2.002286678132124 2.396590510325482
918 0.834316445228348 1.9973821119096975 2.394034210080834
919 0.8331586505737196 1.9924775469732379 2.391474355575858
920 0.8319996178086007 1.9875729833291758 2.3889109331134475
921 0.8308393425443715 1.982668420984336 2.386343928914813
922 0.8296778203681078 1.9777638599454772 2.383773329107426
923 0.8285150468380017 1.9728593002194248 2.3811991197368982
924 0.8273510174863159 1.9679547418130126 2.3786212867569985
925 0.8261857278184805 1.963050184733122 2.3760398160308327
926 0.8250191733123935 1.9581456289866654 2.3734546933313676
927 0.8238513494198085 1.953241074580769 2.3708659043361706
928 0.8226822515621375 1.9483365215223774 2.3682734346375027
929 0.821511875133505 1.943431969818726 2.3656772697325845
930 0.8203402155015045 1.9385274194768807 2.3630773950193174
931 0.8191672680041507 1.933622870503951 2.360473795803757
932 0.8179930279503557 1.9287183229076472 2.357866457297851
933 0.816817490621209 1.9238137766949583 2.3552553646125434
933 0.8156406512667784 1.9189092318732701 2.3526405027667465
934 0.8156406512667784 1.9189092318732701 2.3526405027667465
935 0.8144625051085256 1.9140046884503488 2.3500218566787323
936 0.8132830473374352 1.90910014643337 2.347399411168686
937 0.8121022731164363 1.9041956058303002 2.344773150951744
938 0.8109201775768536 1.8992910666483758 2.3421430606446756
939 0.8097367558197403 1.8943865288955537 2.3395091247621136
940 0.8085520029139039 1.889481992579704 2.336871327719535
941 0.807365913898837 1.8845774577081957 2.3342296538225336
942 0.8061784837820152 1.879672924289399 2.3315840872747096
943 0.8049897075394609 1.8747683923311058 2.328934612172298
944 0.803799580115081 1.8698638618413566 2.3262812125052936
945 0.8026080964205053 1.8649593328282035 2.3236238721557916
946 0.8014152513352127 1.8600548052997035 2.3209625748957543
947 0.8002210397042399 1.855150279264177 2.3182973043920927
948 0.799025456340791 1.8502457547299813 2.315628044196925
949 0.7978284960267731 1.8453412317054063 2.3129547777439643
950 0.7966301535065234 1.8404367101988657 2.3102774883649877
950 0.7966301535065234 1.8404367101988657 2.3102774883649877
951 0.7954304234921944 1.8355321902187292 2.3075961592720513
952 0.79422930066139 1.830627671773928 2.3049107735631047
953 0.7930267796571767 1.8257231548727728 2.302221314218453
954 0.7918228550877602 1.8208186395239698 2.2995277641009273
955 0.7906175215247101 1.815914125736572 2.296830105958912
956 0.7894107735068926 1.8110096135190599 2.294128322411662
957 0.7882026055348172 1.806105102880795 2.291422395965442
958 0.7869930120717368 1.8012005938303313 2.2887123090060504
959 0.7857819875479278 1.7962960863771225 2.285998043786362
960 0.7845695264035089 1.791391580530076 2.2832795822976593
961 0.7833556229988318 1.7864870762986809 2.280556906529469
962 0.782140271649283 1.7815825736917925 2.2778299983646235
963 0.7809234666338424 1.7766780727191769 2.2750988395540452
964 0.7797052021915202 1.771773573390234 2.272363411723179
965 0.7784854725233276 1.7668690757144014 2.269623696364426
966 0.7772642717890837 1.7619645797012253 2.2668796748441657
966 0.7760415941125233 1.757060085360733 2.264131328385944
967 0.7760415941125233 1.757060085360733 2.264131328385944
968 0.7748174335754178 1.7521555927024393 2.261378638083898
969 0.7735917842187343 1.7472511017361647 2.258621584897968
970 0.7723646400445866 1.742346612472287 2.255860149646035
971 0.7711359950132171 1.7374421249203371 2.253094313008379
972 0.7699058430431001 1.7325376390909502 2.250324055527347
973 0.7686741780119445 1.7276331549938135 2.247549357599167
974 0.7674409937525416 1.722728672639757 2.2447701994861697
975 0.7662062840575153 1.7178241920388857 2.241986561297815
976 0.7649700426756799 1.7129197132018708 2.239198423000321
977 0.7637322633120016 1.7080152361390406 2.23640576441286
978 0.7624929396286786 1.7031107608613854 2.2336085652029407
979 0.7612520652418574 1.6982062873794825 2.230806804891814
980 0.7600096337237373 1.6933018157045823 2.2280004628468904
981 0.7587656386023045 1.6883973458473327 2.2251895182779626
982 0.7575200733578423 1.6834928778189648 2.2223739502460753
983 0.7562729314251069 1.6785884116305312 2.219553737653191
983 0.7550242061934404 1.6736839472936065 2.2167288592397814
984 0.7550242061934404 1.6736839472936065 2.2167288592397814
985 0.7537738910035865 1.66877948481917 2.2138992935896606
986 0.7525219791484448 1.6638750242190534 2.211065019126614
987 0.7512684638748146 1.6589705655048161 2.208226014104665
988 0.750013337087962 1.654066108686351 2.2053822604122053
989 0.7487565381532719 1.6491616537092286 2.202533894096885
990 0.7474981154854542 1.6442572006490717 2.1996807304072297
991 0.7462380621218198 1.6393527495179758 2.196822746961893
992 0.7449763710642279 1.6344483003280645 2.1939599211625884
993 0.7437130352594722 1.6295438530916033 2.1910922302485605
994 0.7424480476044215 1.6246394078213517 2.188219651278502
995 0.7411814009404092 1.6197349645293868 2.185342161142024
996 0.7399130880596267 1.614830523228463 2.1824597365391245
997 0.7386431016990302 1.6099260839316922 2.1795723539941454
998 0.7373714345433271 1.6050216466515064 2.1766799898419404
999 0.7360980792200467 1.6001172114011777 2.1737826202408064
1000 0.734823028304518 1.5952127781938312 2.1708802211527307
1001 0.7335462743149801 1.5903083470426265 2.167972768354295
1002 0.7322678097150117 1.5854039179611086 2.165060237426148
1003 0.730987626909791 1.5804994909627252 2.162142603759516
1004 0.7297057182487499 1.575595066061063 2.1592198425447413
1005 0.7284220760227593 1.570690643269953 2.156291928775752
1006 0.727136692464953 1.5657862226035202 2.1533588372436436
1007 0.7258495597472868 1.560881804075382 2.150420542541655
1008 0.724560669983439 1.5559773877001604 2.1474770190544907
1009 0.7232700152259862 1.5510729734921587 2.1445282409606388
1010 0.7219775874670695 1.5461685614654945 2.1415741822262837
1011 0.7206833786368456 1.5412641516351138 2.1386148166069487
1012 0.7193873806021407 1.5363597440156704 2.1356501176455285
1013 0.7180895851679437 1.5314553386220695 2.132680058664128
1014 0.7167899840763242 1.5265509354695852 2.1297046127628887
1015 0.715488569001064 1.5216465345731345 2.126723752830315
1016 0.714185331554643 1.5167421359481563 2.1237374515190655
1016 0.7128802632816286 1.5118377396104565 2.1207456812606327
1017 0.7128802632816286 1.5118377396104565 2.1207456812606327
1018 0.7115733556599665 1.506933345575217 2.1177484142553005
1019 0.7102646001007028 1.5020289538586475 2.1147456224703958
1020 0.7089539879460476 1.4971245644767008 2.1117372776392846
1021 0.7076415104707131 1.492220177445507 2.1087233512529577
1022 0.7063271588779776 1.4873157927814307 2.1057038145667195
1023 0.7050109243009743 1.482411410500827 2.102678638590818
1024 0.7036927978017699 1.4775070306207192 2.0996477940888814
1025 0.7023727703706226 1.472602653157495 2.0966112515729267
1026 0.7010508329242813 1.4676982781285643 2.093568981305364
1027 0.6997269763062984 1.4627939055508434 2.0905209532903877
1028 0.6984011912855246 1.4578895354419206 2.0874671372745373
1029 0.6970734685545373 1.4529851678192616 2.084407502744574
1030 0.6957437987290102 1.4480808027006873 2.081342018924282
1031 0.6944121723495977 1.443176440104113 2.078270654762593
1032 0.6930785798956105 1.4382720800477158 2.075193378886914
1033 0.6917430117797834 1.433367722550426 2.0721101596133495
1033 0.6904054583020034 1.4284633676302931 2.069020965076788
1034 0.6904054583020034 1.4284633676302931 2.069020965076788
1035 0.6890659096839094 1.4235590153065292 2.065925763124095
1036 0.687724356064136 1.4186546655975332 2.0628245213191665
1037 0.6863807874991065 1.4137503185227547 2.05971720693682
1038 0.6850351939600982 1.4088459741012593 2.0566037869629827
1039 0.6836875653349066 1.4039416323528964 2.053484228084755
1040 0.6823378914240135 1.3990372932971598 2.05035849669351
1041 0.6809861619428452 1.3941329569540368 2.0472265588724925
1042 0.6796323665180193 1.3892286233438254 2.0440883804008654
1043 0.6782764946864559 1.3843242924870034 2.040943926749119
1044 0.6769185358955618 1.3794199644037646 2.0377931630706416
1045 0.6755584795005661 1.3745156391153799 2.0346360542044355
1046 0.6741963147657416 1.3696113166428519 2.031472564662032
1047 0.6728320308616637 1.3647069970073435 2.0283026586288244
1048 0.6714656168626961 1.359802680230809 2.025126299964912
1049 0.670097061748523 1.3548983663345229 2.0219434521905053
1050 0.6687263544037173 1.3499940553409868 2.0187540784821243
1051 0.6673534836111463 1.3450897472723604 2.015558141682104
1052 0.6659784380568964 1.3401854421512327 2.0123556042766912
1053 0.664601206324603 1.3352811400003868 2.009146428404483
1054 0.6632217768967303 1.3303768408428904 2.005930575844228
1055 0.6618401381529623 1.3254725447021203 2.002708008011115
1056 0.6604562783674223 1.3205682516018395 1.9994786859565388
1057 0.6590701857088493 1.3156639615658612 1.9962425703581568
1058 0.6576818482389454 1.3107596746182817 1.992999621516183
1059 0.6562912539102734 1.3058553907836885 1.9897497993508564
1060 0.6548983905669135 1.3009511100868 1.9864930633905367
1061 0.6535032459384197 1.296046832552538 1.9832293727805999
1062 0.6521058076443514 1.2911425582065992 1.9799586862608785
1063 0.6507060631890378 1.2862382870741818 1.976680962169726
1064 0.6493039999605394 1.281334019181562 1.9733961584395499
1065 0.6478996052305734 1.276429754554904 1.970104232585001
1066 0.6464928661502234 1.271525493220791 1.9668051417064374
1066 0.6450837697512481 1.2666212352060056 1.9634988424750317
1067 0.6450837697512481 1.2666212352060056 1.9634988424750317
1068 0.643672302943566 1.2617169805381019 1.9601852911305442
1069 0.6422584525125197 1.256812729244212 1.9568644434768458
1070 0.6408422051183913 1.2519084813526047 1.9535362548746662
1071 0.6394235472947704 1.2470042368913916 1.9502006802332075
1072 0.6380024654449611 1.2420999958890597 1.9468576740103722
1073 0.636578945844471 1.2371957583748294 1.9435071901939736
1074 0.635152974634409 1.232291524377673 1.9401491823083632
1075 0.6337245378221686 1.2273872939275037 1.9367836034020265
1076 0.6322936212797841 1.222483067054288 1.9334104060387962
1077 0.6308602107406989 1.2175788437884985 1.9300295422957927
1078 0.6294242917983696 1.2126746241608746 1.9266409637544528
1079 0.6279858499054601 1.2077704082024863 1.9232446214899739
1080 0.6265448703712848 1.2028661959451976 1.9198404660665245
1081 0.6251013383581469 1.197961987420897 1.916428447533629
1082 0.6236552388828333 1.193057782662045 1.9130085154086005
1083 0.6222065568093045 1.1881535817013775 1.9095806186843607
1083 0.6207552768511538 1.1832493845722385 1.9061447058080518
1084 0.6207552768511538 1.1832493845722385 1.9061447058080518
1085 0.6193013835689802 1.1783451913081324 1.902700724673714
1086 0.6178448613665276 1.173441001943477 1.899248622620412
1087 0.6163856944881815 1.168536816512708 1.8957883464232692
1088 0.6149238670173331 1.163632635050716 1.892319842283689
1089 0.6134593628889252 1.1587284575936223 1.888843055776174
1090 0.6119921658881384 1.1538242841776847 1.8853579318343494
1091 0.6105222596039772 1.1489201148398591 1.8818644148783705
1092 0.6090496274532425 1.14401594961647 1.8783624487222879
1093 0.6075742526792383 1.1391117885455482 1.8748519765647953
1094 0.6060961183516729 1.134207631664642 1.8713329409685229
1095 0.6046152073606806 1.1293034790121639 1.8678052838629358
1096 0.603131502417063 1.1243993306272861 1.864268946525311
1097 0.6016449860471578 1.1194951865494134 1.8607238695772423
1098 0.6001556405912238 1.1145910468184603 1.8571699929712517
1099 0.5986634482010564 1.109686911475371 1.8536072559798091
1100 0.59716839083666 1.1047827805608315 1.850035597183871
1101 0.5956704502635058 1.0998786541169912 1.8464549544642335
1102 0.5941696080488083 1.0949745321858122 1.8428652649899002
1103 0.592665845560295 1.090070414810579 1.8392664652035875
1104 0.5911591439597976 1.0851663020344327 1.835658490817881
1105 0.5896494842031901 1.0802621939017674 1.8320412767960885
1106 0.5881368470364821 1.0753580904573057 1.8284147573406522
1107 0.5866212129921659 1.0704539917463929 1.8247788658823842
1108 0.5851025623852495 1.0655498978149966 1.8211335350697129
1109 0.5835808753106444 1.0606458087101303 1.8174786967539687
1110 0.5820561316406427 1.0557417244790046 1.813814281971712
1111 0.5805283110179889 1.0508376451697168 1.81014022094291
1112 0.5789973928559511 1.0459335708310016 1.8064564430451928
1113 0.5774633563336454 1.041029501512589 1.802762876803399
1114 0.5759261803903784 1.0361254372646238 1.799059449880035
1115 0.5743858437225754 1.0312213781381072 1.795346089058874
1116 0.5728423247825626 1.0263173241846566 1.7916227202210004
1116 0.5712956017718344 1.0214132754570582 1.7878892683388679
1117 0.5712956017718344 1.0214132754570582 1.7878892683388679
1118 0.5697456526350457 1.016509232008615 1.7841456574654142
1119 0.5681924550602392 1.0116051938933608 1.7803918107045464
1120 0.5666359864727527 1.0067011611661876 1.7766276502006035
1121 0.5650762240292948 1.0017971338831102 1.7728530971269016
1122 0.5635131446147172 0.9968931121007197 1.7690680716637253
1123 0.5619467248389481 0.9919890958765126 1.7652724929766483
1124 0.5603769410288115 0.9870850852688848 1.761466279209612
1125 0.5588037692268227 0.9821810803373663 1.7576493474557997
1126 0.5572271851836386 0.9772770811421002 1.753821613746341
1127 0.5556471643539409 0.9723730877442739 1.7499829930291577
1128 0.5540636818927203 0.9674691002063694 1.7461333991454329
1129 0.5524767126838543 0.9625651185925016 1.7422727447035646
1130 0.5508862312701754 0.9576611429677854 1.738400941260977
1131 0.5492922118705647 0.9527571733968334 1.7345178992294565
1132 0.5476946283806712 0.9478532099463466 1.7306235278384876
1133 0.5460934543701442 0.9429492526834778 1.7267177351009655
1133 0.5444886630723405 0.9380453016767608 1.722800427806396
1134 0.5444886630723405 0.9380453016767608 1.722800427806396
1135 0.5428802273810579 0.9331413569956607 1.7188715114884283
1136 0.5412681198406867 0.9282374187112168 1.7149308904142149
1137 0.5396523126218971 0.923333486896314 1.710978467617983
1138 0.5380327775601432 0.9184295616242762 1.7070141447313791
1139 0.5364094859138101 0.9135256429689815 1.7030378227050336
1140 0.5347823769897588 0.9086217309486903 1.6990495013377946
1141 0.533151449915495 0.9037178256889201 1.695048988110527
1142 0.5315166788584378 0.8988139272750552 1.6910361669279659
1143 0.5298780337591946 0.8939100357865203 1.6870109323927203
1144 0.5282354841561351 0.8890061513041937 1.6829731776243615
1145 0.5265889991803409 0.8841022739102457 1.6789227942216607
1146 0.5249385475444858 0.8791984036889877 1.6748596722447406
1147 0.5232840975390963 0.8742945407252037 1.670783700167541
1148 0.5216256170211422 0.8693906851056816 1.66669476485938
1149 0.5199630734073956 0.8644868369187687 1.6625927515461003
1150 0.5182964336639228 0.859582996254572 1.6584775437832717
1150 0.5182964336639228 0.859582996254572 1.6584775437832717
1151 0.5166256643008396 0.8546791632041353 1.65434902340903
1152 0.5149507313762611 0.8497753378618679 1.6502070704720664
1153 0.5132716004812677 0.8448715203237595 1.6460515632105264
1154 0.5115882366955059 0.8399677106865229 1.6418823781252545
1155 0.5099006046019683 0.8350639090483123 1.6376993898647534
1156 0.5082086682803508 0.8301601155095165 1.6335024711769826
1157 0.5065123912912494 0.8252563301715837 1.6292914928848279
1158 0.5048117366722458 0.8203525531390524 1.6250663238277179
1159 0.5031066669060578 0.8154487845183347 1.620826830884749
1160 0.5013971439251811 0.8105450244188979 1.6165728788831075
1161 0.4996831291222844 0.8056412729503803 1.6123043304774467
1162 0.4979645833328166 0.8007375302261505 1.6080210461292472
1163 0.49624146681981274 0.795833796361978 1.60372288406714
1164 0.49451373922348346 0.7909300714741665 1.5994097003576373
1165 0.4927813595772911 0.7860263556815296 1.5950813487664888
1166 0.4910442862936726 0.7811226491048272 1.5907376807102713
1166 0.4893024771501519 0.7762189518676266 1.5863785452069739
1167 0.4893024771501519 0.7762189518676266 1.5863785452069739
1168 0.48755588927575766 0.7713152640955802 1.5820037888196454
1169 0.4858044791365729 0.7664115859169534 1.5776132556025573
1170 0.48404820252228564 0.7615079174628429 1.573206787040559
1171 0.48228701453161493 0.7566042588666971 1.5687842219875903
1172 0.48052086955451884 0.7517006102647024 1.5643453966142797
1173 0.47874972125864107 0.746796971795997 1.5598901443381632
1174 0.47697352257124925 0.7418933436026315 1.555418295764644
1175 0.47519222566503255 0.7369897258294205 1.5509296786116433
1176 0.47340578193760124 0.7320861186241896 1.5464241176519566
1177 0.471614141996884 0.7271825221382089 1.5419014346330044
1178 0.469817255639097 0.7222789365256026 1.5373614482147522
1179 0.4680150718354641 0.7173753619438308 1.5328039738772175
1180 0.46620753870692155 0.7124717985539383 1.5282288238625614
1181 0.4643946035073546 0.7075682465204577 1.523635807084162
1182 0.4625762126029262 0.7026647060111836 1.5190247290436192
1183 0.4607523114496593 0.6977611771981495 1.5143953917513557
1183 0.4589228445726228 0.6928576602562857 1.509747593632035
1184 0.4589228445726228 0.6928576602562857 1.509747593632035
1185 0.45708775554216635 0.6879541553655641 1.505081129442113
1186 0.45524698695112764 0.6830506627092249 1.5003957901703866
1187 0.45340048039119984 0.6781471824746967 1.495691362941615
1188 0.4515481764287434 0.6732437148540709 1.4909676309152633
1189 0.44969001457711016 0.6683402600433584 1.486224373187089
1190 0.4478259332718698 0.6634368182436041 1.4814613646790291
1191 0.44595586984225916 0.6585333896599992 1.476678376030641
1192 0.44407976048444187 0.653629974503053 1.4718751734823832
1193 0.44219754023106295 0.648726572987791 1.4670515187597148
1194 0.4403091429219925 0.6438231853346725 1.462207168949784
1195 0.43841450117299896 0.6389198117694505 1.4573418763749602
1196 0.4365135463427016 0.6340164525231307 1.4524553884643292
1197 0.4346062084999875 0.6291131078322998 1.4475474476161743
1198 0.4326924163896279 0.6242097779396483 1.4426177910582194
1199 0.43077209739758504 0.6193064630938359 1.4376661506983386
1200 0.42884517751210216 0.6144031635493311 1.4326922529797887
1201 0.42691158128557577 0.6094998795675093 1.4276958187269086
1202 0.42497123179739676 0.604596611415926 1.4226765629730083
1203 0.42302405061098775 0.5996933593693954 1.4176341948010716
1204 0.42106995773196626 0.594790123709407 1.4125684171655462
1205 0.4191088715631857 0.589886904725033 1.407478926716302
1206 0.41714070886089366 0.5849837027129338 1.4023654136043857
1207 0.4151653846852908 0.5800805179772853 1.3972275612934486
1208 0.41318281235415083 0.5751773508307014 1.392065046349751
1209 0.411192903388353 0.5702742015942143 1.38687753824296
1210 0.4091955674625878 0.5653710705972785 1.3816646991147323
1211 0.4071907123489576 0.5604679581782956 1.376426183556911
1212 0.40517824385899215 0.55556486468561 1.3711616383799583
1213 0.40315806578537605 0.5506617904766495 1.3658707023606917
1214 0.4011300798402262 0.5457587359188304 1.3605530059880104
1215 0.39909418559121035 0.5408557013906571 1.3552081711975934
1216 0.39705028039453455 0.5359526872808006 1.3498358110923476
1216 0.39499825932721483 0.5310496939891258 1.3444355296492752
1217 0.39499825932721483 0.5310496939891258 1.3444355296492752
1218 0.39293801511264753 0.5261467219277802 1.3390069214274023
1219 0.39086943804614144 0.5212437715202756 1.3335495712477363
1220 0.38879241591801594 0.5163408432032531 1.3280630538640268
1221 0.38670683393025007 0.5114379374259757 1.3225469336242017
1222 0.38461257461357024 0.5065350546516469 1.3170007641080774
1223 0.3825095177374158 0.5016321953573988 1.3114240877576229
1224 0.38039754021805217 0.4967293600352037 1.3058164354860644
1225 0.3782765160207037 0.4918265491923835 1.3001773262749015
1226 0.37614631606216603 0.486923763351919 1.2945062667354283
1227 0.3740068081027197 0.48202100305374795 1.2888027506744277
1228 0.3718578566376277 0.477118268855074 1.2830662586215615
1229 0.36969932278029577 0.47221556133078174 1.2772962573464306
1230 0.3675310641448443 0.4673128810753627 1.271492199340174
1231 0.365352934718789 0.4624102287022027 1.265653522280089
1232 0.36316478473128383 0.45750760484567643 1.259779648470596
1233 0.3609664605168498 0.4526050101615283 1.2538699842458103
1233 0.35875780436848426 0.44770244532795 1.2479239193584475
1234 0.35875780436848426 0.44770244532795 1.2479239193584475
1235 0.3565386543877866 0.44279991104622535 1.241940826322347
1236 0.3543088443273133 0.43789740804291655 1.23592005972728
1237 0.3520682034197949 0.43299493706937997 1.229860955529377
1238 0.34981655620776436 0.42809249890468626 1.2237628302830583
1239 0.34755372235629056 0.42319009435535465 1.2176249803520343
1240 0.34527951646107 0.4182877242577629 1.2114466810686828
1241 0.34299374784496983 0.41338538947956466 1.2052271858506622
1242 0.34069622034562563 0.4084830909202648 1.198965725260678
1243 0.3383867320866893 0.4035808295139263 1.1926615060384085
1244 0.3360650752418401 0.3986786062303256 1.1863137100557901
1245 0.333731035786882 0.3937764220770029 1.1799214932124724
1246 0.33138439323200003 0.38887427810107045 1.1734839842889708
1247 0.32902492034496145 0.3839721753914504 1.1670002837137086
1248 0.3266523828572152 0.37907011508082555 1.1604694622617309
1249 0.3242665391510876 0.3741680983487013 1.1538905596866493
1250 0.32186713993146276 0.3692661264226554 1.1472625832549592
1251 0.3194539278766579 0.3643642005827351 1.1405845062059066
1252 0.3170266378042134 0.35946232216426216 1.1338552641947262
1253 0.3145849974826031 0.3545604925666138 1.1270737492375853
1254 0.3121287228929982 0.34965871324090275 1.1202388232651384
1255 0.3096575185803101 0.34475698569705654 1.1133493133887635
1256 0.30717108069598126 0.33985531151929943 1.1064039972423934
1257 0.3046690951635872 0.3349536923648028 1.099401605485961
1258 0.30215123676754835 0.33005212996825994 1.0923408207730634
1259 0.2996171685813159 0.32515062614539425 1.085220275209792
1260 0.297066541371496 0.3202491827990783 1.0780385475945986
1261 0.29449899294790166 0.315347801924139 1.0707941605081333
1262 0.29191414747863925 0.31044648561371396 1.063485577164193
1263 0.2893116147537925 0.3055452360656331 1.0561111980438656
1264 0.28669098939604526 0.30064405558962 1.0486693572859365
1265 0.28405185001871236 0.2957429466148475 1.0411583187906186
1266 0.28139375831714014 0.2908419116979348 1.0335762720441946
1266 0.2787162580952801 0.28594095353206195 1.0259213276116532
1267 0.2787162580952801 0.28594095353206195 1.0259213276116532
1268 0.27601887421961907 0.28104007495717387 1.0181915122715832
1269 0.27330111149032216 0.2761392789703391 1.010384763766749
1270 0.2705624534276199 0.2712385687372536 1.002498925113475
1271 0.2678023609546677 0.2663379476050247 0.9945317384640575
1272 0.26502027098540376 0.2614374191171082 0.9864808384091763
1273 0.26221559488121066 0.256536987027122 0.9783437447469088
1274 0.2593877167916968 0.2516366553170238 0.9701178545748271
1275 0.2565359918420357 0.24673642821475653 0.9618004337055623
1276 0.2536597441699901 0.24183631021580348 0.9533886072743842
1277 0.25075826478288155 0.2369363061050874 0.9448793494812151
1278 0.24783080922210618 0.23203642098201938 0.9362694723482428
1279 0.24487659500810707 0.2271366602889818 0.9275556133956454
1280 0.24189479884783407 0.22223702984241325 0.9187342220706998
1281 0.23888455356457405 0.21733753586632873 0.9098015448185065
1282 0.23584494473021236 0.21243818503267106 0.9007536085867062
1283 0.23277500695199047 0.2075389845028527 0.8915862025756801
1283 0.22967371977636838 0.2026399419780483 0.8822948580070777
1284 0.22967371977636838 0.2026399419780483 0.8822948580070777
1285 0.22654000315384595 0.19774106575311243 0.872874825638738
1286 0.223372712417993 0.19284236477855723 0.8633210506827489
1287 0.22017063269522394 0.187943848730769 0.8536281448168177
1288 0.21693247268203836 0.18304552809218613 0.8437903548007729
1289 0.21365685769029175 0.17814741424132738 0.8338015272112753
1290 0.2103423218536694 0.1732495195574844 0.8236550687027708
1291 0.2069872993644708 0.16835185753978416 0.813343901083245
1292 0.20359011459945936 0.16345444294465283 0.8028604103211546
1293 0.20014897094665948 0.15855729194520107 0.7921963884963328
1294 0.19666193812227836 0.15366042231604246 0.7813429674454908
1295 0.19312693771663092 0.1487638536492571 0.770290542625046
1296 0.18954172666490524 0.1438676076080873 0.7590286853429052
1297 0.1859038782546971 0.1389717082248284 0.7475460411559064
1298 0.18221076021387583 0.13407618225588055 0.7358302116653498
1299 0.17845950930601953 0.1291810596028165 0.7238676162742266
1300 0.17464700172923855 0.12428637382042038 0.7116433296295916
1301 0.1707698184317229 0.11939216272738196 0.6991408893200719
1302 0.1668242042429168 0.11449846915157447 0.6863420669152448
1303 0.16280601941385428 0.10960534184287801 0.6732265934483682
1304 0.15871068174909803 0.10471283660323562 0.6597718278897804
1305 0.15453309702112253 0.09982101769434625 0.6459523533699846
1306 0.1502675746138278 0.09492995961586773 0.6317394811211131
1307 0.14590772437441027 0.09003974936873638 0.6171006350403188
1308 0.14144632928131487 0.08515048937528484 0.6019985800121662
1309 0.13687518663692513 0.08026230129759805 0.5863904427798274
1310 0.1321849077100372 0.07537533110072465 0.5702264532806507
1311 0.12736466173643687 0.07048975588261426 0.5534483028619259
1312 0.12240184419765313 0.06560579325530969 0.5359869672336814
1313 0.11728164013108894 0.060723714508463485 0.5177597656426949
1314 0.11198643895815812 0.05584386352154107 0.49866630317985383
1315 0.10649503443858424 0.05096668470313939 0.47858273366287246
1316 0.1007815054154612 0.046092765605190524 0.45735341435095583
1316 0.0948136095970129 0.04122290447095341 0.4347783471820499
1317 0.0948136095970129 0.04122290447095341 0.4347783471820499
1318 0.08855040573211582 0.03635822225229481 0.41059351396182553
1319 0.08193859624795584 0.031500358828395233 0.3844385951288626
1320 0.07490669937180458 0.02665184196515755 0.3558005116854674
1321 0.06735532046811658 0.021816845573849452 0.3239067889844976
1322 0.059140181517603134 0.017002944758562483 0.2875024107509974
1323 0.050042192509975936 0.012225912307727347 0.2443120833542636
1324 0.03972690915688482 0.0075264697940704344 0.18945520690642678
1325 0.027912564659017085 0.0030537260259307195 0.10940327638235209
1326 0.023448279564324104 0.0003622079763840707 0.01544710243625549
1327 0.020617612334748785 3.4249365043990075e-05 0.001661170289164203
1328 0.018168588320570386 3.179164248939586e-06 0.00017498135754114437
1329 0.01602680184366078 2.950687745418732e-07 1.841095793285697e-05
1330 0.014137214236050778 2.7389028544480965e-08 1.9373709761458684e-06
1331 0.012466973384885555 2.5422512221494566e-09 2.0391887779527766e-07
