1 1.498618641382448 2.9951103398042838 1.9985807310132948
2 1.4972355964177686 2.9901905070144434 1.9971409403895182
3 1.49586388123016 2.9852853319391994 1.995693170614012
4 1.4944967048973887 2.9803804932543185 1.994236911655787
5 1.4931310605724624 2.9754756164015044 1.9927759156391236
6 1.4917648489601512 2.970570737738991 1.9913130007116442
7 1.4903962638762978 2.9656658591190705 1.9898505726294677
8 1.4890232382819548 2.960760980305966 1.9883913858336502
9 1.4876448120709882 2.9558561012416424 1.986936718534796
10 1.4862601567041869 2.9509512215811733 1.9854876740590084
11 1.4848692128432597 2.9460463414761544 1.9840443292881003
12 1.4834729280096335 2.9411414610237077 1.9826054156376274
13 1.4820745287049535 2.9362365805283286 1.9811666172375497
14 1.4806751536570188 2.931331699923694 1.9797264056763546
15 1.4792747863736628 2.926426819980319 1.9782847966700268
16 1.477873400372064 2.921521940521202 1.9768418186467733
16 1.476470993032239 2.9166170613636444 1.9753974681031605
17 1.476470993032239 2.9166170613636444 1.9753974681031605
18 1.475067561972979 2.9117121825078085 1.9739517413109156
19 1.4736631047010662 2.906807303955381 1.9725046346634494
20 1.4722576187286358 2.9019024257076 1.9710561445173775
21 1.4708511015457733 2.896997547765727 1.9696062672293355
22 1.4694435506454393 2.8920926701307175 1.9681549991222138
23 1.4680349634981709 2.8871877928035095 1.966702336519049
24 1.4666253375649514 2.8822829157851455 1.9652482757257013
25 1.4652146703003859 2.877378039077034 1.9637928130265978
26 1.4638029591481494 2.8724731626798463 1.962335944689894
27 1.4623902015380486 2.867568286594949 1.9608776669722103
28 1.4609763948963854 2.8626634108232687 1.9594179761037775
29 1.4595615366326535 2.857758535366225 1.9579568683067274
30 1.4581456241466713 2.852853660224559 1.9564943397845411
31 1.4567286548293341 2.8479487853994483 1.9550303867216132
32 1.4553106260571091 2.8430439108920127 1.9535650052901121
33 1.4538915351962842 2.838139036703156 1.9520981916439797
33 1.4524713796017272 2.8332341628344753 1.9506299419210298
34 1.4524713796017272 2.8332341628344753 1.9506299419210298
35 1.4510501566220368 2.8283292892870473 1.9491602522350011
36 1.4496278635899118 2.8234244160616244 1.9476891186884282
37 1.448204497830482 2.8185195431598653 1.946216537362104
38 1.4467800566565974 2.8136146705822087 1.9447425043197415
39 1.4453545373633736 2.808709798330484 1.9432670156169107
40 1.4439279372387754 2.803804926405531 1.9417900672849708
41 1.4425002535678138 2.7989000548085228 1.940311655326127
42 1.441071483606044 2.7939951835404226 1.9388317757484936
43 1.4396416246163353 2.7890903126027204 1.9373504245169442
44 1.4382106738386033 2.784185441996705 1.9358675975931101
45 1.4367786284996067 2.77928057172331 1.9343832909218908
46 1.4353454858226053 2.774375701783692 1.93289750041864
47 1.4339112430124514 2.7694708321790626 1.9314102219889029
48 1.432475897260674 2.764565962910998 1.9299214515215803
49 1.4310394457525601 2.7596610939800432 1.9284311848781936
50 1.4296018856593933 2.7547562253882214 1.9269394179048738
51 1.428163214135799 2.749851357136128 1.9254461464336907
52 1.4267234283347994 2.7449464892252227 1.9239513662637389
53 1.4252825253820003 2.7400416216567445 1.9224550731949557
54 1.4238405024004028 2.7351367544316982 1.9209572629944345
55 1.4223973564989008 2.7302318875517155 1.9194579314123081
56 1.4209530847779344 2.725327021017806 1.9179570741730143
57 1.419507684310346 2.7204221548314864 1.9164546870016959
58 1.4180611521789264 2.7155172889938255 1.9149507655726192
59 1.416613485432585 2.710612423505941 1.913445305568451
60 1.41516468111731 2.7057075583695664 1.911938302638629
61 1.4137147362666376 2.7008026935855693 1.9104297524109397
62 1.412263647901739 2.695897829155526 1.90891965049227
63 1.4108114130221692 2.6909929650803943 1.9074079924799336
64 1.4093580286219949 2.6860881013619564 1.9058947739406495
65 1.4079034916804765 2.681183238001203 1.904379990421742
66 1.406447799276113 2.676278374998803 1.9028636372969272
66 1.404990948379569 2.6713735123559115 1.901345710046681
67 1.404990948379569 2.6713735123559115 1.901345710046681
68 1.4035329359321842 2.666468650074033 1.8998262041517713
69 1.4020737588580279 2.6615637881545644 1.898305115076382
70 1.400613414068785 2.6566589265984515 1.8967824382609986
71 1.3991518984561122 2.6517540654074288 1.8952581691333834
72 1.3976892089079427 2.646849204582698 1.893732303085292
73 1.396225342289207 2.6419443441256956 1.892204835498865
74 1.3947602954558023 2.63703948403762 1.8906757617271042
75 1.393294065246444 2.632134624319971 1.8891450771050275
76 1.391826648486965 2.627229764974005 1.887612776943184
77 1.3903580419918995 2.622324906001247 1.8860788565255948
78 1.3888882425546383 2.6174200474030527 1.8845433111225178
79 1.3874172469557848 2.6125151891809493 1.8830061359790828
80 1.3859450519694996 2.607610331336341 1.881467326306185
81 1.3844716543466724 2.6027054738702664 1.8799268773028615
82 1.3829970508216636 2.5978006167845176 1.878384784147672
83 1.3815212381161208 2.592895760080578 1.8768410419924633
83 1.3800442129433554 2.587990903759615 1.87529564595612
84 1.3800442129433554 2.587990903759615 1.87529564595612
85 1.3785659719915857 2.5830860478232887 1.873748591147624
86 1.377086511945804 2.578181192272988 1.872199872635492
87 1.3756058294619988 2.5732763371102236 1.8706494854827964
88 1.3741239211887368 2.568371482336474 1.8690974247174221
89 1.3726407837556225 2.563466627953089 1.8675436853473784
90 1.3711564137813204 2.5585617739617477 1.8659882623499153
91 1.3696708078671604 2.5536569203639847 1.864431150679569
92 1.3681839625933938 2.5487520671610944 1.8628723452728775
93 1.3666958744977415 2.5438472143546433 1.861311841077667
94 1.3652065400995486 2.5389423619456437 1.8597496330192707
95 1.3637159559378542 2.534037509936131 1.8581857159494946
96 1.3622241185297366 2.5291326583274683 1.8566200847017662
97 1.3607310243832529 2.524227807121142 1.8550527340737604
98 1.3592366699822882 2.519322956318902 1.8534836588478227
99 1.3577410517995712 2.514418105922245 1.8519128537725185
100 1.3562441662874312 2.5095132559326165 1.8503403135750491
101 1.3547460098832043 2.5046084063520953 1.8487660329540467
102 1.3532465790107595 2.4997035571819364 1.8471900065760753
103 1.3517458700661094 2.494798708423596 1.8456122290956833
104 1.3502438794404663 2.4898938600791642 1.8440326951239079
105 1.348740603502434 2.4849890121498017 1.8424513992510771
106 1.3472360386035567 2.480084164637569 1.8408683360402365
107 1.3457301810740014 2.4751793175437267 1.8392835000314354
108 1.3442230272338533 2.470274470870395 1.8376968857271654
109 1.3427145733775674 2.4653696246190124 1.8361084876121008
110 1.3412048157874819 2.460464778791506 1.8345183001351335
111 1.3396937507274613 2.4555599333891656 1.8329263177168533
112 1.3381813744406679 2.450655088413914 1.8313325347531737
113 1.3366676831513262 2.4457502438676086 1.8297369456120243
114 1.3351526730688084 2.4408453997516553 1.8281395446270916
115 1.3336363403826108 2.4359405560682106 1.8265403261052084
116 1.3321186812615877 2.4310357128189453 1.8249392843260963
116 1.3305996918575596 2.4261308700051782 1.823336413537134
117 1.3305996918575596 2.4261308700051782 1.823336413537134
118 1.3290793683069886 2.4212260276292636 1.8217317079517052
119 1.3275577067202047 2.41632118569274 1.8201251617621788
120 1.3260347031935065 2.4114163441971854 1.8185167691235684
121 1.3245103537990128 2.4065115031449795 1.8169065241676128
122 1.3229846545910753 2.40160666253731 1.8152944209920778
123 1.3214576016112147 2.396701822376478 1.8136804536553042
124 1.3199291908760997 2.3917969826642866 1.812064616191068
125 1.3183994183783725 2.386892143402096 1.8104469026070769
126 1.3168682801015559 2.381987304592234 1.8088273068651461
127 1.3153357719939147 2.377082466236516 1.807205822915545
128 1.3138018899929047 2.3721776283369715 1.8055824446635427
129 1.3122666300192827 2.367272790895346 1.803957165976674
130 1.310729987965498 2.3623679539131825 1.802329980700317
131 1.3091919597077835 2.357463117393054 1.8007008826415714
132 1.3076525410989237 2.3525582813364054 1.799069865577109
133 1.306111727970354 2.34765344574567 1.7974369232514515
133 1.3045695161336486 2.3427486106223565 1.7958020493730058
134 1.3045695161336486 2.3427486106223565 1.7958020493730058
135 1.3030259013848042 2.3378437759686226 1.7941652376089032
136 1.3014808794872614 2.332938941786401 1.7925264816072428
137 1.2999344461878493 2.3280341080776252 1.7908857749748472
138 1.298386597214968 2.323129274844436 1.7892431112794411
139 1.2968373282663732 2.318224442089123 1.7875984840659636
140 1.2952866350304786 2.3133196098131243 1.785951886825954
141 1.2937345131622635 2.308414778019072 1.7843033130318482
142 1.2921809583030097 2.303509946708534 1.7826527561075332
143 1.2906259660619868 2.2986051158841065 1.781000209454726
144 1.2890695320352428 2.293700285547242 1.7793456664248684
145 1.2875116517901062 2.2887954557006633 1.7776891203418712
146 1.2859523208671728 2.2838906263462335 1.7760305644972187
147 1.2843915347938988 2.2789857974859413 1.7743699921314422
148 1.2828292890697583 2.274080969122306 1.7727073964544047
149 1.2812655791663077 2.269176141257147 1.7710427706437348
150 1.279700400535253 2.2642713138926425 1.7693761078339731
151 1.2781337486061635 2.25936648703119 1.767707401119081
152 1.2765656187810313 2.2544616606747456 1.7660366435589023
153 1.2749960064403765 2.24955683482588 1.7643638281710003
154 1.27342490693516 2.244652009486658 1.762688947940415
155 1.2718523156016124 2.2397471846591284 1.7610119957989632
156 1.2702782277413622 2.23484236034595 1.7593329646526696
157 1.2687026386369258 2.229937536548946 1.7576518473586185
158 1.2671255435413744 2.22503271327088 1.7559686367400797
159 1.2655469376790915 2.220127890513673 1.754283325583486
160 1.2639668162582836 2.2152230682799896 1.752595906621747
161 1.2623851744579282 2.210318246571856 1.7509063725506542
162 1.2608020074285522 2.205413425391693 1.7492147160280205
163 1.2592173102199151 2.200508604741927 1.747520929773131
164 1.2576309309528322 2.1956037845730916 1.7458252103497591
165 1.2560430122577437 2.190698964935057 1.744127345605199
166 1.2544535491493274 2.1857941458305263 1.742427328068673
166 1.2528625366568071 2.1808893272616166 1.740725150167868
167 1.2528625366568071 2.1808893272616166 1.740725150167868
168 1.251269969772905 2.1759845092311845 1.739020804300216
169 1.2496758434606974 2.1710796917416477 1.7373142828217985
170 1.2480801526608674 2.1661748747951637 1.7356055780367532
171 1.2464828922772884 2.1612700583947517 1.733894682217558
172 1.244884057196589 2.1563652425424604 1.7321815875756956
173 1.243283642269952 2.1514604272413047 1.730466286287841
174 1.2416816423210058 2.146555612493555 1.7287487704828424
175 1.2400780521434944 2.141650798301893 1.7270290322452009
176 1.2384728665071332 2.1367459846688353 1.725307063605764
177 1.2368660801484104 2.1318411715974164 1.7235828565543805
178 1.235257687848816 2.1269363590895844 1.7218564029288614
179 1.2336476843213176 2.12203154714814 1.720127694573966
180 1.2320360642117003 2.1171267357759613 1.7183967233382678
181 1.2304228221381517 2.112221924975247 1.7166634810176555
182 1.228807952688476 2.107317114749131 1.7149279593597913
183 1.2271914504191013 2.102412305100351 1.7131901500636684
183 1.2255733098577695 2.0975074960312465 1.7114500447750995
184 1.2255733098577695 2.0975074960312465 1.7114500447750995
185 1.2239535254954825 2.092602687544963 1.7097076350981812
186 1.2223320917989298 2.087697879644324 1.707962912576253
187 1.2207090031983865 2.0827930723318113 1.7062158687079996
188 1.2190842540940081 2.077888265610693 1.7044664949387982
189 1.2174578388533244 2.072983459483431 1.7027147826621187
190 1.2158297518095151 2.0680786539531977 1.7009607232223785
191 1.21419998726622 2.0631738490226197 1.6992043079063694
192 1.2125685394945835 2.058269044694995 1.6974455279475682
193 1.2109354027289905 2.0533642409729858 1.6956843745302013
194 1.2093005711759497 2.0484594378597287 1.6939208387768832
195 1.207664039002479 2.043554635357821 1.6921549117631927
196 1.2060258003443685 2.0386498334707412 1.6903865845064223
197 1.2043858493012207 2.0337450322012867 1.688615847970363
198 1.2027441799399299 2.028840231552652 1.6868426930604483
199 1.201100786294437 2.023935431527757 1.6850671106226476
200 1.1994556623588626 2.019030632129937 1.6832890914527756
201 1.1978088020973134 2.014125833361967 1.6815086262810193
202 1.1961601994308828 2.009221035227365 1.6797257057903496
203 1.1945098482508887 2.004316237728894 1.6779403205957644
204 1.1928577424101536 1.9994114408702373 1.6761524612569914
205 1.1912038757241636 1.994506644654222 1.6743621182744304
206 1.1895482419704655 1.9896018490840908 1.6725692820901075
207 1.1878908348921537 1.9846970541635238 1.6707739430818243
208 1.1862316481941082 1.9797922598953681 1.6689760915663971
209 1.1845706755397571 1.9748874662831566 1.6671757178045006
210 1.1829079105607474 1.9699826733301715 1.6653728119852695
211 1.1812433468460877 1.9650778810398402 1.6635673642408957
212 1.1795769779436365 1.9601730894154874 1.6617593646433053
213 1.177908797368653 1.9552682984606842 1.6599488031913723
214 1.1762387985894756 1.9503635081786175 1.6581356698295096
215 1.174566975036453 1.9454587185730638 1.6563199544348557
216 1.1728933201073817 1.9405539296471106 1.6545016468074414
216 1.1712178271501505 1.9356491414046928 1.6526807366948846
217 1.1712178271501505 1.9356491414046928 1.6526807366948846
218 1.1695404894753851 1.9307443538493452 1.6508572137724016
219 1.1678613003482394 1.9258395669843504 1.6490310676534043
220 1.1661802529977237 1.920934780813708 1.6472022878760388
221 1.1644973406121872 1.9160299953407156 1.6453708639072036
222 1.1628125563291059 1.9111252105692822 1.6435367851569576
223 1.1611258932504311 1.906220426503026 1.6417000409548985
224 1.1594373444346884 1.9013156431455278 1.6398606205603634
225 1.1577469028911422 1.8964108605009786 1.6380185131700498
226 1.1560545615898008 1.8915060785728024 1.6361737079014784
227 1.1543603134561158 1.88660129736488 1.6343261938003217
228 1.1526641513697233 1.8816965168810635 1.6324759598405338
229 1.1509660681669427 1.8767917371253489 1.630622994919715
230 1.1492660566355284 1.8718869581015607 1.6287672878650068
231 1.1475641095186253 1.8669821798136914 1.6269088274265078
232 1.1458602195129304 1.8620774022656907 1.6250476022784017
233 1.1441543792693378 1.8571726254615724 1.6231836010168237
233 1.1424465813910496 1.8522678494055487 1.6213168121613324
234 1.1424465813910496 1.8522678494055487 1.6213168121613324
235 1.140736818434836 1.8473630741012401 1.619447224151089
236 1.1390250829060462 1.8424582995531869 1.617574825351905
237 1.137311367264989 1.8375535257653772 1.6156996040445224
238 1.1355956639205047 1.8326487527421864 1.6138215484331735
239 1.1338779652338677 1.8277439804873856 1.6119406466377577
240 1.1321582635156602 1.8228392090057273 1.6100568866982559
241 1.1304365510265284 1.8179344383013456 1.6081702565708027
242 1.12871281997343 1.8130296683784062 1.606280744132139
243 1.1269870625182918 1.8081248992412804 1.6043883371659675
244 1.1252592707646947 1.80322013089472 1.6024930233805603
245 1.1235294367677398 1.7983153633427382 1.6005947903922102
246 1.1217975525300905 1.7934105965899279 1.598693625730497
247 1.1200636100001138 1.7885058306408892 1.5967895168388762
248 1.118327601072958 1.7836010655000742 1.5948824510714326
249 1.1165895175874883 1.7786963011719268 1.59297241569578
250 1.114849351330208 1.7737915376615159 1.5910593978864283
251 1.1131070940317922 1.7688867749732369 1.5891433847269278
252 1.1113627373677752 1.763982013111795 1.5872243632081153
253 1.109616272956261 1.7590772520819042 1.5853023202294398
254 1.107867692358726 1.7541724918885138 1.5833772425963253
255 1.10611698707996 1.749267732536144 1.5814491170179372
256 1.1043641485652944 1.7443629740299753 1.5795179301103883
257 1.1026091682049664 1.7394582163748233 1.5775836683878106
258 1.1008520373268211 1.734553459575781 1.5756463182715865
259 1.099092747200079 1.72964870363748 1.5737058660824865
260 1.0973312890317561 1.7247439485653004 1.5717622980450596
261 1.0955676539722345 1.7198391943642957 1.5698156002768244
262 1.0938018331059902 1.7149344410393594 1.5678657587998217
263 1.0920338174609376 1.710029688596087 1.5659127595261082
264 1.0902635979962374 1.7051249370393011 1.5639565882719544
265 1.0884911656146967 1.7002201863746595 1.5619972307395853
266 1.0867165111471502 1.695315436607029 1.5600346725361107
266 1.0849396253671264 1.6904106877422238 1.5580688991520755
267 1.0849396253671264 1.6904106877422238 1.5580688991520755
268 1.083160498979106 1.6855059397854129 1.5560998959748127
269 1.081379122624068 1.6806011927419677 1.5541276482792001
270 1.0795954868717559 1.6756964466178244 1.552152141237025
271 1.0778095822346097 1.6707917014182476 1.5501733598936978
272 1.0760213991462708 1.6658869571488537 1.5481912891979561
273 1.074230927976807 1.6609822138154606 1.5462059139776712
274 1.072438159028231 1.6560774714236732 1.544217218943697
275 1.070643082532168 1.651172729979264 1.5422251886913523
276 1.06884568864716 1.6462679894881271 1.5402298077020002
277 1.0670459675070738 1.6413632499561097 1.5382310602708205
278 1.0652439091732333 1.6364585113894567 1.536228930573806
279 1.0634395035893867 1.6315537737940982 1.534223402729706
280 1.0616327406280566 1.6266490371757272 1.5322144607309396
281 1.059823610083832 1.621744301540805 1.530202088451799
282 1.058012101675753 1.6168395668954891 1.5281862696415536
283 1.0561982050510543 1.611934833245747 1.5261669879166568
283 1.0543819097779008 1.6070301005981218 1.5241442267694378
284 1.0543819097779008 1.6070301005981218 1.5241442267694378
285 1.0525632053479694 1.6021253689586545 1.522117969560796
286 1.050742081172515 1.5972206383340257 1.5200881995243776
287 1.0489185265821117 1.5923159087305778 1.5180548997633971
288 1.047092530834873 1.5874111801549284 1.516018053236657
289 1.0452640831025102 1.5825064526133437 1.5139776427754148
290 1.0434331724762234 1.5776017261127795 1.5119336510731147
291 1.0415997879661616 1.572697000660023 1.5098860606825653
292 1.0397639184964098 1.5677922762614933 1.5078348540201887
293 1.0379255529072766 1.5628875529244477 1.5057800133610053
294 1.0360846799567454 1.55798283065534 1.5037215208320451
295 1.0342412883129548 1.553078109461631 1.5016593584220548
296 1.0323953665577075 1.5481733893499112 1.4995935079716123
297 1.0305469031902736 1.543268670327645 1.4975239511662533
298 1.0286958866139768 1.5383639524018549 1.495450669551606
299 1.0268423051434947 1.5334592355797878 1.4933736445203205
300 1.024986147005982 1.5285545198690142 1.4912928573073616
301 1.0231274003323299 1.5236498052764877 1.4892082889985934
302 1.0212660531662143 1.518745091810217 1.4871199205159875
303 1.0194020934524712 1.5138403794774498 1.4850277326294614
304 1.0175355090425267 1.508935668285702 1.4829317059466256
305 1.0156662876903808 1.504030958243122 1.4808318209155877
306 1.0137944170563793 1.4991262493571305 1.4787280578146653
307 1.011919884700411 1.4942215416356688 1.4766203967600144
308 1.0100426780824021 1.4893168350866328 1.4745088177008003
309 1.00816278456069 1.4844121297183819 1.4723933004184626
310 1.0062801913948376 1.4795074255387286 1.470273824517936
311 1.0043948857431537 1.474602722555921 1.4681503694285138
312 1.002506854655002 1.4696980207783354 1.4660229144110046
313 1.0006160850782868 1.464793320214258 1.46389143854274
314 0.9987225638529948 1.4598886208722661 1.4617559207234971
315 0.9968262777121085 1.454983922760699 1.4596163396696793
316 0.9949272132797268 1.4500792258885216 1.4574726739139132
316 0.9930253570707679 1.445174530264161 1.4553249018002374
317 0.9930253570707679 1.445174530264161 1.4553249018002374
318 0.9911206954858987 1.440269835896623 1.4531730014885103
319 0.9892132148166333 1.4353651427947072 1.4510169509419417
320 0.987302901239756 1.4304604509675598 1.4488567279315507
321 0.9853897408160921 1.4255557604242035 1.4466923100331543
322 0.983473719488608 1.4206510711739075 1.4445236746261256
323 0.981554823084899 1.41574638322605 1.4423507988851232
324 0.9796330373079242 1.4108416965897383 1.4401736597887664
325 0.9777083477482641 1.4059370112747074 1.437992234097915
326 0.9757807398672643 1.4010323272907628 1.4358064983751837
327 0.973850199005544 1.396127644647345 1.4336164289672204
328 0.9719167103758576 1.391222963354395 1.4314220020112467
329 0.9699802590667604 1.386318283421833 1.429223193424205
330 0.9680408300400799 1.3814136048597718 1.4270199789016926
331 0.9660984081203718 1.3765089276784168 1.424812333928315
332 0.9641529780089088 1.3716042518877172 1.4226002337515402
333 0.9622045242688994 1.3666995774984458 1.4203836533993532
333 0.9602530313316731 1.3617949045209603 1.418162567664516
334 0.9602530313316731 1.3617949045209603 1.418162567664516
335 0.9582984834897567 1.3568902329659585 1.4159369511101416
336 0.9563408648986884 1.3519855628440993 1.4137067780611092
337 0.9543801595743038 1.3470808941662662 1.4114720226027377
338 0.9524163513905181 1.3421762269435034 1.4092326585782993
339 0.9504494240773935 1.3372715611869443 1.406988659586007
340 0.9484793612222903 1.3323668969077642 1.4047399989713685
341 0.9465061462624553 1.3274622341174345 1.4024866498324295
342 0.944529762486045 1.3225575728273917 1.4002285850118268
343 0.9425501930342292 1.3176529130493244 1.3979657770877707
344 0.9405674208931042 1.3127482547949927 1.3956981983795365
345 0.9385814288926689 1.3078435980764629 1.3934258209428314
346 0.9365921997108674 1.3029389429054392 1.3911486165565607
347 0.9345997158612017 1.298034289294445 1.3888665567358436
348 0.9326039596711401 1.293129637255726 1.386579612756219
349 0.9306048219121205 1.2882249867569953 1.3842878915134675
350 0.9286023734459543 1.283320337851964 1.3819912317149108
350 0.9286023734459543 1.283320337851964 1.3819912317149108
351 0.9265965992227785 1.2784156905549156 1.3796895991494464
352 0.9245874809417001 1.2735110448788842 1.3773829638941277
353 0.9225750001272951 1.268606400836983 1.3750712957341606
354 0.9205591382039522 1.2637017584431616 1.3727545640453849
355 0.9185398763406094 1.2587971177108253 1.3704327380165289
356 0.9165171955283339 1.2538924786535923 1.368105786526761
357 0.9144910765784114 1.2489878412852249 1.365773678140568
358 0.9124615001189847 1.2440832056196423 1.3634363811047525
359 0.9104284465907155 1.2391785716709944 1.3610938633468128
360 0.9083918962482196 1.23427393945356 1.3587460924643615
361 0.9063518291517576 1.2293693089816322 1.3563930357289424
362 0.9043082251713178 1.2244646802702424 1.3540346600720923
363 0.9022610639791937 1.2195600533338768 1.3516709320862372
364 0.9002103250491202 1.214655428187643 1.3493018180183225
365 0.8981559876522681 1.209750804846726 1.3469272837660975
366 0.8960980308574518 1.2048461833265829 1.3445472948687305
366 0.8940364335252107 1.1999415636426818 1.3421618165059321
367 0.8940364335252107 1.1999415636426818 1.3421618165059321
368 0.8919711743032015 1.1950369458111523 1.3397708134959658
369 0.8899022316316016 1.1901323298476394 1.3373742502764348
370 0.8878295837286296 1.1852277157684192 1.3349720909172713
371 0.8857532085963021 1.1803231035900037 1.3325642991014635
372 0.8836730840143381 1.1754184933288332 1.3301508381234812
373 0.8815891875348837 1.170513885002128 1.3277316708875944
374 0.879501496485162 1.1656092786265346 1.3253067598915673
375 0.8774099879556047 1.16070467421974 1.3228760672353659
376 0.8753146388037917 1.1558000717988521 1.320439554602186
377 0.8732154256472376 1.150895471382067 1.3179971832598005
378 0.8711123248627176 1.1459908729870647 1.315548914048101
379 0.869005312579407 1.141086276632028 1.3130947073787411
380 0.8668943646790268 1.1361816823358684 1.3106345232230767
381 0.8647794567579652 1.1312770901171458 1.3081683211558621
382 0.8626605641730037 1.1263724999955065 1.3056960602752397
383 0.8605376620328122 1.1214679119898177 1.3032176992005449
383 0.8584107251801231 1.1165633261198538 1.30073319608811
384 0.8584107251801231 1.1165633261198538 1.30073319608811
385 0.8562797281901828 1.111658742405329 1.2982425086191292
386 0.8541446453664601 1.1067541608664218 1.2957455939931377
387 0.8520054507316527 1.1018495815231248 1.2932424089269858
388 0.8498621180323943 1.0969450043964122 1.2907329096348776
389 0.8477146207246666 1.0920404295070818 1.2882170518346774
390 0.8455629319781218 1.0871358568763998 1.285694790727331
391 0.8434070246658854 1.0822312865259525 1.2831660809971046
392 0.8412468713618858 1.0773267184771995 1.2806308767997276
393 0.8390824443375917 1.0724221527526399 1.2780891317530265
394 0.836913715556255 1.0675175893745914 1.275540798928197
395 0.834740656665217 1.0626130283658564 1.2729858308459394
396 0.8325632389967013 1.0577084697493886 1.2704241794581317
397 0.830381433556035 1.052803913548978 1.2678557961495338
398 0.828195211022823 1.047899359788101 1.2652806317171803
399 0.8260045417422536 1.0429948084909388 1.2626986363670563
400 0.8238093957184077 1.0380902596818735 1.2601097597055213
401 0.8216097426121349 1.033185713386132 1.2575139507247515
402 0.8194055517343265 1.0282811696286207 1.2549111577926158
403 0.8171967920381047 1.023376628434904 1.2523013286464117
404 0.814983432149992 1.0184720898317012 1.2496844103258513
405 0.8127654403418916 1.0135675538462956 1.2470603491948873
406 0.8105427844627339 1.0086630205050706 1.24442909102406
407 0.8083154319826134 1.0037584898355385 1.2417905809042245
408 0.8060833499835162 0.998853961865166 1.2391447632376873
409 0.8038465051553736 0.9939494366221511 1.2364915817230964
410 0.801604863787016 0.9890449141345676 1.2338309793456466
411 0.7993583917619986 0.9841403944316641 1.2311628983619685
412 0.7971070545494537 0.9792358775426785 1.2284872802890558
413 0.7948508171977574 0.9743313634974505 1.2258040658905667
414 0.7925896443267902 0.9694268523262402 1.2231131951637495
415 0.7903235001199138 0.9645223440598222 1.2204146073265918
416 0.7880523483229278 0.9596178387293165 1.2177082407932684
416 0.7857761522240073 0.954713336366845 1.2149940331794105
417 0.7857761522240073 0.954713336366845 1.2149940331794105
418 0.7834948746576461 0.9498088370042339 1.2122719212672066
419 0.7812084779876429 0.944904340674748 1.2095418410061014
420 0.7789169241034485 0.9399998474112531 1.2068037274876455
421 0.776620174413129 0.935095357248085 1.2040575149296262
422 0.7743181898294749 0.9301908702192262 1.2013031366654043
423 0.7720109307649198 0.9252863863600614 1.1985405251234902
424 0.7696983571235861 0.9203819057060197 1.1957696118068226
425 0.7673804282849723 0.9154774282933309 1.1929903272870046
426 0.7650571031046356 0.9105729541587687 1.1902026011700608
427 0.7627283398947861 0.9056684833397612 1.1874063620930788
428 0.7603940964196227 0.9007640158743769 1.1846015376969619
429 0.7580543298841109 0.8958595518012166 1.1817880546083985
430 0.7557089969239207 0.8909550911599441 1.1789658384199957
431 0.7533580535929059 0.8860506339903722 1.1761348136714416
432 0.7510014553202381 0.881146180334037 1.1732949038804503
433 0.7486391569355679 0.8762417302336871 1.1704460314638623
433 0.7462711127636438 0.8713372837330948 1.1675881175492606
434 0.7462711127636438 0.8713372837330948 1.1675881175492606
435 0.7438972764252879 0.8664328408755775 1.1647210822428602
436 0.7415176008986765 0.8615284017047743 1.1618448444927696
437 0.7391320385127069 0.8566239662651364 1.158959322056785
438 0.73674054093145 0.8517195346020233 1.156064431482496
439 0.7343430591418799 0.8468151067615034 1.1531600880807034
440 0.7319395434412143 0.8419106827904143 1.1502462058986056
441 0.729529943420961 0.8370062627369048 1.1473226976975868
442 0.727114207956009 0.8321018466492768 1.1443894749194883
443 0.7246922851858331 0.8271974345775088 1.1414464476676336
444 0.7222641225031776 0.8222930265717089 1.1384935246705283
445 0.7198296665373214 0.8173886226836757 1.1355306132569574
446 0.717388863139382 0.812484222965778 1.1325576193227298
447 0.7149416573893245 0.8075798274722847 1.1295744472650218
448 0.7124879935167913 0.8026754362620602 1.126581000053222
449 0.7100278149346412 0.7977710493907565 1.1235771791055709
450 0.7075610642098451 0.7928666669148408 1.1205628842794777
451 0.7050876830473114 0.7879622888923432 1.1175380138351827
452 0.7026076122683039 0.7830579153815929 1.114502464403371
453 0.7001207917937802 0.7781535464429202 1.1114561309473645
454 0.6976271606224317 0.7732491821373848 1.1083989067276026
455 0.6951266568099737 0.7683448225273298 1.1053306832647791
456 0.692619217454894 0.7634404676764378 1.102251350289968
457 0.6901047786681965 0.758536117649586 1.0991607957177925
458 0.687583275557794 0.7536317725129092 1.0960589055944303
459 0.6850546422060544 0.7487274323343576 1.0929455640549492
460 0.6825188116428462 0.7438230971824729 1.0898206532828965
461 0.679975715824563 0.7389187671279931 1.086684053462047
462 0.6774252856086252 0.7340144422427224 1.0835356427288587
463 0.6748674507294106 0.7291101226000715 1.080375297122471
464 0.6723021397724005 0.7242058082749927 1.0772028905339548
465 0.6697292801435581 0.719301499343934 1.0740182946604184
466 0.6671487980480085 0.7143971958853784 1.070821378942168
466 0.6645606184570424 0.7094928979788369 1.0676120105132274
467 0.6645606184570424 0.7094928979788369 1.0676120105132274
468 0.661964665081791 0.7045886057062373 1.0643900541416056
469 0.6593608603396957 0.6996843191508861 1.0611553721742237
470 0.6567491253274194 0.6947800383980576 1.057907824470536
471 0.6541293797853264 0.6898757635347764 1.0546472683449586
472 0.6515015420672923 0.6849714946505154 1.051373558498448
473 0.6488655291036404 0.6800672318358962 1.04808654695428
474 0.646221256369894 0.6751629751844552 1.0447860829851674
475 0.6435686378467856 0.670258724791399 1.0414720130457438
476 0.6409075859826909 0.6653544807542411 1.0381441806997278
477 0.6382380116604869 0.6604502431726086 1.0348024265341589
478 0.6355598241483881 0.6555460121489883 1.0314465880963772
479 0.6328729310678638 0.6506417877874284 1.0280764997952792
480 0.6301772383450192 0.6457375701952406 1.0246919928290115
481 0.6274726501667592 0.6408333594818939 1.0212928950952427
482 0.6247590689388087 0.6359291557594352 1.017879031095298
483 0.6220363952360923 0.6310249591431479 1.0144502218453697
483 0.6193045277540601 0.6261207697503244 1.01100628477719
484 0.6193045277540601 0.6261207697503244 1.01100628477719
485 0.6165633632575436 0.6212165877019163 1.0075470336410972
486 0.6138127965290873 0.616312413121437 1.0040722783990237
487 0.6110527203148967 0.6114082461355471 1.000581825117262
488 0.6082830252697614 0.6065040868745104 0.9970754758535928
489 0.6055035998992637 0.601599935471114 0.9935530285388903
490 0.6027143304956397 0.5966957920624029 0.9900142768659781
491 0.5999151010799195 0.5917916567884571 0.986459010155205
492 0.5971057933348565 0.5868875297930513 0.9828870132297062
493 0.5942862865404023 0.5819834112242015 0.9792980662774146
494 0.591456457500565 0.5770793012330413 0.9756919447151189
495 0.5886161804737312 0.5721751999755256 0.9720684190418049
496 0.5857653270992487 0.5672711076113328 0.9684272546832013
497 0.5829037663150485 0.5623670243049913 0.9647682118441528
498 0.5800313642816227 0.5574629502247974 0.9610910453354939
499 0.5771479842957555 0.5525588855444615 0.9573955044107137
500 0.5742534867021131 0.5476548304420633 0.953681332589196
501 0.5713477288064388 0.5427507851011887 0.9499482674675369
502 0.5684305647790586 0.5378467497099575 0.9461960405296139
503 0.5655018455557267 0.5329427244625965 0.9424243769511771
504 0.5625614187375437 0.5280387095584771 0.9386329953864597
505 0.559609128484198 0.5231347052032327 0.9348216077536783
506 0.5566448154008333 0.5182307116082283 0.930989919011563
507 0.5536683164280302 0.5133267289912998 0.927137626915348
508 0.5506794647163807 0.5084227575766418 0.9232644217784612
509 0.5476780895035214 0.5035187975957254 0.9193699862124718
510 0.5446640159841042 0.4986148492867403 0.915453994855596
511 0.5416370651730803 0.4937109128953456 0.9115161140930784
512 0.5385970537598768 0.4888069886748153 0.9075560017688857
513 0.5355437939641151 0.4839030768868548 0.9035733068718548
514 0.5324770933803374 0.478999177800977 0.8995676692120871
515 0.5293967548116267 0.4740952916959346 0.8955387190928855
516 0.5263025761024096 0.46919141885919297 0.8914860769518564
516 0.5231943499600628 0.46428755958785356 0.8874093529933843
517 0.5231943499600628 0.46428755958785356 0.8874093529933843
518 0.5200718637689303 0.45938371418881385 0.883308146800496
519 0.5169348993956717 0.45447988297960923 0.8791820469287793
520 0.5137832329853538 0.4495760662881864 0.875030630477975
521 0.5106166347459498 0.4446722644543501 0.8708534626483342
522 0.5074348687262193 0.43976847782883655 0.8666500962631098
523 0.5042376925776411 0.4348647067759726 0.8624200712821828
524 0.501024857309496 0.4299609516718171 0.8581629142727726
525 0.49779610702630367 0.42505721290692183 0.8538781378707361
526 0.4945511786570397 0.42015349088543147 0.8495652401969072
527 0.4912898016688096 0.4152497860268147 0.8452237042501133
528 0.4880116977611201 0.41034609876631434 0.8408529972721622
529 0.48471658054996053 0.4054424295548665 0.8364525700665131
530 0.4814041552643725 0.40053877886142286 0.8320218562331668
531 0.4780741200550875 0.3956351471748793 0.82756026854014
532 0.4747261648145451 0.3907315350032817 0.8230671994999972
533 0.4713599669963503 0.38582794287282485 0.8185420270869381
533 0.46797519189064324 0.38092437132730916 0.8139841126798957
534 0.46797519189064324 0.38092437132730916 0.8139841126798957
535 0.46457149536145476 0.37602082093522576 0.8093927946282345
536 0.4611485239193648 0.37111729228878276 0.8047673862958636
537 0.45770591274847217 0.36621378600633564 0.80010717757012
538 0.45424328515950385 0.3613103027311864 0.7954114337745581
539 0.45076025204478687 0.35640684313508836 0.7906793944637255
540 0.44725641128558563 0.3515034079188947 0.7859102721603022
541 0.44373134713194523 0.34659999781412565 0.7811032509971914
542 0.44018462954422033 0.3416966135855053 0.7762574852722769
543 0.4366158134898079 0.33679325603216714 0.7713720979096628
544 0.4330244381911854 0.33188992599002654 0.7664461788262703
545 0.42941002633432185 0.32698662433488385 0.7614787831719254
546 0.42577208321295484 0.3220833519829202 0.756468929462025
547 0.4221100958281332 0.31718010989576184 0.7514155975670036
548 0.41842353191430975 0.3122768990813972 0.7463177265693302
549 0.4147118389031062 0.3073737205979494 0.7411742124626555
550 0.41097444281934126 0.3024705755578348 0.7359839056726861
551 0.40721074708407706 0.29756746512991833 0.7307456084121459
552 0.4034201312444301 0.2926643905443275 0.7254580718159643
553 0.39960194960151924 0.28776135309676293 0.7201199928671942
554 0.39575552973725797 0.28285835415295213 0.7147300110771458
555 0.39188017093031524 0.2779553951538918 0.7092867048976517
556 0.3879751424426238 0.2730524776209291 0.7037885878508564
557 0.38403968167487645 0.26814960316256137 0.6982341043329312
558 0.3800729921730268 0.2632467734806979 0.692621625061051
559 0.37607424146666596 0.258343990377558 0.6869494421368308
560 0.37204255873332814 0.2534412557649286 0.6812157636690959
561 0.36797703225306316 0.24853857167135054 0.6754187079274745
562 0.36387670665102995 0.24363594025329974 0.6695562969546024
563 0.3597405798869977 0.2387333638047265 0.6636264495924197
564 0.35556759997837917 0.23383084477033128 0.6576269738428072
565 0.35135666141386196 0.22892838575714008 0.6515555584912791
566 0.3471066012331464 0.22402598955095962 0.6454097639027172
566 0.34281619472107805 0.2191236591309497 0.6391870118890766
567 0.34281619472107805 0.2191236591309497 0.6391870118890766
568 0.3384841506851602 0.2142213976896352 0.6328845745244138
569 0.3341091062482896 0.20931920865166243 0.6264995617812018
570 0.32968962110792477 0.20441709569852043 0.6200289078302649
571 0.32522417118328856 0.19951506279262957 0.6134693558191517
572 0.3207111415740249 0.19461311420817257 0.6068174409315086
573 0.31614881874553147 0.18971125456249058 0.6000694714446786
574 0.31153538180883145 0.1848094888551893 0.5932215075608799
575 0.30686889278442575 0.17990782250940585 0.586269337621622
576 0.30214728570890026 0.17500626142170259 0.579208451305798
577 0.29736835437359566 0.17010481201722708 0.5720340093872855
578 0.29252973852524744 0.1652034813145708 0.5647408094213728
579 0.2876289082517529 0.16030227700000832 0.5573232467290825
580 0.2826631462643339 0.15540120751438677 0.549775269850929
581 0.2776295277171462 0.15050028215312347 0.5420903294784112
582 0.2725248971396666 0.14559951118517167 0.5342613196567989
583 0.2673458419353492 0.1406989059910272 0.5262805098163884
583 0.2620886618338396 0.1357984792285073 0.5181394657759043
584 0.2620886618338396 0.1357984792285073 0.5181394657759043
585 0.2567493334722782 0.13089824502732642 0.5098289575168841
586 0.2513234691583635 0.12599821922432522 0.5013388508692415
587 0.24580626857333254 0.12109841964695293 0.49265797959430424
588 0.24019246188695534 0.1161988664559211 0.4837739933346
589 0.23447624232886033 0.1112995825661086 0.47467317567298534
590 0.22865118572695906 0.10640059416529732 0.465340224792686
591 0.22271015379670353 0.10150193135995816 0.4557579869151909
592 0.21664517693230181 0.09660362898756365 0.4459071295999853
593 0.21044731098000344 0.09170572764832324 0.4357657373775475
594 0.20410646048066752 0.08680827503229069 0.4253088061390049
595 0.1976111583156641 0.08191132764760246 0.41450760344594156
596 0.1909482877453111 0.07701495310600663 0.4033288489537545
597 0.1841027273341289 0.07211923318999548 0.39173364911159597
598 0.17705689081557688 0.0672242680493025 0.3796760902083362
599 0.16979012118305004 0.06233018205665322 0.36710134619348855
600 0.1622778782270747 0.057437132174388526 0.3539430808555249
601 0.15449062636877106 0.05254532023075723 0.34011979539348164
602 0.14639227559755597 0.047655011508270895 0.32552954938195183
603 0.13793793468602136 0.04276656394337238 0.3100420782775889
604 0.12907056645755988 0.037880476054649205 0.2934865561863387
605 0.1197158124279001 0.03299746998170773 0.2756316756533791
606 0.10977360210710452 0.028118645317751868 0.2561512492804683
607 0.09910374932634826 0.02324578979212802 0.23456014479916118
608 0.08749942757572864 0.018382083496866073 0.2100823286067423
609 0.07463385129211647 0.013533976159579157 0.18133830594655032
610 0.05994325908003876 0.008717602020680466 0.14543089839410228
611 0.04239541209543289 0.003992324272932548 0.09416878090359752
612 0.0332933120601456 0.0005046171414897259 0.015156711972005561
613 0.02913743838255437 4.7925810018968275e-05 0.0016448189229861462
614 0.025662454551239902 4.449244679205809e-06 0.00017337564769270445
615 0.022643786688847704 4.1293294749370223e-07 1.823603768962706e-05
616 0.019978376452504113 3.832810462039653e-08 1.9184794475925716e-06
616 0.017618552252052493 3.557678643388739e-09 2.019279786722705e-07
617 0.017618552252052493 3.557678643388739e-09 2.019279786722705e-07
