1 0.6243095255544909 2.4951110044932854 3.996592879593197
2 0.6236174566727194 2.4901918230889963 3.993140019484531
3 0.6229303297202399 2.485287354650187 3.9896714545370395
4 0.6222453512792594 2.4803832025543837 3.9861819738066715
5 0.6215615624236582 2.475479014947238 3.9826771225919924
6 0.6208778560360204 2.4705748282545072 3.9791640243506707
7 0.6201935603360037 2.4656706435334756 3.975646961244879
8 0.6195081293306544 2.460766459750997 3.9721294091971386
9 0.6188208797597674 2.45586227595793 3.968615727561295
10 0.6181312619492985 2.450958091408925 3.9651094230046597
11 0.6174391370248453 2.4460539057991775 3.9616113704511573
12 0.6167443043838593 2.4411497188192186 3.9581228419417336
13 0.6160467539137147 2.4362455306224176 3.954643888868937
14 0.6153468443794929 2.4313413416799254 3.9511721948158454
15 0.6146454276518671 2.4264371532318902 3.9477022752802693
16 0.6139433939483984 2.42153296655568 3.9442283937323523
16 0.6132407513791909 2.4166287817986944 3.9407504742038872
17 0.6132407513791909 2.4166287817986944 3.9407504742038872
18 0.6125374898598885 2.411724599250965 3.937268557721457
19 0.6118336074651988 2.406820418664392 3.933782631908288
20 0.6111291024063659 2.4019162400416216 3.9302926837944705
21 0.6104239728567522 2.397012063392865 3.926798700540829
22 0.6097182169811971 2.39210788872712 3.9233006692350303
23 0.6090118329393246 2.387203716052906 3.9197985768705768
24 0.608304818919757 2.382299545378015 3.9162924101251777
25 0.6075971730569357 2.3773953767111244 3.9127821558977978
26 0.6068888934784336 2.372491210061608 3.909267801003046
27 0.6061799783027201 2.367587045437843 3.9057493321818266
28 0.6054704256378247 2.3626828828489823 3.9022267361119174
29 0.6047602335819503 2.3577787223041438 3.8986999994017366
30 0.6040494002233766 2.3528745638122217 3.895169108589682
31 0.6033379236429229 2.3479704073823617 3.891634050128059
32 0.6026258019092903 2.3430662530238626 3.888094810411969
33 0.601913033082339 2.338162100746077 3.8845513757570136
33 0.6011996152116557 2.3332579505580315 3.8810037324069064
34 0.6011996152116557 2.3332579505580315 3.8810037324069064
35 0.6004855463378101 2.328353802469261 3.877451866525724
36 0.5997708244898348 2.3234496564891907 3.873895764212135
37 0.5990554476882075 2.3185455126275194 3.8703354114797417
38 0.5983394139421137 2.3136413708933365 3.866770794272245
39 0.5976227212508092 2.3087372312966563 3.8632018984561496
40 0.5969053676046072 2.3038330938470013 3.8596287098109503
41 0.5961873509803567 2.2989289585540087 3.856051214058304
42 0.5954686693469375 2.2940248254276168 3.8524693968257306
43 0.5947493206616522 2.2891206944778952 3.8488832436685647
44 0.5940293028714607 2.2842165657144236 3.8452927400598194
45 0.5933086139135099 2.2793124391472888 3.8416978713873142
46 0.5925872517129224 2.2744083147865406 3.8380986229659437
47 0.5918652141835264 2.2695041926424624 3.83449498003228
48 0.5911424992295686 2.264600072725263 3.8308869277318047
49 0.5904191047427809 2.25969595504514 3.8272744511368546
50 0.5896950286059776 2.2547918396123876 3.82365753522232
51 0.5889702686894873 2.2498877264373767 3.820036164887546
52 0.5882448228510383 2.2449836155306317 3.8164103249560273
53 0.5875186889389563 2.2400795069027644 3.812780000153341
54 0.5867918647897652 2.235175400564317 3.8091451751212198
55 0.5860643482283283 2.230271296525905 3.8055058344156434
56 0.5853361370670166 2.225367194798518 3.801861962511517
57 0.5846072291082078 2.2204630953926223 3.7982135437836435
58 0.5838776221408671 2.215558998319349 3.7945605625296945
59 0.5831473139427064 2.2106549035899143 3.790903002953914
60 0.5824163022658085 2.205750811214883 3.787240849258031
61 0.5816845848510426 2.200846721205324 3.783574085548297
62 0.5809521594399654 2.195942633572304 3.7799026957558444
63 0.5802190237629904 2.1910385483273487 3.77622666371303
64 0.5794851755363888 2.186134465481723 3.7725459731703603
65 0.5787506124658023 2.1812303850471384 3.7688606077734814
66 0.578015332243399 2.1763263070346834 3.7651705510784703
66 0.57727933254813 2.1714222314563827 3.761475786551466
67 0.57727933254813 2.1714222314563827 3.761475786551466
68 0.5765426110471547 2.166518158323871 3.7577762975556963
69 0.5758051653946857 2.1616140876487333 3.7540720673581567
70 0.575066993232134 2.156710019443132 3.7503630791283222
71 0.5743280921872544 2.1518059537189504 3.7466493159407803
72 0.5735884598750687 2.1469018904881065 3.7429307607682967
73 0.5728480938971812 2.141997829762954 3.739207396485489
74 0.5721069918418109 2.137093771555438 3.735479205865657
75 0.5713651512851708 2.132189715878193 3.7317461715721754
76 0.5706225697878349 2.127285662743259 3.728008276178442
77 0.5698792448971475 2.1223816121634766 3.7242655021530515
78 0.569135174147626 2.11747756415095 3.720517831852903
79 0.5683903550597311 2.112573518718585 3.716765247532355
80 0.5676447851384927 2.1076694758793626 3.7130077313493475
81 0.5668984618769917 2.102765435645592 3.7092452653397037
82 0.5661513827529067 2.0978613980306093 3.70547783144108
83 0.5654035452289295 2.0929573630472325 3.7017054114858845
83 0.564654946755174 2.0880533307085334 3.6979279871852113
84 0.564654946755174 2.0880533307085334 3.6979279871852113
85 0.5639055847960809 2.0831493010273285 3.694145539949982
86 0.5631554567801746 2.078245274016927 3.690358051219525
87 0.5624045302709914 2.0733412495801993 3.6865656977926045
88 0.5616528326073252 2.068437227832425 3.6827682649266635
89 0.5609003611593024 2.063533208787027 3.6789657338105344
90 0.5601471132886024 2.058629192457888 3.6751580854746426
91 0.5593930863404117 2.0537251788585413 3.671345300840512
92 0.55863827764399 2.048821168002922 3.6675273607165857
93 0.5578826845128354 2.043917159905257 3.6637042457951243
94 0.5571263042460701 2.039013154579438 3.6598759366401263
95 0.556369134125151 2.0341091520398265 3.6560424137085024
96 0.5556111714170919 2.0292051523003725 3.6522036573254355
97 0.5548524133726148 2.0243011553760772 3.6483596476972413
98 0.5540928572260859 2.0193971612808292 3.6445103649059614
99 0.5533325001953502 2.0144931700298505 3.640655788912901
100 0.5525713394824586 2.009589181637419 3.63679589954776
101 0.5518093722718721 2.004685196118781 3.6329306765219065
102 0.5510465957315547 1.9997812134884028 3.629060099415997
103 0.5502830070134913 1.9948772337619467 3.6251841476781026
104 0.5495186032511601 1.989973256954128 3.6213028006343966
105 0.5487533815622594 1.9850692830805055 3.617416037472358
106 0.5479873390468717 1.9801653121564453 3.613523837248863
107 0.5472204727870035 1.9752613441974292 3.6096261788916424
108 0.5464527798478586 1.9703573792192737 3.605723041189128
109 0.5456842572761464 1.9654534172377598 3.601814402798744
110 0.5449149021012849 1.960549458268789 3.5979002422370456
111 0.5441447113343377 1.9556455023281798 3.593980537884115
112 0.5433736819683961 1.9507415494323255 3.590055267979993
113 0.5426018109778373 1.9458375995974921 3.586124410625991
114 0.5418290953189421 1.9409336528398173 3.5821879437782997
115 0.541055531928363 1.9360297091761967 3.5782458452573986
116 0.5402811177253216 1.9311257686231393 3.5742980927290553
116 0.5395058496089646 1.9262218311975676 3.570344663720882
117 0.5395058496089646 1.9262218311975676 3.570344663720882
118 0.5387297244596646 1.9213178969162403 3.5663855356102445
119 0.5379527391387451 1.916413965796408 3.5624206856248386
120 0.5371748904871713 1.9115100378549994 3.558450090847368
121 0.5363961753265685 1.9066061131098446 3.5544737282085683
122 0.5356165904594997 1.901702191577867 3.5504915744794556
123 0.5348361326672689 1.8967982732770432 3.5465036062869655
124 0.5340547987116372 1.8918943582248848 3.542509800097149
125 0.5332725853344082 1.8869904464394571 3.5385101322171852
126 0.5324894892551603 1.88208653793893 3.534504578806935
127 0.5317055071747746 1.877182632741291 3.5304931158522876
128 0.5309206357719135 1.8722787308648712 3.5264757191867986
129 0.5301348717047325 1.867374832328366 3.5224523644776036
130 0.5293482116092705 1.8624709371501436 3.5184230272320165
131 0.5285606521008023 1.857567045349365 3.514387682787834
132 0.5277721897728593 1.8526631569444536 3.510346306314086
133 0.5269828211964855 1.8477592719549918 3.5062988728166813
133 0.5261925429210056 1.8428553904002996 3.50224535712768
134 0.5261925429210056 1.8428553904002996 3.50224535712768
135 0.5254013514736775 1.8379515122993797 3.498185733904532
136 0.5246092433584861 1.8330476376719225 3.49411997763701
137 0.5238162150577731 1.8281437665380003 3.490048062632749
138 0.5230222630300492 1.8232398989171301 3.485969963026946
139 0.5222273837110795 1.818336034829524 3.4818856527744098
140 0.5214315735126123 1.8134321742956454 3.4777951056540353
141 0.5206348288245045 1.808528317335544 3.4736982952501676
142 0.5198371460115333 1.803624463970116 3.469595194973043
143 0.5190385214147816 1.7987206142198464 3.4654857780438744
144 0.5182389513499349 1.793816768105889 3.4613700175049846
145 0.5174384321266741 1.7889129256493488 3.4572478860855185
146 0.516636960028217 1.7840090868713387 3.453119356334673
147 0.5158345312973747 1.7791052517934454 3.448984400712415
148 0.5150311421518985 1.7742014204373524 3.444842991482806
149 0.5142267887831337 1.7692975928247505 3.4406951007193083
150 0.5134214673574432 1.7643937689774956 3.4365407002920025
151 0.5126151740154188 1.759489948918116 3.4323797618702425
152 0.5118079048716779 1.7545861326687113 3.428212256918202
153 0.5109996560139848 1.749682320252012 3.424038156699126
154 0.5101904235034407 1.7447785116907852 3.4198574322691466
155 0.5093802033742002 1.7398747070079272 3.415670054475562
156 0.5085689916343514 1.734970906226714 3.411475993947573
157 0.5077567842626983 1.7300671093706113 3.407275221113591
158 0.5069435772121709 1.725163316462888 3.4030677061736516
159 0.5061293664066208 1.7202595275277184 3.3988534191190833
160 0.5053141477416607 1.7153557425889192 3.394632329720335
161 0.5044979170857666 1.7104519616706773 3.390404407516897
162 0.5036806702770698 1.7055481847976361 3.386169621834864
163 0.5028624031250508 1.7006444119941484 3.381927941769859
164 0.5020431114099442 1.6957406432855702 3.377679336189338
165 0.5012227908823552 1.690836878696511 3.3734237737273536
166 0.500401437263612 1.6859331182528012 3.3691612227817207
166 0.49957904624393534 1.6810293619795718 3.364891651518058
167 0.49957904624393534 1.6810293619795718 3.364891651518058
168 0.49875561348256825 1.6761256099028272 3.3606150278675684
169 0.4979311097789765 1.6712218619464776 3.356331486675548
170 0.4971055556667251 1.6663181182321163 3.3520408276210603
171 0.49627894670831696 1.6614143787865034 3.347743017926133
172 0.4954512784401167 1.6565106436365051 3.3434380245255966
173 0.4946225463655208 1.6516069128091238 3.3391258141083684
174 0.49379274595447703 1.6467031863315786 3.334806353115987
175 0.49296187264509966 1.641799464231604 3.3304796077273755
176 0.4921299218410911 1.636895746536984 3.3261455438702994
177 0.4912968889134386 1.6319920332755795 3.3218041272048837
178 0.4904627692000191 1.6270883244760435 3.3174553231225774
179 0.48962755800353736 1.6221846201668668 3.313099096752939
180 0.48879125059312645 1.6172809203767715 3.308735412948315
181 0.4879538422023677 1.612377225135109 3.304364236292687
182 0.48711532803008034 1.6074735344715083 3.2999855310901727
183 0.48627570323110325 1.6025698484153204 3.2955992614208336
183 0.4854349629318111 1.5976661669967267 3.29120539103227
184 0.4854349629318111 1.5976661669967267 3.29120539103227
185 0.48459310222284746 1.5927624902462052 3.2868038833820408
186 0.4837501161585894 1.5878588181942226 3.2823947016349027
187 0.48290599975677284 1.582955150871546 3.2779778086601516
188 0.4820607479962577 1.5780514883095453 3.273553167041503
189 0.4812143558189843 1.573147830539605 3.2691207390566026
190 0.4803668181278242 1.5682441775934193 3.264680486686143
191 0.47951812978805597 1.5633405295031877 3.260232371598076
192 0.47866828562527397 1.5584368863015874 3.2557763551555023
193 0.4778172804249633 1.5535332480208768 3.2513123984113514
194 0.47696510893357924 1.548629614694352 3.2468404620976363
195 0.4761117658562401 1.5437259863555257 3.242360506632905
196 0.47525724585811474 1.5388223630378774 3.2378724921056414
197 0.4744015435622235 1.5339187447756442 3.233376378284174
198 0.47354465355096176 1.5290151316031575 3.228872124598084
199 0.4726865703626947 1.524111523554937 3.2243596901546807
200 0.4718272884948479 1.5192079206664395 3.219839033712499
201 0.4709668024012419 1.5143043229729314 3.2153101136899545
202 0.47010510650314763 1.5094007305102812 3.210772888084284
203 0.4692421951819372 1.5044971433150425 3.206227314514438
204 0.4683780627593014 1.4995935614237466 3.2016733503472916
205 0.4675127035106385 1.4946899848731814 3.197110952599321
206 0.46664611166696823 1.489786413700557 3.192540077916205
207 0.4657782814123843 1.4848828479436627 3.187960682582788
208 0.4649092068843083 1.4799792876403737 3.183372722512384
209 0.4640388821731247 1.475075732829232 3.1787761532424934
210 0.4631673013212402 1.4701721835488912 3.1741709299319036
211 0.4622944583235484 1.4652686398387518 3.169557007350598
212 0.46142034712516267 1.4603651017383876 3.1649343398856575
213 0.46054496162283115 1.4554615692877222 3.1603028815234113
214 0.45966829566230505 1.4505580425273843 3.155662585859599
215 0.45879034303976884 1.445654521498332 3.151013406079953
216 0.45791109749952114 1.4407510062418403 3.1463552949671567
216 0.45703055273430143 1.4358474967995298 3.1416882048896015
217 0.45703055273430143 1.4358474967995298 3.1416882048896015
218 0.45614870238509203 1.4309439932138561 3.137012087794602
219 0.4552655400390435 1.4260404955272186 3.132326895211356
220 0.45438105923070243 1.4211370037829953 3.1276325782352714
221 0.4534952534394591 1.4162335180248213 3.122929087534289
222 0.4526081160904205 1.4113300382966834 3.118216373333289
223 0.4517196405537306 1.4064265646430096 3.113494385408995
224 0.45082982014225265 1.4015230971090937 3.1087630730967706
225 0.44993864811257217 1.3966196357402074 3.1040223852714712
226 0.4490461176636863 1.3917161805826872 3.099272270348443
227 0.44815222193651094 1.3868127316828072 3.0945126762738107
228 0.44725695401279936 1.381909289087856 3.0897435505235524
229 0.446360306915663 1.3770058528452118 3.0849648400868865
230 0.4454622736060263 1.37210242300319 3.0801764914815175
231 0.4445628469854116 1.3671989996102694 3.0753784507213537
232 0.4436620198926286 1.3622955827158798 3.0705706633296472
233 0.4427597851038533 1.3573921723695073 3.065753074324758
233 0.44185613533266305 1.3524887686217206 3.060925628210331
234 0.44185613533266305 1.3524887686217206 3.060925628210331
235 0.440951063227255 1.3475853715232016 3.056088268980293
236 0.44004456137199144 1.342681981125677 3.0512409400979768
237 0.43913662228479977 1.3377785974809007 3.046383584499339
238 0.438227238417096 1.3328752206417263 3.04151614458324
239 0.43731640215351253 1.327971850661601 3.036638562199272
240 0.4364041058089576 1.3230684875938985 3.0317507786535156
241 0.43549034163064426 1.3181651314936544 3.026852734685078
242 0.4345751017949482 1.3132617824158188 3.0219443704703406
243 0.4336583784070835 1.3083584404159676 3.0170256256130403
244 0.4327401635009852 1.3034551055511303 3.012096439132955
245 0.4318204490378917 1.2985517778777944 3.007156749456875
246 0.43089922690487614 1.2936484574540068 3.0022064944191422
247 0.42997648891439255 1.2887451443383584 2.9972456112477
248 0.42905222680312943 1.2838418385898134 2.992274036556636
249 0.42812643223151714 1.278938540268448 2.987291706336036
250 0.42719909678188706 1.2740352494347087 2.982298555947525
251 0.42627021195822706 1.2691319661499485 2.977294520111386
252 0.4253397691849328 1.264228690476518 2.9722795328993703
253 0.4244077598214647 1.2593254224776484 2.967253527615536
254 0.4234741751366062 1.2544221622170897 2.962216436958482
255 0.4225390063090459 1.2495189097596757 2.9571681930017486
256 0.4216022444328986 1.244615665169875 2.952108727134553
257 0.42066388051752995 1.2397124285142542 2.947037970051229
258 0.41972390548524774 1.2348091998593893 2.941955851744522
259 0.4187823101715839 1.229905979272709 2.9368623014873543
260 0.41783908532285796 1.2250027668228223 2.931757247832096
261 0.41689422159606443 1.2200995625790008 2.926640618591195
262 0.41594770955620997 1.2151963666116565 2.921512340837733
263 0.41499952041808946 1.2102931788911586 2.9163724759774516
264 0.41404966392413356 1.2053899995857766 2.911220813855414
265 0.4130981303553752 1.2004868287680635 2.9060572792603123
266 0.41214490990127906 1.1955836665121382 2.900881796158822
266 0.41118999265201234 1.1906805128925682 2.8956942877260974
267 0.41118999265201234 1.1906805128925682 2.8956942877260974
268 0.41023336859875553 1.1857773679852652 2.8904946763242467
269 0.40927502763237983 1.1808742318670795 2.8852828834887227
270 0.4083149595415874 1.1759711046156178 2.880058829918632
271 0.4073531540111133 1.171067986309729 2.874822435467826
272 0.4063896006217233 1.1661648770293476 2.869573619121323
273 0.4054242888480002 1.1612617768552609 2.864312298986694
274 0.40445720805513635 1.1563586858691823 2.8590383922927773
275 0.4034883475006844 1.1514556041546333 2.853751815354916
276 0.40251769632969003 1.146552531795394 2.848452483580467
277 0.40154524357511934 1.1416494688769556 2.8431403114438356
278 0.40057097815523796 1.1367464154855134 2.8378152124764684
279 0.39959488887259337 1.1318433717088223 2.832477099249632
280 0.3986169644119606 1.1269403376357578 2.827125883360783
281 0.39763719333859754 1.122037313356092 2.8217614754177447
282 0.3966555640954305 1.1171342989612134 2.816383785032307
283 0.3956720650035296 1.1122312945435537 2.810992720786675
283 0.3946866842587758 1.107328300196985 2.805588190228801
284 0.3946866842587758 1.107328300196985 2.805588190228801
285 0.3936994099293389 1.102425316016416 2.8001700998593804
286 0.39271022995529065 1.0975223420984785 2.794738355105823
287 0.39171913214549153 1.0926193785406721 2.7892928603110803
288 0.3907261041762105 1.087716425442267 2.7838335187139847
289 0.3897311335888625 1.0828134829037201 2.7783602324314387
290 0.3887342077879439 1.0779105510271783 2.7728729024413075
291 0.38773531403801986 1.0730076299158346 2.767371428568458
292 0.38673443946366104 1.0681047196746902 2.76185570945267
293 0.3857315710453059 1.0632018204102753 2.7563256425422265
294 0.38472669563058537 1.0582989322312668 2.75078112397858
295 0.38371979991437477 1.0533960552477821 2.7452220487002297
296 0.38271087043022134 1.0484931895711718 2.739648310466114
297 0.3816998935569079 1.0435903353145861 2.7340598017719815
298 0.38068685552246867 1.0386874925922611 2.7284564137806337
299 0.3796717423969125 1.033784661520397 2.7228380363363165
300 0.37865454008936666 1.0288818422168227 2.717204557943489
301 0.3776352343469625 1.0239790348012479 2.7115558657337564
302 0.3766138107501303 1.0190762393946995 2.7058918454555028
303 0.37559025471156005 1.0141734561209526 2.7002123814415837
304 0.37456455147296647 1.0092706851048108 2.69451735658347
305 0.3735366861010263 1.0043679264731173 2.6888066523176177
306 0.3725066434866439 0.999465180355224 2.683080148585483
307 0.3714744083402056 0.9945624468817558 2.6773377238167924
308 0.37043996518878397 0.9896597261857913 2.6715792549042057
309 0.36940329837438535 0.9847570184024244 2.665804617165021
310 0.36836439204855836 0.9798543236688596 2.660013684329439
311 0.3673232301716865 0.9749516421241046 2.6542063284927915
312 0.3662797965072149 0.9700489739101377 2.648382420107165
313 0.3652340746202846 0.9651463191703515 2.6425418279325807
314 0.3641860478731864 0.9602436780509007 2.6366844190177985
315 0.3631356994213716 0.9553410507002896 2.6308100586710452
316 0.3620830122109745 0.950438437268991 2.6249186104185416
316 0.3610279689748766 0.9455358379106708 2.619009935976648
317 0.3610279689748766 0.9455358379106708 2.619009935976648
318 0.3599705522285549 0.9406332527807265 2.613083895216777
319 0.3589107442657441 0.9357306820375196 2.6071403461376668
320 0.35784852715585247 0.9308281258419825 2.601179144818954
321 0.356783882738615 0.925925584357616 2.5952001453943545
322 0.3557167926202986 0.9210230577506933 2.5892032000125935
323 0.3546472381730184 0.916120546190673 2.5831881587746466
324 0.35357520054047553 0.9112180498509067 2.5771548696232585
325 0.3525006606033884 0.906315568906594 2.571103178516659
326 0.3514235989913392 0.9014131035351384 2.5650329292693677
327 0.35034399607774047 0.8965106539173601 2.5589439635164366
328 0.34926183197612287 0.8916082202374408 2.552836120662607
329 0.3481770865341463 0.8867058026821404 2.546709237844058
330 0.3470897393298244 0.8818034014418653 2.5405631498772876
331 0.34599976966501 0.8769010167104021 2.534397689222163
332 0.34490715656068355 0.8719986486843999 2.528212685928942
333 0.34381187875287417 0.8670962975647818 2.522007967584026
333 0.34271391468434287 0.862193963555603 2.5157833592771626
334 0.34271391468434287 0.862193963555603 2.5157833592771626
335 0.34161324250141106 0.8572916468642625 2.509538683532508
336 0.3405098400469073 0.8523893477025439 2.503273760268197
337 0.3394036848541458 0.847487066285672 2.4969884067400985
338 0.33829475414225735 0.8425848028329594 2.490682437477708
339 0.33718302480390616 0.8376825575678025 2.484355664271561
340 0.33606847339843765 0.8327803307194398 2.4780078961233243
341 0.33495107616853803 0.8278781225200792 2.4716389390058686
342 0.33383080901723095 0.822975933207433 2.4652485959285872
343 0.3327076474899247 0.8180737630218219 2.4588366669467536
344 0.33158156677461575 0.8131716122075573 2.4524029490465926
345 0.33045254169769467 0.8082694810144997 2.445947236060065
346 0.3293205467146934 0.8033673696967731 2.439469318605164
347 0.32818555590868953 0.7984652785140749 2.432968983973903
348 0.32704754298318267 0.7935632077327501 2.426446016056927
349 0.32590648123614574 0.7886611576219072 2.4199001953890513
350 0.32476234356193245 0.7837591284559744 2.4133312990042235
350 0.32476234356193245 0.7837591284559744 2.4133312990042235
351 0.323615102443921 0.7788571205147986 2.4067391003476613
352 0.3224647299457349 0.773955134083644 2.4001233691941657
353 0.3213111977018193 0.7690531694538467 2.393483871569074
354 0.3201544769078359 0.7641512269219933 2.386820369661651
355 0.3189945383113903 0.7592493067909768 2.3801326217373244
356 0.3178313522025573 0.7543474093700494 2.3734203820436686
357 0.3166648884023803 0.7494455349744011 2.366683400725168
358 0.3154951162540466 0.7445436839258954 2.359921423716637
359 0.3143220046110196 0.7396418565530045 2.3531341926516647
360 0.31314552182609223 0.7347400531910995 2.3463214447599317
361 0.3119656357401362 0.7298382741824209 2.3394829127601984
362 0.3107823136709535 0.7249365198767834 2.3326183247490824
363 0.30959552239920674 0.7200347906311344 2.32572740410208
364 0.30840522815810967 0.7151330868102025 2.3188098693436423
365 0.30721139661979296 0.7102314087864702 2.3118654340335483
366 0.30601399288201314 0.7053297569404908 2.3048938066451035
366 0.30481298145418506 0.7004281316614726 2.297894690442344
367 0.30481298145418506 0.7004281316614726 2.297894690442344
368 0.3036083262438801 0.695526533346828 2.2908677833431055
369 0.30239999054177996 0.6906249624028469 2.28381277778985
370 0.30118793700725943 0.6857234192448722 2.276729360606313
371 0.2999721276527231 0.6808219042978769 2.269617212856731
372 0.29875252382754225 0.675920417996144 2.2624760096966594
373 0.2975290862017 0.6710189607838049 2.2553054202200244
374 0.2963017747491876 0.6661175331156088 2.2481051072996827
375 0.2950705487297382 0.6612161354564727 2.24087472742695
376 0.29383536667173044 0.6563147682821557 2.2336139305360856
377 0.29259618635210793 0.6514134320799134 2.2263223598410393
378 0.29135296477807127 0.6465121273482347 2.218999651644851
379 0.2901056581683285 0.6416108545975071 2.2116454351442676
380 0.2888542219293559 0.6367096143505806 2.2042593322603348
381 0.28759861063694103 0.6318084071431165 2.1968409574158176
382 0.28633877801261465 0.6269072335231435 2.1893899173360483
383 0.28507467467024145 0.6220060940351203 2.1819058278488694
383 0.28380624516064146 0.6171049891937321 2.174388336114433
384 0.28380624516064146 0.6171049891937321 2.174388336114433
385 0.28253344975490513 0.6122039196625098 2.1668369539733803
386 0.2812562390090843 0.6073028860505971 2.159251251421953
387 0.2799745620188539 0.6024018889786836 2.1516307932937027
388 0.278688366875202 0.597500929083421 2.1439751353201797
389 0.277397600639319 0.5926000070176748 2.1362838238395283
390 0.2761022093093508 0.5876991234512962 2.1285563955514224
391 0.2748021377952234 0.582798279071925 2.1207923771910893
392 0.2734973298833154 0.5778974745854203 2.112991285260349
393 0.27218772820665277 0.5729967107162223 2.1051526256951107
394 0.27087327420897683 0.5680959882085288 2.0972758935613807
395 0.2695539081125022 0.5631953078268063 2.089360572697572
396 0.2682295688777116 0.5582946703561451 2.0814061353939577
397 0.2669001941692043 0.5533940766037356 2.0734120420043807
398 0.26556572031501086 0.5484935273988826 2.0653777405768565
399 0.2642260822655489 0.5435930235945756 2.0573026664652327
400 0.26288121355229227 0.538692566067864 2.049186241909627
401 0.2615310462424645 0.5337921557210892 2.041027875620596
402 0.2601755108932933 0.5288917934822575 2.032826962331492
403 0.25881453650531194 0.5239914803072022 2.024582882331448
404 0.2574480504727638 0.5190912171792691 2.0162950009760716
405 0.25607597852947867 0.5141910051110992 2.0079626682043785
406 0.25469824469836627 0.509290845146354 1.9995852179880407
407 0.25331477123230495 0.5043907383594703 1.991161967799002
408 0.25192547855713676 0.49949068585870454 1.9826922180299438
409 0.25053028520951415 0.4945906887857738 1.9741752513958786
410 0.2491291077748175 0.48969074831848286 1.96561033229848
411 0.24772186081774208 0.48479086567171814 1.9569967061905622
412 0.24630845681575012 0.4798910420990447 1.948333598866339
413 0.24488880608373986 0.47499127889428766 1.9396202157638194
414 0.2434628166996807 0.47009157739384383 1.9308557412022267
415 0.24203039442474789 0.46519193897721794 1.9220393375917728
416 0.24059144261965298 0.460292365070347 1.9131701446173859
416 0.23914586215843672 0.4553928571467501 1.904247278362054
417 0.23914586215843672 0.4553928571467501 1.904247278362054
418 0.23769355133654813 0.450493416730366 1.8952698304066167
419 0.23623440577469082 0.4455940453967013 1.8862368668757241
420 0.23476831832022585 0.4406947447766138 1.877147427428869
421 0.23329517894149993 0.4357955165577654 1.8680005242073328
422 0.23181487461664171 0.43089636248767893 1.8587951407357421
423 0.23032728921883822 0.4259972843769626 1.849530230750099
424 0.2288323033940971 0.42109828410111877 1.8402047169708353
425 0.22732979443451412 0.41619936360569 1.8308174898103058
426 0.22581963614166703 0.4113005249072726 1.8213674060179819
427 0.22430169868730968 0.40640177009922723 1.8118532872360287
428 0.2227758484630896 0.40150310135390127 1.8022739184872814
429 0.22124194882196282 0.39660452093740534 1.7926280393442013
430 0.21969985881384568 0.3917060312007516 1.7829143510403838
431 0.2181494309541774 0.38680763456451395 1.7731315313206728
432 0.21659051482928524 0.3819093335628273 1.7632782020202729
433 0.21502295539896193 0.3770111308325035 1.7533529391454155
433 0.21344659275939423 0.37211302911903654 1.7433542710072567
434 0.21344659275939423 0.37211302911903654 1.7433542710072567
435 0.2118612619296486 0.3672150312815432 1.7332806759334887
436 0.21026679261767314 0.36231714030011436 1.7231305799147916
437 0.20866300897769083 0.35741935928188817 1.712902354054051
438 0.20704972935323654 0.35252169146869244 1.7025943118586448
439 0.20542676600055448 0.3476241402447039 1.6922047063904302
440 0.20379392479732886 0.3427267091444901 1.681731727210851
441 0.20215100493418087 0.33782940186289584 1.671173497123554
442 0.20049779858386535 0.33293222226386177 1.6605280687139365
443 0.19883409055206905 0.32803517439064395 1.64979342063448
444 0.19715965790283316 0.3231382624782007 1.6389674536636394
445 0.19547426956193667 0.3182414909638808 1.6280479864540174
446 0.19377768589089642 0.31334486450167004 1.6170327510159972
447 0.19206965823118025 0.30844838797484153 1.605919387869086
448 0.1903499284207443 0.303552066512769 1.594705440822682
449 0.1886182282735973 0.29865590550656484 1.583388351381151
450 0.1868742790220423 0.2937599106270049 1.5719654527328246
451 0.18511779071953394 0.28886408784399575 1.5604339632685251
452 0.18334846159770413 0.2839684434485822 1.54879097961375
453 0.18156597737547336 0.2790729840747584 1.5370334690934044
454 0.17977001051782338 0.27417771672518454 1.52515826157779
455 0.17796021943269577 0.2692826487994104 1.5131620406955757
456 0.17613624760572572 0.26438778812294866 1.5010413342900926
457 0.17429772266609023 0.2594931429803297 1.4887925040618695
458 0.17244425537484784 0.2545987221524092 1.4764117343252718
459 0.17057543852879362 0.24970453495482323 1.463895019754983
460 0.16869084576872406 0.24481059128313754 1.4512381520617545
461 0.16679003028715014 0.23991690165982457 1.4384367054000606
462 0.16487252341817435 0.23502347728984516 1.4254860204555944
463 0.16293783310322243 0.23013033011804251 1.4123811869540028
464 0.16098544220979297 0.22523747289651505 1.3991170245256719
465 0.15901480669591297 0.22034491925701494 1.3856880616053868
466 0.15702535359640998 0.21545268379392668 1.3720885122009525
466 0.15501647880761993 0.2105607821547435 1.358312250248283
467 0.15501647880761993 0.2105607821547435 1.358312250248283
468 0.15298754465404205 0.20566923114321634 1.344352781190821
469 0.15093787719909563 0.2007780488348702 1.3302032104905819
470 0.14886676327501316 0.19588725470632032 1.3158562085778849
471 0.1467734471898545 0.19099686978290467 1.301303971799792
472 0.14465712707037903 0.18610691680419114 1.286538178749021
473 0.14251695079052215 0.18121742041432498 1.2715499413167106
474 0.14035201142107684 0.17632840737730046 1.2563297496912182
475 0.1381613421416478 0.17143990682328425 1.2408674102739832
476 0.1359439105209076 0.16655195053440627 1.2251519755185452
477 0.1336986120762937 0.1616645732699175 1.2091716642328743
478 0.13142426299765242 0.1567778131470994 1.1929137707996875
479 0.12911959189379624 0.15189171208077332 1.1763645613572544
480 0.12678323039895964 0.14700631629860464 1.1595091546098588
481 0.12441370244669121 0.1421216769461812 1.1423313843350775
482 0.12200941196409211 0.13723785079928308 1.1248136401122297
483 0.11956862869288687 0.13235490111098586 1.1069366819530952
483 0.11708947178665141 0.1274728986204285 1.0886794233105492
484 0.11708947178665141 0.1274728986204285 1.0886794233105492
485 0.11456989073203783 0.1225919227672583 1.0700186757966177
486 0.11200764305099398 0.11771206315612473 1.0509288469049713
487 0.10940026808405542 0.11283342134337924 1.0313815799490182
488 0.1067450559972283 0.10795611302877552 1.0113453219939166
489 0.10403901089401055 0.10308027076863265 0.9907848016129776
490 0.10127880661303632 0.09820604736438997 0.9696603924216182
491 0.0984607333703592 0.09333362014136401 0.9479273304850413
492 0.09558063282256217 0.08846319640315471 0.9255347426646524
493 0.09263381848715296 0.08359502048407468 0.9024244260822322
494 0.08961497860208874 0.07872938301875755 0.878529284354731
495 0.08651804963175978 0.07386663309867347 0.8537713623118693
496 0.08333605871186765 0.06900719476900201 0.828059255928969
497 0.0800609265609531 0.06415158986892612 0.8012846294014014
498 0.07668320283664097 0.059300469813175063 0.7733175926350322
499 0.0731917271630245 0.05445466163189955 0.7440002271104942
500 0.06957316798810714 0.0496152357265452 0.7131375092050781
501 0.0658113972113699 0.04478360929125628 0.6804840983306041
502 0.06188662558166945 0.039961710045650786 0.6457244949139265
503 0.057774188693857254 0.03515224716108477 0.6084420734552396
504 0.05344282672289678 0.030359184159147658 0.5680684578411478
505 0.04885226916590286 0.025588620356063897 0.5237959421938959
506 0.043950078963281035 0.020850574769751756 0.47441495582230425
507 0.03866880209077458 0.016162991654958016 0.4179853210093133
508 0.03293113971627546 0.011562016050876318 0.35109674765255866
509 0.026710904891671786 0.007132641899695946 0.26703108444371115
510 0.020535800765232985 0.003110433031043764 0.1514639271486171
511 0.017830400898904808 0.0004043424798022068 0.022677139010769107
512 0.015732299374987737 3.853970989581681e-05 0.0024497188222269545
513 0.013866227784526947 3.579131332186402e-06 0.0002581186021031823
514 0.012228737329485102 3.321739545656747e-07 2.7163389450254964e-05
515 0.01078584190450389 3.08298657531213e-08 2.8583643285414317e-06
516 0.009511822046830452 2.8616923330562228e-09 3.008563784064696e-07
