1 0.83287294527761 4.995110652034013 5.9974461655361635
2 0.8324140014173184 4.990191229620954 5.994842976120479
3 0.831959247336414 4.985286259669783 5.992224109090183
4 0.8315048558948975 4.980381727908095 5.989600292289354
5 0.8310490794740156 4.975477160708141 5.986983541161252
6 0.8305905986075003 4.970572587049155 5.984383395841955
7 0.8301290540853299 4.965668009968519 5.98180245051162
8 0.829665652815356 4.960763430709402 5.979232012167475
9 0.8292020397670206 4.955858850537406 5.9766602261734
10 0.8287382479436342 4.95095427040535 5.9740868515363665
11 0.8282742579011259 4.946049692236129 5.971512026426587
12 0.8278100690167917 4.941145114625937 5.96893574934966
13 0.8273456810692777 4.936240537541436 5.966358017560135
14 0.8268810937721274 4.931335960993824 5.963778828824941
15 0.8264163068351796 4.926431384985877 5.9611981809168295
16 0.8259513199727739 4.921526809518984 5.958616071563654
16 0.825486132889879 4.916622234595539 5.956032498551278
17 0.825486132889879 4.916622234595539 5.956032498551278
18 0.8250207452969958 4.911717660217693 5.953447459614539
19 0.8245551569030943 4.906813086387077 5.950860952487802
20 0.8240893674119946 4.90190851310619 5.948272974932746
21 0.8236233765314647 4.8970039403763606 5.945683524670188
22 0.8231571839690477 4.892099368200868 5.943092599413942
23 0.8226907894262567 4.887194796580636 5.940500196907466
24 0.8222241926116444 4.88229022551847 5.937906314834608
25 0.8217573932257667 4.877385655016823 5.935310950925425
26 0.8212903909724739 4.872481085076843 5.9327141028734465
27 0.8208231855532384 4.867576515700909 5.930115768379692
28 0.8203557766680324 4.862671946890764 5.927515945144014
29 0.819888164019318 4.85776737864924 5.924914630838338
30 0.8194203473031891 4.852862810977815 5.922311823167645
31 0.8189523262183996 4.847958243878835 5.919707519807414
32 0.8184841004637787 4.843053677354217 5.917101718420665
33 0.8180156697365879 4.838149111405779 5.914494416670195
33 0.8175470337333592 4.833244546036658 5.911885612214218
34 0.8175470337333592 4.833244546036658 5.911885612214218
35 0.8170781921515695 4.828339981248261 5.909275302690486
36 0.8166091446824687 4.823435417042286 5.906663485770585
37 0.8161398910217508 4.818530853421309 5.9040501590834396
38 0.8156704308640709 4.813626290386835 5.901435320252539
39 0.8152007638986358 4.808721727941656 5.898818966930684
40 0.8147308898184376 4.803817166087394 5.89620109673014
41 0.8142608083137459 4.798912604826905 5.893581707272613
42 0.8137905190772103 4.794008044160924 5.89096079614818
43 0.8133200217950786 4.789103484092002 5.888338360983629
44 0.8128493161585492 4.784198924622626 5.885714399357939
45 0.8123784018743425 4.779294365752967 5.883088908722884
46 0.8119072787261306 4.774389807480882 5.880461885957992
47 0.8114359463999341 4.769485249806328 5.877833328640314
48 0.8109644045818327 4.764580692732366 5.875203234338237
49 0.8104926529521771 4.759676136260457 5.8725716006475635
50 0.8100206911965803 4.754771580392229 5.869938425114026
51 0.8095485189969687 4.749867025129766 5.867303705298424
52 0.8090761360365896 4.74496247047496 5.864667438739503
53 0.8086035419940494 4.740057916429221 5.862029622996758
54 0.8081307365148885 4.735153362992643 5.8593902558554705
55 0.8076576655375493 4.7302488099954445 5.856749724336676
56 0.8071843825114865 4.725344257578665 5.8541076363199105
57 0.8067108871059845 4.7204397057452 5.851463989384633
58 0.8062371789997619 4.715535154496829 5.848818781027985
59 0.8057632578748318 4.710630603836313 5.846172008711854
60 0.8052891234079407 4.70572605376527 5.843523669922286
61 0.8048147752758896 4.700821504285584 5.840873762132595
62 0.8043402131525937 4.695916955400027 5.838222282825428
63 0.8038654367142098 4.691012407110358 5.835569229453145
64 0.8033904456325417 4.6861078594189705 5.832914599487686
65 0.8029152395855871 4.681203312328236 5.8302583903431335
66 0.8024398182425362 4.676298765840233 5.827600599484246
66 0.801964181274986 4.67139421995702 5.824941224345333
67 0.801964181274986 4.67139421995702 5.824941224345333
68 0.801488328354258 4.6664896746808955 5.822280262350004
69 0.8010122591485032 4.661585130014353 5.819617710932088
70 0.8005359733274104 4.6566805859585605 5.816953567499494
71 0.8000594705593312 4.65177604251638 5.814287829458811
72 0.7995827505096252 4.646871499689868 5.811620494224169
73 0.7991058128464437 4.641966957481648 5.808951559176869
74 0.7986286572334712 4.63706241589301 5.806281021715717
75 0.7981512833353157 4.632157874927223 5.8036088792219385
76 0.7976736908133014 4.627253334585756 5.800935129084986
77 0.7971958793319328 4.622348794870875 5.798259768658741
78 0.7967178485529997 4.617444255785245 5.795582795303828
79 0.7962395981370269 4.61253971733062 5.792904206375373
80 0.7957611277430396 4.6076351795093 5.790223999226509
81 0.795282437030547 4.60273064232303 5.787542171192493
82 0.7948035256581535 4.597826105774933 5.784858719603198
83 0.7943243932805808 4.592921569866556 5.7821736418010135
83 0.7938450395558759 4.5880170346004805 5.779486935091627
84 0.7938450395558759 4.5880170346004805 5.779486935091627
85 0.7933654641399435 4.583112499978429 5.776798596781374
86 0.792885666682613 4.578207966002932 5.7741086242079325
87 0.792405646839916 4.573303432675999 5.771417014649204
88 0.7919254042668876 4.568398900000115 5.7687237653769134
89 0.7914449386087468 4.563494367977721 5.7660288737201695
90 0.7909642495197824 4.558589836610225 5.763332336926579
91 0.7904833366492816 4.5536853059000135 5.76063415226724
92 0.7900021996455947 4.5487807758498215 5.757934317006287
93 0.7895208382278414 4.543876246457346 5.75523282787131
94 0.7890392520787882 4.538971717723047 5.752529681843782
95 0.7885574408432514 4.534067189648819 5.7498248761691615
96 0.7880754041673919 4.529162662236124 5.747118408068098
97 0.7875931416956257 4.524258135487455 5.744410274760754
98 0.7871106530697157 4.519353609404238 5.741700473470725
99 0.7866279379317566 4.51444908398896 5.7389890014059075
100 0.7861449959228531 4.50954455924313 5.7362758557655
101 0.7856618266814782 4.504640035169487 5.733561033754731
102 0.7851784298479983 4.499735511769428 5.730844532548514
103 0.7846948050599571 4.494830989044539 5.728126349327745
104 0.7842109011140328 4.4899264668450165 5.7254068522469215
105 0.7837267685503629 4.485021945296924 5.722685667088724
106 0.7832424069306894 4.480117424399437 5.71996279153957
107 0.7827578158953443 4.475212904154499 5.717238222700596
108 0.7822729950764622 4.470308384564367 5.714511957718064
109 0.7817879441130049 4.465403865631585 5.711783993673515
110 0.7813026626343358 4.460499347357634 5.7090543277019785
111 0.7808171502749414 4.455594829746024 5.706322956888332
112 0.7803314066655173 4.450690312798141 5.703589878327034
113 0.779845431434483 4.445785796516804 5.700855089115576
114 0.7793592242103217 4.440881280904243 5.698118586334721
115 0.7788727846237232 4.435976765962907 5.695380367033811
116 0.7783861122995703 4.431072251695128 5.692640428288862
116 0.777899206864527 4.426167738103605 5.689898767147648
117 0.777899206864527 4.426167738103605 5.689898767147648
118 0.7774120679440141 4.421263225189845 5.687155380649745
119 0.7769246951614341 4.416358712956597 5.6844102658352735
120 0.7764370881379253 4.411454201406367 5.681663419744733
121 0.7759492464974085 4.4065496905412305 5.678914839381763
122 0.7754611698603812 4.401645180363865 5.6761645217598256
123 0.7749728578431432 4.396740670876319 5.67341246390623
124 0.7744843100679194 4.391836162081142 5.67065866278943
125 0.7739955261506586 4.386931653980919 5.667903115407673
126 0.7735065057076852 4.382027146577526 5.6651458187392825
127 0.7730172483549561 4.377122639873641 5.662386769749984
128 0.7725277537071022 4.372218133871602 5.659625965398382
129 0.7720380213766119 4.36731362857387 5.6568634026424816
130 0.7715480509750163 4.362409123982211 5.654099078429881
131 0.7710578421129338 4.357504620099747 5.651332989700039
132 0.7705673944030987 4.352600116928135 5.64856513335835
133 0.7700767074518163 4.34769561447049 5.645795506342497
133 0.7695857808673817 4.342791112729124 5.643024105557756
134 0.7695857808673817 4.342791112729124 5.643024105557756
135 0.769094614255141 4.337886611706062 5.640250927913796
136 0.7686032072225806 4.332982111403357 5.637475970287702
137 0.7681115593731422 4.328077611824411 5.634699229570983
138 0.7676196703092778 4.3231731129707835 5.631920702642958
139 0.7671275396344756 4.318268614845286 5.629140386359841
140 0.7666351669479563 4.313364117450084 5.6263582775911205
141 0.7661425518723624 4.308459620787043 5.623574373016711
142 0.7656496940851585 4.303555124852994 5.620788668890053
143 0.7651565931845616 4.298650629650841 5.61800116203661
144 0.7646632487646983 4.293746135182863 5.615211849293586
145 0.7641696604208618 4.288841641451219 5.612420727471915
146 0.7636758277491426 4.283937148458144 5.60962779335915
147 0.7631817503398199 4.279032656205349 5.606833043767144
148 0.7626874277870881 4.274128164695859 5.604036475462953
149 0.7621928596799711 4.269223673931237 5.60123808523186
150 0.7616980456089912 4.264319183914107 5.598437869831617
151 0.7612029851598873 4.259414694646301 5.595635826036113
152 0.7607076779237769 4.2545102061301305 5.5928319505622675
153 0.760212123483632 4.249605718367473 5.590026240168177
154 0.7597163214237905 4.244701231361199 5.587218691584998
155 0.759220223404405 4.239796744955617 5.584409653820897
156 0.7587238770324781 4.234892259286648 5.581598770622804
157 0.758227281881739 4.229987774356058 5.5787860387432096
158 0.757730437455739 4.225083290162803 5.575971455428832
159 0.7572333433218815 4.220178806707949 5.573155017440976
160 0.7567359990637453 4.215274323994717 5.570336721406106
161 0.7562384042553871 4.210369842025193 5.567516564000525
162 0.7557405584797097 4.2054653608020995 5.564694541817434
163 0.7552424613074645 4.20056088032797 5.561870651520336
164 0.7547441123170809 4.195656400605404 5.559044889697313
165 0.7542455110794082 4.190751921636966 5.55621725297316
166 0.7537466571673942 4.185847443425034 5.553387737937827
166 0.7532475501529924 4.180942965972674 5.550556341170285
167 0.7532475501529924 4.180942965972674 5.550556341170285
168 0.7527481896043563 4.1760384892820435 5.547723059256994
169 0.7522485750912279 4.1711340133560295 5.5448878887543005
170 0.7517487061791234 4.166229538196494 5.542050826228869
171 0.7512485824356568 4.16132506380688 5.539211868214461
172 0.7507482034261019 4.156420590188973 5.536371011240256
173 0.7502475687134899 4.151516117346105 5.533528251834318
174 0.7497466778570212 4.146611645280475 5.530683586531671
175 0.7492455304177248 4.141707173995068 5.527837011835031
176 0.7487441259583261 4.136802703492515 5.524988524214163
177 0.748242464034987 4.131898233774679 5.522138120166188
178 0.7477405442062376 4.126993764844959 5.519285796152675
179 0.7472383660266149 4.1220892967056795 5.516431548643021
180 0.74673592904931 4.117184829359178 5.513575374096273
181 0.7462332328286126 4.112280362808378 5.510717268943777
182 0.7457302769156753 4.107375897055838 5.507857229619076
183 0.7452270608596413 4.102471432104418 5.504995252550406
183 0.7447235842115324 4.0975669679567055 5.502131334131116
184 0.7447235842115324 4.0975669679567055 5.502131334131116
185 0.7442198465178895 4.0926625046152045 5.49926547076681
186 0.7437158473259178 4.087758042082422 5.496397658837365
187 0.7432115861782681 4.082853580361365 5.493527894736082
188 0.7427070626233976 4.077949119454448 5.490656174791544
189 0.7422022762000305 4.073044659364056 5.487782495383148
190 0.7416972264497176 4.068140200093557 5.484906852849546
191 0.7411919129883328 4.063235741640654 5.482029242950759
192 0.7406863353691153 4.058331284007778 5.479149661894788
193 0.7401804931288589 4.053426827197402 5.47626810598984
194 0.7396743858016018 4.048522371211748 5.473384571542615
195 0.7391680129215102 4.043617916053292 5.470499054837577
196 0.7386613740222415 4.0387134617246785 5.467611552141443
197 0.7381544686323094 4.033809008228204 5.464722059736701
198 0.7376472962837121 4.028904555566596 5.461830573858714
199 0.7371398565038406 4.024000103742611 5.458937090754969
200 0.7366321488194473 4.019095652758202 5.456041606654484
201 0.736124172756886 4.014191202616331 5.453144117768384
202 0.7356159278405283 4.009286753319265 5.4502446202992285
203 0.7351074135902521 4.004382304869364 5.447343110460591
204 0.7345986295289368 3.9994778572696976 5.444439584422275
205 0.734089575179039 3.9945734105221002 5.44153403833293
206 0.7335802500533734 3.989668964629784 5.438626468391845
207 0.7330706086801818 3.9847645194417303 5.435717204125655
208 0.7325606956655151 3.979860075091394 5.432805907605758
209 0.7320505105138321 3.974955631581419 5.429892575023773
210 0.731540052743591 3.9700511889146566 5.426977202444693
211 0.7310293218658807 3.9651467470937534 5.42405978596468
212 0.7305183173389357 3.960242306118658 5.4211403220451215
213 0.7300070386433457 3.955337865990959 5.418218806960558
214 0.7294954852894643 3.9504334267132672 5.4152952367426
215 0.7289836567831851 3.945528988288457 5.4123696074326935
216 0.7284715526287192 3.940624550719772 5.409441915061567
216 0.7279591723306302 3.9357201140097318 5.406512155632508
217 0.7279591723306302 3.9357201140097318 5.406512155632508
218 0.7274465153892803 3.930815678161235 5.4035803251565895
219 0.7269335813074836 3.9259112431772403 5.400646419602714
220 0.7264203695841046 3.92100680906079 5.39771043494509
221 0.725906879718232 3.9161023758148454 5.394772367131883
222 0.7253931112031047 3.911197943441887 5.3918322121297075
223 0.7248790635336632 3.9062935119451567 5.388889965869113
224 0.7243647362022119 3.901389081327613 5.38594562427527
225 0.7238501287025716 3.89648465159211 5.382999183237235
226 0.7233352405231264 3.891580222741876 5.380050638660201
227 0.7228200711516751 3.886675794779081 5.37709998642734
228 0.7223046200742685 3.881771367707574 5.374147222412122
229 0.7217888867787723 3.876866941529489 5.371192342447004
230 0.7212728707463488 3.871962516248685 5.3682353423914435
231 0.7207565714584728 3.86705809186734 5.365276218074891
232 0.7202399883959479 3.8621536683889417 5.362314965308125
233 0.7197231210386656 3.8572492458161354 5.359351579881943
233 0.7192059688617752 3.852344824152245 5.356386057597682
234 0.7192059688617752 3.852344824152245 5.356386057597682
235 0.7186885313425588 3.8474404034000576 5.35341839421422
236 0.7181708079507048 3.842535983562443 5.3504485855211685
237 0.7176527981608379 3.8376315646428014 5.347476627246041
238 0.7171345014438276 3.8327271466441974 5.344502515117676
239 0.7166159172662916 3.8278227295692258 5.341526244869638
240 0.7160970450982657 3.822918313420932 5.338547812184221
241 0.7155778844422143 3.818013898200606 5.335567212472908
242 0.7150584348054381 3.8131094839085824 5.332584441082917
243 0.714538695650393 3.808205070548276 5.329599493673246
244 0.7140186664356757 3.803300658122271 5.326612365903604
245 0.7134983466209056 3.7983962466337147 5.323623053399828
246 0.7129777356624661 3.7934918360852232 5.320631551783991
247 0.7124568330162792 3.7885874264798334 5.317637856654912
248 0.7119356381336155 3.783683017820379 5.314641963618431
249 0.7114141504662793 3.778778610109789 5.311643868249007
250 0.7108923694645303 3.7738742033509856 5.308643566104956
251 0.7103702945758518 3.76896979754738 5.305641052738218
252 0.7098479252476386 3.7640653927014025 5.302636323672095
253 0.7093252609239287 3.7591609888159736 5.2996293744275995
254 0.7088023010466674 3.754256585894275 5.296620200513564
255 0.7082790450577453 3.7493521839391213 5.293608797410405
256 0.7077554923946233 3.744447782953509 5.290595160603455
257 0.7072316424958406 3.739543382940361 5.287579285541306
258 0.706707494796456 3.7346389839030585 5.284561167670507
259 0.7061830487300864 3.7297345858438984 5.281540802418012
260 0.7056582616856077 3.7248301886279296 5.278518499493534
261 0.7051331752310497 3.7199257923763076 5.275493939364583
262 0.7046077887911706 3.7150213970920434 5.272467117437854
263 0.70408210179297 3.71011700277792 5.269438029073563
264 0.7035561136650698 3.7052126094371376 5.266406669590844
265 0.703029823827724 3.7003082170732915 5.263373034342344
266 0.7025032317044372 3.6954038256890502 5.260337118625257
266 0.7019763367156601 3.690499435287631 5.257298917730457
267 0.7019763367156601 3.690499435287631 5.257298917730457
268 0.7014491382577317 3.6855950458711604 5.254258427097777
269 0.7009216356975193 3.6806906574408798 5.2512156423564464
270 0.7003938284494944 3.675786270000014 5.248170558751684
271 0.6998657159258597 3.670881883551294 5.245123171514475
272 0.6993372975380177 3.665977498098859 5.242073475853141
273 0.6988085726954848 3.6610731136458026 5.239021466957825
274 0.6982795408050007 3.6561687301956294 5.2359671400091035
275 0.6977502012726134 3.651264347751656 5.2329104901613555
276 0.6972205535004703 3.6463599663169797 5.229851512566633
277 0.6966905968892791 3.641455585895244 5.226790202357157
278 0.6961603308407421 3.6365512064900045 5.223726554625998
279 0.6956297547497255 3.6316468281044836 5.220660564485315
280 0.6950988680109607 3.6267424507421233 5.21759222701674
281 0.6945676700192195 3.6218380744064085 5.2145215372696345
282 0.6940361601649744 3.616933699100935 5.211448490293617
283 0.6935043378377594 3.6120293248292303 5.208373081112925
283 0.6929722024260208 3.607124951594248 5.205295304726645
284 0.6929722024260208 3.607124951594248 5.205295304726645
285 0.6924397533130778 3.6022205794000546 5.202215156141326
286 0.6919069898840868 3.597316208249897 5.199132630315738
287 0.6913739115169322 3.5924118381468975 5.19604772223014
288 0.6908405175934066 3.587507469095131 5.192960426803679
289 0.6903068074899829 3.5826031010979165 5.189870738961102
290 0.6897727805819338 3.5776987341588913 5.18677865360319
291 0.6892384362403013 3.5727943682816483 5.183684165628862
292 0.6887037738417563 3.5678900034691226 5.18058726985997
293 0.6881687928243435 3.5629856397219095 5.177487960619232
294 0.6876334925542124 3.5580812770428025 5.1743862327390735
295 0.6870978723959338 3.5531769154358543 5.171282081031346
296 0.6865619317111326 3.548272554904296 5.168175500294435
297 0.6860256698591762 3.543368195451695 5.165066485309594
298 0.6854890861977491 3.538463837081129 5.16195503083525
299 0.6849521800820506 3.533559479796724 5.158841131615112
300 0.6844149508651123 3.5286551236018213 5.155724782372945
301 0.6838773978989744 3.52375076849964 5.152605977804497
302 0.6833395205315036 3.5188464144936504 5.149484712601843
303 0.6828013181093588 3.513942061587434 5.146360981430668
304 0.682262789976446 3.5090377097847925 5.1432347789419035
305 0.6817239354766914 3.5041333590887795 5.140106099749212
306 0.6811847539490135 3.4992290095032996 5.136974938469066
307 0.6806452447317182 3.494324661031837 5.133841289685574
308 0.6801054071596776 3.4894203136778397 5.13070514797213
309 0.6795652405664577 3.4845159674451507 5.127566507875831
310 0.6790247442819689 3.479611622337192 5.1244253639338115
311 0.6784839176351155 3.474707278357489 5.121281710653848
312 0.6779427599524092 3.469802935509833 5.118135542524873
313 0.6774012705570879 3.4648985937978076 5.114986854022742
314 0.6768594487716875 3.4599942532249144 5.111835639590828
315 0.6763172740533309 3.455089913727839 5.108682043592736
316 0.6757747464948115 3.450185575295523 5.105526054637813
316 0.6752318845883486 3.44528123799506 5.10236752237412
317 0.6752318845883486 3.44528123799506 5.10236752237412
318 0.6746886876451854 3.4403769018304677 5.099206441178306
319 0.674145154976541 3.4354725668048167 5.096042805387164
320 0.6736012858903625 3.430568232922784 5.092876609325764
321 0.6730570796929539 3.425663900187706 5.089707847290575
322 0.6725125356872982 3.4207595686034433 5.0865365135647265
323 0.6719676531740028 3.415855238173662 5.083362602409588
324 0.6714224314529273 3.41095090890244 5.080186108053165
325 0.6708768698197756 3.406046580793819 5.077007024715012
326 0.6703309675657342 3.4011422538513667 5.0738253466081185
327 0.669784723964926 3.3962379280779644 5.070641068033393
328 0.669238138262913 3.3913336034762653 5.067454183467299
329 0.6686912097469059 3.386429280050042 5.064264687032117
330 0.668143937702409 3.3815249578033266 5.061072572822559
331 0.6675963214097513 3.376620636740806 5.057877834932427
332 0.6670483601496161 3.371716316865853 5.054680467409576
333 0.6665000531967821 3.366811998182833 5.051480464306568
333 0.6659513998247543 3.3619076806955377 5.048277819643035
334 0.6659513998247543 3.3619076806955377 5.048277819643035
335 0.6654023993054787 3.357003364408878 5.045072527410163
336 0.6648530509078527 3.352099049326293 5.041864581577873
337 0.6643033538966061 3.3471947354525216 5.038653976107258
338 0.6637533075372691 3.342290422791129 5.035440704908973
339 0.6632029110893377 3.3373861113469663 5.032224761898548
340 0.6626521638107153 3.332481801123974 5.029006140959177
341 0.6621010649573961 3.3275774921263337 5.02578483594563
342 0.6615496137820543 3.322673184358173 5.022560840694283
343 0.6609978095346628 3.3177688778241095 5.01933414901903
344 0.6604456514634545 3.3128645725284214 5.0161047547024955
345 0.6598931388517024 3.307960268473078 5.012872651213418
346 0.6593402709710202 3.30305596566178 5.009637832067075
347 0.6587870470563336 3.2981516640981434 5.006400291012575
348 0.6582334663476324 3.293247363786445 5.003160021716648
349 0.6576795280750047 3.288343064731396 4.999917017876796
350 0.6571252314708328 3.2834387669364546 4.996671273125804
350 0.6571252314708328 3.2834387669364546 4.996671273125804
351 0.656570575763089 3.2785344704063712 4.993422781086322
352 0.6560155601775806 3.2736301751457333 4.99017153535135
353 0.6554601839348451 3.2687258811582356 4.986917529506503
354 0.6549044462560165 3.2638215884483537 4.98366075708769
355 0.6543483463561637 3.258917297020428 4.980401211630158
356 0.6537918834512596 3.254013006878974 4.977138886615685
357 0.653235056750601 3.249108718028302 4.973873775529443
358 0.6526778654613687 3.2442044304725157 4.970605871825044
359 0.6521203087899009 3.2393001442162497 4.967335168915714
360 0.65156238593812 3.2343958592634547 4.964061660199382
361 0.651004096104542 3.2294915756192215 4.960785339053552
362 0.6504454384853358 3.224587293287699 4.957506198823773
363 0.6498864122734767 3.2196830122733857 4.954224232831815
364 0.6493270166606824 3.2147787325807355 4.950939434360047
365 0.6487672508318147 3.209874454214276 4.947651796694032
366 0.6482071139725057 3.204970177178117 4.9443613130633715
366 0.6476466052631988 3.2000659014774357 4.941067976689158
367 0.6476466052631988 3.2000659014774357 4.941067976689158
368 0.6470857238832501 3.1951616271162973 4.93777178074907
369 0.6465244690079642 3.1902573540993098 4.934472718402264
370 0.6459628398070911 3.1853530824312215 4.931170782799964
371 0.6454008354503314 3.1804488121166465 4.9278659670427505
372 0.6448384551047234 3.1755445431598535 4.924558264199887
373 0.6442756620502569 3.1706402754256686 4.921247941193132
374 0.6437124914220067 3.165736009042632 4.917934716552254
375 0.6431489423698039 3.160831744015015 4.914618583322756
376 0.6425850140482257 3.1559274803477324 4.9112995344626595
377 0.64202070561043 3.151023218045598 4.907977562888133
378 0.6414560162036027 3.146118957113328 4.904652661508014
379 0.6408909449707306 3.141214697555846 4.9013248232104525
380 0.6403254910536289 3.1363104393777355 4.897994040838617
381 0.6397596535888099 3.131406182584242 4.894660307223559
382 0.6391934317123363 3.1265019271802026 4.891323615145123
383 0.6386268245545254 3.121597673170199 4.887983957372401
383 0.6380598312428768 3.116693420559508 4.8846413266425195
384 0.6380598312428768 3.116693420559508 4.8846413266425195
385 0.6374924509035514 3.1117891693529156 4.8812957156471635
386 0.6369246826548147 3.106884919555264 4.877947117083323
387 0.6363565256162035 3.101980671171737 4.8745955235832525
388 0.635787978901513 3.0970764242074313 4.871240927767188
389 0.6352190416171009 3.0921721786671763 4.867883322255765
390 0.6346497128232151 3.0872679345541165 4.864522699963926
391 0.6340799916246753 3.0823636918731014 4.861159053411063
392 0.6335098771221774 3.077459450629879 4.857792375092466
393 0.6329393684134349 3.07255521082919 4.854422657467251
394 0.6323684645923644 3.067650972476899 4.851049892967638
395 0.6317971647502129 3.0627467355779556 4.847674073986771
396 0.6312254679735831 3.057842500137675 4.8442951928955535
397 0.630653373344647 3.052938266161307 4.840913242040015
398 0.6300808799467085 3.048034033654084 4.837528213698348
399 0.6295079869122738 3.0431298026192612 4.834140099708285
400 0.6289346933118506 3.038225573061906 4.830748892326463
401 0.6283609982162329 3.0333213449874905 4.827354583747824
402 0.627786900690675 3.0284171184013418 4.8239571661491425
403 0.6272123997956824 3.0235128933086974 4.820556631682699
404 0.6266374945883305 3.0186086697146406 4.817152972465708
405 0.626062184123776 3.0137044476250154 4.813746180569803
406 0.6254864674507651 3.0088002270450924 4.810336248053087
407 0.6249103436170139 3.0038960079803907 4.806923166919726
408 0.6243338116647174 2.998991790436337 4.803506929153581
409 0.6237568706314972 2.994087574418337 4.80008752671068
410 0.6231795195541906 2.989183359931918 4.7966649514899276
411 0.6226017574627072 2.9842791469829226 4.793239195380325
412 0.6220235833847398 2.9793749355764323 4.789810250222621
413 0.6214449963437328 2.9744707257183247 4.786378107827083
414 0.6208659953583321 2.9695665174143158 4.78294275997582
415 0.6202865794454133 2.9646623106695675 4.779504198398452
416 0.6197067476156142 2.9597581054902786 4.776062414808704
416 0.6191264988758733 2.9548539018818123 4.772617400881465
417 0.6191264988758733 2.9548539018818123 4.772617400881465
418 0.6185458322308781 2.949949699850029 4.769169148243379
419 0.6179647466798924 2.9450454994007873 4.7657176484961035
420 0.6173832412174115 2.940141300539617 4.762262893210355
421 0.6168013148359517 2.935237103272379 4.758804873905064
422 0.6162189665223168 2.9303329076050715 4.75534358207546
423 0.6156361952600109 2.925428713543458 4.751879009173457
424 0.6150530000276745 2.9205245210933786 4.7484111466198335
425 0.6144693798003665 2.915620330260717 4.7449399857938666
426 0.613885333549006 2.910716141051541 4.741465518037467
427 0.6133008602393483 2.905811953471536 4.737987734661756
428 0.612715958834613 2.900907767526762 4.73450662692758
429 0.6121306282922738 2.896003583223713 4.731022186069995
430 0.6115448675651657 2.891099400567704 4.727534403286659
431 0.6109586756037554 2.886195219565484 4.724043269724122
432 0.610372018614627 2.881291040096339 4.720549029485428
433 0.6097849283671065 2.876386862278257 4.71705142004854
433 0.6091974037940098 2.871482686117515 4.713550432477648
434 0.6091974037940098 2.871482686117515 4.713550432477648
435 0.6086094438282358 2.8665785116204225 4.71004605776285
436 0.608021047398127 2.861674338793429 4.706538286855766
437 0.6074322134278968 2.856770167642485 4.703027110664733
438 0.6068429408356374 2.8518659981744032 4.699512520072022
439 0.6062532285369991 2.8469618303949487 4.695994505901754
440 0.6056630754416857 2.8420576643110436 4.692473058950218
441 0.6050724804555391 2.837153499928779 4.688948169965985
442 0.6044814424780488 2.83224933725498 4.685419829671331
443 0.603889960406152 2.8273451762958666 4.681888028730116
444 0.6032980331324259 2.8224410170580527 4.678352757762958
445 0.602705659542335 2.817536859548281 4.674814007367676
446 0.6021128385188408 2.8126327037731174 4.671271768082565
447 0.6015195689391843 2.8077285497391506 4.667726030411193
448 0.6009258496756764 2.8028243974529734 4.664176784815757
449 0.6003316795967745 2.797920246921625 4.660624021708978
450 0.5997370575652098 2.7930160981514365 4.657067731466219
451 0.5991419824392664 2.7881119511492627 4.653507904417109
452 0.5985464530720939 2.7832078059220065 4.649944530849595
453 0.597950468333694 2.7783036624759623 4.646377600837489
454 0.5973540270977181 2.773399520816381 4.642807104341651
455 0.596757128201902 2.768495380950413 4.639233031521901
456 0.5961597704645698 2.763591242884262 4.635655372603684
457 0.5955619526897731 2.758687106624383 4.632074117839722
458 0.5949636736987107 2.7537829721772953 4.628489257264822
459 0.5943649323119693 2.7488788395503225 4.624900780834586
460 0.5937657273414793 2.743974708750463 4.62130867848555
461 0.5931660575962098 2.7390705797847876 4.61771294009101
462 0.5925659218784443 2.7341664526603777 4.614113555489358
463 0.5919653189867444 2.729262327384987 4.610510514461578
464 0.5913642477139613 2.7243582039653105 4.606903806743256
465 0.5907627068473845 2.7194540824087516 4.6032934220258515
466 0.5901606951679192 2.714549962722643 4.599679349961231
466 0.5895582114529752 2.709645844914562 4.596061580139133
467 0.5895582114529752 2.709645844914562 4.596061580139133
468 0.5889552544738965 2.704741728991384 4.5924401021050105
469 0.5883518229958045 2.6998376149609444 4.588814905363516
470 0.5877479157789358 2.694933502830424 4.58518597936474
471 0.587143531579138 2.6900293926078827 4.581553313502369
472 0.5865386691453859 2.685125284300187 4.577916897128947
473 0.5859333272212568 2.680221177915557 4.574276719548105
474 0.5853275045459873 2.6753170734610263 4.570632770001389
475 0.5847211998506184 2.6704129709443696 4.566985037701032
476 0.5841144118630138 2.66550887037366 4.5633335117894225
477 0.5835071393046541 2.660604771756337 4.559678181361911
478 0.5828993808909628 2.655700675100352 4.556019035465621
479 0.5822911353312817 2.6507965804134126 4.552356063097715
480 0.5816824013300095 2.645892487703469 4.5486892531967085
481 0.58107317758543 2.640988396978615 4.545018594650816
482 0.5804634627893093 2.6360843082462857 4.5413440762990875
483 0.5798532556282862 2.6311802215149673 4.537665686922831
483 0.5792425547824396 2.6262761367925824 4.533983415253386
484 0.5792425547824396 2.6262761367925824 4.533983415253386
485 0.5786313589274393 2.6213720540869 4.53029724995534
486 0.5780196667303757 2.6164679734066465 4.526607179660427
487 0.5774074768535947 2.6115638947596924 4.522913192933715
488 0.5767947879533337 2.6066598181543266 4.519215278285804
489 0.5761815986806577 2.60175574359877 4.515513424163975
490 0.5755679076783727 2.5968516711011733 4.511807618975681
491 0.5749537135857842 2.5919476006701743 4.508097851051536
492 0.5743390150323611 2.587043532314101 4.504384108692902
493 0.5737238106446095 2.5821394660412054 4.500666380117696
494 0.5731080990404347 2.577235401860166 4.496944653504772
495 0.5724918493961199 2.5723313396502503 4.49321914777235
496 0.5718750898437767 2.567427279536738 4.4894896195567835
497 0.5712578189788944 2.562523221528226 4.485756056886288
498 0.5706400353962132 2.557619165633707 4.482018447685452
499 0.570021737683367 2.552715111861587 4.478276779822663
500 0.5694029244195116 2.5478110602212083 4.474531041122807
501 0.5687835941800393 2.542907010721223 4.4707812193266365
502 0.5681637455306948 2.538002963370507 4.467027302137835
503 0.5675433770323636 2.5330989181783217 4.463269277184913
504 0.5669224872385699 2.5281948751533934 4.459507132038475
505 0.566301074695973 2.5232908343051434 4.455740854208707
506 0.5656791379444955 2.5183867956425554 4.451970431141584
507 0.5650566755170259 2.513482759174838 4.448195850221583
508 0.564433685939996 2.5085787249114464 4.444417098766372
509 0.5638101677701313 2.503674692860479 4.440634163733709
510 0.5631861195251621 2.4987706630311726 4.436847032270532
511 0.5625615397101071 2.493866635432567 4.433055691502974
512 0.5619364268224457 2.4889626100743683 4.429260128496354
513 0.5613107793529545 2.484058586965772 4.425460330245655
514 0.5606845957835522 2.4791545661166574 4.421656283693792
515 0.5600578745919105 2.4742505475363474 4.417847975692199
516 0.5594306142449448 2.469346531234569 4.414035393053005
516 0.5588028132044423 2.464442517221091 4.410218522503135
517 0.5588028132044423 2.464442517221091 4.410218522503135
518 0.5581744699247003 2.4595385055057735 4.406397350702145
519 0.557545582849567 2.454634496097994 4.402571864263672
520 0.5569161504195407 2.4497304890080396 4.3987420497009975
521 0.5562861710657803 2.4448264842457026 4.3949078934709025
522 0.5556556432108912 2.4399224818208047 4.3910693819675055
523 0.5550245652708378 2.4350184817438505 4.3872265015074134
524 0.5543929356540216 2.430114484024664 4.383379238333618
525 0.5537607527598555 2.425210488673465 4.379527578627777
526 0.5531280149811947 2.420306495700463 4.3756715084893125
527 0.5524947207017633 2.415402505116012 4.371811013955093
528 0.5518608682976194 2.4104985169305433 4.367946080986771
529 0.5512264561381691 2.405594531154281 4.364076695461257
530 0.5505914825573989 2.4006905477973417 4.360202843397729
531 0.5499559459034817 2.395786566870235 4.356324510564888
532 0.5493198445215408 2.390882588383458 4.352441682615569
533 0.548683176745889 2.3859786123478 4.348554345147739
533 0.5480459409054973 2.3810746387742694 4.344662483660018
534 0.5480459409054973 2.3810746387742694 4.344662483660018
535 0.5474081353187739 2.37617066767333 4.340766083590641
536 0.546769758297169 2.371266699056595 4.336865130290936
537 0.546130808143139 2.3663627329345687 4.3329596090362905
538 0.5454912831503612 2.3614587693185856 4.329049505026947
539 0.544851181603988 2.356554808219836 4.325134803383139
540 0.5442105017813396 2.3516508496491593 4.321215489138131
541 0.5435692419496272 2.3467468936185676 4.317291547258006
542 0.5429274003684775 2.3418429401386667 4.313362962615792
543 0.5422849752877883 2.3369389892215713 4.309429720012744
544 0.5416419649491625 2.332035040878394 4.305491804161212
545 0.5409983675846906 2.3271310951208903 4.301549199696226
546 0.5403541814176688 2.3222271519607554 4.297601891167344
547 0.5397094046628197 2.3173232114094886 4.293649863035503
548 0.5390640355246694 2.3124192734793634 4.2896930996865565
549 0.5384180721988525 2.307515338181877 4.285731585416859
550 0.5377715128713775 2.3026114055292193 4.281765304440644
551 0.5371243557206192 2.297707475533265 4.2777942408711
552 0.5364765989136843 2.29280354820622 4.273818378749299
553 0.5358282406084591 2.2878996235602735 4.269837702026029
554 0.5351792789528965 2.2829957016075983 4.265852194566253
555 0.5345297120861618 2.2780917823609124 4.2618618401397725
556 0.5338795381382603 2.273187865832408 4.257866622420944
557 0.5332287552277076 2.2682839520345657 4.2538665250075045
558 0.5325773614639213 2.2633800409798766 4.249861531399708
559 0.5319253549471028 2.2584761326813205 4.245851625000869
560 0.5312727337656517 2.2535722271514214 4.241836789134917
561 0.5306194699544309 2.248668324279361 4.237817214797027
562 0.5299655877164244 2.2437644241913506 4.233792676727438
563 0.5293110851062457 2.238860526900368 4.229763157994271
564 0.528655960174167 2.233956632419472 4.225728641522341
565 0.5280002109840889 2.2290527407615257 4.221689109947529
566 0.5273438355771031 2.2241488519395745 4.217644545907243
566 0.5266868319707185 2.219244965966992 4.213594932045638
567 0.5266868319707185 2.219244965966992 4.213594932045638
568 0.5260291981705526 2.214341082857097 4.2095402509180655
569 0.5253709321731712 2.2094372026234876 4.205480484967561
570 0.5247120319648717 2.204533325280205 4.201415616533439
571 0.5240524955190792 2.199629450840378 4.197345627868108
572 0.5233923207993371 2.19472557931826 4.193270501115537
573 0.5227315057573879 2.189821710727572 4.189190218321985
574 0.522070048335503 2.1849178450827282 4.185104761418171
575 0.5214079464632251 2.18001398239731 4.181014112240935
576 0.5207451980594968 2.1751101226858154 4.176918252518004
577 0.5200818010310678 2.1702062659625434 4.172817163877078
578 0.5194177532736669 2.1653024122418594 4.168710827835377
579 0.5187530526720898 2.1603985615383605 4.164599225797665
580 0.5180876970979538 2.1554947138665628 4.1604823390720815
581 0.5174216844128084 2.150590869241347 4.156360148844413
582 0.516755012465347 2.145687027677401 4.152232636197772
583 0.5160876790925998 2.140783189189576 4.1480997821020695
583 0.5154196821186061 2.1358793537932472 4.143961567423706
584 0.5154196821186061 2.1358793537932472 4.143961567423706
585 0.51475101935808 2.1309755215030686 4.139817972892022
586 0.5140816886105127 2.126071692334823 4.1356689791485906
587 0.5134116876640012 2.1211678663033955 4.1315145667107975
588 0.5127410142951657 2.116264043424731 4.127354715974559
589 0.5120696662662879 2.111360223714008 4.123189407232047
590 0.5113976413289286 2.1064564071872183 4.119018620643882
591 0.510724937220497 2.1015525938600166 4.114842336262711
592 0.5100515516667615 2.0966487837481034 4.11066053401193
593 0.5093774823793847 2.091744976867914 4.106473193705058
594 0.508702727057952 2.0868411732352765 4.1022802950249195
595 0.5080272833882629 2.0819373728668196 4.098081817538304
596 0.5073511490430557 2.0770335757786156 4.093877740685576
597 0.5066743216823332 2.0721297819872775 4.0896680437782855
598 0.505996798952117 2.0672259915093045 4.085452706006008
599 0.5053185784845591 2.062322204361584 4.081231706434482
600 0.5046396578988128 2.0574184205611807 4.077005023996194
601 0.5039600347998316 2.052514640124634 4.072772637496691
602 0.503279706778564 2.047610863069328 4.068534525613702
603 0.5025986714120863 2.042707089412689 4.064290666892453
604 0.501916926263502 2.037803319171732 4.060041039743503
605 0.5012344688817524 2.0328995523642797 4.055785622444626
606 0.5005512968015534 2.027995789007603 4.051524393136503
607 0.4998674075424706 2.0230920291197476 4.047257329830727
608 0.4991827986095463 2.0181882727184632 4.04298441040045
609 0.4984974674930863 2.0132845198219744 4.038705612581466
610 0.4978114116698034 2.0083807704483956 4.034420913959577
611 0.4971246286004084 2.003477024615764 4.030130291987947
612 0.49643711573009836 1.9985732823430498 4.025833723982936
613 0.49574887048975863 1.9936695436482699 4.021531187108284
614 0.4950598902946014 1.9887658085507414 4.017222658388386
615 0.49437017254366533 1.983862077068614 4.012908114705057
616 0.49367971461230237 1.9789583492215972 4.0085875328617
616 0.4929885138591793 1.9740546250281594 4.0042608895184975
617 0.4929885138591793 1.9740546250281594 4.0042608895184975
618 0.49229656763732477 1.969150904507967 3.9999281611052013
619 0.49160387328399263 1.964247187680388 3.995589323897922
620 0.4909104281186536 1.9593434745652882 3.9912443540346074
621 0.49021622946177584 1.95443976518216 3.9868932273580624
622 0.48952127461731415 1.9495360595505495 3.9825359195565295
623 0.4888255608565869 1.9446323576908922 3.978172406294061
624 0.48812908543399247 1.9397286596230776 3.9738026630772825
625 0.48743184558650443 1.9348249653676164 3.9694266652592836
626 0.4867338385346339 1.9299212749449983 3.9650443880278385
627 0.48603506148261705 1.9250175883759242 3.960655806401679
628 0.4853355116158375 1.9201139056812442 3.9562608952486693
629 0.4846351861030019 1.9152102268820272 3.9518596292655035
630 0.48393408209577915 1.9103065519992277 3.947451982977186
631 0.4832321967258807 1.905402881054309 3.9430379307593446
632 0.482529504636784 1.9004992139481733 3.938617629980455
633 0.48182602548545317 1.895595550814334 3.934190870873919
633 0.4811217563473751 1.8906918916750086 3.9297576273185797
634 0.4811217563473751 1.8906918916750086 3.9297576273185797
635 0.48041669428478656 1.8857882365522844 3.925317872976343
636 0.47971083634020223 1.8808845854684593 3.9208715813427446
637 0.47900417953674346 1.8759809384457533 3.916418725740681
638 0.47829672087965214 1.8710772955070814 3.9119592793066156
639 0.4775884573544186 1.866173656674995 3.9074932150006014
640 0.4768793859275428 1.8612700219728184 3.903020505599335
641 0.4761695035462993 1.8563663914235353 3.8985411236925964
642 0.4754588071379749 1.8514627650505393 3.894055041687886
643 0.4747472936105006 1.8465591428774366 3.8895622318016176
644 0.47403495985104876 1.8416555249282167 3.885062666067713
645 0.4733218027271741 1.836751911226475 3.880556316323318
646 0.4726078190864776 1.8318483017965292 3.8760431542105707
647 0.4718930057557092 1.8269446966629077 3.8715231511794967
648 0.47117735954092455 1.8220410958500128 3.866996278482599
649 0.4704608772269042 1.8171374993825764 3.8624625071771215
650 0.4697435555783005 1.8122339072857034 3.857921808112227
651 0.4690253913380102 1.8073303195847426 3.8533741519385307
652 0.46830638122718565 1.802426736304762 3.848819509103305
653 0.46758652194596523 1.7975231574715322 3.844257849842934
654 0.4668658101716881 1.7926195831110021 3.8396891441927887
655 0.4661442425606719 1.7877160132490968 3.8351133619684536
656 0.4654218157462791 1.7828124479122869 3.8305304727790683
657 0.46469852633922015 1.7779088871269355 3.8259404460196187
658 0.4639743709279457 1.773005330919672 3.8213432508646394
659 0.46324934607816287 1.7681017793177582 3.816738856269062
660 0.4625234483314386 1.7631982323480582 3.8121272309735357
661 0.4617966742076437 1.7582946900383665 3.807508343483135
662 0.4610690202017871 1.7533911524160877 3.802882162086525
663 0.46034048278543743 1.7484876195093229 3.798248654842474
664 0.4596110584055214 1.743584091345952 3.7936077895836067
665 0.45888074348609764 1.7386805679546784 3.7889595338998006
666 0.458149534425855 1.733777049363997 3.784303855152306
666 0.4574174275980758 1.7288735356029847 3.7796407204714417
667 0.4574174275980758 1.7288735356029847 3.7796407204714417
668 0.45668441935271664 1.7239700267006324 3.7749700967335555
669 0.45595050601275905 1.719066522686438 3.7702919505880153
670 0.45521568387708033 1.7141630235901224 3.7656062484283592
671 0.4544799492182937 1.7092595294415474 3.760912956405396
672 0.45374329828319476 1.7043560402709188 3.756212040419337
673 0.4530057272919765 1.6994525561088767 3.7515034661218
674 0.4522672324382774 1.6945490769860476 3.7467871989096824
675 0.45152780988977986 1.689645602933507 3.742063203916405
676 0.4507874558007572 1.684742133982762 3.737331445902963
677 0.4500461662967945 1.6798386701652286 3.732591889378335
678 0.4493039374627994 1.6749352115130693 3.7278444986958243
679 0.4485607653564523 1.6700317580581268 3.7230892379341807
680 0.4478166460067868 1.6651283098330285 3.7183260709066923
681 0.4470715754146869 1.660224866870412 3.7135549611501233
682 0.4463255495524686 1.6553214292034717 3.7087758719241264
683 0.44557856436312093 1.6504179968653383 3.7039887662108053
683 0.4448306157606626 1.6455145698898956 3.699193606708157
684 0.4448306157606626 1.6455145698898956 3.699193606708157
685 0.4440816996295609 1.6406111483108674 3.6943903558273488
686 0.443331811824778 1.6357077321627762 3.6895789756889172
687 0.44258094816970867 1.6308043214798829 3.6847594281318843
688 0.4418291044589254 1.6259009162974876 3.679931674688124
689 0.44107627645517444 1.6209975166506243 3.675095676598609
690 0.44032245989026275 1.6160941225748864 3.6702513948020044
691 0.43956765046506596 1.6111907341065714 3.665398789928966
692 0.4388118438481647 1.6062873512813223 3.6605378223043616
693 0.43805503567587445 1.601383974136318 3.6556684519458726
694 0.4372972215526759 1.5964806027083753 3.6507906385498647
695 0.4365383970494318 1.5915772370346408 3.645904341501527
696 0.4357785577049283 1.586673877152895 3.6410095198563073
697 0.4350176990240078 1.5817705231013555 3.6361061323485613
698 0.43425581647695577 1.5768671749182832 3.6311941373892025
699 0.4334929055007744 1.5719638326424135 3.6262734930493696
700 0.4327289614976103 1.5670604963130217 3.6213441570669533
700 0.4327289614976103 1.5670604963130217 3.6213441570669533
701 0.4319639798348007 1.562157165969705 3.616406086838844
702 0.43119795584444925 1.5572538416522834 3.6114592394172864
703 0.43043088482227154 1.5523505234012889 3.6065035715136173
704 0.429662762028747 1.5474472112571755 3.601539039479624
705 0.4288935826874821 1.5425439052614196 3.596565599316534
706 0.4281233419855176 1.5376406054552556 3.591583206662136
707 0.42735203507204894 1.5327373118807677 3.586591816796561
708 0.4265796570587243 1.5278340245805166 3.5815913846313356
709 0.425806184323824 1.522930743484964 3.5765820214738375
710 0.4250316306843675 1.5180274687428006 3.5715635241041674
711 0.42425599113339524 1.513124200398251 3.5665358463317305
712 0.42347926062874397 1.5082209384948548 3.5614989415434035
713 0.42270143408853716 1.5033176830778059 3.5564527627387412
714 0.4219225063894787 1.4984144341919348 3.5513972625312884
715 0.4211424723679375 1.4935111918826267 3.546332393133215
716 0.4203613268192759 1.4886079561961367 3.5412581063531743
716 0.41957906449754034 1.483704727178888 3.536174353588573
717 0.41957906449754034 1.483704727178888 3.536174353588573
718 0.4187956801138363 1.4788015048777294 3.5310810858310773
719 0.41801116833651425 1.4738982893402692 3.525978253656915
720 0.41722552379202216 1.4689950806142875 3.5208658072092196
721 0.4164387410622147 1.4640918787482933 3.515743696212842
722 0.41565081468576204 1.4591886837913033 3.5106118699525966
723 0.4148617391561566 1.4542854957926747 3.5054702772801916
724 0.4140715089222678 1.4493823148024432 3.500318866600722
725 0.4132801183872267 1.4444791408712723 3.49515758587219
726 0.41248756190736807 1.4395759740500946 3.48998638260365
727 0.41169383379336427 1.4346728143903948 3.4848052038362085
728 0.4108989283244784 1.4297696619448799 3.479613996013687
729 0.41010283972192724 1.424866516766397 3.4744127051949616
730 0.40930556215258057 1.4199633789083212 3.4692012770131586
731 0.40850708973400135 1.4150602484242771 3.463979656621605
732 0.40770741653469406 1.4101571253688945 3.458747788682663
733 0.40690653657296105 1.4052540097968904 3.453505617364097
733 0.40610444381653477 1.4003509017639895 3.4482530863331897
734 0.40610444381653477 1.4003509017639895 3.4482530863331897
735 0.4053011321811635 1.3954478013264981 3.442990138756272
736 0.404496595531856 1.3905447085410383 3.437716717275872
737 0.4036908276802034 1.3856416234652 3.4324327640232646
738 0.4028838223851288 1.3807385461571478 3.4271382205991334
739 0.402075573351398 1.375835476675386 3.421833028073458
740 0.401266074229296 1.3709324150794835 3.4165171269776717
741 0.4004553186145923 1.3660293614296284 3.41119045729126
742 0.3996433000464138 1.3611263157862905 3.4058529584462245
743 0.3988300120079252 1.3562232782111248 3.4005045693105336
744 0.3980154479252021 1.3513202487660523 3.3951452281822037
745 0.3971996011658883 1.3464172275139683 3.3897748727890695
746 0.39638246503905067 1.3415142145184191 3.384393440275559
747 0.3955640327949223 1.3366112098438154 3.379000867191515
748 0.3947442976228881 1.3317082135549523 3.37359708949406
749 0.3939232526519857 1.3268052257178347 3.3681820425310365
750 0.39310089094957285 1.321902246398603 3.3627556610350626
751 0.3922772055203764 1.3169992756650022 3.3573178791205396
752 0.39145218930631775 1.3120963135849033 3.351868630266279
753 0.39062583518480554 1.3071933602269492 3.3464078473163825
754 0.38979813596885077 1.3022904156613677 3.340935462465719
755 0.38896908440485245 1.2973874799584049 3.3354514072589874
756 0.38813867317384493 1.292484553189182 3.329955612566043
757 0.387306894888594 1.2875816354262926 3.3244480085918844
758 0.3864737420940104 1.2826787267424753 3.318928524852955
759 0.3856392072660463 1.2777758272118604 3.3133970901727934
760 0.3848032828100925 1.2728729369093426 3.307853632676852
761 0.38396596106045766 1.2679700559103797 3.302298079778823
762 0.38312723428012696 1.2630671842917984 3.2967303581668523
763 0.3822870946585858 1.2581643221311616 3.2911503938023516
764 0.38144553431180517 1.2532614695071376 3.2855581119025072
765 0.38060254528074244 1.2483586264989721 3.279953436932877
766 0.3797581195302558 1.2434557931872243 3.274336292599418
766 0.37891224894873776 1.2385529696535171 3.268706601831387
767 0.37891224894873776 1.2385529696535171 3.268706601831387
768 0.3780649253463713 1.233650155979928 3.2630642867748074
769 0.37721614045433294 1.2287473522504682 3.2574092687829315
770 0.37636588592366055 1.2238445585494204 3.2517414684009287
771 0.3755141533245258 1.2189417749625793 3.2460608053543822
772 0.37466093414419194 1.214039001576219 3.2403671985427343
773 0.37380621978713297 1.209136238478673 3.2346605660206125
774 0.37295000159078845 1.2042334857595005 3.228940824836945
775 0.3720922707910869 1.1993307435089622 3.2232078913091224
776 0.3712330185343257 1.1944280118183692 3.2174616808982135
777 0.37037223587908363 1.1895252907797906 3.2117021081681134
778 0.3695099137947737 1.1846225804867545 3.2059290867759924
779 0.36864604315930916 1.1797198810344018 3.2001425294685446
780 0.3677806147596153 1.1748171925184954 3.194342348049982
781 0.3669136192882388 1.1699145150360426 3.188528453387785
782 0.36604504734374754 1.1650118486860142 3.182700755385357
783 0.36517488942888243 1.1601091935678103 3.176859162967559
783 0.36430313594844327 1.1552065497830604 3.171003584077154
784 0.36430313594844327 1.1552065497830604 3.171003584077154
785 0.3634297772084666 1.1503039174340006 3.1651339256501703
786 0.36255480341455326 1.145401296624309 3.1592500936048324
787 0.3616782046713481 1.1404986874595369 3.153351992818843
788 0.36079997097951955 1.1355960900464248 3.1474395271248117
789 0.3599200922352472 1.1306935044928845 3.1415125992851007
790 0.35903855822871 1.1257909309084955 3.135571110976217
791 0.3581553586410944 1.1208883694048493 3.129614962785146
792 0.3572704830453465 1.1159858200939285 3.1236440541668884
793 0.35638392090297 1.1110832830903203 3.1176582834465942
794 0.3554956615620261 1.106180758509762 3.1116575478003634
795 0.3546056942562179 1.1012782464693185 3.105641743230433
796 0.3537140081034898 1.0963757470885147 3.099610764546641
797 0.3528205921028773 1.0914732604875228 3.0935645053542262
798 0.35192542067977106 1.0865707866793544 3.0875029845259805
799 0.35102849713203216 1.0816683258933266 3.0814259660704395
800 0.3501298100923713 1.076765878255477 3.075333339858735
801 0.3492293480699477 1.071863443893544 3.0692249944551016
802 0.3483270994464265 1.0669610229371642 3.0631008171136145
803 0.3474230524734743 1.0620586155174705 3.056960693759832
804 0.34651719527112934 1.0571562217681243 3.050804508968052
805 0.34560951582593014 1.0522538418244365 3.044632145934359
806 0.3447000019884527 1.0473514758233111 3.0384434864563676
807 0.3437886414720858 1.042449123904422 3.032238410904755
808 0.3428754218487643 1.0375467862087169 3.0260167982129635
809 0.3419603305487293 1.0326444628800235 3.0197785258394814
810 0.3410433548574547 1.0277421540636393 3.013523469745373
811 0.3401244819285758 1.0228398599087358 3.007251504240516
812 0.33920369875257583 1.0179375805657829 3.0009625022051822
813 0.3382809921664762 1.0130353161866876 2.994656334956439
814 0.3373563488520156 1.0081330669259334 2.988332872218036
815 0.3364297553338481 1.003230832940808 2.981991982086351
816 0.33550119797715927 0.9983286143901687 2.9756335309960185
816 0.3345706629845495 0.993426411435829 2.969257383698658
817 0.3345706629845495 0.993426411435829 2.969257383698658
818 0.33363813639342743 0.988524224242387 2.962863403231324
819 0.33270360407405664 0.9836220529763025 2.9564514508756496
820 0.3317670517247714 0.9787198978070865 2.95002138614722
821 0.3308284648705477 0.9738177589067727 2.9435730667487308
822 0.32988782885952506 0.9689156364504488 2.937106348543215
823 0.3289451288605234 0.9640135306152541 2.9306210855124326
824 0.3280003498587161 0.9591114415821229 2.9241171297385917
825 0.3270534766535734 0.9542093695338605 2.917594331353318
826 0.3261044938547238 0.9493073146570828 2.9110525385154293
827 0.325153385879703 0.9444052771411335 2.9044915973611762
828 0.32420013694984773 0.9395032571780458 2.8979113519726325
829 0.32324473108602936 0.9346012549636399 2.8913116443494395
830 0.3222871521066187 0.9296992706966297 2.8846923143528467
831 0.32132738362256974 0.9247973045790167 2.87805319967775
832 0.32036540903441435 0.9198953568161691 2.8713941358049424
833 0.31940121152844186 0.9149934276172509 2.864714955959937
833 0.31843477407197146 0.9100915171941463 2.8580154910733797
834 0.31843477407197146 0.9100915171941463 2.8580154910733797
835 0.3174660794101174 0.9051896257633274 2.851295569735378
836 0.31649511006141434 0.9002877535439215 2.844555018146173
837 0.31552184832066626 0.8953859007606116 2.837793660015033
838 0.31454627624971376 0.8904840676418241 2.8310113165507054
839 0.3135683756618318 0.8855822544187193 2.8242078065097243
840 0.31258812812592585 0.8806804613263726 2.8173829460714237
841 0.3116055149621722 0.8757786886042542 2.810536548785315
842 0.31062051723689427 0.870876936495773 2.8036684255200055
843 0.3096331157584786 0.865975205248704 2.796778384403126
844 0.30864329107174393 0.8610734951152486 2.789866230771537
845 0.3076510234527355 0.8561718063521052 2.782931767115149
846 0.30665629289539514 0.8512701392220564 2.775974793096572
847 0.3056590791221068 0.8463684939916077 2.768995105339222
848 0.30465936157163404 0.8414668709315433 2.761992497426312
849 0.30365711939240847 0.8365652703176661 2.754966759849269
850 0.3026523314366101 0.8316636924312136 2.7479176799449303
851 0.3016449762545851 0.8267621375579589 2.740845041822214
852 0.3006350320881363 0.8218606059896265 2.733748626303418
853 0.2996224768783338 0.8169590980257325 2.72662821073157
854 0.2986072882335044 0.8120576139687906 2.7194835691142916
855 0.29758944343250404 0.8071561541273898 2.7123144719697025
856 0.29656891941937435 0.8022547188154965 2.7051206862342787
857 0.29554569280722987 0.7973533083556279 2.697901975095617
858 0.29451973985418195 0.792451923074914 2.690658098052309
859 0.2934910364591742 0.7875505633059652 2.6833888108045056
860 0.2924595581567927 0.7826492293883006 2.6760938651514636
861 0.29142528011040447 0.7777479216676533 2.6687730088927384
862 0.29038817710465736 0.7728466404967191 2.661425985735574
863 0.2893482235358908 0.7679453862355036 2.6540525352154014
864 0.28830539340541667 0.7630441592510063 2.646652392582921
865 0.2872596603092899 0.7581429599174405 2.639225288720159
866 0.28621099742979705 0.7532417886170306 2.631770950037616
866 0.28515937752717074 0.7483406457398465 2.6242890983605918
867 0.28515937752717074 0.7483406457398465 2.6242890983605918
868 0.2841047729291731 0.7434395316832129 2.616779450827992
869 0.2830471555210313 0.738538446853956 2.609241719792094
870 0.2819864967368447 0.7336373916660353 2.6016756126825458
871 0.2809227675480577 0.7287363665434093 2.5940808319095883
872 0.27985593845293383 0.7238353719177106 2.586457074733275
873 0.27878597946600825 0.7189344082309397 2.57880403314399
874 0.2777128601066581 0.7140334759338949 2.5711213937289905
875 0.2766365493880453 0.7091325754870617 2.5634088375370196
876 0.2755570158038528 0.7042317073613865 2.5556660399554962
877 0.2744742273173328 0.6993308720376779 2.547892670553538
878 0.2733881513474941 0.6944300700076111 2.5400883929492077
879 0.27229875475723775 0.6895293017738123 2.532252864646949
880 0.27120600383833354 0.684628567849801 2.524385736895078
881 0.2701098642991063 0.6797278687611322 2.5164866545134217
882 0.26901030124830416 0.6748272050447804 2.508555255740544
883 0.2679072791816665 0.6699265772503452 2.500591172052744
883 0.2668007619664495 0.6650259859401495 2.492594027987736
884 0.2668007619664495 0.6650259859401495 2.492594027987736
885 0.26569071282447365 0.6601254316890806 2.484563440970505
886 0.26457709431715726 0.6552249150858863 2.476499021114982
887 0.2634598683278803 0.6503244367330497 2.4684003710337765
888 0.26233899604470995 0.6454239972473648 2.4602670856351314
889 0.26121443794234506 0.6405235972601288 2.4520987519131863
890 0.26008615376343774 0.6356232374181463 2.4438949487341013
891 0.25895410249951706 0.6307229183838483 2.4356552466089028
892 0.2578182423714623 0.625822640835505 2.4273792074566436
893 0.25667853080778236 0.6209224054688534 2.4190663843788345
894 0.2555349244244405 0.616022212996077 2.410716321393593
895 0.2543873790022175 0.611122064147695 2.402328553188041
896 0.253235849463525 0.6062219596725431 2.3939026048516117
897 0.2520802898497397 0.6013219003385756 2.3854379915899506
898 0.2509206532959587 0.5964218869330501 2.376934218442257
899 0.24975689200582554 0.5915219202643766 2.36839077998528
900 0.24858895722462707 0.5866220011610619 2.3598071600219366
901 0.24741679921324017 0.5817221304743833 2.3511828312555956
902 0.24624036721902431 0.5768223090772843 2.342517254956073
903 0.24505960944614766 0.5719225378668824 2.333809880622386
904 0.24387447302613893 0.5670228177636618 2.3250601456056748
905 0.24268490398541187 0.5621231497140827 2.3162674747493677
906 0.24149084721264896 0.5572235346895599 2.307431279989204
907 0.24029224642484506 0.5523239736893989 2.2985509599542837
908 0.23908904413221968 0.547424467739942 2.2896258995339345
909 0.23788118160071367 0.5425250178971535 2.280655469451081
910 0.23666859881334482 0.5376256252466904 2.2716390258037724
911 0.23545123443203286 0.5327262909052681 2.262575909573534
912 0.23422902575456614 0.527827016022461 2.2534654461464467
913 0.23300190867155746 0.5229278017806799 2.244306944789048
914 0.23176981762368093 0.5180286493979666 2.235099698093896
915 0.2305326855513755 0.513129560128234 2.2258429814451635
916 0.2292904438495872 0.5082305352631025 2.216536052398668
916 0.22804302128817291 0.5033315761209185 2.2071781599703924
917 0.22804302128817291 0.5033315761209185 2.2071781599703924
918 0.22679034134497408 0.4984326840130409 2.1977685692305022
919 0.22553233402393374 0.49353386039694613 2.188306446314575
920 0.22426892622529496 0.48863510675987254 2.1787909497056313
921 0.22300004080133248 0.4837364246061861 2.1692212381124176
922 0.22172559871776704 0.4788378154886962 2.159596448302776
923 0.22044551898713755 0.4739392810103384 2.149915694308087
924 0.21915971860158917 0.46904082282546616 2.140178066564031
925 0.21786811245951335 0.46414244264410215 2.1303826310532443
926 0.21657061329162708 0.45924414223227245 2.120528428360079
927 0.21526713158130298 0.4543459234155738 2.110614472716075
928 0.21395757548337221 0.44944778808184055 2.1006397509714234
929 0.21264185073625824 0.4445497381837088 2.0906032215412202
930 0.21131986057278668 0.4396517757417239 2.080503813271687
931 0.20999150562446933 0.4347539028471507 2.070340424267575
932 0.20865668382196048 0.42985612166581694 2.0601119206543044
933 0.20731529029101645 0.42495843444133674 2.0498171352668018
933 0.20596721724167194 0.42006084349885087 2.0394548662856957
934 0.20596721724167194 0.42006084349885087 2.0394548662856957
935 0.2046123538538231 0.41516335124916515 2.029023875781037
936 0.20325058615428637 0.41026596019237827 2.0185228881994353
937 0.20188179689082056 0.40536867292336637 2.007950588742745
938 0.20050586539559795 0.40047149213553124 1.9973056216854366
939 0.1991226674448466 0.3955744206263406 1.9865865885706235
940 0.19773207510836754 0.39067746130251585 1.9757920463253325
941 0.19633395659258135 0.3857806171858152 1.964920505250961
942 0.1949281760726244 0.38088389141898776 1.953970426918076
943 0.19351459359771273 0.3759872872738338 1.9429402211155915
944 0.19209306627861306 0.3710908081779389 1.931828229758727
945 0.19066344395577473 0.36619445766047665 1.9206327655836173
946 0.18922557236119733 0.3612982394112753 1.909352075953151
947 0.18777929266882412 0.3564021572849166 1.8979843422537714
948 0.186324440802628 0.35150621530356574 1.8865276814431098
949 0.18486084718722923 0.346610417666078 1.8749801428478086
950 0.18338833648484187 0.34171476875893053 1.8633397047427565
950 0.18338833648484187 0.34171476875893053 1.8633397047427565
951 0.18190672731602578 0.33681927316712407 1.851604270698408
952 0.18041583196142535 0.33192393568639933 1.839771665700424
953 0.17891545604681391 0.3270287613356906 1.827839631977476
954 0.1774053982032401 0.32213375537172534 1.8158058245932334
955 0.17588544970875414 0.3172389233040597 1.8036678066853764
956 0.1743553941045303 0.3123442709103077 1.7914230443771055
957 0.17281500678452896 0.3074498042553828 1.779068901340962
958 0.17126405455693444 0.3025555297086629 1.7666026329423514
959 0.16970229517361463 0.2976614539661787 1.7540213799798934
960 0.16812947682812987 0.29276758407237036 1.7413221619172206
961 0.1665453376140778 0.28787392744350604 1.7285018696264753
962 0.16494960494750124 0.2829804918960785 1.7155572575402234
963 0.16334199494105625 0.27808728567357405 1.7024849352055782
964 0.161722211734719 0.27319431747942646 1.6892813581325532
965 0.1600899467710959 0.2683015965101432 1.6759428179070692
966 0.15844487801396728 0.26340913249425635 1.6624654314861238
966 0.15678666910539535 0.2585169357320216 1.6488451295450444
967 0.15678666910539535 0.2585169357320216 1.6488451295450444
968 0.15511496845167486 0.25362501714212154 1.6350776438518693
969 0.15342940823368867 0.24873338831038586 1.6211584934978012
970 0.15172960333223567 0.243842061545072 1.6070829699010132
971 0.15001515016141032 0.23895104993763147 1.592846120412036
972 0.14828562539643533 0.23406036742958472 1.5784427303984068
973 0.14654058458610023 0.22917002888624216 1.563867303610986
974 0.1447795606398411 0.22428005018051364 1.5491140406099233
975 0.1430020621692454 0.21939044828314005 1.534176815041224
976 0.14120757167332262 0.2145012413668583 1.519049147471336
977 0.13939554353845354 0.20961244891917777 1.5037241765290312
978 0.13756540184552546 0.20472409187304796 1.4881946268941673
979 0.13571653794464525 0.19983619274930148 1.4724527738160307
980 0.13384830777760154 0.1949487758206797 1.4564904036336488
981 0.13196002891016098 0.19006186729591273 1.4402987697532847
982 0.13005097723663908 0.1851754955277708 1.423868543416078
983 0.12812038331022516 0.18028969125076813 1.4071897585119026
983 0.1261674282482652 0.17540448785234772 1.3902517495022295
984 0.1261674282482652 0.17540448785234772 1.3902517495022295
985 0.12419123914630428 0.1705199216824809 1.373043081417352
986 0.12219088393210892 0.16563603241071845 1.3555514706215588
987 0.12016536557123172 0.16075286343665166 1.337763694825698
988 0.11811361551976424 0.1558704623668783 1.319665490561468
989 0.1160344863032564 0.15098888156929538 1.3012414358838595
990 0.11392674307852219 0.14610817882006072 1.2824748155870478
991 0.11178905399480449 0.1412284180651517 1.2633474657699084
992 0.10961997914714997 0.13634967031784528 1.243839593645738
993 0.10741795785691606 0.131472014724952 1.2239295677178734
994 0.1051812939661584 0.12659553983987606 1.203593672089712
995 0.10290813874645702 0.1217203451514358 1.1828058172476321
996 0.10059647108064496 0.11684654293950893 1.16153719593043
997 0.09824407496263507 0.11197426056220038 1.1397558642064396
998 0.09584851049714384 0.10710364318068516 1.117426265939487
999 0.09340707906203188 0.10223485712056712 1.0945086619470532
1000 0.0909167861835601 0.09736809423714927 1.070958382102993
1001 0.08837429515723394 0.09250357736899086 1.0467249238526901
1002 0.08577586847925275 0.08764156721884103 1.0217508580521053
1003 0.08311729724429563 0.08278237128838241 0.9959704421700718
1004 0.08039381417527089 0.07792635558873175 0.969307855189459
1005 0.07759998654947715 0.07307396026769053 0.9416749089395671
1006 0.07472957454461743 0.06822572043361455 0.9129681367700048
1007 0.0717753598597124 0.06338229523280389 0.8830648199700697
1008 0.06872892143185773 0.05854450856395724 0.8518176532422675
1009 0.0655803405940486 0.05371340759590135 0.8190474021535628
1010 0.062317812512574317 0.048890349381876176 0.7845325021960811
1011 0.058927126296421266 0.04407713309197547 0.7479939352591906
1012 0.05539096284588064 0.039276209489745986 0.7090725178225876
1013 0.05168794420282858 0.03449102764377458 0.6672934699903791
1014 0.04779136667284538 0.029726639806761598 0.6220085734365911
1015 0.04366763077408184 0.024990826888169143 0.5722963770913354
1016 0.03927477349725177 0.020296362133047578 0.5167785915930948
1016 0.03456351981814849 0.01566603759712681 0.4532535366638482
1017 0.03456351981814849 0.01566603759712681 0.4532535366638482
1018 0.02949241007441998 0.011145182959779528 0.3779000404394288
1019 0.024115549107729266 0.006836162756648723 0.2834753098969522
1020 0.019232542452780495 0.0029998401769243113 0.1559773069155824
1021 0.016886460575403692 0.0003904582126821263 0.02312256087879398
1022 0.014911253706697315 3.722348684295813e-05 0.002496335155657595
1023 0.013143205805395682 3.456928373784418e-06 0.00026302018129893733
1024 0.011590862618210792 3.208322395399002e-07 2.7679755175066083e-05
1025 0.01022306294468231 2.977711729478331e-08 2.9127393087482024e-06
1026 0.009015518558405914 2.7639756304947863e-09 3.0657977270954685e-07
