0 0 0 1.0 41.22011541632317 0 0
0.001 0.9992118714006247 2000.7887502359943 0.9982842193513216 41.181847331612694 1.1592677257647203e-08 0.000998284218833181
0.002 0.9984230350579779 0.7907054522759971 0.9965592147712731 41.1431671843257 3.5190759602721176e-08 0.001994843433325034
0.003 0.9976391415916457 0.7869895622518719 0.9948402472348293 41.10447164933744 7.12451569238206e-08 0.0029896836799065286
0.004 0.9968568197870715 0.7866456954777057 0.9931219886193281 41.06567982563548 1.2038137845542065e-07 0.003982805667310312
0.005 0.9960753730592281 0.7869993794125119 0.991404216377951 41.02681115166836 1.8322359109524036e-07 0.004974209881696571
0.006 0.9952942923267466 0.787865726915582 0.9896868494788023 40.987883157819645 2.6036082684470304e-07 0.005963896728169295
0.007 0.9945131672577802 0.7891481176944826 0.9879698187010315 40.94890977360441 3.523080295649445e-07 0.0069518665425917095
0.008 0.9937317246577226 0.7907102900992502 0.986253087048102 40.90990059900756 4.5950713066093804e-07 0.0079381196238139
0.009000000000000001 0.9929497873073607 0.7924566540482563 0.9845366376453849 40.87086210612119 5.823220990078922e-07 0.008922656253799075
0.01 0.9921672318018638 0.7943336934403973 0.9828204646650295 40.83179900372595 7.210410500439146e-07 0.009905476708674449
0.011 0.9913839560809348 0.7963205056515938 0.9811045665311258 40.792715294449614 8.75875684027875e-07 0.010886581262987832
0.012 0.990599897969995 0.7983771278836642 0.9793889488694443 40.75361363614105 1.0469640696548565e-06 0.011865970196913656
0.013000000000000001 0.9898150244572528 0.8004742252898371 0.9776736221944735 40.71449568918052 1.234378254596621e-06 0.01284364380114504
0.014 0.9890293259884735 0.8025880625499588 0.9759586001096733 40.675362277925785 1.4381286511704947e-06 0.013819602379986277
0.015 0.9882428013939437 0.8047101492456583 0.9742438967580886 40.63621390550202 1.658170568885301e-06 0.014793846251895122
0.016 0.9874554593186033 0.806830460500229 0.9725295269349008 40.59705070009079 1.8944077984936611e-06 0.01576637575013782
0.017 0.98666731819839 0.8089389155561115 0.9708155061366146 40.55787241841243 2.1466993158216663e-06 0.016737191223492195
0.018000000000000002 0.9858784043592128 0.8110273087233992 0.9691018500134388 40.51867850142239 2.414864291666228e-06 0.017706293036403004
0.019 0.9850887489805978 0.8130904973446839 0.9673885738925725 40.479468179439635 2.698687988888476e-06 0.01867368156865983
0.02 0.9842983862775996 0.8151251738630619 0.9656756924533048 40.440240533358775 2.9979264952075474e-06 0.019639357214749905
0.021 0.9835073509504871 0.8171306405377879 0.9639632193856299 40.40099458510959 3.312311465186624e-06 0.020603320382869102
0.022 0.9827156792825135 0.8191050571686475 0.9622511676078817 40.361729261557734 3.64155442571314e-06 0.02156557149415025
0.023 0.9819234083267254 0.8210474120193815 0.9605395491585814 40.3224434232913 3.985351444092353e-06 0.02252611098178279
0.024 0.9811305753358545 0.8229572773679187 0.958828375123719 40.28313588486021 4.343386989530213e-06 0.023484939290059584
0.025 0.9803372171168959 0.8248348935733222 0.9571176555805652 40.243805438763836 4.715338298550323e-06 0.024442056873367018
0.026000000000000002 0.979543369664959 0.8266808845529542 0.9554073995722377 40.20445086923202 5.100878805712303e-06 0.025397464195149672
0.027 0.9787490679343687 0.8284961182698524 0.9536976151099165 40.16507096151737 5.499682117873464e-06 0.02635116172687672
0.028 0.9779543455864417 0.8302817335308347 0.9519883091585624 40.125664511439865 5.9114254718662085e-06 0.027303149946993958
0.029 0.9771592348188327 0.8320390572233985 0.9502794876358459 40.08623033212834 6.3357931670095374e-06 0.02825342933987455
0.03 0.9763637663542232 0.8337694390234706 0.9485711554110953 40.046767254219134 6.772480264640913e-06 0.02920200039476834
0.031 0.975567969235552 0.8354744548966223 0.9468633162686715 40.00727413248369 7.2211962155730855e-06 0.03014886360471437
0.032 0.9747718709656452 0.8371555468724693 0.945155972879302 39.96774983865442 7.681668828805813e-06 0.031094019465424335
0.033 0.9739754980598598 0.8388135863479632 0.9434491267762111 39.92819323752088 8.153648952059382e-06 0.03203746847414159
0.034 0.9731788750327091 0.840450522012092 0.9417427780670143 39.888603216039215 8.636915852300201e-06 0.032979211128211415
0.035 0.9723820260686424 0.8420665516539741 0.9400369251884076 39.848978604152414 9.131285401235949e-06 0.033919247923404255
0.036000000000000004 0.9715849757695658 0.8436610829614103 0.9383315637552256 39.809318095036936 9.636624995867018e-06 0.03485757935108385
0.037 0.9707877555154986 0.8452267697101108 0.9366266823917148 39.769619807053665 1.0152896024323516e-05 0.035794205891190596
0.038 0.9699903727282524 0.8467888730361298 0.934922279410269 39.72988325048018 1.0680082122952477e-05 0.03672912802196541
0.039 0.9691928283734914 0.8483542299126948 0.9332183563397698 39.69010833634934 1.1218166901344673e-05 0.0376623462231779
0.04 0.9683951234361534 0.8499228286906738 0.9315149147072745 39.650294974654344 1.1767133937199391e-05 0.03859386097612457
0.041 0.967597258922265 0.8514946556392725 0.9298119560456043 39.610443074597555 1.2326966768728644e-05 0.039523672763634575
0.042 0.9667992358480636 0.8530697085054043 0.9281094818951146 39.570552545112605 1.2897648894374941e-05 0.04045178207007726
0.043000000000000003 0.9660010552406229 0.8546479843003488 0.9264074938031234 39.53062329481562 1.3479163772983193e-05 0.04137818938136913
0.044 0.9652027181370286 0.8562294808478529 0.9247059933232429 39.49065523201156 1.4071494823470574e-05 0.04230289518498013
0.045 0.9644042255840573 0.8578141962525258 0.9230049820154219 39.45064826471031 1.4674625424605634e-05 0.043225899969939974
0.046 0.9636055786392452 0.8594021274044287 0.9213044614464232 39.410602300604346 1.528853891474446e-05 0.044147204226845
0.047 0.9628067783713733 0.8609932705976312 0.9196044331899708 39.37051724705648 1.5913218592051017e-05 0.04506680844786508
0.048 0.9620078258588678 0.8625876237764444 0.9179048988258837 39.33039301112936 1.654864771418836e-05 0.04598471312674976
0.049 0.9612087221906229 0.8641851839297213 0.9162058599407563 39.29022949958206 1.719480949821657e-05 0.04690091875883501
0.05 0.9604094684664296 0.8657859475094113 0.9145073181276965 39.250026618842575 1.785168712044228e-05 0.04781542584104974
0.051000000000000004 0.9596100657975303 0.867389910287785 0.9128092749871738 39.20978427502278 1.851926371640937e-05 0.048728234871923175
0.052000000000000005 0.9588105153053748 0.8689970693074304 0.9111117321259982 39.1695023739267 1.9197522380731366e-05 0.04963934635159118
0.053 0.9580108181225352 0.8706074205413524 0.9094146911575437 39.12918082102402 1.988644616674755e-05 0.050548760781802836
0.054 0.9572109753933207 0.8722209592111333 0.9077181537027336 39.088819521468615 2.0586018086410813e-05 0.05145647866592798
0.055 0.9564109882725366 0.8738376818058217 0.9060221213889217 39.0484183801025 2.1296221110378038e-05 0.05236250050896365
0.056 0.955610857926634 0.875457583479288 0.9043265958503296 39.00797730142899 2.201703816777173e-05 0.053266826817540934
0.057 0.954810585533023 0.8770806600499884 0.9026315787280081 38.9674961896405 2.2748452145988157e-05 0.054169458099931816
0.058 0.9540101722813291 0.8787069058722167 0.9009370716703623 38.92697494859128 2.349044589073795e-05 0.05507039486605653
0.059000000000000004 0.9532096193723341 0.8803363163709658 0.8992430763324573 38.886413481812184 2.4243002205723537e-05 0.0559696376274902
0.06 0.9524089280183039 0.8819688865235928 0.8975495943764437 38.84581169251704 2.5006103852578376e-05 0.05686718689746996
0.061 0.951608099443701 0.8836046104296883 0.8958566274716169 38.80516948357769 2.5779733550547462e-05 0.057763043190902065
0.062 0.9508071348854735 0.8852434817709912 0.8941641772947763 38.76448675752931 2.6563873976665232e-05 0.05865720702436942
0.063 0.9500060355914869 0.8868854958665732 0.8924722455292292 38.72376341659275 2.7358507765356303e-05 0.05954967891613808
0.064 0.9492048028218616 0.8885306464618817 0.8907808338654395 38.682999362649596 2.816361750845405e-05 0.060440459386164394
0.065 0.9484034378495526 0.8901789265576269 0.8890899440015806 38.64219449724418 2.8979185755106407e-05 0.06132954895610275
0.066 0.9476019419595548 0.8918303299316747 0.8873995776427127 38.601348721581964 2.9805195011490805e-05 0.06221694814931242
0.067 0.9468003164489736 0.8934848501827012 0.8857097365010927 38.560461936541635 3.064162774071325e-05 0.06310265749086479
0.068 0.9459985626279727 0.8951424797465349 0.8840204222964744 38.51953404265133 3.14884663626983e-05 0.06398667750755083
0.069 0.9451966818194737 0.8968032112843797 0.8823316367561869 38.478564940106025 3.234569325392395e-05 0.0648690087278887
0.07 0.944394675358712 0.8984670378429086 0.8806433816146163 38.437554528764785 3.321329074734535e-05 0.06574965168213077
0.07100000000000001 0.943592544593791 0.9001339517404886 0.878955658613266 38.39650270813253 3.409124113237358e-05 0.0666286069022708
0.07200000000000001 0.9427902908862388 0.9018039445547458 0.8772684695018679 38.35540937738776 3.497952665465037e-05 0.0675058749220521
0.073 0.9419879156103388 0.9034770084972561 0.8755818160369935 38.314274435350924 3.587812951592949e-05 0.06838145627697438
0.074 0.9411854201534533 0.9051531353003731 0.8738956999826952 38.273097780501196 3.678703187395398e-05 0.06925535150430129
0.075 0.9403828059168704 0.9068323156191652 0.8722101231110894 38.23187931096939 3.770621584224273e-05 0.07012756114306842
0.076 0.9395800743148056 0.9085145411122922 0.8705250872015285 38.19061892454434 3.8635663489932895e-05 0.07099808573409058
0.077 0.9387772267752962 0.9101998023035566 0.8688405940410558 38.149316518658374 3.957535684162921e-05 0.07186692581996947
0.078 0.9379742647402423 0.9118880895400131 0.8671566454244715 38.10797199039057 4.052527787726633e-05 0.0727340819451014
0.079 0.9371711896651812 0.9135793932961703 0.8654732431542375 38.06658523647382 4.148540853206926e-05 0.07359955465568507
0.08 0.9363680030193007 0.9152737039008755 0.8637903890403095 38.02515615328895 4.245573069633549e-05 0.07446334449972893
0.081 0.9355647062860323 0.9169710108736232 0.8621080849004752 37.98368463685756 4.3436226215289816e-05 0.07532545202705908
0.082 0.9347613009633358 0.9186713032707231 0.8604263325607774 37.94217058285132 4.442687688890227e-05 0.07618587778932752
0.083 0.9339577885629882 0.9203745708210579 0.8587451338543978 37.900613886573815 4.542766447189906e-05 0.0770446223400193
0.084 0.9331541706114661 0.9220808021048735 0.8570644906229068 37.85901444298206 4.643857067333215e-05 0.07790168623446087
0.085 0.9323504486500621 0.9237899854206414 0.8553844047158959 37.817372146667836 4.7459577156638834e-05 0.07875707002982814
0.08600000000000001 0.9315466242342855 0.9255021096099539 0.8537048779903957 37.77568689185857 4.849066553942803e-05 0.07961077428515392
0.08700000000000001 0.9307426989346541 0.9272171624554729 0.8520259123117003 37.73395857242399 4.95318173932973e-05 0.08046279956133615
0.088 0.9299386743369027 0.9289351313464099 0.8503475095532836 37.692187081866344 5.05830142438448e-05 0.0813131464211461
0.089 0.9291345520412113 0.930656004408669 0.8486696715962735 37.650372313330834 5.164423757033171e-05 0.08216181542923606
0.09 0.9283303336635887 0.9323797680125249 0.846992400330196 37.60851415958492 5.271546880556546e-05 0.08300880715214766
0.091 0.9275260208350983 0.9341064092631682 0.8453156976526711 37.56661251303875 5.379668933589379e-05 0.08385412215832003
0.092 0.9267216152021017 0.9358359148221577 0.8436395654693968 37.52466726573704 5.4887880500945875e-05 0.08469776101809785
0.093 0.9259171184273939 0.9375682698653511 0.8419640056945371 37.482678309333004 5.598902359331322e-05 0.08553972430373986
0.094 0.9251125321889525 0.9393034608524689 0.8402890202503754 37.44064553512619 5.710009985871813e-05 0.0863800125894269
0.095 0.9243078581803714 0.941041473572656 0.8386146110672603 37.398568834045115 5.822109049556539e-05 0.08721862645127006
0.096 0.9235030981120758 0.9427822922187792 0.8369407800842582 37.3564480966299 5.9351976655052e-05 0.08805556646731932
0.097 0.9226982537099895 0.9445259023654886 0.8352675292484316 37.31428321305675 6.04927394409087e-05 0.08889083321757163
0.098 0.9218933267164997 0.9462722882793697 0.8335948605153924 37.27207407312639 6.16433599091212e-05 0.08972442728397938
0.099 0.9210883188907951 0.9480214336456951 0.8319227758494026 37.22982056625777 6.280381906796135e-05 0.09055634925045912
0.1 0.920283232008323 0.9497733226009322 0.830251277222721 37.18752258148366 6.397409787769207e-05 0.0913865997028995
0.101 0.9194780678615153 0.9515279382388266 0.8285803666166639 37.14518000747168 6.515417725046629e-05 0.09221517922917039
0.10200000000000001 0.9186728282600944 0.9532852630969026 0.8269100460209055 37.10279273248364 6.634403805021627e-05 0.09304208841913116
0.10300000000000001 0.9178675150299214 0.9550452808815271 0.8252403174335591 37.060360644428705 6.75436610924131e-05 0.09386732786463918
0.10400000000000001 0.9170621300150154 0.9568079727089165 0.8235711828616789 37.01788363080739 6.875302714394997e-05 0.09469089815955876
0.105 0.9162566750761578 0.9585733211472505 0.8219026443206676 36.975361578744476 6.997211692294096e-05 0.09551279989976949
0.106 0.9154511520921012 0.9603413071246338 0.8202347038350091 36.9327943749763 7.120091109872564e-05 0.09633303368317528
0.107 0.9146455629590117 0.9621119120224444 0.8185673634375794 36.890181905845466 7.243939029153359e-05 0.09715160010971281
0.108 0.9138399095908671 0.9638851165374431 0.8169006251702209 36.84752405731392 7.368753507232462e-05 0.0979684997813605
0.109 0.9130341939199366 0.9656609005774799 0.815234491083796 36.80482071494934 7.494532596279156e-05 0.09878373330214749
0.11 0.9122284178963499 0.9674392443443915 0.8135689632375884 36.762071763918854 7.621274343494508e-05 0.09959730127816205
0.111 0.9114225834889912 0.9692201267488256 0.8119040437004011 36.719277089006056 7.74897679112581e-05 0.10040920431756119
0.112 0.9106166926847249 0.9710035274026465 0.8102397345494297 36.67643657459473 7.877637976432512e-05 0.10121944303057895
0.113 0.9098107474895293 0.9727894243263249 0.8085760378712807 36.6335501046728 8.007255931659467e-05 0.10202801802953587
0.114 0.9090047499279766 0.974577795931796 0.806912955761394 36.59061756283068 8.137828684049338e-05 0.10283492992884782
0.115 0.9081987020436674 0.9763686198704926 0.8052504903243354 36.54763883226072 8.269354255801397e-05 0.10364017934503512
0.116 0.9073926058995517 0.9781618731627963 0.8035886436739198 36.50461379575358 8.401830664058408e-05 0.10444376689673178
0.117 0.9065864635775527 0.979957533042918 0.8019274179328978 36.46154233570285 8.535255920906482e-05 0.10524569320469443
0.11800000000000001 0.9057802771799883 0.9817555747668729 0.8002668152336874 36.41842433408502 8.669628033339178e-05 0.10604595889181204
0.11900000000000001 0.9049740488284018 0.983555974757965 0.7986068377176865 36.3752596724791 8.804945003249552e-05 0.10684456458311482
0.12 0.9041677806638158 0.985358708878627 0.7969474875354334 36.33204823206766 8.941204827418846e-05 0.10764151090578347
0.121 0.9033614748474615 0.9871637518414902 0.7952887668467533 36.28878989361809 9.078405497487879e-05 0.10843679848915834
0.122 0.9025551335605151 0.9889710784183317 0.7936306778207806 36.2454845374983 9.216544999951586e-05 0.10923042796474884
0.123 0.9017487590046814 0.9907806623972162 0.7919732226360309 36.20213204366064 9.355621316155163e-05 0.11002239996624279
0.124 0.9009423534024019 0.9925924770377561 0.7903164034806157 36.15873229164759 9.495632422248425e-05 0.11081271512951599
0.125 0.9001359189964324 0.9944064958422585 0.7886602225519282 36.11528516059855 9.636576289193589e-05 0.11160137409264155
0.126 0.8993294580509121 0.9962226907163076 0.787004682057022 36.07179052922858 9.778450882738054e-05 0.11238837749589953
0.127 0.8985229728511289 0.9980410335663761 0.7853497842125301 36.028248275838514 9.921254163396348e-05 0.1131737259817865
0.128 0.8977164657035391 0.9998614959851873 0.783695531244645 35.984658278317696 0.0001006498408643999 0.11395742019502515
0.129 0.8969099389361107 1.0016840488475944 0.7820419253892068 35.94102041413875 0.00010209638601881975 0.1147394607825739
0.13 0.8961033948986444 1.0035086623303426 0.7803889688918573 35.89733456035638 0.000103552156544529 0.11551984839363667
0.131 0.8952968359626836 1.0053353064183304 0.7787366640077462 35.85360059360212 0.00010501713183583367 0.11629858367967251
0.132 0.8944902645223033 1.0071639498059328 0.7770850130021218 35.80981839008464 0.0001064912912339268 0.11707566729440555
0.133 0.8936836829933367 1.00899456183856 0.7754340181497444 35.765987825598486 0.00010797461402680997 0.11785109989383463
0.134 0.8928770938145435 1.0108271100854873 0.7737836817354479 35.722108775508055 0.00010946707944879547 0.11862488213624332
0.135 0.8920704994473633 1.0126615621006687 0.7721340060539267 35.67818111475259 0.00011096866668062446 0.1193970146822098
0.136 0.8912639023760239 1.0144978849750954 0.7704849934098172 35.634204717850615 0.00011247935484927082 0.12016749819461676
0.137 0.8904573051077651 1.0163360451880257 0.7688366461175907 35.59017945889109 0.00011399912302767601 0.12093633333866133
0.138 0.8896507101735396 1.0181760079981386 0.7671889665020031 35.54610521153138 0.00011552795023470245 0.12170352078186526
0.139 0.8888441201276639 1.0200177387604805 0.7655419568978256 35.50198184900401 0.00011706581543481164 0.122469061194085
0.14 0.8880375375480376 1.0218612022074849 0.7638956196497084 35.45780924410684 0.00011861269753803773 0.12323295524752158
0.14100000000000001 0.8872309650369932 1.02370636164295 0.7622499571128727 35.41358726920665 0.0001201685753996661 0.12399520361673115
0.14200000000000002 0.8864244052204677 1.0255531810618992 0.7606049716523375 35.369315796241835 0.00012173342782021912 0.12475580697863481
0.14300000000000002 0.8856178607495391 1.027401622146983 0.7589606656436939 35.32499469670254 0.00012330723354510873 0.12551476601252917
0.14400000000000002 0.8848113342993514 1.0292516475753901 0.757317041472592 35.28062384165542 0.0001248899712646569 0.1262720814000964
0.145 0.8840048285699109 1.0311032186409996 0.7556741015350535 35.236203101732066 0.00012648161961375422 0.12702775382541465
0.146 0.8831983462869072 1.0329562952058327 0.7540318482376446 35.1917323471102 0.0001280821571717581 0.1277817839749685
0.147 0.8823918902007195 1.034810838017152 0.7523902839971156 35.14721144754236 0.00012969156246229278 0.12853417253765928
0.148 0.8815854630876228 1.036666805887875 0.7507494112408386 35.102640272334256 0.00013130981395315653 0.12928492020481555
0.149 0.8807790677494853 1.038524157620734 0.7491092324066185 35.05801869035405 0.00013293689005606444 0.13003402767020367
0.15 0.8799727070144229 1.0403828507758996 0.7474697499427841 35.01334657001673 0.0001345727691265099 0.13078149563003819
0.151 0.8791663837365256 1.0422428428553667 0.7458309663082601 34.968623779304615 0.0001362174294635761 0.1315273247829926
0.152 0.8783601007963909 1.0441040902608991 0.7441928839726641 34.92385018575704 0.00013787084930976304 0.13227151583020988
0.153 0.8775538611016884 1.0459665482429594 0.7425555054161945 34.87902565644905 0.0001395330068507491 0.1330140694753132
0.154 0.8767476675869239 1.0478301719269991 0.7409188331299258 34.83415005802123 0.000141203880215323 0.13375498642441666
0.155 0.87594152321363 1.049694915762788 0.7392828696154509 34.78922325666191 0.00014288344747517316 0.134494267386136
0.156 0.8751354309709071 1.051560733056788 0.7376476173853188 34.74424511811297 0.0001445716866446044 0.1352319130715994
0.157 0.8743293938754609 1.0534275766220782 0.7360130789628678 34.69921550766735 0.00014626857568058026 0.1359679241944583
0.158 0.8735234149725604 1.0552953975675452 0.7343792568824026 34.65413429014627 0.00014797409248228462 0.1367023014708984
0.159 0.8727174973348014 1.0571641481598162 0.7327461536889839 34.60900132994543 0.00014968821489104965 0.13743504561965045
0.16 0.8719116440640343 1.0590337776801286 0.7311137719388169 34.56381649098396 0.0001514109206904184 0.13816615736200133
0.161 0.8711058582903014 1.0609042363278745 0.7294821141990591 34.51857963674474 0.00015314218760555275 0.13889563742180502
0.162 0.8703001431733374 1.0627754718537377 0.7278511830479623 34.473290630228995 0.00015488199330338052 0.13962348652549372
0.163 0.8694945019013084 1.0646474331827962 0.7262209810746538 34.42794933400329 0.0001566303153922199 0.14034970540208871
0.164 0.868688937692531 1.0665200664834442 0.7245915108797197 34.38255561016664 0.000158387131421595 0.14107429478321185
0.165 0.867883453794897 1.0683933181818697 0.722962775074714 34.337109320357705 0.0001601524188822811 0.14179725540309643
0.166 0.8670780534864596 1.0702671334232852 0.7213347762825317 34.291610325757055 0.00016192615520588393 0.14251858799859868
0.167 0.8662727400756431 1.0721414565619805 0.719707517137243 34.24605848707886 0.00016370831776478273 0.14323829330920884
0.168 0.8654675169016082 1.0740162309446069 0.7180810002842705 34.200453664572905 0.000165498883871857 0.14395637207706252
0.169 0.8646623873342447 1.0758913994004518 0.7164552283803636 34.154795718031735 0.00016729783078040387 0.14467282504695209
0.17 0.8638573547748017 1.0777669033841244 0.7148302040937651 34.10908450678196 0.00016910513568383097 0.1453876529663381
0.171 0.8630524226557523 1.0796426839880793 0.7132059301039181 34.06331988968396 0.00017092077571569382 0.1461008565853605
0.17200000000000001 0.8622475944418362 1.0815186803576617 0.7115824091020072 34.01750172512498 0.0001727447279493126 0.14681243665685048
0.17300000000000001 0.8614428736292589 1.083394832155581 0.7099596437904994 33.97162987103744 0.00017457696939770137 0.1475223939363416
0.17400000000000002 0.8606382637471374 1.0852710765356646 0.7083376368836471 33.92570418487469 0.00017641747701338306 0.14823072918208163
0.17500000000000002 0.8598337683569108 1.0871473508708975 0.7067163911070252 33.87972452362085 0.00017826622768801404 0.148937443155044
0.176 0.8590293910534126 1.0890235905065841 0.7050959091982013 33.83369074378973 0.00018012319825243408 0.14964253661893964
0.177 0.8582251354641535 1.090899731166716 0.703476193906024 33.787602701428 0.0001819883654764678 0.15034601034022832
0.178 0.8574210052507485 1.0927757060479317 0.7018572479914411 33.74146025210746 0.00018386170606861176 0.15104786508813073
0.179 0.8566170041080388 1.0946514489313932 0.7002390742267985 33.695263250935334 0.00018574319667594106 0.1517481016346399
0.18 0.8558131357659654 1.096526890436821 0.6986216753966091 33.64901155252695 0.0001876328138839907 0.1524467207545334
0.181 0.855009403988317 1.098401962264849 0.6970050542968838 33.60270501103251 0.0001895305342162925 0.15314372322538478
0.182 0.8542058125738795 1.100276593919424 0.695389213735831 33.55634348013529 0.00019143633413454232 0.15383910982757582
0.183 0.853402365356539 1.102150714123117 0.6937741565332661 33.50992681302903 0.00019335019003820196 0.15453288134430812
0.184 0.8525990662058155 1.104024250219381 0.6921598855212426 33.46345486243748 0.0001952720782643573 0.15522503856161532
0.185 0.8517959190268855 1.105897128861554 0.6905464035436234 33.416927480603015 0.00019720197508767327 0.1559155822683749
0.186 0.8509929277613109 1.1077692750360848 0.6889337134564587 33.370344519286625 0.00019913985671995407 0.1566045132563205
0.187 0.8501900963867015 1.1096406135187022 0.6873218181277816 33.32370582978175 0.0002010856993101177 0.1572918323200537
0.188 0.8493874289176568 1.111511067103387 0.6857107204376686 33.277011262890895 0.00020303947894396074 0.15797754025705624
0.189 0.8485849294060255 1.1133805575298519 0.6841004232785586 33.230260668941696 0.00020500117164411508 0.1586616378677023
0.19 0.8477826019410339 1.1152490056562927 0.6824909295549255 33.18345389777698 0.0002069707533697453 0.15934412595527056
0.191 0.8469804506496641 1.1171163311061152 0.6808822421834725 33.136590798760444 0.00020894820001640294 0.1600250053259564
0.192 0.8461784796971691 1.118982452064098 0.679274364093249 33.089671220773454 0.00021093348741562276 0.16070427678888433
0.193 0.8453766932876273 1.1208472852084475 0.677667298225643 33.042695012204355 0.00021292659133500082 0.1613819411561202
0.194 0.8445750956633962 1.1227107472409061 0.6760610475342582 32.995662020975494 0.00021492748747803386 0.16205799924268358
0.195 0.8437736911064453 1.124572752249974 0.6744556149851536 32.94857209451442 0.0002169361514837616 0.1627324518665601
0.196 0.8429724839382217 1.1264332137499433 0.6728510035567538 32.901425079766724 0.00021895255892667213 0.16340529984871383
0.197 0.8421714785204985 1.1282920432913446 0.6712472162400751 32.85422082318603 0.00022097668531641815 0.16407654401309993
0.198 0.8413706792547304 1.1301491525521612 0.6696442560383616 32.80695917075356 0.00022300850609784326 0.16474618518667686
0.199 0.8405700905837257 1.1320044500637827 0.6680421259677196 32.75963996795634 0.0002250479966505846 0.1654142241994192
0.2 0.8397697169911434 1.1338578442612313 0.6664408290564817 32.71226305978832 0.00022709513228904782 0.16608066188432993
0.201 0.8389695630021168 1.1357092418888814 0.6648403683458225 32.66482829076895 0.0002291498882620842 0.16674549907745326
0.202 0.8381696331834129 1.137558548641725 0.6632407468893574 32.617335504930246 0.00023121223975286636 0.16740873661788705
0.203 0.8373699321446847 1.1394056676017328 0.661641967753572 32.56978454580222 0.00023328216187877478 0.16807037534779576
0.20400000000000001 0.836570464537325 1.1412505026375797 0.6600440340173817 32.5221752564492 0.00023535962969106457 0.1687304161124228
0.20500000000000002 0.8357712350566481 1.143092953653112 0.6584469487726552 32.47450747942415 0.00023744461817484905 0.16938885976010348
0.20600000000000002 0.8349722484407546 1.1449329213046855 0.6568507151239332 32.426781056812665 0.00023953710224883167 0.17004570714227776
0.20700000000000002 0.8341735094718765 1.1467703034493393 0.6552553361885035 32.37899583019828 0.00024163705676504742 0.170700959113503
0.20800000000000002 0.8333750229764433 1.1486049969580125 0.6536608150965874 32.33115164068317 0.00024374445650877995 0.17135461653146677
0.209 0.8325767938255706 1.1504368970987364 0.6520671549911315 32.283248328873164 0.00024585927619836303 0.17200668025699972
0.21 0.8317788269353351 1.1522658978331257 0.6504743590280609 32.235285734894035 0.00024798149048492984 0.1726571511540885
0.211 0.8309811272674259 1.1540918912591447 0.6488824303761469 32.1872636983744 0.00025011107395240433 0.17330603008988862
0.212 0.8301836998292267 1.155914768420584 0.6472913722171829 32.13918205846608 0.0002522480011171405 0.1739533179347375
0.213 0.8293865496746998 1.157734418135491 0.645701187745836 32.09104065381761 0.00025439224642768955 0.17459901556216728
0.214 0.8285896819045067 1.1595507280841566 0.6441118801699194 32.04283932259836 0.0002565437842648774 0.17524312384891802
0.215 0.8277931016663779 1.1613635844400771 0.6425234527100621 31.994577902483314 0.0002587025889413229 0.17588564367495052
0.216 0.8269968141558438 1.1631728713292755 0.6409359086001539 31.946256230662666 0.00026086863470152396 0.17652657592345958
0.217 0.8262008246164668 1.164978471540622 0.6393492510870916 31.89787414383614 0.0002630418957215014 0.17716592148088697
0.218 0.8254051383402319 1.1667802662846938 0.6377634834307896 31.849431478214598 0.0002652223461085947 0.17780368123693457
0.219 0.8246097606681345 1.1685781348906843 0.6361786089044223 31.80092806952577 0.00026740995990150266 0.17843985608457746
0.22 0.8238146969905368 1.170371955130366 0.6345946307942234 31.752363753007135 0.00026960471106984943 0.17907444692007712
0.221 0.8230199527479646 1.1721616025557313 0.6330115523996979 31.703738363402607 0.00027180657351409524 0.17970745464299467
0.222 0.8222255334309446 1.1739469518987622 0.6314293770334521 31.655051734977388 0.00027401552106551806 0.18033888015620392
0.223 0.8214314445811053 1.1757278751940425 0.6298481080214835 31.60630370150736 0.0002762315274857859 0.18096872436590486
0.224 0.8206376917911812 1.1775042433821425 0.6282677487028216 31.55749409627851 0.00027845456646676637 0.1815969881816366
0.225 0.8198442807059481 1.1792759249185092 0.6266883024299189 31.508622752088293 0.00028068461163038524 0.18222367251629087
0.226 0.8190512170219948 1.1810427874836538 0.62510977256853 31.459689501266414 0.0002829216365286612 0.1828487782861253
0.227 0.8182585064890864 1.1828046956052762 0.6235321624975555 31.410694175632884 0.0002851656146433731 0.18347230641077655
0.228 0.8174661549098834 1.184561513086545 0.6219554756093627 31.361636606543424 0.0002874165193858373 0.18409425781327382
0.229 0.8166741681409513 1.186313101069424 0.620379715309684 31.312516624864454 0.0002896743240968072 0.18471463342005218
0.23 0.8158825520928185 1.188059319442657 0.618804885017423 31.263334060980075 0.0002919390020462815 0.18533343416096576
0.231 0.8150913127310057 1.1898000253669483 0.6172309881650748 31.21408874479318 0.00029421052643320637 0.1859506609693014
0.232 0.8143004560763478 1.1915350743216802 0.6156580281984467 31.164780505718582 0.00029648887038548805 0.18656631478179186
0.233 0.8135099882051134 1.1932643203953475 0.6140860085766275 31.11540917269674 0.0002987740069596576 0.1871803965386292
0.234 0.8127199152500185 1.1949876149235361 0.6125149327723959 31.06597457419573 0.00030106590914073366 0.18779290718347838
0.23500000000000001 0.8119302434006775 1.1967048073178155 0.6109448042717307 31.01647653818962 0.0003033645498421414 0.18840384766349058
0.23600000000000002 0.8111409789036237 1.1984157457041167 0.6093756265740814 30.966914892192072 0.00030566990190543494 0.1890132189293166
0.23700000000000002 0.8103521280636444 1.2001202749145612 0.6078074031924633 30.917289463231093 0.0003079819381002258 0.18962102193512045
0.23800000000000002 0.8095636972439791 1.201818238190987 0.6062401376532779 30.867600077853673 0.0003103006311238206 0.19022725763859274
0.23900000000000002 0.8087756928661364 1.2035094777569355 0.6046738334963309 30.81784656215518 0.00031262595360126785 0.19083192700096405
0.24 0.8079881214118898 1.2051938314754698 0.6031084942749957 30.768028741733403 0.00031495787808496985 0.19143503098701858
0.241 0.8072009894224347 1.2068711371646657 0.6015441235561669 30.718146441740487 0.0003172963770547278 0.19203657056510762
0.242 0.8064143035000556 1.2085412287450292 0.5999807249200035 30.668199486828772 0.0003196414229174345 0.19263654670716282
0.243 0.8056280703078906 1.2102039391326247 0.5984183019604744 30.61818770121035 0.00032199298800682447 0.19323496038871002
0.244 0.8048422965705744 1.2118590988809952 0.5968568582846626 30.568110908620103 0.000324351044583591 0.1938318125888824
0.245 0.8040569890756154 1.2135065350267193 0.5952963975135104 30.517968932324848 0.0003267155648349129 0.1944271042904343
0.246 0.8032721546728577 1.215146074024397 0.5937369232812008 30.467761595135837 0.00032908652087433826 0.19502083647975443
0.247 0.8024878002759732 1.2167775385980562 0.5921784392354572 30.417488719391432 0.00033146388474172616 0.19561301014687954
0.248 0.8017039328625151 1.2184007499427263 0.5906209490376494 30.367150126984914 0.000333847628402992 0.19620362628550791
0.249 0.8009205594747035 1.2200155265769108 0.5890644563623814 30.31674563933819 0.0003362377237501845 0.19679268589301274
0.25 0.800137687219871 1.2216216848512917 0.5875089648977919 30.266275077425345 0.00033863414260086643 0.1973801899704556
0.251 0.7993553232716348 1.2232190377949859 0.5859544783457744 30.215738261764983 0.00034103685669832054 0.19796613952260017
0.252 0.798573474869377 1.224807397740556 0.584401000421173 30.16513501242417 0.00034344583771127296 0.19855053555792532
0.253 0.7977921493199536 1.2263865728248102 0.5828485348526843 30.114465149026266 0.0003458610572336016 0.19913337908863882
0.254 0.7970113539980982 1.2279563690038564 0.5812970853823479 30.063728490735926 0.00034828248678439344 0.19971467113069077
0.255 0.7962310963463736 1.2295165907516548 0.5797466557654599 30.01292485628312 0.00035071009780761016 0.2002944127037869
0.256 0.7954513838767904 1.231067038417909 0.5781972497709581 29.9620540639491 0.0003531438616720486 0.20087260483140207
0.257 0.7946722241706912 1.232607510939897 0.576648871181032 29.91111593157816 0.00035558374967107834 0.20144924854079369
0.258 0.7938936248795911 1.2341378043152484 0.5751015237912416 29.860110276579842 0.0003580297330224994 0.202024344863015
0.259 0.7931155937261368 1.2356577113952205 0.5735552114106306 29.809036915927067 0.00036048178286848245 0.20259789483292856
0.26 0.7923381385043707 1.2371670229625031 0.5720099378614012 29.757895666157857 0.0003629398702752251 0.20316989948921949
0.261 0.7915612670806468 1.2386655266802815 0.5704657069791965 29.706686343384614 0.0003654039662330788 0.20374035987440883
0.262 0.7907849873941556 1.2401530076928668 0.5689225226128932 29.655408763293 0.00036787404165602593 0.20430927703486687
0.263 0.7900093074573663 1.2416292487407155 0.5673803886245415 29.604062741151974 0.0003703500673817599 0.2048766520208262
0.264 0.7892342353574413 1.2430940285830239 0.565839308889604 29.55264809180341 0.0003728320141716358 0.20544248588639524
0.265 0.7884597792562379 1.2445471242372708 0.5642992872965504 29.501164629671486 0.00037531985271018484 0.2060067796895712
0.266 0.7876859473911606 1.245988309600986 0.562760327747161 29.44961216877759 0.000377813553605211 0.20656953449225346
0.267 0.7869127480763988 1.2474173548036027 0.5612224341563387 29.397990522715663 0.0003803130873876152 0.20713075136025658
0.268 0.7861401897022597 1.2488340292609024 0.5596856104519378 29.346299504699967 0.0003828184245111783 0.20769043136332338
0.269 0.7853682807375739 1.2502380966974413 0.5581498605749825 29.294538927518914 0.0003853295353523767 0.20824857557513804
0.27 0.7845970297295374 1.2516293192561523 0.5566151884794786 29.24270860356384 0.0003878463902102578 0.20880518507333912
0.271 0.7838264453040942 1.2530074566174931 0.555081598132415 29.19080834484795 0.0003903689593065446 0.20936026093953256
0.272 0.7830565361677608 1.2543722636302312 0.5535490935138518 29.138837962976513 0.00039289721278506275 0.2099138042593047
0.273 0.7822873111066898 1.25572349478431 0.5520176786163292 29.086797269184665 0.00039543112071195266 0.2104658161222348
0.274 0.7815187789896733 1.2570608977666697 0.5504873574456516 29.034686074301405 0.00039797065307546126 0.21101629762190838
0.275 0.7807509487665923 1.2583842208722096 0.5489581340201702 28.98250418880446 0.00040051577978541457 0.21156524985592964
0.276 0.7799838294706322 1.2596932068322786 0.5474300123709211 28.930251422780564 0.00040306647067375333 0.21211267392593425
0.277 0.7792174302193209 1.2609875947067184 0.5459029965419351 28.877927585939265 0.0004056226954936898 0.21265857093760232
0.278 0.7784517602125799 1.2622671247841655 0.5443770905891832 28.82553248766579 0.0004081844239201719 0.21320294200067036
0.279 0.7776868287385598 1.2635315257440982 0.542852298582136 28.773065936924088 0.0004107516255494314 0.21374578822894472
0.28 0.7769226451684015 1.264780532881592 0.5413286246017447 28.72052774238137 0.00041332426989864647 0.21428711074031317
0.281 0.7761592189619734 1.2660138699842605 0.5398060727420206 28.667917712317184 0.00041590232640657587 0.21482691065675796
0.28200000000000003 0.7753965596665723 1.2672312609163228 0.538284647109338 28.615235654673025 0.0004184857644323461 0.2153651891043681
0.28300000000000003 0.7746346769159372 1.2684324291161164 0.5367643518216314 28.562481377084776 0.0004210745532564826 0.21590194721335104
0.28400000000000003 0.7738735804368777 1.269617084895146 0.5352451910102377 28.50965468677546 0.0004236686620798802 0.21643718611804594
0.28500000000000003 0.7731132800408723 1.2707849504474111 0.5337271688171069 28.456755390756516 0.0004262680600237913 0.21697090695693444
0.28600000000000003 0.7723537856358837 1.2719357261172781 0.5322102893977951 28.40378329559214 0.00042887271613054593 0.2175031108726542
0.28700000000000003 0.7715951072176715 1.2730691245996784 0.5306945569186573 28.35073820761073 0.0004314825993617195 0.2180337990120097
0.28800000000000003 0.7708372548747291 1.2741848481752072 0.529179975558064 28.29761993282919 0.00043409767860035645 0.21856297252598428
0.289 0.770080238793177 1.2752825886815509 0.5276665495073578 28.244428276866728 0.0004367179226483729 0.2190906325697531
0.29 0.7693240692450011 1.2763620555500388 0.5261542829671271 28.191163045219724 0.00043934330022843816 0.21961678030269247
0.291 0.7685687566084349 1.277422921617254 0.5246431801528579 28.137824042859734 0.0004419737799830552 0.2201414168883946
0.292 0.7678143113457702 1.2784648949277766 0.5231332452879752 28.084411074717888 0.00044460933047339783 0.22066454349467565
0.293 0.7670607440260788 1.2794876428383606 0.5216244826102587 28.030923945240648 0.0004472499201823311 0.22118616129359014
0.294 0.7663080653105528 1.2804908552195282 0.5201168963671585 27.97736245872033 0.00044989551750926023 0.22170627146144056
0.295 0.7655562859575888 1.2814742110549548 0.5186104908168278 27.923726419209263 0.0004525460907761987 0.22222487517878806
0.296 0.7648054168356518 1.2824373650348597 0.5171052702316012 27.870015630284122 0.00045520160822165937 0.22274197363046663
0.297 0.7640554688938183 1.283380019787338 0.5156012388889426 27.81622989567921 0.0004578620380050899 0.22325756800558838
0.298 0.7633064532093731 1.2843017942176782 0.514098401085109 27.762369018335413 0.00046052734820491945 0.22377165949756214
0.299 0.7625583809316995 1.2852024008893614 0.5125967611180221 27.708432801567763 0.0004631975068163752 0.22428424930409527
0.3 0.7618112633410828 1.2860814491488781 0.5110963233046352 27.65442104791122 0.00046587248175809223 0.22479533862721265
0.301 0.761065111803045 1.286938624294408 0.5095970919664318 27.60033356004761 0.00046855224086098655 0.22530492867326124
0.302 0.7603199377920854 1.2877735684355673 0.5080990714366836 27.546170140383694 0.0004712367518822864 0.2258130206529218
0.303 0.7595757529043942 1.2885858991218402 0.5066022660633197 27.49193059079821 0.0004739259824899828 0.22631961578122373
0.304 0.7588325688060643 1.2893753210962966 0.5051066801931572 27.437614713712833 0.0004766199002770899 0.22682471527754372
0.305 0.7580903973282836 1.2901413715997723 0.5036123182003465 27.383222310242356 0.00047931847275144943 0.2273283203656333
0.306 0.7573492503382233 1.2908838094833885 0.5021191844464266 27.328753182746983 0.0004820216673384544 0.2278304322736062
0.307 0.756609139893694 1.2916021221480711 0.5006272833273248 27.274207131851536 0.00048472945138777925 0.22833105223397257
0.308 0.7558700780862747 1.292296067631814 0.4991366192245619 27.21958395950875 0.0004874417921554804 0.22883018148362488
0.309 0.7551320771797368 1.2929651599693492 0.4976471965476416 27.164883466367325 0.0004901586568325553 0.22932782126386564
0.31 0.7543951495206305 1.2936090666868505 0.4961590197057836 27.110105453511885 0.0004928800125072946 0.22982397282040729
0.311 0.753659307557043 1.2942274201963577 0.4946720931133805 27.05524972213574 0.0004956058262085935 0.23031863740337724
0.312 0.752924563916609 1.2948197128923578 0.49318642121327294 27.000316072070753 0.0004983360648609155 0.23081181626734654
0.313 0.7521909312214119 1.2953857605670904 0.4917020084198545 26.945304305374954 0.0005010706953251621 0.2313035106713012
0.314 0.7514584223872145 1.2959248485471242 0.4902188592097366 26.890214220623026 0.0005038096843681716 0.23179372187870462
0.315 0.750727050224689 1.2964369639909534 0.48873697799959065 26.835045620560205 0.0005065529986760988 0.2322824511574375
0.316 0.7499968279184651 1.2969212435709465 0.48725636929199995 26.779798303011365 0.0005093006048637904 0.23276969977988385
0.317 0.7492677685083591 1.2973777409110976 0.48577703751617457 26.72447207075193 0.0005120524694376149 0.23325546902285768
0.318 0.7485398854039143 1.2978055931869281 0.4842989871850976 26.669066721816865 0.0005148085588629865 0.2337397601676865
0.319 0.7478131919358911 1.298204732551821 0.48282222275741127 26.613582057980533 0.0005175688394659175 0.2342225745001575
0.32 0.7470877016803551 1.2985745112370484 0.48134674873644756 26.55801787870604 0.000520333277559717 0.23470391331056153
0.321 0.74636342832686 1.298914513216508 0.47987256962856045 26.502373983622185 0.0005231018392951747 0.23518377789369707
0.322 0.7456403855625817 1.2992245282714687 0.4783996899087405 26.446650174793167 0.0005258744908251373 0.23566216954883779
0.323 0.7449185874915671 1.299503590080241 0.47692811414543906 26.390846248801516 0.0005286511981360581 0.23613908957982707
0.324 0.7441980478797258 1.2997520876933943 0.4754578467731754 26.334962011018607 0.0005314319272066701 0.23661453929494322
0.325 0.7434787812695453 1.2999683988397226 0.47398889242753894 26.278997254711108 0.0005342166438736292 0.23708852000710118
0.326 0.7427608015101799 1.3001535514478568 0.4725212555017441 26.222951788579106 0.0005370053139257299 0.23756103303360973
0.327 0.7420441235644349 1.3003053033322487 0.47105494069047865 26.166825403078253 0.0005397979030659269 0.2380320796964732
0.328 0.7413287614167302 1.3004251989241478 0.4695899523589725 26.110617909375108 0.0005425943768768992 0.2385016613220621
0.329 0.7406147303838498 1.300510586477176 0.4681262952385249 26.054329096515293 0.0005453947009427224 0.23896977924147864
0.33 0.7399020446844733 1.3005632298921366 0.46666397369376295 25.997958776421488 0.0005481988406269756 0.23943643479019128
0.331 0.739190719878124 1.3005804481831518 0.4652029924567831 25.94150673894981 0.0005510067614046978 0.23990162930840023
0.332 0.7384807705569337 1.3005637688094918 0.46374335593064575 25.884972794346478 0.0005538184284133359 0.24036536414071116
0.333 0.7377722123783401 1.300511001286252 0.46228506880239967 25.828356736084153 0.000556633807022558 0.24082764063641576
0.334 0.73706506047541 1.3004228620181457 0.46082813556084723 25.771658369825637 0.0005594528621435426 0.24128846014929767
0.335 0.7363593304365893 1.3002982692682508 0.4593725607958327 25.71487749584067 0.000562275559036449 0.2417478240377286
0.336 0.7356550381178798 1.300136479856161 0.4579183491332513 25.658013912086094 0.000565101862394134 0.24220573366471002
0.337 0.7349521988643404 1.2999381866711779 0.4564655050113309 25.601067428890477 0.0005679317373556926 0.24266219039767925
0.338 0.7342508294399944 1.29970051149919 0.4550140332448256 25.54403783336986 0.0005707651484106762 0.24311719560889283
0.339 0.7335509447742216 1.299426597107799 0.45356393806710515 25.486924949108374 0.0005736020605584828 0.24357075067483788
0.34 0.732852562717795 1.299110762875254 0.45211522453130437 25.429728549415778 0.0005764424381070097 0.24402285697705936
0.341 0.7321556976192509 1.2987592592565977 0.4506678966148742 25.37244847414579 0.000579286245891761 0.2444735159010768
0.342 0.7314603685879968 1.2983629543736874 0.4492219596564204 25.315084480010174 0.0005821334480652708 0.2449227288377531
0.343 0.7307665892342727 1.2979318443797616 0.44777741732906445 25.25763642597235 0.0005849840092709245 0.24537049718162154
0.34400000000000003 0.730074380093527 1.2974527128415392 0.44633427530211417 25.200104049476735 0.0005878378935358873 0.24581682233288918
0.34500000000000003 0.7293837538786767 1.2969399412914295 0.44489253689580127 25.14248723142812 0.0005906950652804942 0.24626170569508113
0.34600000000000003 0.7286947327273796 1.2963755690391643 0.44345220815751246 25.08478568722501 0.0005935554884381283 0.24670514867777352
0.34700000000000003 0.7280073282784736 1.2957790595518037 0.44201329200116934 25.02699932282522 0.0005964191271743125 0.24714715269345539
0.34800000000000003 0.7273215644764945 1.2951269538510324 0.4405757949073122 24.969127828334372 0.0005992859453604748 0.2475877191610987
0.34900000000000003 0.7266374516707276 1.294444628378465 0.4391397193191646 24.91117113852024 0.0006021559068763019 0.248026849502119
0.35000000000000003 0.7259550158707221 1.2937021892922551 0.43770507222084665 24.853128914073547 0.0006050289755610067 0.2484645451449168
0.35100000000000003 0.725274265847772 1.2929320056660465 0.43627185549946706 24.795001123555632 0.0006079051149809787 0.24890080751978197
0.352 0.7245952300275845 1.292096486985654 0.43484007673941066 24.736787392540492 0.0006107842889679818 0.24933563806458753
0.353 0.7239179152025704 1.2912364770829565 0.4334097371543763 24.678487730287134 0.0006136664607548683 0.2497690382184246
0.354 0.7232423527017314 1.290304939895125 0.431980845064085 24.62010171924459 0.0006165515941805196 0.2502010094287007
0.355 0.722568546777174 1.2893532582616263 0.4305534008459865 24.561629418994052 0.000619439652138253 0.25063155314320745
0.356 0.7218965323338233 1.2883225209889815 0.4291274137426928 24.503070357737034 0.0006223305984695114 0.25106067081897343
0.357 0.7212263103097145 1.287277498825511 0.42770288307251686 24.444424658568714 0.0006252243957473023 0.25148836391235446
0.358 0.720557920099549 1.286144078889827 0.42627981925618286 24.385691780282787 0.0006281210077777893 0.25191463389011953
0.359 0.7198913582874188 1.2850042752163826 0.424858220255227 24.326871927113906 0.0006310203968765836 0.2523394822170096
0.36 0.7192266699574191 1.283764347506321 0.42343809800361787 24.26796446857406 0.0006339225267205939 0.2527629103696911
0.361 0.7185638460035799 1.2825285734046055 0.422019448726141 24.20896971253678 0.0006368273595025773 0.2531849198210659
0.362 0.7179029386921835 1.2811779721342276 0.4206022862852895 24.149886914563485 0.0006397348585854368 0.25360551205789095
0.363 0.7172439316219044 1.2798452484688017 0.41918660471646074 24.090716513022716 0.0006426449862867593 0.25402468856096627
0.364 0.7165868859534809 1.278379559850994 0.4177724202838058 24.031457621418244 0.0006455577053326154 0.25444245082735417
0.365 0.7159317762536227 1.2769489491819541 0.41635972434843915 23.97211083737578 0.0006484729785797778 0.25485880034547737
0.366 0.7152786742810423 1.2753637822968666 0.41494853604045545 23.91267510472629 0.0006513907675960742 0.2552737386228987
0.367 0.7146275440504731 1.273833983691962 0.41353884363030413 23.853151205112255 0.000654311036423546 0.25568726715543433
0.368 0.7139784691179282 1.272125535326739 0.4121306694274552 23.79353789392815 0.0006572337446874231 0.25609938746124217
0.369 0.7133314023185011 1.2704941180279306 0.41072399845629615 23.73383614627835 0.0006601588585515753 0.2565101010434583
0.37 0.7126864388065213 1.2686601770346406 0.4093188561149504 23.674044534073214 0.0006630863346040557 0.2569194094306863
0.371 0.7120435216474627 1.2669223057066847 0.4079152246096248 23.614164201059886 0.000666016142382513 0.2573273141336436
0.372 0.7114027545775852 1.2649638153752185 0.4065131315354815 23.55419358770005 0.0006689482340450445 0.2577338166907687
0.373 0.710764076045324 1.2631103880074146 0.4051125577658069 23.494133919401406 0.0006718825840041114 0.25813891862121324
0.374 0.7101275905589587 1.261033572994562 0.4037135308532793 23.433983636384117 0.0006748191384387727 0.25854262147188695
0.375 0.709493243035464 1.259048901258496 0.4023160334838085 23.373743861308338 0.0006777578781438354 0.25894492677213427
0.376 0.7088611238527425 1.2568676470607876 0.40092008895278824 23.31341328120225 0.0006806987419827185 0.2593458360749021
0.377 0.7082312036476699 1.2547272286422817 0.3995256871659055 23.252992598949618 0.0006836417181247726 0.25974535092268225
0.378 0.7076035347687535 1.2524648461167398 0.39813284046997577 23.1924811406774 0.0006865867376904511 0.2601434728707339
0.379 0.7069781421962912 1.250134493869347 0.3967415539578244 23.13187872228777 0.0006895337958158323 0.2605402034789371
0.38 0.7063550073239879 1.247823157636495 0.39535181989560114 23.07118584447905 0.0006924828174313444 0.26093554429995897
0.381 0.7057342457336383 1.2452616596425592 0.39396366855899306 23.010400849909825 0.0006954338016039854 0.261329496916192
0.382 0.7051157300973243 1.242936918518066 0.39257706177374563 22.949526021609643 0.0006983866719336193 0.2617220628724181
0.383 0.7044997031480287 1.2401051010488817 0.3911920649371863 22.88855764538547 0.0007013414244434525 0.26211324377827555
0.384 0.7038858974188854 1.2377925351334518 0.389808600986544 22.8275002835846 0.0007042979907066465 0.26250304116682377
0.385 0.7032747040956644 1.2346712644453184 0.3884267760031618 22.766347835912928 0.000707256352055453 0.2628914566768312
0.386 0.7026657105933672 1.2323637111033559 0.387046473039062 22.70510720763431 0.0007102164618294708 0.26327849183032775
0.387 0.7020594383584559 1.2289806253309432 0.38566783341081695 22.64377022368351 0.0007131782713263801 0.26366414829068113
0.388 0.7014553783752369 1.226608964795649 0.38429071412796134 22.582345332452622 0.0007161417715571494 0.26404842757795977
0.389 0.7008540966496577 1.2230672550401767 0.3829152677590816 22.520823673791877 0.0007191068688277933 0.2644313313654589
0.39 0.700255115332829 1.220476355096033 0.38154136062646127 22.459213187823178 0.0007220736037497722 0.26481286119175373
0.391 0.6996588740276583 1.2169687380834115 0.3801691095026644 22.397507061135556 0.000725041831173268 0.2651930187136391
0.392 0.6990651365733501 1.2139210867094785 0.37879844758579 22.33570938117006 0.0007280116393420978 0.2655718055192869
0.393 0.6984739764981037 1.2107018946068127 0.377429390706155 22.27381916849765 0.0007309828448063921 0.2659492232148271
0.394 0.697885648680781 1.2069377902808032 0.3760620062446305 22.211832741366706 0.0007339555565296428 0.26632527347147605
0.395 0.697299629871182 1.2042255950939207 0.3746961473608966 22.149758552318577 0.000736929595001099 0.26669995781588113
0.396 0.6967168406658665 1.1995980637453652 0.3733320616121918 22.08758245826387 0.0007399050327461219 0.2670732780202605
0.397 0.6961360872342657 1.1974057204360278 0.3719694212579544 22.02532343426126 0.000742881764194344 0.2674452355304964
0.398 0.6955588837726142 1.192067581113453 0.3706086325133735 21.962958080025068 0.0007458597487021503 0.2678158321981847
0.399 0.6949836267459795 1.1900177992625316 0.3692492591921744 21.900511746669444 0.0007488390295874354 0.26818506943804465
0.4 0.694411949094721 1.1845665263470184 0.36789173642289497 21.8379592341876 0.0007518193918496224 0.2685529491020233
0.401 0.6938425265436834 1.181834224558419 0.36653570603749863 21.775321530566305 0.0007548010597588096 0.26891947268033295
0.402 0.693276242198667 1.1772462702812614 0.3651813987107869 21.712585094527714 0.0007577836542960874 0.2692846418987704
0.403 0.6927130112505677 1.172807804699526 0.3638287904343952 21.649751758542173 0.0007607675133148262 0.2696484584532787
0.404 0.6921520421252422 1.1699952794521618 0.36247766278192595 21.586833797142038 0.0007637522245515171 0.27001092382750735
0.405 0.6915952025603876 1.1632595022876824 0.36112851200452417 21.523803071279634 0.0007667380491118258 0.2703720399958442
0.406 0.6910397284123847 1.162274911797655 0.35978059672930834 21.460702058052508 0.0007697247803876015 0.27073180819513254
0.40700000000000003 0.6904891472427964 1.1538822190031428 0.35843484947611876 21.397477315371628 0.0007727123508259821 0.2710902305936261
0.40800000000000003 0.6899397566364555 1.1532227501434 0.35709028614797816 21.33418558284858 0.0007757009832245793 0.27144730837302106
0.40900000000000003 0.6893949486569879 1.1454184959283065 0.3557477958334304 21.270775528488393 0.0007786901369986231 0.27180304361052227
0.41000000000000003 0.6888524965690721 1.142265477811043 0.3544067909814157 21.20728153174058 0.0007816804634507524 0.2721574377857586
0.41100000000000003 0.6883129033066143 1.138031728740162 0.3530673936704826 21.143695907665908 0.0007846711244212822 0.27251049251298975
0.41200000000000003 0.6877779713053506 1.1299634779176049 0.3517300778462619 21.079992394491015 0.0007876628268890997 0.2728622098673783
0.41300000000000003 0.6872435718839445 1.1305949235156365 0.3503937523713742 21.016232824576573 0.0007906549906138031 0.273212590843827
0.41400000000000003 0.6867158776044219 1.1181359499434764 0.3490600279470182 20.952325566424953 0.0007936477444060512 0.2735616380419752
0.41500000000000004 0.6861877908594758 1.1206892121431435 0.3477270492458881 20.888376759574726 0.0007966413821301518 0.2739093522046296
0.41600000000000004 0.6856661043069715 1.1088019340068636 0.3463965738194794 20.824285556728334 0.0007996350190550964 0.27425573584236645
0.417 0.685146223831029 1.1066430442026647 0.3450674112457927 20.760121012461834 0.0008026298715498136 0.2746007902571512
0.418 0.6846291092939075 1.1024226250386784 0.34373979483239836 20.69586849847489 0.0008056244282908237 0.27494451700790146
0.419 0.6841184217236493 1.0903568135456334 0.34241467438140916 20.631475414275457 0.0008086199471614443 0.27528691857930326
0.42 0.6836059084314235 1.0958927167750145 0.3410899102745231 20.567062536250113 0.000811615610734593 0.2756279953344345
0.421 0.6831032072391404 1.0765092928697308 0.33976849119052643 20.50246035047602 0.0008146113440415945 0.2759677506187022
0.422 0.6825982272794844 1.0829855521119471 0.338447314132435 20.437845856244063 0.000817608176419479 0.27630618466462425
0.423 0.6821005885487929 1.068810208802339 0.33712882345416245 20.373078760297464 0.000820604123588297 0.2766433001758428
0.424 0.681606648115493 1.0624104563285988 0.33581209765926784 20.308213633161557 0.0008236014931702692 0.2769790988963733
0.425 0.6811117129644417 1.066095555044554 0.33449592012311924 20.24331717003376 0.0008265979903976999 0.27731358139454526
0.426 0.6806285221687883 1.0422938120102634 0.3331835315399709 20.17820760895163 0.000829594911052333 0.27764675144745526
0.427 0.6801389564665629 1.0575555514347181 0.33187033296390894 20.113144965397158 0.0008325924956464567 0.277978608242456
0.428 0.6796622651494203 1.0312083764125726 0.3305611732328624 20.04785378193422 0.0008355888245325357 0.2783091558354926
0.429 0.679185375141254 1.0330866249350636 0.3292527674291299 19.9825225502683 0.0008385870549435126 0.27863839495144654
0.43 0.6787098189520185 1.031642868527304 0.3279454698170484 19.917127671722564 0.0008415832985630686 0.27896632673352584
0.431 0.6782469715251149 1.0054624550372973 0.3266421470815888 19.85151068535236 0.0008445804047486115 0.27929295513033875
0.432 0.6777735345955823 1.02988720177044 0.32533695692924736 19.78599964340706 0.0008475776180368308 0.2796182782808468
0.433 0.6773188052352787 0.9905473847482407 0.3240371940252368 19.720182628418275 0.0008505732114037 0.279942301628049
0.434 0.6768603128112608 1.000092061540502 0.3227372805137817 19.654377277158954 0.000853571334071201 0.280265024982478
0.435 0.6764050099767777 0.9944764154161669 0.32143889913434937 19.58848371343174 0.0008565662601199185 0.28058644992907467
0.436 0.6759641475501237 0.9642121709605425 0.3201448571472902 19.52234894318128 0.0008595623485475408 0.2809065807664084
0.437 0.6755071749646566 1.00077516280228 0.31884759734726703 19.45639550543536 0.0008625583114183128 0.28122541428807857
0.438 0.6750751767396981 0.9473268731547959 0.3175572144377239 19.390055332246845 0.0008655519537418806 0.28154295739152607
0.439 0.674638256336147 0.9593547329307386 0.3162663892977129 19.323744164694833 0.0008685490515750467 0.281859209579509
0.44 0.6742026814201426 0.9576381108751244 0.31497659857262533 19.257371862206618 0.000871541543795595 0.2821741719624037
0.441 0.6737859609619448 0.9173443463805767 0.3136921472979802 19.19070337760762 0.0008745349811358881 0.2824878498267953
0.442 0.6733461430929689 0.9694212500084278 0.31240281662499175 19.1243096730542 0.0008775293964114446 0.2828002382921912
0.443 0.6729370551810604 0.9028255198098015 0.31112163320764485 19.05745794587509 0.0008805200826229894 0.2831113455509393
0.444 0.6725270319321349 0.9059918562686057 0.30984096374352377 18.990582801587145 0.0008835149997770052 0.2834211720399372
0.445 0.6721083003714527 0.9263747128382952 0.3085588650881782 18.923783599510827 0.0008865038352469125 0.2837297164291052
0.446 0.6717170442144492 0.8666336694860269 0.307284077398744 18.856578443364363 0.0008894923533910568 0.28403698597361315
0.447 0.6713025920767334 0.9191146567042444 0.30600446146201854 18.789647721086745 0.0008924856098871911 0.28434297579509454
0.448 0.6709153597131684 0.8597765352464918 0.30473198512300426 18.722313352888 0.000895472743695244 0.2846476931391835
0.449 0.6705357791832383 0.8437508761853777 0.30346203377827846 18.65484355219547 0.0008984633779145604 0.2849511404361756
0.45 0.6701254165356227 0.9132502013287073 0.3021854296526404 18.58774190629568 0.0009014484871895039 0.2852533111214132
0.451 0.6697590388005235 0.8163086527992461 0.30091990375971245 18.520023539000743 0.0009044306199469881 0.2855542162482605
0.452 0.6693863330108458 0.8313247583942022 0.29965359028786803 18.45235698348416 0.0009074197559860902 0.28585385492940524
0.453 0.669018359168159 0.8216787796793127 0.29838896717851643 18.384589148418836 0.0009103993235712536 0.28615222901995413
0.454 0.6686670070689212 0.7854067362735855 0.2971288924835654 18.316571794657786 0.0009133795069001843 0.28644934296654
0.455 0.6682897344265252 0.84426858345421 0.29586346363704363 18.248860472258087 0.0009163682796631962 0.28674519133370246
0.456 0.6679464574679793 0.7690210236832578 0.29460649723054 18.1806695468906 0.0009193500137334287 0.28703978274137143
0.457 0.6676087110488105 0.7574031511106132 0.2933514606718839 18.11237760430895 0.0009223358114593102 0.2873331190065864
0.458 0.6672506564289151 0.8037820016546509 0.2920922997336701 18.044310921594157 0.0009253082212858289 0.28762519618190746
0.459 0.6669237930485455 0.7345156382274614 0.29084093269758643 17.975812137074175 0.0009282766909302018 0.2879160219653593
0.46 0.6666010917668552 0.7258693493161765 0.2895911719045529 17.907233691763786 0.0009312523990906373 0.2882055978483434
0.461 0.6662848899061129 0.7119318724257966 0.2883434028412792 17.838538025870136 0.0009342158876520567 0.288493926021954
0.462 0.6659716020351589 0.7060377240688525 0.28709686061948064 17.769775309089336 0.000937178266667423 0.2887810075986672
0.463 0.6656707775809417 0.6785751238227439 0.2858538056041849 17.70083238747396 0.0009401503275641017 0.2890668459533931
0.464 0.6653696205964261 0.679939825908748 0.2846111030050115 17.631857769697262 0.0009431128649206211 0.28935144163734866
0.465 0.6650695687914178 0.6780569927256058 0.2833692093136473 17.562841635600492 0.0009460766820035734 0.28963479534665093
0.466 0.6648131509946077 0.5799378924378201 0.28213776768095944 17.493263076571193 0.0009490478206376735 0.28991691746965303
0.467 0.6645229842883108 0.6568073005799308 0.28089909637947796 17.424067258566662 0.0009520116881442011 0.2901978009291807
0.468 0.6642364985923929 0.6490381130848094 0.27966180726914863 17.354800583226865 0.0009549786854124519 0.2904774469972243
0.46900000000000003 0.664002946015808 0.5295316476749963 0.27843684443930905 17.28486135914207 0.0009579405161611111 0.2907558680881997
0.47000000000000003 0.6637227978751606 0.6356689567001966 0.27720190064237704 17.21546159734609 0.0009608969004577015 0.2910330542233357
0.47100000000000003 0.6634509188273618 0.6174193057504324 0.2759693410714893 17.145937653443035 0.0009638576290889742 0.2913090076819069
0.47200000000000003 0.6632132532943852 0.5401373473872257 0.2747447881662106 17.075973409743586 0.0009668095239535443 0.2915837366118382
0.47300000000000003 0.662943164037859 0.6142961823418774 0.2735135181364774 17.00637309062946 0.0009697573599937797 0.29185723424412424
0.47400000000000003 0.6626869434394427 0.5832158663712222 0.2722858262694338 16.936584153601352 0.0009727099963348793 0.2921295040608977
0.47500000000000003 0.662451230362924 0.5369345511663233 0.2710630246214598 16.866523372404266 0.0009756535685721531 0.2924005511023858
0.47600000000000003 0.6621911582013705 0.5928660460183804 0.2698353481804138 16.79672713482236 0.0009785940333616899 0.2926703704285922
0.47700000000000004 0.6619501431450114 0.549838968342486 0.2686123211606233 16.72668401865093 0.0009815390433023136 0.2929389666050276
0.47800000000000004 0.6617199181018913 0.5255972390789672 0.2673920064091374 16.656487229827825 0.000984475389299129 0.29320634248831495
0.47900000000000004 0.6614696470008008 0.5717768616615432 0.2661678019511143 16.586501839170097 0.000987409165536604 0.2934724941213223
0.48 0.6612417979815802 0.5209270925763683 0.2649488986338071 16.516233871557922 0.0009903467994060076 0.293737426733876
0.481 0.6610189173688772 0.509915374181213 0.2637314181728054 16.445882576651154 0.0009932762473890157 0.2940011418818405
0.482 0.6607780689327692 0.551409598554153 0.2625105304182494 16.37571655384556 0.0009962032886066177 0.29426363609322465
0.483 0.6605606508841824 0.49811230862628575 0.26129507954733905 16.305260269805405 0.0009991334096188789 0.2945249147433025
0.484 0.6603463192718242 0.4913622299667071 0.2600806292359324 16.234744166480453 0.0010020557960422418 0.2947849789533764
0.485 0.6601144336019925 0.531964829879827 0.2588628896121991 16.164406720504047 0.0010049756126933463 0.2950438253755829
0.486 0.6599049130375617 0.4809789443274144 0.2576502851959555 16.093795155941436 0.0010078978316476106 0.29530145908862904
0.487 0.6597000517591934 0.4705784106335815 0.25643899357408617 16.023107598948705 0.001010812780418598 0.29555788151451834
0.488 0.6594767192798098 0.5133409387405581 0.2552242488910636 15.952607103133138 0.0010137247216938817 0.2958130891511988
0.489 0.6592730898560811 0.4683555967461835 0.25401401470234863 15.881866201576832 0.001016638490408472 0.2960670864535803
0.49 0.6590783746057091 0.44812333180432834 0.25280595361065517 15.811003648843707 0.0010195455852923764 0.2963198756918408
0.491 0.6588633951396852 0.49506763804996146 0.25159409809921013 15.740345932431838 0.0010224490129190098 0.2965714530364217
0.492 0.658664184080191 0.4590436844946751 0.25038588282829827 15.669494771775643 0.00102535369015356 0.29682182207038926
0.493 0.658479764818776 0.4252064034164778 0.24918101273529958 15.598459745125433 0.001028252583898199 0.2970709862201437
0.494 0.6582733139582579 0.47628621764972356 0.2479720195361194 15.527646417618168 0.001031146992897647 0.29731894134686904
0.495 0.6580775839622764 0.45182893552775344 0.24676559142704205 15.456697519092218 0.0010340419395928376 0.2975656899565834
0.496 0.6579024503354036 0.4045115625721515 0.24556363909760084 15.385505161890004 0.00103693240310341 0.29781123658365766
0.497 0.6577052339170103 0.45577475424640707 0.24435758758381737 15.314532169786863 0.0010398175082996584 0.29805557713857594
0.498 0.6575126600416247 0.44530949261178915 0.24315284461617676 15.243491004799198 0.001042702202722575 0.2982987128710034
0.499 0.65734404080441 0.3901308292375557 0.24195319550639674 15.172174728955067 0.0010455840082695066 0.29854064890389753
0.5 0.6571573664304753 0.43213813451825583 0.24075028054983033 15.101031895419046 0.0010484597101204428 0.29878138200906523
0.501 0.6569683527312989 0.43780372448032306 0.2395472679156964 15.029896021777539 0.0010513337751522794 0.29902091203498277
0.502 0.6568022608480081 0.38491897541592623 0.23834909016036857 14.9585005890526 0.0010542063658349034 0.2992592438142382
0.503 0.6566277489114817 0.4046422872214791 0.23714955970996013 14.88717502173757 0.0010570725597817132 0.29949637605287915
0.504 0.6564435469068217 0.42734412416689477 0.23594848572850446 14.815933311956462 0.0010599356576692042 0.29973230716695287
0.505 0.656276790966828 0.3870765696418751 0.23475113039862658 14.744493211299348 0.0010627979340470633 0.2999670408471042
0.506 0.6561150399792494 0.37564698027603394 0.23355502449803459 14.672983363063349 0.0010656544130476133 0.3002005784029619
0.507 0.6559378474754359 0.411720661182224 0.23235627032786904 14.6016155608094 0.0010685062675466579 0.3004329171713295
0.508 0.6557696486081007 0.39102908751020815 0.23115957171592286 14.530139121172597 0.0010713569308835702 0.3006640591651654
0.509 0.6556175619859306 0.3537440337741945 0.22996622443827275 14.458481381261569 0.0010742034285474804 0.30089400777210495
0.51 0.6554504619691742 0.3888535257505762 0.22877032300641117 14.386959297920654 0.001077044059527533 0.30112276045843694
0.511 0.6552825074732923 0.39104180155136137 0.22757458597913313 14.315429746557305 0.001079882250966052 0.3013503173455068
0.512 0.6551329537730581 0.34836871179133555 0.22638259792790869 14.243699330178968 0.0010827180353888137 0.3015766821814935
0.513 0.6549788638146149 0.35910182075249397 0.22519003020156805 14.1719978282249 0.0010855476264164962 0.30180185443359575
0.514 0.6548147294328726 0.38269592532813557 0.22399590000211936 14.100380513534347 0.0010883730504105068 0.3020258325133201
0.515 0.6546624218125248 0.35529228746988795 0.22280426270688472 14.028630814946327 0.0010911965943161015 0.30224861888426807
0.516 0.6545202980369365 0.3316852844117421 0.2216147611938847 13.956765071718694 0.0010940151203278625 0.30247021572154276
0.517 0.6543648667236464 0.36290706522845684 0.22042309761682252 13.885014288253446 0.0010968279023611611 0.30269062087170995
0.518 0.6542104618108701 0.360681324455436 0.21923192261953148 13.813238523128378 0.0010996378166123197 0.30290983478613454
0.519 0.6540720485386997 0.32347048575775944 0.21804392038861634 13.741292850422976 0.0011024445863642048 0.30312786064070685
0.52 0.653929712317333 0.3327811908395703 0.216855460733041 13.669369890533654 0.0011052451430946025 0.30334469801694014
0.521 0.6537782322166285 0.3543186870855749 0.21566564073458055 13.597520021849071 0.0011080410252010595 0.3035603455340524
0.522 0.6536361931485978 0.3323848845040442 0.21447779118974522 13.525565750104493 0.001110834283776043 0.3037748051354233
0.523 0.6535049424145605 0.3072676030182461 0.21329210547912622 13.453494586828802 0.0011136226784666076 0.30398807901360525
0.524 0.6533632058157642 0.33195442097033706 0.21210481715326607 13.381508119208508 0.0011164049078861602 0.30420016558239044
0.525 0.6532191631651716 0.3375029039698327 0.21091740081304594 13.309529320446911 0.001119183238909679 0.3044110646834849
0.526 0.6530882786563154 0.30680147371886485 0.2097325480408098 13.237413867829066 0.0011219583245071615 0.30462077887138744
0.527 0.6529600535540122 0.30068693063078883 0.20854839054250723 13.165259775481047 0.001124727460204463 0.30482930887662735
0.528 0.6528215223259549 0.3249874627668789 0.20736270049865047 13.093187272902188 0.0011274908334748571 0.3050366531635664
0.529 0.652686114998533 0.31779226965133994 0.20617781534281157 13.0210726862715 0.0011302505839553276 0.30524281250804736
0.53 0.6525635224248787 0.287830621339413 0.2049953661325501 12.948827756102277 0.0011330061820273554 0.30544778935263006
0.531 0.6524378647204491 0.29513938658620703 0.20381261952504567 12.876597381001497 0.0011357553591282196 0.30565158342983284
0.532 0.6523042921431063 0.31385417638274377 0.20262878002510712 12.8044254804187 0.0011384990834531915 0.30585419363310823
0.533 0.6521770813952458 0.29902537020709524 0.2014462662146676 12.732183605396614 0.0011412390745443443 0.30605562126433256
0.534 0.6520605785287269 0.2739574614716298 0.20026577224263856 12.659833330833651 0.0011439741467790942 0.30625586835897267
0.535 0.6519383995882286 0.2874099821756901 0.19908455088848653 12.587520800145318 0.0011467026050008102 0.30645493421219266
0.536 0.6518104785702319 0.30103293085392807 0.19790261910810725 12.515246485025408 0.0011494256968483103 0.3066528180958736
0.537 0.6516902815755014 0.28296389615256573 0.19672220102535004 12.442892061569896 0.0011521447564569551 0.3068495215048199
0.538 0.6515788917706686 0.26232349612587114 0.1955434397875206 12.370448550048133 0.0011548583875533641 0.30704504611465255
0.539 0.6514611969004507 0.2772694205483981 0.19436386259008903 12.298047660926315 0.0011575652670884381 0.3072393911271538
0.54 0.6513389332930564 0.28813871437294275 0.19318377735692574 12.225674210742973 0.0011602666472702537 0.3074325560162486
0.541 0.6512244594680089 0.26987860221017157 0.1920051765444493 12.153222168834247 0.0011629636467596555 0.30762454225016556
0.542 0.6511179175536947 0.2512639283289706 0.1908280503804596 12.080690838469835 0.001165654933088511 0.3078153513217264
0.543 0.6510055319766419 0.2651345069371034 0.18965019646807976 12.008197477841248 0.001168339303823371 0.3080049825195134
0.544 0.6508886833005627 0.2757607149257433 0.18847185793529778 11.935730234895484 0.0011710178596498783 0.308193435342714
0.545 0.6507787702521249 0.2594831464930445 0.1872948311446552 11.863193622115913 0.0011736916793040487 0.3083807110871711
0.546 0.6506769141089201 0.24054063454514973 0.18611926167280812 11.790578827989235 0.001176359675381111 0.30856681122516827
0.547 0.6505705387082418 0.251293594416113 0.18494318218749392 11.71799038174614 0.0011790205777535913 0.30875173526426597
0.548 0.6504589969005957 0.26358661998071553 0.18376651453110499 11.645433416589642 0.0011816752019781968 0.3089354826039287
0.549 0.6503526687342222 0.25135033752943214 0.18259086025737048 11.57282301681512 0.0011843246914438664 0.30911805424043093
0.55 0.6502549846058119 0.23098904808360723 0.18141671759503278 11.500131817137813 0.0011869683712124551 0.3092994516946034
0.551 0.6501551904215224 0.23605027383632993 0.18024243708170773 11.427447121679416 0.0011896048415295528 0.3094796748483584
0.552 0.6500492917567045 0.2505688968832407 0.17906743319160562 11.354800869816644 0.0011922344688194092 0.3096587229723088
0.553 0.6499459226328209 0.24466245111032214 0.1778930130242301 11.282124055663635 0.0011948584407966974 0.30983659663211793
0.554 0.6498512986097438 0.22403207121879357 0.1767200841271441 11.209367865674983 0.0011974766491940972 0.31001329732005856
0.555 0.6497581944345215 0.2204973633941341 0.17554755364072278 11.136589709994002 0.0012000877032041443 0.31018882545451626
0.556 0.6496588756259682 0.2352850643929647 0.1743742917427322 11.063850123419632 0.0012026913483173028 0.3103631803071958
0.557 0.6495585859680587 0.23765800440012064 0.17320108289844335 10.991108087141907 0.0012052886301438825 0.3105363619148922
0.558 0.6494655419714792 0.22055348007921063 0.17202911314066016 10.918300418372505 0.0012078800508160009 0.31070837150853997
0.559 0.6493780365397483 0.2074824186837352 0.17085811076259197 10.845440789739245 0.001210464592534572 0.3108792100702217
0.56 0.649286517481636 0.21705888179224234 0.1696867007504605 10.772602235263417 0.0012130413548770125 0.31104887720524615
0.561 0.6491906448428678 0.22745005350710537 0.1685148524285938 10.69978706817715 0.001215610895226395 0.311217372466163
0.562 0.6490983247532401 0.21908541993842492 0.16734369052820558 10.626935819605452 0.001218174122355244 0.31138469652488227
0.5630000000000001 0.6490136808892947 0.20092368773672026 0.16617377550176846 10.554018208003624 0.00122073078989601 0.3115508506314087
0.5640000000000001 0.648930117427011 0.19841049635416202 0.1650041676069764 10.48108363332189 0.0012232797377855567 0.31171583511004936
0.5650000000000001 0.6488411774929607 0.21123236849218666 0.16383397881643416 10.408179613418767 0.0012258206925479984 0.3118796493834315
0.5660000000000001 0.6487507213748676 0.21489271288754866 0.16266375663217222 10.335277636718777 0.0012283544632751685 0.312042293404925
0.5670000000000001 0.6486660000731946 0.2013231101716249 0.1614944887861394 10.262325243058255 0.0012308816043097054 0.31220376811956013
0.5680000000000001 0.648587478168323 0.18663845553734665 0.16032621645431466 10.189319666134788 0.0012334014737162779 0.31236407453222265
0.5690000000000001 0.6485074501010519 0.19026495340224142 0.15915788932306268 10.116316422105497 0.001235913095661492 0.31252321260274313
0.5700000000000001 0.6484224703398829 0.2020889093767851 0.15798905814760772 10.043339812000998 0.0012384165365383934 0.31268118182530924
0.5710000000000001 0.6483377307384632 0.20157054215785825 0.15682042519725575 9.970352980853075 0.0012409125898924372 0.31283798238486404
0.5720000000000001 0.6482592435646604 0.18674486832548337 0.1556527754353309 9.897314125495239 0.0012434015648296458 0.31299361525897645
0.5730000000000001 0.6481857485617285 0.1749079764366 0.15448592264986746 9.824232599921586 0.0012458827231208395 0.31314808125572174
0.5740000000000001 0.648109981512508 0.180356660646863 0.15331891463628533 9.751158811139392 0.0012483552441745634 0.31330138023231613
0.5750000000000001 0.6480297474310277 0.19103600733294518 0.1521514806565951 9.678107553383315 0.0012508192720800382 0.31345351175972735
0.5760000000000001 0.647950141773197 0.18958649778122433 0.15098428398376332 9.605043985066509 0.0012532755222273973 0.3136044760629427
0.577 0.6478765170550878 0.1753839378624471 0.14981799657899955 9.531932317132553 0.0012557242450812757 0.3137542740464249
0.578 0.6478076884961516 0.16399489908569528 0.14865244898707305 9.458781074968122 0.0012581647728800484 0.31390290646016406
0.579 0.6477370677944192 0.16830118723087914 0.14748680808033252 9.385634316339475 0.0012605963232603522 0.31405037322292934
0.58 0.6476620910622243 0.17872252001982486 0.14632076614494038 9.312508716400709 0.001263018932483497 0.3141966739323254
0.581 0.6475869326625076 0.1791970970947963 0.14515484910605564 9.23937672551649 0.001265433224053731 0.31434180870216094
0.582 0.6475169055429412 0.1670002320075524 0.1439897016141577 9.166204107552689 0.0012678395384023188 0.31448577829555546
0.583 0.6474522662026793 0.15418355263552272 0.1428253363985538 9.092989797151484 0.001270237405964198 0.3146285835018629
0.584 0.647387466755392 0.15459635812398162 0.1416610735629671 9.019769615762515 0.0012726260289770879 0.31477022443607017
0.585 0.6473185088197849 0.16455153549110854 0.14049644196016361 8.946568766803175 0.0012750051898730587 0.3149107007322802
0.586 0.6472476659742005 0.16908593345377185 0.13933172374211508 8.87337264501494 0.001277375345628985 0.31505001229534174
0.587 0.647180142534115 0.16119771585998408 0.13816753159114842 8.800148868404746 0.0012797369758117062 0.31518815964236246
0.588 0.6471184424998055 0.147324998405418 0.1370041430660034 8.726882466646448 0.0012820899472130195 0.3153251435784383
0.589 0.6470593083927834 0.14122454253473457 0.13584116528111173 8.653593941926989 0.0012844335527624397 0.31546096452563704
0.59 0.6469974605935944 0.14773302305037803 0.13467799099588176 8.580315489639714 0.0012867672522798614 0.3155956222959485
0.591 0.6469320113552914 0.15636637896387903 0.13351453061572435 8.507052155614986 0.0012890911619313392 0.3157291166004318
0.592 0.6468668173804402 0.15578797986348633 0.1323512274743351 8.43378068777268 0.001291405776114415 0.315861447586883
0.593 0.6468062149698194 0.14484411079185286 0.13118856071855486 8.360475655560105 0.0012937113541379415 0.31599261588630545
0.594 0.6467507046572714 0.13269745015942458 0.13002656955877298 8.28713469626822 0.001296007550286672 0.3161226221795165
0.595 0.6466961298140786 0.1304834178794677 0.1288647850519473 8.213782436687941 0.001298293680368028 0.3162514666843886
0.596 0.6466383073281449 0.13827226223805933 0.1277027541161018 8.140442970968019 0.0013005693669276162 0.31637914916031823
0.597 0.6465774992938302 0.14543835321223483 0.12654051651927278 8.06711446263182 0.0013028347968101583 0.3165056693964404
0.598 0.6465175648334454 0.14337574378031612 0.12537849125628453 7.99377489711345 0.00130509040471166 0.3166310275964223
0.599 0.6464622175793446 0.13242579941752364 0.12421706505972205 7.920403728482748 0.0013073363702315462 0.3167552243552002
0.6 0.6464116321057373 0.12105242944016037 0.12305624063957979 7.8470005642358185 0.0013095723512144618 0.3168782602798295
0.601 0.6463620366015191 0.11870180045181467 0.12189561395793332 7.773586614876037 0.0013117977195373442 0.31700013557854917
0.602 0.6463095384807936 0.12566876615993638 0.1207347854024549 7.700183105377599 0.0013140120860346159 0.31712085005567264
0.603 0.6462539297951245 0.13313703106931907 0.11957374433294711 7.626790824666304 0.001316215545747125 0.31724040349602084
0.604 0.6461983932037797 0.13298729420974087 0.11841282001314227 7.55339251698634 0.0013184084663113577 0.31735879600863404
0.605 0.6461466019733759 0.12403929526971769 0.11725237645414474 7.479968904142232 0.0013205910810480353 0.3174760280689975
0.606 0.646099740687617 0.11224928127240287 0.1160925175143555 7.406514303535252 0.001322763202970388 0.3175921002642433
0.607 0.6460553313762224 0.10639096734132981 0.11493298619319889 7.333042118752333 0.0013249242930173724 0.3177070129311042
0.608 0.6460093857960075 0.11008678729584877 0.11377339117323332 7.259573031881705 0.001327073848974101 0.31782076601435144
0.609 0.6459600662309242 0.11818836913946018 0.11261356310518399 7.186116156876528 0.0013292117370997075 0.3179333592824877
0.61 0.645908959920802 0.12248912903545228 0.11145366317261672 7.112663153195115 0.0013313381800672097 0.31804479265843455
0.611 0.6458594855307299 0.11859628840116254 0.11029401651780137 7.039196903421979 0.0013334534817580213 0.3181550663886625
0.612 0.6458143551340337 0.10819904172398855 0.10913486836851997 6.9657043612200145 0.0013355577165589704 0.3182641809692176
0.613 0.6457735705972258 0.09779295588896444 0.10797620472058964 6.892186090370734 0.001337650587608955 0.3183721368892805
0.614 0.64573427860553 0.0942258221277025 0.10681775359749077 6.818656338500955 0.0013397315699286302 0.31847893437050645
0.615 0.645693052925697 0.09887531290564402 0.10565920412765148 6.745131559344539 0.001341800235087927 0.3185845733218518
0.616 0.645648618506817 0.10658526390638902 0.10450045026854214 6.671617498522636 0.0013438564753594298 0.31868905353999033
0.617 0.6456025234360798 0.11058418981035868 0.10334163824072756 6.598106576354573 0.0013459004703487714 0.31879237496215806
0.618 0.6455578080891216 0.1072892593791951 0.10218303675579105 6.524584655140005 0.0013479324712142762 0.3188945377928408
0.619 0.6455170288383485 0.09785801464445845 0.1010248602278537 6.451040348236678 0.0013499525581958062 0.318995542454281
0.62 0.645480635654833 0.08734320537695509 0.09986713407210912 6.377472174008099 0.0013519605095697086 0.3190953894001485
0.621 0.6454465741622262 0.08175609830440848 0.09870967246680497 6.303889825537291 0.001353955868920153 0.31919407890303286
0.622 0.6454116696521471 0.08378850334245229 0.09755220579593608 6.230307524796732 0.0013559381740938076 0.31929161096607805
0.623 0.6453738620602029 0.09076759555903804 0.09639456886775741 6.156734085188313 0.0013579071760636066 0.3193879854229556
0.624 0.6453334265282503 0.0970884633910706 0.09523679350349133 6.083167954298734 0.0013598628968502964 0.31948320213363723
0.625 0.6452925404353814 0.09818266250971588 0.09407906196297422 6.009599599209295 0.0013618055217557857 0.3195772611369719
0.626 0.6452539309753225 0.09272704595253414 0.09292159067904172 5.936017602665213 0.0013637352154005522 0.3196701626886099
0.627 0.6452194196490876 0.08289408839967642 0.0917645142131737 5.862414787588139 0.0013656519594202302 0.3197619071825109
0.628 0.6451889171370039 0.07327254546374277 0.09060781272187188 5.788792086803727 0.0013675554899468107 0.31985249499790447
0.629 0.6451604042081882 0.06849947231191139 0.08945132040883234 5.71515816430164 0.0013694453728331866 0.3199419263518334
0.63 0.6451311016136941 0.07040287429060925 0.08829482306969526 5.641524317294542 0.0013713211759750809 0.3200302012471518
0.631 0.6450991094598256 0.0768721553268125 0.08713818306023687 5.567897878388479 0.001373182628708183 0.3201173195456933
0.632 0.6450643579738534 0.08351103978898593 0.08598140402674913 5.494278755025818 0.0013750296765027861 0.3202032811083411
0.633 0.6450284375662753 0.08632952425591248 0.084824609304757 5.420660519835373 0.001376862421678256 0.320288085915922
0.634 0.6449937109606081 0.08346953489080093 0.08366797045401897 5.347034149569884 0.0013786809996401816 0.3203717341200515
0.635 0.6449622435182394 0.07564351020872266 0.08251162844807038 5.273392174501842 0.001380485450582235 0.3204542260153258
0.636 0.6449349084926154 0.06571572584235236 0.08135563342206131 5.199731872575237 0.0013822756366518036 0.32053556195033206
0.637 0.644910966107633 0.05756410587665068 0.0801999221271665 5.126056494921193 0.0013840512385934773 0.32061574221440586
0.638 0.6448883741396938 0.05432124982007731 0.0790443470278228 5.05237377219173 0.0013858118355820053 0.3206947669516424
0.639 0.6448647675501852 0.056764922703456074 0.07788874769808199 4.978692171297695 0.0013875570289446203 0.3207726361452821
0.64 0.6448385676074109 0.06300582294072038 0.07673302464814806 4.905016993595659 0.0013892865455662718 0.32084934967631745
0.641 0.6448095960630859 0.06967695278659031 0.07557717467983895 4.831348482037461 0.0013910002751527063 0.3209249074188955
0.642 0.6447789961582332 0.0735999810121956 0.0744212787859426 4.757682429584126 0.0013926982376643272 0.32099930932518456
0.643 0.6447486820794646 0.072919390496251 0.07326546123307547 4.684012316732907 0.0013943805067390426 0.3210725554703422
0.644 0.6447206253345258 0.06749556808172125 0.07210984198015018 4.6103318123758505 0.0013960471217115368 0.3211446460502049
0.645 0.6446961920027022 0.05878357897515224 0.07095449645254671 4.536636898684844 0.0013976980161461532 0.32121558133842165
0.646 0.6446756807662447 0.04935094222102694 0.06979943121637959 4.4629271687636525 0.00139933298366277 0.32128536161843935
0.647 0.6446582033698804 0.042053866774471836 0.0686445824167613 4.389205931349527 0.0014009516918651835 0.32135398711281954
0.648 0.64464199329549 0.03900649264099162 0.06748983948583247 4.315478982083561 0.0014025537394443419 0.3214214579352347
0.649 0.6446250549365461 0.04076106826755851 0.06633508615293975 4.241752451966163 0.0014041387339110676 0.32148777408294743
0.65 0.6446058721001048 0.04616484534802896 0.0651802408020919 4.1680306758184855 0.0014057063591322628 0.32155293546984326
0.651 0.644583869787949 0.052953495199403684 0.06402527914480229 4.094314983059167 0.0014072564096819975 0.3216169419828936
0.652 0.6445594961266001 0.05866489911032774 0.06287023385273084 4.020603701030237 0.0014087887863555842 0.3216797935391705
0.653 0.6445339908859391 0.06139324497911319 0.061715177288805274 3.946893052586246 0.001410303461694292 0.32174149012632414
0.654 0.6445089906071325 0.06018247530792381 0.06056019722900195 3.873178428532428 0.0014118004302312891 0.32180203181917805
0.655 0.6444860993886313 0.055109487997917435 0.05940537321064319 3.799455632038197 0.0014132796575601304 0.3218614187727353
0.656 0.6444665080179935 0.047168374884165545 0.058250757838100437 3.7257218665391876 0.001414741039368546 0.32191965119628024
0.657 0.6444507188438946 0.03801625643085057 0.05709636549863082 3.6519763371948812 0.0014161843783444049 0.3219767293157811
0.658 0.6444384274945518 0.02959568665650278 0.05594217018758208 3.5782203751206643 0.0014176093832085923 0.32203265333357695
0.659 0.6444285983073433 0.02366798974051674 0.054788113066611015 3.5044570492062457 0.001419015689360442 0.3220874233950741
0.66 0.6444197269440693 0.021362237139888034 0.053634118099786986 3.4306903496109262 0.0014204028951025583 0.3221410395706611
0.661 0.6444102194149587 0.022894777022885983 0.05248011130254469 3.356924176212347 0.001421770603115246 0.3221935018567066
0.662 0.6443987705908611 0.02757044402668105 0.05132603769235018 3.2831614430321383 0.0014231184560348853 0.3222448101936286
0.663 0.6443846325791631 0.034047753240340456 0.050171871280978116 3.2094035461045247 0.0014244461581524614 0.3222949644942909
0.664 0.6443677189573652 0.040734056845570486 0.04901761663218796 3.1356502747859683 0.0014257534805185265 0.32234396467437765
0.665 0.6443485554014552 0.04615528782503371 0.04786330355891785 3.0619000855459193 0.0014270402514594328 0.32239181067784833
0.666 0.6443281257137357 0.04920778084160911 0.04670897796803673 2.988150580402214 0.0014283063371406204 0.3224385024935109
0.667 0.6443076683388124 0.04927759627615376 0.04555469170707114 2.91439903976598 0.0014295516173615398 0.32248404016158577
0.668 0.6442884659084811 0.04625754087483887 0.04440049335690708 2.8406429069512047 0.001430775961088068 0.3225284237710917
0.669 0.6442716548310716 0.040499174088104405 0.0432464210097892 2.766880169256893 0.0014319792051358188 0.3225716534499468
0.67 0.6442580713470727 0.03272519798369619 0.04209249748303419 2.693109611780489 0.001433161138340532 0.32261372935015414
0.671 0.6442481454625263 0.023914217462062105 0.04093872811395695 2.6193309359754076 0.0014343214925938903 0.32265465163060864
0.672 0.6442418516194077 0.015164000918277395 0.03978510110562544 2.5455447442628762 0.0014354599412155175 0.32269442044005425
0.673 0.6442387213829632 0.007541910686637003 0.03863159020447454 2.471752401852216 0.00143657610421342 0.3227330359025258
0.674 0.6442379165822985 0.0019390777394878694 0.03747815922913594 2.3979558005710344 0.001437669559088679 0.32277049810715447
0.675 0.6442383517447818 -0.0010484762322793264 0.03632476768650656 2.3241570646233334 0.0014387398551123337 0.3228068071034763
0.676 0.6442388452378507 -0.0011890156603744362 0.035171376516805186 2.250358248482236 0.001439786528620376 0.3228419629024383
0.677 0.6442382731956284 0.0013782711179022287 0.03401795302030871 2.1765610769579147 0.00144080911696026 0.32287596548235187
0.678 0.6442357015496297 0.006196120781343234 0.032864474257641066 2.1027667649250676 0.0014418071692485713 0.32290881479832434
0.679 0.6442304788453997 0.012583729545934109 0.03171092861043933 2.0289759336188964 0.0014427802528945164 0.322940510793364
0.68 0.6442222829057497 0.019747937394010134 0.030557315595117283 1.955188619000351 0.0014437279556669352 0.3229710534094248
0.681 0.6442111240676941 0.02688778411874535 0.029403644316486635 1.8814043519353039 0.0014446498837472877 0.3230004425970234
0.682 0.6441973140931468 0.0332771212070426 0.02824993108064638 1.8076222830681417 0.001445545656609059 0.32302867832256815
0.683 0.6441814123153013 0.03831938964093947 0.027096196668821362 1.733841325874093 0.001446414899708644 0.323055760573035
0.684 0.6441641600342227 0.04157591137454727 0.025942463671436967 1.660060296840468 0.0014472572359253855 0.32308168935802467
0.685 0.6441464118833509 0.04277322162482552 0.024788754146265156 1.5862780387899562 0.0014480722765278574 0.3231064647095043
0.686 0.6441290702052137 0.04179589502295574 0.02363508774207831 1.51249351980498 0.0014488596122416062 0.32313008667968146
0.687 0.6441130260782906 0.03867061750773001 0.022481480336579623 1.4387059051511477 0.001449618804793126 0.32315255533751397
0.6880000000000001 0.6440991087542546 0.03354601668736909 0.021327943174494945 1.3649146028874337 0.0014503493791296132 0.3231738707643498
0.6890000000000001 0.6440880440363044 0.026671191154958838 0.020174482456801833 1.2911192856843112 0.00145105081636684 0.32319403304914596
0.6900000000000001 0.6440804213630901 0.01837477232169425 0.01902109931659422 1.2173198923141348 0.001451722547402752 0.3232130422836552
0.6910000000000001 0.6440766688782403 0.009045681294894683 0.017867790109803685 1.1435166124608989 0.0014523639470363583 0.3232308985579004
0.6920000000000001 0.6440770354638586 -0.0008836902041231546 0.016714546952365905 1.0697098585604454 0.001452974328348759 0.3232476019561916
0.6930000000000001 0.644081578526573 -0.010951410023052322 0.015561358439165568 0.9959002279875253 0.0014535529370245776 0.3232631525538802
0.6940000000000001 0.6440901560188493 -0.02067629862545493 0.014408210486482921 0.9220884586506909 0.0014540989452001033 0.32327755041498857
0.6950000000000001 0.6441024208741902 -0.029563839586410595 0.013255087248749017 0.8482753806534586 0.001454611444314042 0.32329079559081336
0.6960000000000001 0.6441178154406944 -0.03710626324693319 0.012101972066694312 0.7744618661307443 0.0014550894362745982 0.32330288811956415
0.6970000000000001 0.644135562518422 -0.04277443315481296 0.010948848415791645 0.7006487789778745 0.001455531822010653 0.3233138280270817
0.6980000000000001 0.6441546479019921 -0.0459974197912771 0.00979570083501987 0.6268369254470197 0.0014559373860724202 0.3233236153286833
0.6990000000000001 0.6441737860700534 -0.046121898052975355 0.008642515831891856 0.5530270057267451 0.0014563047752532993 0.32333225003221583
0.7000000000000001 0.6441913543644511 -0.04233617920479379 0.007489282784518305 0.4792195652297976 0.0014566324679511627 0.32333973214248785
0.7010000000000001 0.6442052681050636 -0.03352777542331428 0.0063359949071088075 0.40541494191206534 0.0014569187285475094 0.3233460616674569
0.7020000000000001 0.6442127413326915 -0.01800754996805763 0.005182650433036207 0.3316132005869235 0.0014571615359387257 0.32335123862699716
0.7030000000000001 0.6442098153273687 0.00705047641558209 0.004029254384227844 0.25781403326678226 0.0014573584632077276 0.32335526306615603
0.704 0.6441903979049198 0.04678967134519834 0.002875821847532044 0.18401657158750587 0.0014575064518601928 0.32335813507776073
0.705 0.6441443735459715 0.11091499995763411 0.0017223853072116722 0.11021895722508772 0.0014576013065492892 0.32335985484918
0.706 0.6440574490482419 0.20952428372456014 0.0005690127118069844 0.036417201118781085 0.0014576361158347715 0.32336042279616684
0.707 0.3910017833701436 1004.8765681479532 1.630155227567823e-07 1.7185391342130426e-05 0.0014576361266505603 0.32336042295882317
0.708 0.03591156932756975 25288.646251443544 1.0211357864393684e-08 1.1720828624566582e-05 0.0014576361260270137 0.3233604229486309
0.709 0.03850078193128757 -1872.6808886662686 4.121076245304218e-11 4.412150349935156e-08 0.0014576361260238342 0.3233604229485898
