0 0 0 1.0 41.22011541632317 0 0
0.001 0.9990483491440391 2000.9525573579863 0.9982520616477428 41.187261087971564 1.2000437728061891e-08 0.0009982520610202304
0.002 0.9980925755620365 0.9585123009476781 0.9964929446379075 41.15405243486177 3.971444937537771e-08 0.0019947450052727154
0.003 0.997139210868742 0.9579270669752837 0.9947395386554241 41.12091686459022 8.620334076048117e-08 0.0029894845428418103
0.004 0.9961825040631627 0.9631283327693474 0.9929854219479632 41.08782630941106 1.540403262734184e-07 0.003982469962472591
0.005 0.9952204022757895 0.9704269320978121 0.9912299794260102 41.05483977481531 2.450172989855872e-07 0.004973699937723581
0.006 0.994251657414218 0.9790250806989143 0.9894729256931193 41.02199668891805 3.600074743881912e-07 0.005963172856734991
0.007 0.9932758331149637 0.9881103213500442 0.9877141883435369 40.98931181500745 4.98911896493777e-07 0.0069508870353113105
0.008 0.992293345901368 0.9968204956576354 0.9859539365342497 40.95677475515349 6.607004434691039e-07 0.007936840958571343
0.009000000000000001 0.9913054243328377 1.0043264616004235 0.984192570641452 40.92435122205815 8.435579323644964e-07 0.008921033512225843
0.01 0.9903139896684038 1.009912395541824 0.9824306861322409 40.891986474378854 1.045134823415361e-06 0.00990346417767813
0.011 0.9893214862286579 1.0130285033580497 0.9806690179876549 40.859610014899204 1.2628883597795266e-06 0.010884133171490144
0.012 0.988330767644395 1.0132358627095153 0.978908387974027 40.82713809514284 1.4944822073219206e-06 0.011863041532068496
0.013000000000000001 0.9873445154672428 1.0106876089694952 0.9771495584164754 40.79449163484278 1.7379916488837833e-06 0.012840191060143225
0.014 0.986363991944499 1.0068205915436677 0.9753929706746848 40.76163683572822 1.9919295738084023e-06 0.013815583997762273
0.015 0.9853897910875704 1.0023127136307162 0.9736388636943896 40.728559092341825 2.2554672196798075e-06 0.014789222825790415
0.016 0.9844218418444675 0.9978454583043908 0.9718872632151571 40.69526239515586 2.5285226440017275e-06 0.015761110050647592
0.017 0.983459434653836 0.994079612826714 0.9701379883680785 40.66176848907593 2.8117468638954917e-06 0.01673124799767312
0.018000000000000002 0.982501310489184 0.991590150410059 0.9683906788384772 40.628114307490286 3.106429602081511e-06 0.017699638631675396
0.019 0.9815457970727507 0.9908161647473904 0.9666448363663286 40.59434805838165 3.414345871528071e-06 0.018666283418999705
0.02 0.980590977170931 0.9920258797704298 0.9648998752657383 40.560524367048615 3.737564080958956e-06 0.019631183240130287
0.021 0.9796348751636925 0.99529563510825 0.9631551769021112 40.52669883674799 4.078235802608626e-06 0.020594338356783943
0.022 0.9786756760102381 1.000473879753108 0.9614101511243476 40.492921570634536 4.438384146113975e-06 0.021555748440451737
0.023 0.9777120124129925 1.0071072168167374 0.9596643110247504 40.45922844267674 4.819707921511948e-06 0.022515412675716752
0.024 0.9767424838207607 1.0152420381603902 0.9579172184840707 40.42565871686044 5.2232826619318075e-06 0.023473329809186913
0.025 0.9757658215801078 1.024751865686512 0.9561685307200467 40.39225019166213 5.649360783553657e-06 0.02442949824497465
0.026000000000000002 0.9747815372614417 1.0348268041924227 0.9544181265514479 40.35901771632558 6.097305936647723e-06 0.025383916266407142
0.027 0.9737899984686543 1.0445689339440039 0.9526661325719011 40.32595118001721 6.565597365783618e-06 0.026336582283882647
0.028 0.9727924155845606 1.0530851860801596 0.9509129230566037 40.293016075493064 7.051929149060713e-06 0.02728749508257528
0.029 0.9717907298062449 1.0595917787075129 0.9491590886258634 40.260156823486895 7.553409400080973e-06 0.02823665403872469
0.03 0.9707874033409085 1.0635193199775044 0.9474053729950836 40.22730279204933 8.066845120800612e-06 0.029184059272594397
0.031 0.969785142382628 1.0645869905410157 0.9456525860371251 40.19437609079731 8.589079707006554e-06 0.030129711714430053
0.032 0.9687866472270933 1.06277735364002 0.9439015161505078 40.161298206090976 9.117335523835396e-06 0.031073613082760992
0.033 0.9677940016424103 1.05872494271697 0.9421527921371615 40.128009437750464 9.649467042961675e-06 0.032015765724623176
0.034 0.9668079645994353 1.0538288531409803 0.9404067232743769 40.094491451274436 1.0184178188237018e-05 0.03295617229588033
0.035 0.9658290652985372 1.0483288267424387 0.9386634634083278 40.06072884834678 1.0721156743836472e-05 0.03389483560569474
0.036000000000000004 0.964857202290061 1.0428977687984 0.9369229502852108 40.02672318276193 1.1261067251644525e-05 0.03483175840041573
0.037 0.9638914977162223 1.0383723038969235 0.93518489571408 39.99249856261882 1.1805434579982976e-05 0.0357669431376928
0.038 0.9629303660422249 1.0355232581944476 0.9334488157541901 39.958100063624606 1.2356455395749095e-05 0.036700391790811415
0.039 0.9619717967249208 1.0348235454509238 0.9317140954939162 39.92358474752302 1.2916785746785885e-05 0.03763210571781473
0.04 0.96101353583618 1.0365539683390148 0.9299800443749255 39.88901647535835 1.3489295651549697e-05 0.03856208558596672
0.041 0.9600532666396407 1.040802108607907 0.9282459508406355 39.85446074498652 1.4076808268061624e-05 0.03949033135088082
0.042 0.9590887932144385 1.0474567980374152 0.9265111379712945 39.8199794553816 1.4681839128981958e-05 0.04041684229130329
0.043000000000000003 0.9581182217275606 1.056208388766188 0.9247750186967217 39.78562576137964 1.5306351225564487e-05 0.041341617099129584
0.044 0.9571401492878129 1.0665381326593402 0.923037154448653 39.75143877125878 1.5951545092425177e-05 0.042264654028086136
0.045 0.9561538216223187 1.077749712322217 0.9212973045397276 39.717439147438284 1.6617703506998564e-05 0.0431859510917877
0.046 0.9551592674476722 1.088992492391804 0.9195554696075636 39.68362542324553 1.730411494049832e-05 0.04410550630520587
0.047 0.9541573659949767 1.0993328487773892 0.91781191480873 39.64997222386018 1.8009096764366285e-05 0.04502331794926226
0.048 0.9531498186800014 1.1078584461809973 0.9160671632290426 39.616431181509874 1.873013120172363e-05 0.04593938482872895
0.049 0.9521390028919543 1.1138084061668154 0.91432195195082 39.58293513091959 1.9464111130858715e-05 0.04685370648607533
0.05 0.9511277103454125 1.1167028280811833 0.9125771510225641 39.549405492337726 2.0207671794897436e-05 0.04776628333417416
0.051000000000000004 0.9501188054055932 1.116435145647853 0.910833656302715 39.51576184395404 2.0957564549094033e-05 0.04867711668178207
0.052000000000000005 0.9491148658916098 1.113296536944918 0.9090922761121897 39.481931947436 2.1711017842136476e-05 0.04958620864566415
0.053 0.9481178756477858 1.107923560556674 0.9073536340142644 39.44786031160362 2.246603358011576e-05 0.050493561965551235
0.054 0.9471290205261034 1.1011872864283836 0.905618104415789 39.4135138699425 2.322158258780461e-05 0.05139917975479311
0.055 0.9461486070136782 1.0940591184054318 0.9038857871701409 39.378884240949574 2.3977684428274612e-05 0.052303065225723026
0.056 0.9451760930706379 1.0874861987542053 0.9021565177293568 39.34398685813259 2.4735376403945027e-05 0.05320522142527188
0.057 0.9442101935317602 1.0823071956298493 0.9004299004324646 39.30885800046821 2.549659004803771e-05 0.05410565100394342
0.058 0.9432490419262272 1.0791873308810809 0.898705359296239 39.273550238449616 2.6263957247811493e-05 0.0550043560356281
0.059000000000000004 0.9422903671165218 1.078599443198546 0.8969821926307736 39.23812743599342 2.7040568839349107e-05 0.055901337892061746
0.06 0.941331677315182 1.0808133049375954 0.8952596294322976 39.202659532319174 2.782970471901339e-05 0.05679659717369798
0.061 0.9403704444315316 1.0858928535939496 0.8935368855583141 39.16721731266339 2.8634551402102205e-05 0.0576901336967764
0.062 0.9394042892630784 1.0936928470179899 0.8918132202055981 39.13186717032631 2.9457921324498856e-05 0.05858194653689222
0.063 0.938431169388765 1.1038533484926107 0.8900879936745723 39.096665825631774 3.0301989027789625e-05 0.059472034130353305
0.064 0.9374495682492012 1.1157957846212865 0.8883607263873994 39.06165506204924 3.116806241469001e-05 0.060360394434568004
0.065 0.9364586753431544 1.1287303130032 0.8866311562436834 39.02685676832504 3.205641168092357e-05 0.06124702514577622
0.066 0.9354585330135691 1.1416911915855799 0.884899286523071 38.992268962256524 3.2966182004822864e-05 0.06213192396462897
0.067 0.9344501281897373 1.153597339304867 0.8831654175511782 38.95786339468835 3.389541610665905e-05 0.06301508889332708
0.068 0.9334353648711728 1.1633874678855782 0.8814301404803846 38.92358645211799 3.484120320507008e-05 0.0638965185263858
0.069 0.9324169127458416 1.1701626327604842 0.879694291613482 38.88936347647786 3.579995436211613e-05 0.06477621229554274
0.07 0.9313979179154257 1.1733472925761201 0.8779588618361921 38.85510684484664 3.676777840848936e-05 0.065654170623935
0.07100000000000001 0.9303816173876494 1.1728048881460829 0.876224874275918 38.82072664947954 3.774090824811058e-05 0.0665303949578348
0.07200000000000001 0.9293709309731694 1.1688700279468545 0.8744932539622728 38.786141956662455 3.871611346169065e-05 0.06740488766803902
0.073 0.9283681152853552 1.1622828206789988 0.8727647171564996 38.75129033425246 3.969103839948995e-05 0.06827765184067366
0.074 0.927374531803843 1.1540615759868522 0.8710396972120055 38.71613422620117 4.066442444095903e-05 0.0691486909940065
0.075 0.9263905679792751 1.145327905850867 0.8693183200056703 38.68066312713099 4.16362005190846e-05 0.07001800877085726
0.076 0.9254156755347801 1.1371708753573617 0.8676004167612635 38.644892516525445 4.2607450051599375e-05 0.07088560864397773
0.077 0.9244484971135026 1.1305428455139477 0.8658855648555317 38.60886034442975 4.3580276423190035e-05 0.07175149366234566
0.078 0.9234870391350465 1.1262032656031973 0.8641731427230953 38.57262221687077 4.4557593953295896e-05 0.07261566625243074
0.079 0.9225288607270207 1.1246971995635393 0.8624623890702138 38.5362461090869 4.5542869296459555e-05 0.07347812807871246
0.08 0.9215712624744311 1.1263528431366676 0.8607524612792189 38.49980706163571 4.6539833311461734e-05 0.07433887996262616
0.081 0.9206114706690669 1.1312842275472679 0.8590424918768074 38.46338199213755 4.755217872419162e-05 0.07519792185799953
0.082 0.9196468203550554 1.1393901339415968 0.8573316444910862 38.42704454993384 4.858325619357404e-05 0.07605525288247318
0.083 0.9186749433177267 1.1503457074493173 0.8556191717900312 38.3908598684901 4.963578164244073e-05 0.07691087140688978
0.084 0.9176939642828871 1.1635899975350739 0.8539044768729721 38.35487914396794 5.071157106390529e-05 0.07776477520609718
0.085 0.9167027007007219 1.1783186859646289 0.8521871770366448 38.31913418266365 5.1811324744499354e-05 0.07861696167351351
0.08600000000000001 0.9157008481597542 1.1934979482166586 0.850467164367766 38.28363241497886 5.293448914418388e-05 0.07946742809623077
0.08700000000000001 0.9146891172345639 1.2079192339489164 0.8487446520635529 38.24835330152399 5.4079228130189085e-05 0.08031617197631423
0.088 0.9136692746910039 1.2203111866413587 0.8470201908257378 38.21324738932556 5.5242531207799655e-05 0.08116319136829556
0.089 0.9126440427641528 1.2295089043308216 0.8452946395781139 38.178239238464386 5.642047071363455e-05 0.082008485187129
0.09 0.9116168341776126 1.2346529014775054 0.8435690824175747 38.14323478379244 5.7608592538349544e-05 0.08285205343284321
0.091 0.9105913467924533 1.2353626507755056 0.8418446989819106 38.10813245358393 5.8802392732924215e-05 0.08369389728537469
0.092 0.9095710923753693 1.2318230188099732 0.8401226124005812 38.072836018323585 5.999780808199572e-05 0.08453401904729312
0.093 0.9085589611191031 1.2247489372398934 0.8384037483086593 38.03726642924007 6.119164411394666e-05 0.08537242194562633
0.094 0.9075569099612238 1.2152423902840315 0.8366887341028082 38.00137028181365 6.2381881565537e-05 0.08620910983313837
0.095 0.9065658166187797 1.2045958197632867 0.8349778523313228 37.965123780575816 6.35678333792834e-05 0.08704408684324232
0.096 0.9055854893755377 1.1941043419421138 0.8332710448132365 37.92853247236408 6.47501553079164e-05 0.08787735704926135
0.097 0.9046147890806764 1.1849281664209055 0.8315679528989949 37.8916279158412 6.59307340801309e-05 0.08870892416412483
0.098 0.903651811825513 1.1780160899323977 0.829867976698995 37.85446267267405 6.711248516499136e-05 0.08953879129940304
0.099 0.9026940910823887 1.1740785954017496 0.8281703396204846 37.817104732123724 6.829909052973573e-05 0.09036696078893693
0.1 0.9017387956738606 1.1735898261226996 0.8264741505784373 37.77963201637857 6.949470026371741e-05 0.09119343407470708
0.101 0.9007829159135142 1.1767992159708018 0.8247784615945989 37.74212718649183 7.070361482428461e-05 0.09201821165032122
0.10200000000000001 0.8998234415355684 1.183738950046419 0.8230823223156218 37.704672668992856 7.192995948419924e-05 0.09284129305904532
0.10300000000000001 0.898857540861216 1.1942198898968737 0.8213848349718195 37.667345668943526 7.317736059930743e-05 0.09366267694682992
0.10400000000000001 0.897882751316891 1.2078148567407065 0.8196852135658982 37.63021291887492 7.44486350712957e-05 0.0944823611745663
0.105 0.8968971867480708 1.223834781417537 0.8179828495727468 37.59332503897394 7.574550980875939e-05 0.09530034299607035
0.106 0.8958997561362875 1.2413110250042425 0.816277382840491 37.55671067210419 7.706839626883346e-05 0.09611661930695309
0.107 0.8948903709310781 1.2590056568353425 0.8145687704924868 37.52037101404763 7.84162540102654e-05 0.09693118696230232
0.108 0.8938700970360982 1.2754767040026305 0.8128573393747549 37.484275911155855 7.978658215941574e-05 0.0977440431466155
0.109 0.8928411907632402 1.2892204566636856 0.8111438016092454 37.44836312153804 8.117557249108662e-05 0.0985551857589809
0.11 0.8918069604408556 1.2988894548813235 0.8094292131757819 37.412542252367984 8.257843699266851e-05 0.0993646137564665
0.111 0.890771429624179 1.3035445881834906 0.8077148666099221 37.37670396454903 8.39898867739132e-05 0.10017232738984916
0.112 0.8897388408243749 1.3028624913566922 0.8060021300063996 37.34073337057348 8.54046985393112e-05 0.10097832827811326
0.113 0.8887131024718656 1.2972164917370843 0.8042922662155545 37.30452487945716 8.681827753460326e-05 0.10178261930211426
0.114 0.8876973077767443 1.2875955130000605 0.8025862752208952 37.2679950770815 8.822712635967577e-05 0.10258520434079735
0.115 0.8866934241310139 1.275395818488566 0.8008847928047331 37.23109103571222 8.962915726557497e-05 0.10338608790640175
0.116 0.8857021854426005 1.262167637266386 0.7991880563656073 37.19379320067425 9.102382686020478e-05 0.10418527474584179
0.117 0.8847231566408932 1.2493967084810087 0.7974959274313395 37.156113667894545 9.24121083353892e-05 0.10498276946491152
0.11800000000000001 0.8837549071311378 1.2383632431849356 0.7958079494903723 37.1180915234828 9.37963367544334e-05 0.10577857621053746
0.11900000000000001 0.8827952303066685 1.2300795281392485 0.7941234199732063 37.07978691131989 9.517996726834392e-05 0.10657269842513452
0.12 0.8818413652010703 1.2252833072155127 0.7924414617353299 37.0412749984372 9.656728008708953e-05 0.10736513867249729
0.121 0.8808901991548777 1.2244585668788044 0.7907610871644736 37.002640409586284 9.796305611805542e-05 0.10815589852781546
0.122 0.8799384485760727 1.2278606376854284 0.7890812542191012 36.963972223741784 9.937223792383697e-05 0.10894497852373895
0.123 0.878982826396528 1.2355306873963456 0.7874009176124486 36.925359322392445 0.00010079958436238981 0.10973237814765242
0.124 0.878020210486785 1.2472919879555888 0.7857190802889604 36.88688573166471 0.000102249324878257 0.11051809589047268
0.125 0.8770478281732799 1.2627264009974482 0.7840348506906955 36.84862557975007 0.00010372482126582043 0.11130212935277387
0.126 0.8760634679712898 1.2811358927862215 0.7823475100284124 36.8106374001901 0.00010522825096694517 0.11208447541823773
0.127 0.8750657191736299 1.3015023959441752 0.7806565903119356 36.772957788312596 0.00010676033625522352 0.11286513050514367
0.128 0.8740542210182599 1.3224706732346536 0.7789619575129721 36.73559491103807 0.00010832015626052846 0.11364409090093668
0.129 0.8730298762920263 1.3423898361779585 0.7772638850036196 36.69852306185224 0.00010990508922455597 0.11442135317000576
0.13 0.8719949569082162 1.359450634974556 0.7755630928069702 36.66168014491031 0.00011151093284271867 0.1151969146003197
0.131 0.8709530189082129 1.3719338610316256 0.7738607242414184 36.62497020720747 0.00011313223207997027 0.11597077362618438
0.132 0.8699085735631962 1.3785336720133476 0.772158240946949 36.588272352722214 0.00011476280284511866 0.11674293014548683
0.133 0.8688665363952492 1.3786579441072964 0.7704572425891346 36.55145541066078 0.00011639638612311711 0.11751338565624896
0.134 0.867831567809446 1.3725831182538328 0.7687592489862466 36.514395357345386 0.00011802732412221685 0.1182821431751996
0.135 0.8668074712130213 1.361390867880673 0.7670655006214698 36.47699116304262 0.00011965114148433805 0.11904920695707229
0.136 0.8657967890104779 1.3467159425446507 0.7653768251997318 36.4391754187138 0.00012126494599730822 0.11981458208090884
0.137 0.8648006514089729 1.3304156806817058 0.7636935889193998 36.40091832340298 0.0001228676167038182 0.1205782739881615
0.138 0.8638188438818419 1.3142793232998595 0.7620157207498643 36.36222592367825 0.00012445979644223478 0.1213402880455342
0.139 0.8628500110238511 1.2998429311359405 0.7603427816133445 36.323134743755496 0.0001260437339609062 0.12210062917732536
0.14 0.861891913290496 1.2883139155099854 0.7586740500547493 36.283704980169404 0.000127623026538531 0.12285930158361244
0.14100000000000001 0.8609416787160769 1.2805728487472734 0.7570086048377709 36.24401377465802 0.0001292023055433473 0.12361630854109451
0.14200000000000002 0.8599960221168484 1.2772128590448062 0.7553453953679686 36.20414929317606 0.00013078689369812405 0.12437165227436035
0.14300000000000002 0.8590514277733932 1.278585379860252 0.7536832988726772 36.16420573027904 0.00013238245004222498 0.12512533388432542
0.14400000000000002 0.8581043058997495 1.2848328191394909 0.7520211681384672 36.12427898690356 0.00013399460941059796 0.12587735332441358
0.145 0.8571511404240645 1.2958979862072522 0.7503578760565527 36.084462582988664 0.00013562861843978533 0.12662770942132662
0.146 0.8561886483020938 1.3115060873316586 0.748692364173297 36.0448432991303 0.00013728896978771162 0.12737639994444336
0.147 0.855213969729401 1.3311198714891492 0.7470237022295175 36.005496068279605 0.0001389790406546359 0.12812342173485725
0.148 0.8542249030025673 1.3538750270061228 0.7453511638849601 35.96647778944057 0.00014070075126841651 0.1288687709102222
0.149 0.8532201840922075 1.3785141474280658 0.7436743192795682 35.927820091919614 0.0001424542737165345 0.12961244316216855
0.15 0.8521997853243835 1.4033544764995285 0.7419931363601874 35.88952173608512 0.00014423783929978597 0.13035443415490325
0.151 0.8511651699080554 1.4263420344757791 0.7403080698587473 35.85154228821341 0.0001460477071001924 0.13109474001242197
0.152 0.8501194009562596 1.4452466536305484 0.7386201032958386 35.8137996526414 0.00014787835601709446 0.1318333578471087
0.153 0.8490669933320846 1.4580153616368094 0.7369307051332952 35.77617426890851 0.00014972293392225832 0.13257028624369863
0.154 0.8480134477155531 1.4632166917525322 0.7352416770643763 35.73852144577111 0.00015157393727218357 0.13330552559076803
0.155 0.8469645224447027 1.460416026684673 0.7335549121122652 35.70069033612033 0.00015342402101028662 0.13403907816984753
0.156 0.8459254234171207 1.4503059941843852 0.7318721234596878 35.662544905122516 0.00015526678952667945 0.1347709479733656
0.157 0.8449001376503242 1.4345228493628501 0.7301946211442998 35.6239811294755 0.00015709742551080525 0.13550114029975638
0.158 0.8438910648394904 1.415242085846201 0.7285231896509496 35.58493650669445 0.00015891307130011523 0.1362296612269023
0.159 0.842898967786379 1.3947367652253893 0.7268580735661737 35.54539135617644 0.00016071295210635136 0.1369565170719895
0.16 0.8419231561072094 1.3750485590331416 0.725199041767205 35.50536409957662 0.0001624982861103211 0.13768171391613773
0.161 0.8409617829642471 1.3578233444626597 0.7235454887409788 35.464903589003015 0.00016427204850841267 0.13840525723069766
0.162 0.8400121570948338 1.3442829971703751 0.721896539537151 35.42408098149259 0.00016603865188982305 0.1391271516086424
0.163 0.839071015344182 1.3352750964006332 0.7202511397787651 35.382982569408405 0.00016780358794785905 0.13984740058597822
0.164 0.8381347382544025 1.33134875375429 0.7186081250588165 35.34170402687806 0.00016957305660770283 0.1405660065325033
0.165 0.8371995147092374 1.3328234428595642 0.7169662720958199 35.30034593446304 0.00017135359361649636 0.1412829705936744
0.166 0.8362614733681399 1.339833775855891 0.715324337998583 35.259010143859996 0.00017315169783320208 0.1419982926717304
0.167 0.8353168035665535 1.3523425884844886 0.7136810956519761 35.21779641881532 0.00017497345456791554 0.14271197144225212
0.168 0.8343618902691659 1.3701189206589681 0.7120353739017953 35.17679874289132 0.00017682415091043198 0.14342400441101869
0.169 0.8333934879014976 1.3926798135184257 0.7103861113872905 35.13610068548809 0.00017870788330325095 0.14413438802485296
0.17 0.8324089550245117 1.4191992633332249 0.7087324320459414 35.095769299316174 0.00018062716770421606 0.14484311785813297
0.171 0.8314065613433232 1.4483987090465598 0.7070737469251517 35.05584729691752 0.0001825825797869827 0.1455501889012074
0.17200000000000001 0.8303858533288239 1.478455085347051 0.7054098784194397 35.01634389326426 0.0001845724764559548 0.14625559597296311
0.17300000000000001 0.8293480189942748 1.506993159109181 0.7037411872561042 34.97722584192627 0.0001865928752939835 0.14695933425999116
0.17400000000000002 0.8282961322745055 1.5312514997061197 0.7020686613864751 34.938411668139025 0.00018863758162516976 0.1476613999438677
0.17500000000000002 0.8272351153137388 1.5484875979474553 0.7003939105159204 34.89977310429664 0.0001906986323743082 0.1483617908218477
0.176 0.8261712897295393 1.5565797285848477 0.698719020326841 34.861146858396886 0.00019276705646904834 0.14906050678058075
0.177 0.8251115311428943 1.5546197790683434 0.6970462694971173 34.82235624484657 0.0001948338473966279 0.14975754998598131
0.178 0.8240622386294618 1.5432060028348613 0.6953777813492191 34.783237310853245 0.00019689095727386529 0.15045292472458857
0.179 0.8230284400459899 1.5242671017414708 0.6937152207590438 34.74366142699763 0.00019893211070918604 0.15114663694244654
0.18 0.8220132800788775 1.500516607374046 0.6920596219247022 34.70354820542056 0.00020095330958265365 0.1518386936128527
0.181 0.8210179423979613 1.474819813655158 0.6904113648833363 34.66286749119284 0.00020295300744099703 0.15252910208178147
0.182 0.8200418892897071 1.4497221119305057 0.6887702602363011 34.62163334956312 0.00020493201459961143 0.1532178694989236
0.183 0.8190832462480037 1.4272263128618499 0.6871356821733205 34.57989435823753 0.00020689322679977068 0.15390500238226024
0.184 0.8181391941375823 1.4087720476492192 0.6855067022816045 34.537723640653546 0.00020884126189030312 0.154590506316627
0.185 0.8172062962184117 1.3953245057136674 0.6838821992657106 34.495210469312575 0.00021078206312068987 0.1552743857619703
0.186 0.8162807400680882 1.38749528978077 0.6822609380658454 34.45245395447803 0.00021272250103357359 0.155956643940603
0.187 0.8153585043619775 1.3856507394012216 0.6806416221885144 34.40955858517483 0.00021466998577385324 0.15663728277666703
0.188 0.8144354729566118 1.3899884489958478 0.6790229272831876 34.36663107432418 0.00021663208875290373 0.15731630286910034
0.189 0.8135075222773783 1.4005758696924429 0.6774035251333428 34.32377786901384 0.00021861616556642275 0.15799370348860278
0.19 0.8125706088534141 1.4173489255522296 0.6757821074701551 34.28110266689578 0.00022062896935753673 0.15866948259851793
0.191 0.8116208850685428 1.4400679703068229 0.6741574194742791 34.2387032550962 0.0002226762449517732 0.15934363690941036
0.192 0.8106548731823555 1.4682271762118657 0.6725283136386899 34.196666949161774 0.00022476229990478074 0.16001616198776836
0.193 0.8096697275958192 1.5009164460610944 0.6708938348784884 34.15506392699885 0.00022688956135093302 0.1606870524500919
0.194 0.8086636061483491 1.536648749479895 0.6692533449048675 34.113937995965905 0.00022905815022201286 0.16135630228153652
0.195 0.8076361406591837 1.5731987787490618 0.6676066835755551 34.073295094536704 0.00023126553838316558 0.1620239053158258
0.196 0.8065889321047683 1.6075525475438543 0.6659543424704817 34.033091412503126 0.00023350639371344422 0.16268985588818285
0.197 0.8055259007993366 1.6361167345197976 0.6642975923804805 33.993225297333055 0.00023577274258789388 0.16335414961456093
0.198 0.8044532472820667 1.6553092533693177 0.6626384791781829 33.953538857982124 0.00023805455275694202 0.16401678416499574
0.199 0.8033788269744832 1.662466939438499 0.6609796175573176 33.91383393330971 0.0002403407340349441 0.1646777598288453
0.2 0.8023109778380054 1.6567111092971027 0.6593237937782405 33.87390130134118 0.00024262039436060348 0.16533707968156547
0.201 0.8012571551082265 1.6392791165495952 0.6576734991456136 33.83355439412908 0.0002448840682345343 0.16599474928498273
0.202 0.8002228594287323 1.613102024993872 0.6560305635295794 33.79265566673445 0.0002471246450876999 0.16665077602231917
0.203 0.7992111629946302 1.5818952593673594 0.654395995561574 33.75112825496034 0.00024933785977033075 0.16730516827524383
0.20400000000000001 0.7982228122936618 1.5492638883995977 0.6527700221299443 33.70895348780523 0.00025152236712972057 0.16795793464211572
0.20500000000000002 0.7972566743114897 1.518157596782642 0.6511522455871195 33.66615994764618 0.0002536795185893761 0.16860908331456367
0.20600000000000002 0.7963102766212944 1.490710078001499 0.6495418314649575 33.62281016178399 0.00025581297448554126 0.16925862164229252
0.20700000000000002 0.7953802839680619 1.4683256173877433 0.6479376720398488 33.57898877103516 0.0002579282547536704 0.16990655586151374
0.20800000000000002 0.7944628521556119 1.4518621353181147 0.6463385056086348 33.534793636875236 0.00026003228847402466 0.1705528909424698
0.209 0.7935538608507979 1.4418156156490833 0.6447429925702004 33.49032986761068 0.00026213298863566605 0.17119763051278267
0.21 0.7926490521629476 1.4384653612615748 0.6431497580832373 33.44570612407856 0.00026423885639700775 0.17184077682323115
0.211 0.7917441069767884 1.4419708795991846 0.641557412675587 33.401032434158246 0.0002663586067297698 0.17248233073399588
0.212 0.7908346887655122 1.4524229293799693 0.6399645612508436 33.35641879631567 0.00026850080106592255 0.17312229170988458
0.213 0.7899164821689634 1.4698517099938067 0.6383698099958631 33.311973911562546 0.00027067346984597514 0.17376065782256955
0.214 0.7889852542107247 1.4941904076759536 0.6367717808859741 33.26780337388555 0.0002728837076222725 0.17439742576757122
0.215 0.7880369705342799 1.525185948538342 0.6351691451416012 33.224006551206855 0.00027513722620997285 0.17503259091506743
0.216 0.7870680062691118 1.5622441570701793 0.6335606897233783 33.18067123251057 0.0002774378598718478 0.17566614742765926
0.217 0.7860754957614664 1.6042003103569056 0.6319454329434535 33.13786503103508 0.00027978703554251775 0.1762980884942088
0.218 0.7850578541541383 1.649031433256008 0.6303228018630265 33.09562283193571 0.00028218325702198 0.1769284067413436
0.219 0.7840154521173276 1.6935926731624902 0.62869286658731 33.05393082771772 0.00028462170825657745 0.1775570948790187
0.22 0.7829513064843314 1.7335712333061954 0.6270565851666425 33.01271049561975 0.00028709414556704133 0.1781841465898485
0.221 0.7818714782052387 1.7639431039047067 0.625415951850328 32.971809865294816 0.00028958927871418344 0.17880955756443995
0.222 0.7807847686855741 1.7801097054219712 0.6237739041317054 32.93101166059473 0.0002920937649867752 0.17943332644072685
0.223 0.7797014901005149 1.7794281674838859 0.6221339065600431 32.890063387601124 0.0002945937244951451 0.18005545532439496
0.224 0.7786315999579776 1.7622957619443087 0.6204993096692819 32.84872224771899 0.00029707642614451823 0.18067594966723186
0.225 0.7775829517817565 1.732012613467225 0.6188727464115308 32.80679698114069 0.0002995316929199093 0.18129481754320864
0.226 0.776560339948171 1.6935143345559995 0.6172558045021793 32.764170656298745 0.00030195272598101854 0.18191206859974118
0.227 0.7755654802243976 1.6518407344194836 0.615649024863629 32.72080115464026 0.0003043363174390703 0.18252771301034465
0.228 0.7745975991348416 1.6111181395668237 0.6140521112255621 32.676707137519024 0.00030668261463274646 0.18314176063894527
0.229 0.7736542064069338 1.5742347195055726 0.612464201186417 32.63194958703713 0.0003089946451505151 0.18375422047619977
0.23 0.7727317742596985 1.542974569237686 0.6108841020677152 32.586615475146054 0.00031127776449366585 0.1843651003117854
0.231 0.7718262246360533 1.5183222389110171 0.6093104575780668 32.54080592763444 0.00031353911875825946 0.1849744065730292
0.232 0.7709332313079292 1.5007623191320971 0.6077418485018493 32.49462874505376 0.00031578716026356126 0.1855821442637559
0.233 0.7700483818317545 1.4905090560883836 0.6061768437744948 32.448194233783134 0.0003180312214471379 0.18618831695376908
0.234 0.7691672466436437 1.4876602198536912 0.6046140188487279 32.40161323564272 0.0003202811360036263 0.18679292678636603
0.23500000000000001 0.7682853931882936 1.4922894274764773 0.6030519547320469 32.35499645898126 0.0003225468890887914 0.18739597448470266
0.23600000000000002 0.7673983735760607 1.5044916146293983 0.6014892276197886 32.3084544323775 0.00032483827544277203 0.18799745934776343
0.23700000000000002 0.7665017091866934 1.524389400223035 0.5999243971747699 32.262097522066966 0.00032716454274105876 0.18859737923475334
0.23800000000000002 0.7655908963396963 1.5520984296224491 0.5983560017166732 32.21603544233795 0.0003295339963586704 0.18919573054500502
0.23900000000000002 0.7646614644738001 1.5876383960575766 0.5967825711964518 32.17037552702605 0.00033195354162227715 0.1897925082113805
0.24 0.7637091326630281 1.6307639528099653 0.5952026740365269 32.125218712966614 0.00033442814324508984 0.19038770574122
0.241 0.762730129593589 1.6806805224334183 0.5936150210572174 32.08065176850892 0.00033696019518530805 0.19098131536204646
0.242 0.7617217552543895 1.7356195105400192 0.5920186549783711 32.03673404165154 0.0003395488287779853 0.19157332835752758
0.243 0.7606832372950659 1.7923127973042947 0.5904132460521715 31.99347764272651 0.00034218925720718005 0.19216373569932776
0.244 0.7596168094317092 1.8455808320254603 0.588799471118599 31.95082290864001 0.00034487236486245587 0.19275252905707124
0.245 0.7585286592578045 1.888522985028949 0.5871793546718365 31.908617392700346 0.0003475848602081833 0.1933397021464766
0.246 0.7574290607492217 1.913904149077215 0.5855563311603239 31.866614055330995 0.00035031029734085636 0.19392525213491002
0.247 0.7563310390202631 1.9167128164025975 0.5839347948941712 31.824503292003424 0.00035303099000515067 0.19450918059158903
0.248 0.7552477125757013 1.8965225123503942 0.5823191826956552 31.78197499995466 0.00035573035902457804 0.1950914935177226
0.249 0.7541895273912186 1.8577692093222338 0.5807130136526243 31.738782596626034 0.00035839496063721187 0.1956722004180809
0.25 0.7531627212405807 1.8076699894227206 0.5791183579972353 31.69477840995325 0.00036101564719924684 0.19625131284634623
0.251 0.7521693572650112 1.7534926654509937 0.5775358556645076 31.649912878820423 0.0003635878035076721 0.19682884297420974
0.252 0.75120831557921 1.7008507367219912 0.5759650689990612 31.604211678096725 0.0003661109494036322 0.19740480251657525
0.253 0.7502764792153034 1.653323869453603 0.5744049002098933 31.55774829449092 0.00036858805530983754 0.19797920207553352
0.254 0.7493696864036505 1.6128375124302416 0.572853923374301 31.510621882111938 0.0003710248106930299 0.19855205081625704
0.255 0.7484833491313436 1.5802316222477395 0.5713105969503157 31.462942725701225 0.00037342896226324053 0.19912335635468895
0.256 0.7476127944090869 1.55574067702524 0.5697733778238044 31.41482405154523 0.0003758097569728436 0.19969312475842269
0.257 0.7467534181571408 1.5393217429762172 0.5682407693099611 31.36637814530623 0.0003781774841548428 0.20026136059482688
0.258 0.7459007258573981 1.530855123760276 0.5667113295674998 31.31771508287319 0.00038054309540824056 0.20082806698701208
0.259 0.7450503096113535 1.5302589171175538 0.565183657959843 31.268942931755856 0.0003829178768412665 0.20139324565578684
0.26 0.7441977919906541 1.5375504953110117 0.5636563699380985 31.220168715961403 0.00038531314833827485 0.20195689693631963
0.261 0.7433387555150501 1.5528748326871775 0.5621280668434043 31.171499699332728 0.00038773996487442115 0.2025190197646184
0.262 0.7424686720645651 1.5765073444105036 0.5605973053618777 31.12304464623512 0.00039020879389999226 0.2030796116336838
0.263 0.7415828487602367 1.608826795626904 0.5590625720974264 31.07491467113613 0.0003927291398872576 0.20363866852468532
0.264 0.740676417182079 1.650238948319725 0.5575222723392325 31.027223062435525 0.0003953090826274031 0.20419618482763058
0.265 0.7397444145171895 1.7010102959547064 0.5559747498003673 30.98008299297541 0.00039795469194300095 0.2047521532828211
0.266 0.738782042348548 1.7609419103936637 0.5544183674097253 30.933601229544355 0.0004006692845310498 0.205306565004476
0.267 0.7377852390357859 1.8287872287978664 0.5528516975831994 30.887864891783668 0.00040345251417672176 0.2058594096961873
0.268 0.736751734511486 1.9013464281953922 0.5512738833228448 30.842917677879008 0.00040629936487445524 0.2064106762287058
0.269 0.7356826676846724 1.9723916813605396 0.5496852023224269 30.798724066294128 0.0004091992864954557 0.2069603537815555
0.27 0.7345844385390482 2.0321731864398878 0.5480877240407317 30.75512910151024 0.00041213596673445887 0.20750843363810317
0.271 0.7334696755372252 2.068991274921215 0.5464856687987112 30.711838665654795 0.0004150883827588653 0.20805491133155643
0.272 0.732355742692359 2.0737421497682966 0.5448849096681814 30.668454626387945 0.00041803342024509117 0.20859978828237954
0.273 0.7312605056051353 2.0450970948948637 0.5432915075282694 30.624570140693514 0.00042094938442723034 0.20914307196454313
0.274 0.7301976551570788 1.9904882010266505 0.5417100822356202 30.5798737564211 0.00042381899694130513 0.20968477444609526
0.275 0.7291744293016459 1.921762175245643 0.540143022186947 30.53419980345614 0.00042663087664885507 0.2102249101491827
0.276 0.7281922085145631 1.8498293372903858 0.5385907022533837 30.487515039923732 0.0004293795442122113 0.21076349383755474
0.277 0.727248472597576 1.7820571938957903 0.53705217657594 30.439875141955167 0.00043206458886327917 0.21130053930201764
0.278 0.7263386839877006 1.722338472761596 0.5355258401956262 30.391382736350227 0.00043468959236266563 0.2118360587086444
0.279 0.7254575561809311 1.6721980921887687 0.5340098702096466 30.34215895327658 0.0004372611315645365 0.2123700623871593
0.28 0.7245997421199674 1.631860300170594 0.5325024608576893 30.292327777831268 0.00043978796626152063 0.2129025588528057
0.281 0.723760137230855 1.6009660561950843 0.5310019227212786 30.242008940427592 0.00044228041289744055 0.2134335549259018
0.28200000000000003 0.7229339656913782 1.5789811326833978 0.5295067062298849 30.19131563923596 0.0004447498683506186 0.21396305587371225
0.28300000000000003 0.7221167566125506 1.565406490703357 0.5280153872913851 30.14035473687717 0.00044720844278998387 0.2144910655370975
0.28400000000000003 0.7213042682786767 1.5598800686300582 0.5265266354530704 30.089228135218395 0.0004496686655667927 0.21501758642476046
0.28500000000000003 0.7204923889281535 1.5622250454716533 0.5250391744117385 30.03803468283552 0.0004521432343596803 0.21554261976767902
0.28600000000000003 0.7196770264632764 1.5724747413587967 0.5235517389600864 29.98687232300125 0.00045464478216464846 0.21606616553036526
0.28700000000000003 0.7188539917251847 1.5908888498077354 0.5220630296880293 29.935840359863704 0.0004571856382408175 0.21658822237690348
0.28800000000000003 0.7180188776537698 1.617965475248616 0.5205716658906009 29.885041770204396 0.00045977755730642646 0.21710878759018964
0.289 0.7171669393042746 1.6544438978443947 0.5190761379885312 29.834585429304965 0.0004624313855888763 0.21762785694415357
0.29 0.716292989691069 1.7012785756069777 0.5175747641613935 29.784587902375346 0.00046515662200747693 0.2181454245335399
0.291 0.7153913503857 1.759537187805192 0.5160656641793167 29.735173941373553 0.00046796081754117474 0.21866148257894977
0.292 0.7144559470007497 1.8301209673887693 0.5145467813359037 29.686473746632966 0.0004708487385262606 0.2191760212559173
0.293 0.7134807383879761 1.9131094613327164 0.5130160183277384 29.638612996995672 0.00047382121392824825 0.21968902866273599
0.294 0.7124608232036843 2.006415231518231 0.51147160853463 29.591688482136437 0.00047687363605352197 0.22020049116288254
0.295 0.7113946842816306 2.103498441512251 0.5099128884019482 29.54571994507347 0.00047999429099578685 0.22071039450202748
0.296 0.7102876805166606 2.190807404313098 0.5083415187966975 29.500576527622016 0.0004831631964947989 0.22121872614354754
0.297 0.709155269967485 2.2481655555979234 0.5067626347270685 29.45591068242014 0.0004863527919787193 0.2217254787404192
0.298 0.7080220671371774 2.2569374461800495 0.5051845555916176 29.411181733684373 0.0004895316656918005 0.22223065329438071
0.299 0.7069143203878512 2.2132318483298867 0.503616188215757 29.3658181834436 0.0004926704084604388 0.22273425970153496
0.3 0.7058507277535913 2.131550737697328 0.5020638310532364 29.31941308361212 0.0004957464951004086 0.2232363141090874
0.301 0.7048389431489017 2.03369260181163 0.5005299637436028 29.27179758636114 0.0004987460792279132 0.22373683508477196
0.302 0.703878060031486 1.9367931624554284 0.49901412847522003 29.22298781298052 0.000501663245506159 0.22423584068650285
0.303 0.7029626976432307 1.8499643319656018 0.49751436574358326 29.173097869892075 0.0005044982695621876 0.22473334697466396
0.304 0.7020859626384972 1.7764205015871044 0.4960282474975892 29.12227661519979 0.0005072559020984334 0.22522936755667475
0.305 0.7012409720259343 1.7163043814731866 0.4945534012847555 29.070674837492067 0.0005099440214079366 0.22572391365233915
0.306 0.7004214480216061 1.668533610346355 0.4930877081940118 29.018432116174242 0.0005125726647963701 0.2262169943538536
0.307 0.6996218510197718 1.6317302147663677 0.4916293400337702 28.9656735402195 0.0005151533528972329 0.22670861692049488
0.308 0.6988373182621357 1.6046178843012169 0.4901767301326221 28.91251062651977 0.0005176986179702693 0.22719878704238033
0.309 0.6980635351695377 1.5861643887893337 0.4887285221800434 28.85904373534961 0.0005202216677257693 0.2276875090519238
0.31 0.6972965920169203 1.5756170778919985 0.4872835152515367 28.805364846315808 0.000522736136438137 0.22817478607958158
0.311 0.6965328438604662 1.5725013705309974 0.48584061094802783 28.751560294300322 0.0005252558897862783 0.22866062015628824
0.312 0.6957687762910738 1.5766134663586215 0.48439876323439546 28.697713390479635 0.000527794859097045 0.22914501226549094
0.313 0.6950008729536978 1.5880211043650658 0.4829569292733089 28.64390699417883 0.0005303668855494235 0.22962796234594754
0.314 0.6942254777148 1.607079021445522 0.4815140184909062 28.59022616413777 0.0005329855561451867 0.23010946924368378
0.315 0.6934386427650124 1.6344628528410772 0.4800688365268773 28.536761047110616 0.0005356640109000883 0.23058953060818252
0.316 0.6926359534147639 1.6712231009057261 0.47862002045597024 28.4836101656191 0.0005384146938894107 0.23106814272433124
0.317 0.6918123224138913 1.7188554688687392 0.47716596222635727 28.430884213051137 0.0005412490073435668 0.23154530026872788
0.318 0.6909617567077315 1.7793671331691725 0.475704720486887 28.378710242936695 0.0005441768039844833 0.23202099597934586
0.319 0.6900771329098402 1.855269356043186 0.474233932141627 28.327235442198912 0.0005472056121394314 0.2324952202392859
0.32 0.6891501142053456 1.9492925731690018 0.4727507679405238 28.276627712866226 0.0005503394254787967 0.2329679606202587
0.321 0.6881715932804128 2.063286530720408 0.47125206371476275 28.227065235149524 0.0005535768173672138 0.23343920156377823
0.322 0.6871336027594265 2.195105806886753 0.469734954156667 28.178696177369357 0.000556908161522091 0.23390892470489721
0.323 0.6860343887163528 2.3318209227380904 0.4681986061902861 28.131535244226164 0.0005603122429630428 0.23437711093607885
0.324 0.6848873795180999 2.4411915112683125 0.46664733189526136 28.085284463813945 0.0005637542809429185 0.23484374557339108
0.325 0.6837272526209835 2.4774416903432495 0.46509274950567236 28.03921701296616 0.0005671896740651535 0.2353088256350115
0.326 0.6825985128602247 2.418497234761394 0.46354990025123444 27.99241432495418 0.0005705748488684215 0.23577236317460723
0.327 0.6815319458967711 2.2926437307226855 0.46202911964559057 27.94424201558716 0.000573877591542933 0.2362343804895331
0.328 0.6805359295720269 2.147480257018051 0.4605330401316369 27.894522893441298 0.000577079810523375 0.23669490239655436
0.329 0.6796046351497826 2.0136297104316174 0.4590594533023951 27.84337049718398 0.0005801748718397891 0.23715395141600842
0.33 0.6787274604021784 1.9016665517972413 0.45760458498903667 27.790998462195436 0.0005831639414726833 0.2376115462386034
0.331 0.6778937947991905 1.8119024149183522 0.4561647354720654 27.73762378306625 0.0005860531736090786 0.23806770182415066
0.332 0.6770945408420999 1.741300899344987 0.45473678951299107 27.683435350787985 0.0005888518791852597 0.23852243000117918
0.333 0.6763222800472372 1.686401503940836 0.45331825812054144 27.62858990650167 0.0005915713881605088 0.23897574010190095
0.334 0.6755710226051912 1.6442357231498657 0.4519071796072695 27.573216549524624 0.0005942243428269696 0.2394276394942574
0.335 0.6748358888496067 1.6124905604368842 0.4505020003616074 27.517422764586186 0.0005968242496643853 0.23987813399235283
0.336 0.6741128263241617 1.589443490943364 0.44910147051672167 27.46129983801528 0.0005993851860996654 0.24032722816112465
0.337 0.6733983809319264 1.573853779167854 0.4477045601776394 27.404927254795474 0.0006019216009527553 0.2407749255363722
0.338 0.6726895149553588 1.5648669042991323 0.44631039314942156 27.34837619454287 0.0006044481718646768 0.24122122877798335
0.339 0.6719834590585265 1.561945380598838 0.4449181933039324 27.291712365218775 0.0006069796968762913 0.24166613976920964
0.34 0.6712775854761593 1.5648265266463555 0.4435272388775909 27.23499841552021 0.0006095310049953978 0.24210965967006332
0.341 0.670569290599536 1.573505603437829 0.44213682041938507 27.178296147738642 0.000612116874498641 0.24255178892859466
0.342 0.6698558754148413 1.5882443434429558 0.4407461982419585 27.12166874641204 0.0006147519490348601 0.2429925272496503
0.343 0.6691344110230176 1.6096081620822198 0.43935455482263724 27.065183257857317 0.0006174506406511687 0.24343187351617243
0.34400000000000003 0.6684015731573311 1.6385400959566516 0.43796093644349005 27.008913612763582 0.0006202270051596724 0.24386982565242774
0.34500000000000003 0.66765342337129 1.6764863143801085 0.43656417614406523 26.952944592756243 0.0006230945672062076 0.24430638041071157
0.34600000000000003 0.666885104323691 1.725597499659058 0.4351627863791655 26.897377319034472 0.0006260660563014316 0.24474153305163407
0.34700000000000003 0.66609040215936 1.789040626604786 0.43375480447087367 26.842337083242498 0.0006291529827730356 0.24517527687151688
0.34800000000000003 0.6652611167188045 1.871452137006678 0.43233756899452885 26.787984514507134 0.000632364916026057 0.2456076025092587
0.34900000000000003 0.6643862082118839 1.9794744036853977 0.43090741321398707 26.734530438604754 0.0006357081867455871 0.24603849695260147
0.35000000000000003 0.663450931049782 2.12183160182766 0.429459341357991 26.682250018677298 0.0006391834405629893 0.24646794223257384
0.35100000000000003 0.6624373192148151 2.3063120806565673 0.4279871432186615 26.631469768469998 0.0006427809469487238 0.2468959142558514
0.352 0.6613315073679755 2.5241620523125663 0.4264858126363947 26.58242382895404 0.0006464723702272391 0.24732238409273824
0.353 0.660149769168998 2.706821293872339 0.4249603730210736 26.53475990053414 0.0006502020948942733 0.24774732809821676
0.354 0.6589676242119875 2.7174663836069235 0.42343592053129997 26.48700311580454 0.000653895867024048 0.24817074790744117
0.355 0.6578694626448284 2.533158912086273 0.42194065885732257 26.437528483257985 0.0006574928587292417 0.2485926732340662
0.356 0.6568785618206314 2.2930069646360773 0.42048208850958285 26.385881997461833 0.0006609613087055615 0.24901314101715089
0.357 0.6559783743526363 2.08909578148808 0.4190542806849098 26.332370838570533 0.0006642908243448034 0.24943218207061219
0.358 0.6551463926109226 1.935913370479268 0.4176494204274602 26.27742060056544 0.0006674826891719917 0.24984981929402783
0.359 0.6543645900811093 1.823639234659334 0.41626133001707233 26.221376166655215 0.000670544252822216 0.2502660693651336
0.36 0.6536199789121159 1.7409425403416263 0.4148856218859035 26.16448971950626 0.0006734861152312818 0.25068094455683976
0.361 0.6529033136802399 1.6793535796033583 0.41351923074586266 26.106944261216583 0.0006763207062064169 0.2510944540721966
0.362 0.6522079033247175 1.633075350292666 0.4121599922557954 26.048875464663336 0.0006790615353055736 0.25150660495121074
0.363 0.6515287794754272 1.598193355498044 0.4108063494192454 25.99038702550258 0.0006817227735954356 0.25191740268067614
0.364 0.6508621463002202 1.5720425776986056 0.40945715871135796 25.931560832140864 0.0006843190077039405 0.2523268516083685
0.365 0.6502050169758904 1.552785681802947 0.4081115620886324 25.872463688869292 0.0006868650877379342 0.25273495522828243
0.366 0.6495549686809523 1.539144511861544 0.40676890079133005 25.813151845236916 0.0006893760286062396 0.25314171637911537
0.367 0.6489099722760178 1.5302307908251476 0.4054286554883824 25.753674140189315 0.0006918669428113782 0.2535471373825643
0.368 0.6482682689386066 1.5254398415769352 0.40409040300931615 25.694074272591 0.0006943529922153836 0.2539512201381511
0.369 0.647628275818616 1.524385252972714 0.40275378336956025 25.634392528444447 0.0006968493512524761 0.2543539661849474
0.37 0.6469885084611977 1.52686172507943 0.40141847280628445 25.574667189489322 0.0006993711767124926 0.2547553767362617
0.371 0.6463475107554347 1.5328294207566082 0.400084159616452 25.514935791054477 0.0007019335805670058 0.25515545269012857
0.372 0.6457037842489255 1.5424176280058863 0.39875051999201494 25.455236375156932 0.0007045516028110872 0.25555419461563106
0.373 0.6450557080212825 1.5559496416721594 0.39741719085866667 25.39560889380532 0.000707240181091214 0.25595160271209716
0.374 0.6444014375477568 1.5739959057281525 0.39608373581978834 25.336096963331432 0.000710014112836338 0.25634767673432485
0.375 0.6437387648904007 1.5974706528141245 0.39474959827877787 25.276750273643597 0.0007128880031987238 0.2567424158710917
0.376 0.6430649102757918 1.6278025782909806 0.393414031714342 25.21762816557878 0.0007158761870379333 0.25713581855423845
0.377 0.6423761901827753 1.66724147622843 0.39207598873176025 25.158805314521032 0.0007189926023238107 0.25752788215736394
0.378 0.6416674542744623 1.7194319381998986 0.3907339328100263 25.100381358307192 0.0007222505675624449 0.25791860250737364
0.379 0.6409310653699811 1.7905477285977673 0.38938549695562885 25.04249831717569 0.0007256623541171877 0.25830797305704567
0.38 0.6401549178055422 1.891680952210482 0.3880268194669734 24.985374380762057 0.0007292382719071061 0.2586959833989666
0.381 0.6393183279451444 2.0441386764038487 0.386651162513717 24.92937375328688 0.0007329844327574438 0.25908261641327357
0.382 0.638383530621274 2.2904384790929355 0.385246034944876 24.87514990973275 0.0007368962662740345 0.2594678425870978
0.383 0.637287336878068 2.6944514062139358 0.3837902240207146 24.823774794096042 0.000740936450721056 0.2598516115448882
0.384 0.6360457162268313 3.0631291369600495 0.3822879437106971 24.774875075809913 0.0007449809891719944 0.2602338780927514
0.385 0.6349556758654449 2.699049424520037 0.380836188821463 24.723161402623596 0.0007488909447501257 0.26061469420974676
0.386 0.6340614896716228 2.221023602214432 0.3794489456053887 24.667843083415477 0.0007526232458361866 0.2609941247992485
0.387 0.633280707213472 1.9444752212949261 0.3780986211772836 24.61036413418901 0.0007561744284923904 0.2613722067433266
0.388 0.6325654357207262 1.785538427212517 0.3767692877382902 24.55156834202178 0.0007595523904807352 0.2617489608880359
0.389 0.6318911065744913 1.6870355355855777 0.3754528494886386 24.49189366377743 0.0007627689167798978 0.2621243999591882
0.39 0.6312441380129435 1.6219728344606374 0.3741449009120732 24.431586876309684 0.0007658373878744761 0.26249853227717695
0.391 0.6306163870609265 1.5769748598710707 0.3728428642993521 24.370800083707596 0.0007687719302860765 0.26287136359281416
0.392 0.6300026348440834 1.5448469363950044 0.37154514518989795 24.30963446826285 0.0007715870503995984 0.26324289807306184
0.393 0.6293993554221204 1.5214225609376784 0.3702507186054425 24.24816171547759 0.0007742974571053638 0.2636131388708183
0.394 0.6288040651755705 1.5041360922949374 0.36895891022384586 24.18643533906117 0.0007769179675507372 0.26398208847490884
0.395 0.6282149556313872 1.491325510218243 0.3676692727814751 24.124497074183967 0.0007794634530741322 0.2643497489360018
0.396 0.6276306745118856 1.4818676612735602 0.36638151230315497 24.062380691141758 0.0007819488060780326 0.2647161220184983
0.397 0.6270501890073635 1.4749758693251 0.3650954419908771 24.000114377863216 0.0007843889185142095 0.26508120930616225
0.398 0.6264726970108655 1.4700818588235784 0.36381095225343835 23.937722287279612 0.0007867986671486752 0.26544501227768813
0.399 0.6258975675615569 1.466763837437711 0.3625279905730066 23.875225576104135 0.0007891929029671396 0.2658075323620748
0.4 0.6253242997511372 1.4647010307273765 0.36124654759157526 23.812643121975416 0.000791586443209228 0.26616877098004355
0.401 0.6247524936901805 1.4636439795883125 0.3599666472632326 23.749992030564904 0.0007939940651335228 0.2665287295755773
0.402 0.6241818295884162 1.463394550695217 0.35868833974167297 23.687288001303077 0.000796430500956489 0.26688740964032454
0.403 0.6236120524486984 1.4637920991888973 0.3574116961613774 23.624545595400885 0.0007989104336163272 0.26724481273276635
0.404 0.6230429607566943 1.4647036092703112 0.35613680476518894 23.56177843433553 0.000801448493132872 0.2676009404934959
0.405 0.6224743981101516 1.466016426031612 0.35486376802138164 23.4989993473181 0.0008040592534095852 0.2679557946576044
0.406 0.6219062471096054 1.4676326422633488 0.35359270049989366 23.436220479718497 0.0008067572293787276 0.26830937706493324
0.40700000000000003 0.6213384251140276 1.4694644369346297 0.35232372736974477 23.373453369514106 0.0008095568744181518 0.26866168966881704
0.40800000000000003 0.620770881717909 1.4714297241105165 0.3510569834635233 23.310708994640677 0.0008124725779959012 0.2690127345438845
0.40900000000000003 0.6202035981120092 1.4734473229194287 0.3497926129540032 23.247997789166774 0.0008155186635173516 0.26936251389353255
0.41000000000000003 0.6196365889900084 1.4754303400170685 0.34853076984343906 23.185329617967707 0.0008187093863691655 0.26971103005788555
0.41100000000000003 0.6190699087180851 1.4772749867759658 0.3472716198008869 23.122713682930264 0.0008220589321805269 0.2700582855235905
0.41200000000000003 0.6185036661277041 1.4788378554959611 0.3460153447104609 23.060158291509897 0.000825581415381217 0.2704042829381577
0.41300000000000003 0.6179380601655821 1.479880867069737 0.3447621537619084 22.997670293100274 0.0008292908782692355 0.2707490251353887
0.41400000000000003 0.6173734775981916 1.4799074309930202 0.3435123140013101 22.93525352781323 0.0008332012912331804 0.27109251519134514
0.41500000000000004 0.6168108405019114 1.4775030870459713 0.3422662592243131 22.872903298617768 0.0008373265565876597 0.27143475658917593
0.41600000000000004 0.6162537551864518 1.4655820397606587 0.3410252641081755 22.81057215167478 0.0008416805306769873 0.2717757540578904
0.417 0.6158372718536735 1.0974179956345131 0.3398293502961658 22.74595202544091 0.0008457904225311276 0.27211555855478775
0.418 0.6153295348938148 1.3398773553843213 0.338603381407783 22.682594724458763 0.0008496677089340766 0.27245413973641325
0.419 0.6148183471593924 1.351219314797757 0.3373751630170484 22.619108916341858 0.0008533266820309823 0.272791495057309
0.42 0.6143048670010188 1.3595428220118932 0.3361451910796176 22.55548395796913 0.000856781627799536 0.27312762249271955
0.421 0.6137894499438643 1.3669587568352337 0.3349137173581359 22.491722666909286 0.0008600468113648764 0.27346252029302726
0.422 0.6132722963150614 1.3738737020418934 0.33368094406073007 22.42783036027576 0.0008631364712088737 0.2737961869327012
0.423 0.6127535630475424 1.3803998689125838 0.33244705885236775 22.36381305978395 0.0008660648159331815 0.27412862109420805
0.424 0.6122333965315727 1.3865627576152826 0.33121224515717085 22.299676969637584 0.0008688460214709544 0.2744598216621994
0.425 0.6117119456967176 1.3923531105832763 0.3299766862115892 22.23542826983008 0.0008714942284688888 0.2747897877217311
0.426 0.6111893686595293 1.3977437833641013 0.32874056708195 22.171073012714828 0.0008740235397491313 0.2751185185584803
0.427 0.6106658369837777 1.4026959643766976 0.32750407592186087 22.106617058347066 0.0008764480178066898 0.2754460136602018
0.428 0.6101415390674944 1.4071614016020182 0.32626740494335166 22.04206602439092 0.0008787816823156382 0.2757722727191388
0.429 0.6096166833399478 1.4110828183551125 0.3250307513153129 21.977425239853964 0.0008810385076230597 0.27609729563531565
0.43 0.6090915016471645 1.4143933143968543 0.3237943181046552 21.912699696728197 0.0008832324202043641 0.276421082520758
0.431 0.6085662530964875 1.4170150307506444 0.32255831534220764 21.847893995516234 0.0008853772960531323 0.27674363370476446
0.432 0.6080412286069174 1.418857132852834 0.3213229612842934 21.783012280925174 0.0008874869579699081 0.2770649497404289
0.433 0.6075167564395243 1.4198130287597075 0.3200884839499012 21.71805816382325 0.0008895751726981115 0.2773850314126886
0.434 0.6069932090467041 1.4197566379168234 0.31885512302957747 21.65303462456665 0.0008916556478445666 0.2777038797482737
0.435 0.6064710116878718 1.4185374031512308 0.31762313229309985 21.587943891296593 0.0008937420284893872 0.27802149602805715
0.436 0.6059506534257509 1.4159735773084923 0.31639278267114374 21.52278728451647 0.0008958478933558658 0.2783378818024838
0.437 0.6054327013644623 1.4118430904652688 0.3151643662533851 21.45756501556464 0.0008979867503487238 0.2786530389109974
0.438 0.6049178193724549 1.4058709266229195 0.3139382015570069 21.392275921376175 0.0009001720311843368 0.27896696950674194
0.439 0.604406793116042 1.3977113758436563 0.31271464058244114 21.3269171094631 0.0009024170846890302 0.2792796760883314
0.44 0.6039005641551921 1.386922567503167 0.31149407843658855 21.26148347388824 0.0009047351681147538 0.2795911615412666
0.441 0.6034002773520609 1.3729290871475885 0.3102769667282015 21.195967021574397 0.0009071394354344657 0.2799014291927882
0.442 0.6029073483526325 1.3549656522644493 0.30906383265258836 21.130355912496906 0.0009096429209175271 0.2802104828858811
0.443 0.6024235622400603 1.3319897120758195 0.30785530691180507 21.06463305526455 0.0009122585150868875 0.28051832708131264
0.444 0.6019512222652196 1.30254114762418 0.30665216582899646 20.998773987981735 0.0009149989279154032 0.2808249670019772
0.445 0.6014933822320432 1.2645080843323153 0.3054553971710218 20.932743564369016 0.0009178766296531409 0.281130408843403
0.446 0.6010542251187716 1.2147178510866208 0.30426630740310545 20.86649054996015 0.0009209037502747264 0.2814346600921457
0.447 0.6006397111567026 1.148183937446533 0.30308670524097003 20.799938364259273 0.0009240918970998528 0.28173773002898145
0.448 0.6002587534436353 1.0566331380092988 0.30191923442251906 20.73296827061227 0.0009274517967345885 0.2820396305675512
0.449 0.599925497266487 0.9254274682990441 0.300768018089071 20.665386744953135 0.0009309925184932919 0.2823403777437552
0.45 0.5996640476602493 0.7267460166706645 0.2996399917568457 20.596857676818903 0.0009347195594988639 0.28263999455540867
0.451 0.5995184858239712 0.40488989205100767 0.2985477084085395 20.52675820490395 0.0009386292824285086 0.28293851666223263
0.452 0.5995667352272483 -0.13423069478291072 0.29751307257355325 20.453975293840582 0.0009426898103794949 0.2832360020239984
0.453 0.5998351901422136 -0.7464520057456341 0.29654210243474444 20.378096999046104 0.0009467869876838252 0.28353251582073397
0.454 0.5999974587467855 -0.45087187980286064 0.2955390996044231 20.303678987533402 0.0009507647268057188 0.2838280281504031
0.455 0.5999309032625058 0.18489842138369444 0.29446891886883303 20.23240135869793 0.0009545626139866719 0.2841224725767941
0.456 0.599722509202856 0.5792069335726063 0.2933569506933585 20.163004023033384 0.0009581689444335208 0.2844158073597654
0.457 0.5994303177029509 0.8127903218695379 0.2922200915967974 20.094655787092865 0.0009615865948579896 0.28470800746516994
0.458 0.5990846191997911 0.9626548975454332 0.29106720104776707 20.026926475129375 0.00096482352509521 0.28499905666686687
0.459 0.5987022017614656 1.0661999626297982 0.2899032363547988 19.959580617796803 0.0009678898238994869 0.2852889436866877
0.46 0.5982931605759344 1.141937000390224 0.28873122143977487 19.892479233068148 0.0009707965998342685 0.2855776602759024
0.461 0.5978640143215388 1.1997447945344397 0.2875531466766495 19.82553492166484 0.0009735554962143337 0.2858652001873137
0.462 0.5974192307000145 1.245280462851327 0.2863704090952853 19.758689891679538 0.0009761784524835775 0.28615155858391805
0.463 0.5969620309164286 1.281976631364311 0.2851840444202611 19.69190437095433 0.0009786775754419188 0.28643673167797906
0.464 0.5964948429780752 1.3120132449211386 0.2839948577610174 19.625150078592874 0.0009810650642976524 0.28672071649998837
0.465 0.596019572115293 1.3368232043120531 0.28280350152738326 19.558406331737235 0.0009833531641474384 0.2870035107451123
0.466 0.5955377703237085 1.357371038450238 0.2816105242261293 19.49165760677565 0.0009855541353899662 0.287285112668189
0.467 0.5950507475133355 1.3743140510111818 0.2804164023911453 19.42489194324403 0.0009876802324980138 0.2875655210105062
0.468 0.594559647507852 1.3880991982673216 0.27922156234682494 19.35809985575955 0.0009897436884810866 0.28784473494824714
0.46900000000000003 0.5940655022438103 1.3990230616995878 0.27802639565103043 19.29127356197902 0.0009917567028760593 0.2881227540563166
0.47000000000000003 0.5935692721884658 1.4072696486111522 0.2768312705219764 19.2244064112202 0.0009937314319243343 0.2883995782835511
0.47100000000000003 0.5930718780220107 1.4129342273563315 0.2756365406983138 19.157492441614103 0.0009956799800502935 0.2886752079367605
0.47200000000000003 0.5925742269146601 1.4160379244170227 0.2744425526799672 19.09052601818233 0.0009976143920100583 0.28894964367199166
0.47300000000000003 0.5920772357414428 1.4165357949784672 0.27324965201218526 19.023501518864478 0.0009995466452164964 0.2892228864920663
0.47400000000000003 0.5915818530159328 1.4143198972174074 0.27205818910713364 18.956413043741378 0.0010014886418050998 0.28949493774993784
0.47500000000000003 0.5910890810448384 1.4092181138529711 0.2708685250105548 18.889254127056567 0.0010034522000022228 0.2897657991578213
0.47600000000000003 0.5905999997282144 1.4009888966932658 0.2696810374901864 18.82201743321167 0.001005449044301193 0.2900354728024265
0.47700000000000004 0.5901157935273073 1.3893116146279625 0.2684961278377814 18.754694417100136 0.0010074907938322996 0.2903039611670212
0.47800000000000004 0.5896377833950333 1.373771680637902 0.2673142288368807 18.68727492603633 0.0010095889481143154 0.2905712671615055
0.47900000000000004 0.5891674659588877 1.353838991354993 0.2661358144665729 18.619746714756317 0.0010117548690614384 0.29083739416225557
0.48 0.5887065630255981 1.3288373844234262 0.2649614120959887 18.55209483539208 0.0010139997576216321 0.29110234606425905
0.481 0.5882570856857479 1.2979015689049678 0.2637916182169401 18.484300849662283 0.001016334622645257 0.2913661273491275
0.482 0.587821419137684 1.2599161435185013 0.26262711920499743 18.416341787897355 0.0010187702383234571 0.2916287431740851
0.483 0.587402437163325 1.213428491190437 0.2614687192760807 18.34818874495328 0.0010213170844691638 0.2918901994892404
0.484 0.5870036594896424 1.156523022917798 0.2603173788357156 18.279804950129538 0.001023985260420216 0.2921505031937107
0.485 0.5866294717936029 1.0866378202103446 0.2591742679661467 18.21114306760292 0.001026784357246452 0.29240966234603366
0.486 0.5862854377175044 1.0002958705683787 0.2580408420489563 18.142141365121656 0.0010297232619631347 0.2926676864515052
0.487 0.5859787451436801 0.8927138847607533 0.2569189494404741 18.07271822799673 0.0010328098469661693 0.2929245868593963
0.488 0.5857188412353971 0.7572543073059983 0.2558109835793666 18.002764339395465 0.001036050458391981 0.2931803773161327
0.489 0.5855183008589959 0.5847525944551174 0.2547200881552701 17.93213195422349 0.0010394490388596295 0.2934350747306477
0.49 0.585393851734925 0.36308074134128143 0.2536503909251184 17.860622140704127 0.001043005564697865 0.29368870018666593
0.491 0.5853669162644665 0.07860464944609007 0.2526070953947762 17.787977656138168 0.0010467131908274473 0.2939412800713604
0.492 0.5854609780573709 -0.27446509765538507 0.25159573855652656 17.713913941739822 0.0010505531385921886 0.29419284650485455
0.493 0.5856877416906533 -0.6613164388336029 0.25061859716080054 17.638285326964457 0.001054486941859862 0.29444343422688957
0.494 0.5860125454583597 -0.9463417717643354 0.2496659704824914 17.561501368144164 0.0010584512105147354 0.29469306872248463
0.495 0.5863341426627033 -0.9359662029801977 0.24871148032683404 17.48476709522652 0.0010623697966498772 0.2949417493311558
0.496 0.5865533638223549 -0.6374259748329608 0.24772988309164964 17.409250381867576 0.0010661806974149725 0.2951894499004163
0.497 0.586639610847628 -0.25064855843881495 0.2467136775680392 17.335287416828606 0.0010698473492281564 0.295436136329641
0.498 0.5866074202961762 0.09354260937399764 0.24566681146023747 17.26267682948555 0.0010733526275565055 0.29568177813242885
0.499 0.586481257251953 0.366716515931342 0.2445956763152561 17.19110693373297 0.0010766908586220144 0.2959263510276676
0.5 0.5862824389282695 0.5782230290132245 0.24350581497532198 17.120311186835078 0.0010798627457163695 0.29616983618339393
0.501 0.5860271553015833 0.7430162882615658 0.24240144346624062 17.05008955023552 0.0010828726066375034 0.296412218939653
0.502 0.5857273394434614 0.8734566662837998 0.24128568443436846 16.980296275979516 0.0010857268881643836 0.29665348774117933
0.503 0.5853918274577735 0.9785113975973028 0.24016086736043163 16.910824864215165 0.0010884333419761037 0.29689363335808516
0.504 0.5850272733855166 1.0644841173481625 0.23902876343482365 16.841596391886025 0.001091000547479069 0.2971326483350324
0.505 0.5846387945676716 1.1358045400891015 0.23789075058985626 16.772551337515793 0.001093437623162739 0.29737052660196384
0.506 0.5842304147318513 1.1956181456187476 0.23674792652738041 16.703643990381565 0.0010957540446772827 0.29760726319589553
0.507 0.5838053686393345 1.246188620609433 0.23560118628380175 16.634838616635907 0.0010979595257719508 0.2978428540591128
0.508 0.5833663142141143 1.2891662480924981 0.2344512761448655 16.56610679554694 0.0011000639376292124 0.29807729589056936
0.509 0.5829154828336033 1.3257669838568897 0.233298831769918 16.497425536378316 0.001102077252423128 0.29831058603495775
0.51 0.5824547878963562 1.3568930851455263 0.23214440566510128 16.428775921526054 0.0011040095025923286 0.2985427223989572
0.511 0.5819859048821238 1.383215395402536 0.23098848737632888 16.360142109322485 0.0011058707505519655 0.2987737033874745
0.512 0.5815103316852751 1.4052301786484631 0.22983151863733955 16.291510586036 0.0011076710654650509 0.29900352785489553
0.513 0.5810294351462063 1.4232987955951057 0.2286739049776499 16.222869592670737 0.0011094205048483177 0.29923219506784826
0.514 0.5805444878584092 1.4376755748379808 0.22751602482393576 16.15420867555109 0.0011111290994952375 0.2994597046769992
0.515 0.5800566981135497 1.448527396604947 0.22635823681738307 16.08551832500594 0.0011128068406519214 0.2996860566961192
0.516 0.5795672350453521 1.4559473048578728 0.22520088586338646 16.01678967656033 0.0011144636686651237 0.29991125148716596
0.517 0.5790772505004272 1.4599636831147387 0.22404430829381336 15.948014255888063 0.001116109462504972 0.3001352897505084
0.518 0.5785878988144065 1.4605459984096112 0.2228888364306311 15.87918375324967 0.0011177540296697685 0.30035817251970387
0.519 0.5781003554377768 1.4576077821286657 0.22173480277674712 15.810289816119887 0.0011194070960467005 0.3005799011604655
0.52 0.5776158352212969 1.4510072264954919 0.22058254402393454 15.74132385066843 0.0011210782953150675 0.30080047737364607
0.521 0.5771356110960167 1.4405456018959915 0.21943240504336775 15.672276823798681 0.0011227771574695235 0.3010199032022317
0.522 0.5766610338610771 1.4259635452191763 0.21828474301312908 15.60313905792923 0.0011245130959909875 0.30123818104249445
0.523 0.5761935538269949 1.4069351032224273 0.21713993184036495 15.533900010689521 0.0011262953931069858 0.3014553136596127
0.524 0.5757347451313798 1.3830593131989297 0.21599836704276848 15.464548031070319 0.0011281331824537848 0.301671304208238
0.525 0.5752863336624163 1.3538489585549474 0.2148604712731721 15.395070082584068 0.0011300354282580674 0.3018861562586742
0.526 0.5748502296988514 1.3187159753575972 0.21372670070132146 15.325451422492545 0.0011320108998860087 0.3020998738295581
0.527 0.574428566583381 1.276952887732995 0.21259755249867107 15.255675224068112 0.0011340681402187442 0.30231246142818663
0.528 0.5740237470174582 1.2277094709940417 0.211473573718742 15.185722126446722 0.0011362154257561618 0.30252392409994266
0.529 0.5736384988503818 1.1699638183830785 0.2103553719076875 15.115569693902339 0.0011384607155606706 0.30273426748862914
0.53 0.5732759424979519 1.102487086523273 0.2092436278105085 15.045191763842666 0.001140811585002763 0.3029434979099167
0.531 0.5729396722346611 1.0238017124781775 0.20813911053088444 14.974557662014988 0.0011432751385998423 0.3031516224405138
0.532 0.5726338532594535 0.9321343536181629 0.20704269538358425 14.903631266716575 0.0011458578937882417 0.3033586490259741
0.533 0.5723633350030822 0.8253682426537782 0.20595538431870317 14.832369917937568 0.00114856562386776 0.30356458661003216
0.534 0.5721337772975007 0.7010072049558052 0.20487832790884736 14.760723204626785 0.0011514031430811626 0.30376944528749406
0.535 0.5719517770044021 0.5561796386430724 0.20381284590623677 14.688631750714373 0.001154374009201418 0.30397323647992125
0.536 0.5718249629867266 0.38774368888416755 0.20276043916215183 14.616026310698636 0.0011574801085185535 0.30417597312642664
0.537 0.5717619864263092 0.19261963194305826 0.20172277715213519 14.542827878928819 0.0011607210750998586 0.3043776698665034
0.538 0.5717722536812291 -0.031406243279130636 0.2007016289828184 14.468950281606576 0.0011640934843141027 0.3045783431600241
0.539 0.5718651080294008 -0.2839785712855922 0.19969867750912412 14.394308062925202 0.0011675897632074295 0.3047780112291608
0.54 0.5720479683951988 -0.5589764838287432 0.19871511793713842 14.318834344112782 0.001171196813580554 0.3049766936070517
0.541 0.5723228212160764 -0.8395115729267203 0.1977509254769667 14.242514311285548 0.0011748945223738216 0.3051744099581122
0.542 0.5726809667182639 -1.092711939365775 0.19680379109503804 14.165434953766038 0.0011786547252899435 0.3053711778240441
0.543 0.573097957952963 -1.2705311453347068 0.1958681498174975 14.087831983727943 0.00118244169248102 0.3055670093613215
0.544 0.5735337552727983 -1.3258570756804466 0.19493533673272445 14.0100857272486 0.001186215156307758 0.3057619081721897
0.545 0.5739422226185373 -1.2408811425581578 0.1939956574127436 13.932627838975975 0.001189935457627201 0.305955868153766
0.546 0.5742853709960777 -1.041084597151797 0.1930413378051629 13.85580519080398 0.0011935684849177892 0.30614887530185725
0.547 0.5745417894185375 -0.7771410465320365 0.19206817502705717 13.779802423824199 0.0011970882288449896 0.30634091122365553
0.548 0.5747055987827268 -0.49610279511780275 0.1910752162566871 13.704655886390983 0.001200476803644986 0.3065319563906406
0.549 0.5747807623336059 -0.2275409865688525 0.19006352154702782 13.630310560140423 0.0012037231106702074 0.30672199218651486
0.55 0.5747757727873972 0.015102900838392927 0.1890350466098975 13.55667167598623 0.0012068212144411006 0.30691100184393966
0.551 0.5747003509554092 0.22832694233243503 0.18799196240466604 13.483636080574911 0.001209768936820848 0.30709897069471426
0.552 0.5745638296752917 0.41344772541784774 0.18693632923241893 13.411107118975437 0.0012125667886838294 0.3072858860852305
0.553 0.5743745295658251 0.573610918712219 0.185869975720306 13.339000003032265 0.0012152172017624479 0.3074717371632063
0.554 0.5741396222729237 0.712334219575838 0.184794476764642 13.267242609702084 0.0012177239874383852 0.3076565146365852
0.555 0.573865200980161 0.8328952716696306 0.18371117251005534 13.195774410433936 0.0012200919563964726 0.30784021054734
0.556 0.5735564217694835 0.9381278219680036 0.18262120058238845 13.124544822024466 0.001222326649523177 0.30802281807470067
0.557 0.5732176555439996 1.0303965598896783 0.18152552952646542 13.05351153391983 0.0012244341453162566 0.30820433136989234
0.558 0.572852626886344 1.1116408404356894 0.1804249888781751 12.98263901829459 0.0012264209201375519 0.30838474541961547
0.559 0.5724645327408641 1.1834382374114039 0.17932029461677268 12.911897275456854 0.0012282937452947112 0.3085640559340517
0.56 0.5720561407172329 1.2470676527980273 0.1782120701000861 12.841260805097294 0.001230059610090506 0.30874225925515114
0.561 0.571629869353661 1.3035647030388275 0.177100863061222 12.770707772790496 0.0012317256634056346 0.3089193522814491
0.562 0.5711878533090876 1.3537677275279314 0.17598715934284545 12.700219337433046 0.0012332991686790076 0.3090953324062778
0.5630000000000001 0.5707319963212123 1.3983549774283497 0.17487139399689064 12.629779108280998 0.0012347874686833929 0.3092701974668288
0.5640000000000001 0.5702640143784241 1.4378742572038736 0.1737539602820083 12.559372705069277 0.0012361979575471998 0.30944394570202804
0.5650000000000001 0.5697854711283381 1.4727663636975294 0.17263521699675954 12.488987399830718 0.0012375380581846585 0.30961657571760415
0.5660000000000001 0.5692978071365092 1.5033835964206586 0.17151549449266637 12.418611823284596 0.001238815203798223 0.30978808645706424
0.5670000000000001 0.5688023642882766 1.5300043297388197 0.17039509964234564 12.348235722300315 0.0012400368224635538 0.30995847717755676
0.5680000000000001 0.5683004063512229 1.5528444932071381 0.16927431997879736 12.277849757920784 0.001241210324059544 0.3101277474298112
0.5690000000000001 0.5677931365097922 1.5720665900220685 0.16815342717560966 12.207445335523854 0.0012423430889751087 0.3102958970415103
0.5700000000000001 0.5672817125116086 1.5877867783977693 0.1670326800022192 12.137014460603393 0.0012434424581602788 0.31046292610358067
0.5710000000000001 0.5667672599434266 1.6000803854852017 0.16591232686139415 12.066549614916088 0.0012445157241766668 0.3106288349589942
0.5720000000000001 0.5662508840463059 1.6089861833123984 0.16479260799251386 11.99604364883046 0.0012455701229705368 0.3107936241937523
0.5730000000000001 0.5657336804127692 1.614509628663717 0.1636737574101188 11.925489686500372 0.0012466128261399104 0.3109572946297963
0.5740000000000001 0.5652167448436766 1.6166252642417764 0.16255600463348133 11.854881041186527 0.0012476509335010502 0.31111984731964026
0.5750000000000001 0.5647011825969032 1.615278419483389 0.16143957625104238 11.784211138407423 0.0012486914657845116 0.31128128354256646
0.5760000000000001 0.5641881172279479 1.6103863078018574 0.16032469735846694 11.713473445122252 0.0012497413573035962 0.3114416048022636
0.577 0.5636786991949652 1.6018386046012345 0.15921159290117648 11.642661403341833 0.0012508074484468546 0.3116008128258171
0.578 0.5631741143766611 1.5894975804411335 0.15810048894688636 11.571768366841424 0.001251896477848901 0.3117589095639878
0.579 0.562675592646704 1.573197804405567 0.1569916139130729 11.500787539854946 0.001253015074088237 0.31191589719274077
0.58 0.5621844166180842 1.5527455139747723 0.1558851997643163 11.42971191666257 0.0012541697467533543 0.31207177811600145
0.581 0.5617019306819871 1.5279176191032016 0.1547814832003422 11.358534221310967 0.0012553668767009366 0.31222655496963786
0.582 0.5612295504377643 1.4984604329972826 0.15368070684418159 11.287246846567747 0.0012566127053117537 0.3123802306266796
0.583 0.5607687726171688 1.4640881150971272 0.1525831204447701 11.21584179155057 0.0012579133225221176 0.3125328082037987
0.584 0.5603211855810926 1.4244809137158296 0.1514889820990809 11.144310597411293 0.001259274653371861 0.3126842910690863
0.585 0.5598884804611809 1.3792832383772144 0.15039855949965417 11.072644280728904 0.0012607024427695535 0.31283468285116567
0.586 0.559472462986075 1.328101680288184 0.14931213120460093 11.000833264360367 0.0012622022381183358 0.3129839874496842
0.587 0.5590750660047971 1.2705030865329803 0.14822998792356945 10.928867305839205 0.0012637793693827573 0.31313220904722244
0.588 0.5586983626581286 1.2060129082533944 0.14715243380134524 10.856735423790587 0.0012654389260940797 0.3132793521226463
0.589 0.5583445800714905 1.1341140991396592 0.14607978766731014 10.784425823328528 0.0012671857306964863 0.31342542146590013
0.59 0.5580161133197564 1.0542469933689782 0.1450123842005349 10.711925822323055 0.0012690243075167426 0.3135704221941976
0.591 0.5577155392363252 0.9658107755232672 0.14395057493166266 10.63922178150911 0.0012709588465042653 0.3137143597694935
0.592 0.5574456293824459 0.8681674126718156 0.14289472896497296 10.566299043093519 0.0012729931607240665 0.3138572400170144
0.593 0.5572093611062034 0.7606493423115694 0.14184523324797546 10.493141884998629 0.0012751306363987097 0.3139990691444633
0.594 0.557009925100248 0.6425726408296745 0.14080249214290336 10.419733501143368 0.0012773741740911562 0.3141398537612802
0.595 0.5568507270821074 0.5132582420239724 0.13976692594430953 10.346056022944985 0.0012797261194020645 0.3142796008969974
0.596 0.5567353801929952 0.37206453371685344 0.13873896785252204 10.27209060369047 0.0012821881813532272 0.314418318017252
0.597 0.5566676832424886 0.2184360300736541 0.13771905871794163 10.197817596154737 0.0012847613364804049 0.31455601303534214
0.598 0.5566515780252939 0.05197411846613593 0.13670763863102703 10.123216865124702 0.0012874457166362197 0.3146926943162962
0.599 0.5566910765152733 -0.12746260454998815 0.13570513414035662 10.048268290680328 0.0012902404787368186 0.31482837066919844
0.6 0.5567901458560275 -0.31961965083793203 0.13471193954805372 9.972952534191139 0.0012931436553646192 0.3149630513219377
0.601 0.5569525361232702 -0.5236610475525256 0.13372839043454343 9.897252154591088 0.0012961519865646118 0.31509674587063585
0.602 0.5571815335659225 -0.7379309608581679 0.1327547274113667 9.82115317235585 0.0012992607357421267 0.31522946419389464
0.603 0.5574796223188251 -0.9596654921024674 0.1317910483635585 9.74464717075752 0.0013024634968041946 0.31536121632006475
0.604 0.5578480432845268 -1.184675550080393 0.13083724850470166 9.667733980680522 0.0013057520060406945 0.31549201223476886
0.605 0.5582862545575251 -1.4070537767092426 0.12989295000949627 9.590424889471178 0.0013091159808872688 0.31562186161726796
0.606 0.5587913281979839 -1.6190047034183572 0.12895742734161333 9.512746119299187 0.0013125430178859197 0.31575077349990094
0.607 0.5593573655376262 -1.8109483425476898 0.12802954074088282 9.434742029302992 0.0013160185914101329 0.315878755856853
0.608 0.5599750704384893 -1.9720730257393164 0.12710769740833333 9.35647716133482 0.00131952619822509 0.31600581514787446
0.609 0.5606316632924728 -2.091461317748731 0.12618986427100304 9.27803602649415 0.0013230476841073395 0.31613195586684306
0.61 0.5613113076029231 -2.159734034834491 0.1252736524699502 9.199519666702708 0.0013265637622641047 0.31625718016639215
0.611 0.5619961190055481 -2.1708702920335536 0.12435647773655253 9.121038725567272 0.0013300546907524739 0.31638148763589147
0.612 0.5626676412537567 -2.1236118964746957 0.12343577503759359 9.042703934805207 0.0013335010303010498 0.31650487529047183
0.613 0.5633084840434119 -2.021870194987672 0.12250922202657083 8.964616039956605 0.0013368843754731545 0.3166273377845547
0.614 0.5639037378447956 -1.8739194201970995 0.12157491899549067 8.886857554584154 0.00134018795687283 0.31674886781079803
0.615 0.5644418687929469 -1.6906891859838054 0.12063148897684858 8.809488050739635 0.001343397048769436 0.31686945660738364
0.616 0.5649149973284169 -1.4838049533463225 0.11967809087141601 8.732543377065037 0.0013464991669606954 0.31698909448724344
0.617 0.5653186586381146 -1.2639814508221814 0.11871436423462765 8.656038007157433 0.0013494840842081719 0.31710777131962725
0.618 0.5656512445348908 -1.040068066510579 0.11774033594173405 8.579969165745517 0.0013523437131181537 0.3172254769237002
0.619 0.5659133270929595 -0.8187276366276023 0.11675631672928616 8.504321458355408 0.0013550719093968911 0.3173422013617637
0.62 0.5661070075025522 -0.6045569838648562 0.11576280636253156 8.429071140158088 0.0013576642394277387 0.31745793513886417
0.621 0.5662353659842719 -0.4004322519755018 0.11476041637349398 8.354189604384619 0.0013601177429735831 0.3175726693250798
0.622 0.5663020364866213 -0.20791633588479444 0.11374981223159343 8.27964599573207 0.001362430709566093 0.31768639561917345
0.623 0.5663108993316011 -0.027635677088744235 0.11273167293894688 8.205409034336213 0.0013646024778732285 0.3177991063706838
0.624 0.5662658716234613 0.14041209988868697 0.11170666456189689 8.131448206145278 0.0013666332612277737 0.3179107945742978
0.625 0.5661707724251945 0.29662586786027817 0.11067542411144705 8.057734481917514 0.0013685239989288272 0.31802145384690156
0.626 0.5660292419958342 0.4416350262372855 0.10963855070091798 7.9842407046586805 0.0013702762311093592 0.3181310783947099
0.627 0.5658446984733809 0.5761859798583119 0.10859660159621877 7.910941754325165 0.0013718919942307909 0.31823966297551115
0.628 0.5656203195351153 0.7010675000032045 0.10755009141713728 7.8378145694875085 0.0013733737341526588 0.3183472028593247
0.629 0.5653590400823587 0.8170636956348335 0.10649949326871765 7.7648380817913 0.0013747242339283438 0.31845369378953403
0.63 0.5650635597581385 0.924925865994907 0.1054452409799344 7.691993101015577 0.0013759465538067987 0.3185591319457178
0.631 0.5647363561026348 1.0253569951297328 0.10438773190553274 7.6192621755208165 0.0013770439812959465 0.3186635139088402
0.632 0.5643797005872322 1.1190044467765938 0.1033273299455848 7.546629443946844 0.0013780199894879973 0.31876683662909905
0.633 0.5639956757473441 1.2064578616433053 0.1022643685676455 7.474080487851344 0.0013788782021668586 0.3188690973965005
0.634 0.5635861923200416 1.2882501773421307 0.10119915370728497 7.401602190920415 0.0013796223644824584 0.3189702938140928
0.635 0.56315300573674 1.3648604404714593 0.10013196648036471 7.329182607814255 0.0013802563182029298 0.3190704237737148
0.636 0.5626977315949521 1.4367176052838535 0.09906306567260195 7.256810843976905 0.0013807839807368368 0.3191694854340719
0.637 0.5622218599464762 1.5042046925963768 0.09799268999931648 7.184476946720539 0.0013812093272729537 0.31926747720093845
0.638 0.5617267683454876 1.5676630104131104 0.09692106014002468 7.112171807320831 0.001381536375503808 0.3193643977092848
0.639 0.561213733674013 1.6273962310313623 0.0958483805594975 7.039887073442619 0.0013817691724959892 0.31946024580713467
0.64 0.5606839428077601 1.6836742027701563 0.09477484113199705 6.967615071088391 0.0013819117833541446 0.31955502054097096
0.641 0.5601385022007026 1.7367364643126033 0.09370061858658639 6.8953487352598595 0.0013819682813858323 0.3196487211425244
0.642 0.5595784464819518 1.7867954265384773 0.0926258777901062 6.823081548351893 0.001381942739527698 0.3197413470167929
0.643 0.5590047461548453 1.8340392429860837 0.09155077288584798 6.750807485564555 0.0013818392228370398 0.3198328977311555
0.644 0.5584183144979497 1.878634344951056 0.09047544830421211 6.6785209664839815 0.0013816617818828742 0.3199233730054604
0.645 0.5578200137420108 1.9207277284156703 0.08940003965841747 6.606216812163661 0.0013814144469032977 0.32001277270297857
0.646 0.5572106606073397 1.9604489634776883 0.08832467453937617 6.533890207078908 0.0013811012226135786 0.32010109682212523
0.647 0.556591031272074 1.9979119739337285 0.08724947322076156 6.461536665356672 0.00138072608357362 0.32018834548886577
0.648 0.5559618658373706 2.033216603051889 0.08617454928584675 6.389152000851973 0.0013802929700321104 0.32027451894972975
0.649 0.5553238723418226 2.0664500112470545 0.08510001018316256 6.31673230053585 0.0013798057841830605 0.3203596175653655
0.65 0.5546777303808086 2.0976878955991634 0.08402595772095645 6.244273900895647 0.0013792683867782558 0.3204436418045763
0.651 0.5540240943764564 2.1269955640204046 0.08295248850679149 6.171773366949926 0.0013786845940456142 0.3205265922387856
0.652 0.5533635965314514 2.1544289048787117 0.08187969433782769 6.099227473606841 0.0013780581748772526 0.32060846953688393
0.653 0.5526968495166852 2.18003519763643 0.08080766254897227 6.026633189070452 0.001377392848247907 0.3206892744604165
0.654 0.5520244489010486 2.2038539002908735 0.07973647632113233 5.953987660131968 0.0013766922808378396 0.32076900785907364
0.655 0.5513469753801565 2.2259172554082145 0.0786662149568074 5.881288199049388 0.0013759600848340995 0.320847670666452
0.656 0.5506649968047657 2.2462508974134803 0.0775969541242594 5.808532271919821 0.0013751998158868703 0.3209252638960567
0.657 0.5499790700388685 2.264874365799361 0.07652876607409524 5.735717488340173 0.0013744149712044032 0.32100178863751755
0.658 0.5492897426773856 2.2818015236507594 0.07546171983297244 5.662841592249213 0.0013736089877691023 0.3210772460529971
0.659 0.5485975546207428 2.297040988938679 0.07439588137339821 5.589902453777017 0.0013727852406612644 0.3211516373737679
0.66 0.5479030395423682 2.3105964505560883 0.07333131376591015 5.516898062084365 0.0013719470414777413 0.3212249638969417
0.661 0.547206726246807 2.322466995483994 0.07226807731180888 5.443826518983528 0.0013710976368361911 0.3212972269823318
0.662 0.5465091399445166 2.332647352947246 0.07120622966153765 5.370686033371336 0.001370240206954407 0.32136842804943483
0.663 0.5458108034469743 2.3411281296898934 0.0701458259177164 5.297474916292098 0.0013693778642981705 0.32143856857451714
0.664 0.5451122382966087 2.3478960000671267 0.06908691872579618 5.224191576645389 0.0013685136522882393 0.32150765008779403
0.665 0.5444139658406556 2.352933868696281 0.06802955835307722 5.150834517452647 0.0013676505440630056 0.3215756741706905
0.666 0.543716508260333 2.3562209977661097 0.0669737927568328 5.077402332584209 0.0013667914412884262 0.32164264245317303
0.667 0.5430203895612129 2.3577331173421068 0.06591966764336425 5.003893703992924 0.0013659391730131846 0.32170855661114384
0.668 0.5423261365396186 2.357442488254422 0.06486722651820255 4.930307399303732 0.0013650964945616773 0.3217734183638891
0.669 0.5416342797281478 2.355317956910683 0.06381651072887214 4.85664226981982 0.0013642660864633016 0.3218372294715742
0.67 0.5409453543281548 2.3513249860500607 0.06276755949970385 4.782897248821169 0.0013634505534124552 0.32189999173277783
0.671 0.5402599011538781 2.345425603542226 0.061720409962349745 4.709071350209675 0.001362652423256901 0.3219617069820617
0.672 0.5395784675681319 2.337578421704787 0.06067509717791038 4.635163667375751 0.0013618741460105503 0.3220223770875675
0.673 0.5389016084511927 2.3277385164541786 0.05963165415651035 4.561173372374973 0.0013611180928883074 0.32208200394863795
0.674 0.538229887191035 2.3158573484687284 0.05859011187059233 4.487099715263319 0.0013603865553581658 0.3221405894934579
0.675 0.5375638767148921 2.3018826175578133 0.05755049926498848 4.412942023684399 0.0013596817442103385 0.32219813567671013
0.676 0.5369041605734223 2.285758079574316 0.056512843263279565 4.338699702623011 0.0013590057886370532 0.3222546444772439
0.677 0.5362513340881212 2.267423327933835 0.05547716877060176 4.264372234306204 0.00135836073532266 0.3223101178957524
0.678 0.535606005579478 2.2468135158009144 0.05444349867419556 4.189959178278423 0.0013577485475383204 0.32236455795245705
0.679 0.5349687976864824 2.2238590426246745 0.053411853841014725 4.115460171598045 0.0013571711042392942 0.3224179666847952
0.68 0.5343403488036536 2.19848515070664 0.05238225311364076 4.0408749291450885 0.001356630199159961 0.32247034614511083
0.681 0.5337213146493373 2.170611474731075 0.05135471330456254 3.96620324406016 0.0013561275399032898 0.3225216983983454
0.682 0.5331123699850454 2.1401515233820927 0.05032924918838825 3.89144498826851 0.0013556647470190015 0.3225720255197275
0.683 0.5325142105210412 2.107012038783161 0.04930587349320608 3.816600113082387 0.0013552433530662105 0.32262132959246054
0.684 0.531927555033534 2.0710922679918458 0.048284596891465636 3.741668649918652 0.001354864801654077 0.322669612705407
0.685 0.5313531477205763 2.03228314085324 0.04726542798915505 3.6666507110623754 0.0013545304464546216 0.32271687695076856
0.686 0.5307917608480446 1.990466268724676 0.04624837331530752 3.591546490526501 0.001354241550179708 0.32276312442176164
0.687 0.5302441977211308 1.9455128205656518 0.045233437310564464 3.5163562649658435 0.001353999283515365 0.3228083572102871
0.6880000000000001 0.5297112960424069 1.8972821863849614 0.044220622316170306 3.4410803946839943 0.0013538047240023712 0.322852577404595
0.6890000000000001 0.5291939317121847 1.845620447705752 0.04320992856247742 3.3657193246975927 0.001353658854855223 0.32289578708694244
0.6900000000000001 0.5286930231443789 1.7903585943852536 0.04220135415734421 3.290273585879743 0.0013535625637052413 0.32293798833124554
0.6910000000000001 0.5282095361865293 1.7313104344422998 0.04119489507486196 3.2147437961996363 0.0013535166412558103 0.3229791832007241
0.6920000000000001 0.5277444897456518 1.6682701528698536 0.040190545144283225 3.139130662057189 0.0013535217798343543 0.3230193737455399
0.6930000000000001 0.5272989622449874 1.6010094391025729 0.039188296039232684 3.0634349797102542 0.0013535785718237687 0.32305856200042743
0.6940000000000001 0.5268740990346233 1.5292741956396392 0.03818813726597792 2.9876576368476195 0.0013536875079534839 0.3230967499823166
0.6950000000000001 0.5264711209662346 1.4527805208004438 0.03719005615307772 2.911799614299682 0.0013538489754268154 0.3231339396879476
0.6960000000000001 0.5260913343108026 1.3712100865339572 0.036194037840062365 2.8358619879276428 0.0013540632558593523 0.32317013309147735
0.6970000000000001 0.5257361422858331 1.2842046076702018 0.035200065265637105 2.759845930704179 0.001354330522998675 0.3232053321420751
0.6980000000000001 0.525407058497004 1.1913592792123218 0.03420811915545443 2.683752715079307 0.0013546508401895458 0.32323953876150835
0.6990000000000001 0.5251057226820117 1.0922149031633568 0.03321817800858824 2.607583715599985 0.0013550241575441444 0.323272754841716
0.7000000000000001 0.5248339192249869 0.9862484411113916 0.0322302180830223 2.5313404119102425 0.0013554503087733036 0.3233049822423684
0.7010000000000001 0.524593599004173 0.8728616890252275 0.03124421337799078 2.455024392172889 0.001355929007619642 0.3233362227884108
0.7020000000000001 0.5243869053249959 0.7513674386809825 0.03026013561421389 2.378637357007304 0.0013564598438319635 0.3233664782675891
0.7030000000000001 0.5242162048198991 0.6209727263768444 0.029277954209375543 2.3021811240629417 0.0013570422786025726 0.3233957504279539
0.704 0.5240841245005646 0.48075815965758795 0.02829763624917407 2.2256576333268203 0.00135767563937862 0.3234240409753402
0.705 0.5239935963927789 0.32965256474004584 0.027319146450677814 2.14906895336993 0.0013583591139391124 0.3234513515708174
0.706 0.5239479116643926 0.1664013915874117 0.02634244711730573 2.0724172887232544 0.0013590917436093854 0.32347768382810566
0.707 0.523950786678725 -0.010472766089009147 0.025367498082010345 1.9957049886156446 0.0013598724154556267 0.32350303931095276
0.708 0.5240064441424189 -0.20271985506004048 0.024394256634881956 1.9189345574382835 0.0013606998532695858 0.3235274195304643
0.709 0.5241197135769788 -0.4124255949877749 0.023422677431637805 1.8421086673161642 0.0013615726071104582 0.3235508259423807
0.71 0.5242961566884009 -0.6420924131562694 0.02245271237599768 1.765230173331551 0.0013624890411156215 0.323573259944292
0.711 0.5245422251647925 -0.8947441174800278 0.02148431046754342 1.6883021320810543 0.001363447319218389 0.32359472287278146
0.712 0.5248654611382713 -1.1740625602578703 0.020517417603591638 1.6113278245263458 0.0013644453883197463 0.3236152160004878
0.713 0.5252747545092522 -1.484568315688771 0.01955197632037574 1.534310784260068 0.001365480958335903 0.32363474053307567
0.714 0.5257806767955375 -1.8318616098480496 0.018587925448598316 1.4572548329675246 0.0013665514783746512 0.3236532976061027
0.715 0.5263959196220795 -2.222948613200158 0.017625199653130738 1.3801641252450823 0.0013676541080704303 0.3236708882817738
0.716 0.5271358781569067 -2.6666885319699385 0.01666372880688949 1.3030432060286319 0.001368785682790493 0.3236875135455733
0.717 0.5280194387870737 -3.1744162139866168 0.015703437129609234 1.2258970851573003 0.0013699426709880384 0.3237031743027706
0.718 0.5290700595056167 -3.7608227439782613 0.014744241979490216 1.1487313356735729 0.001371121121343049 0.3237178713748025
0.719 0.5303172781983173 -4.445223985275689 0.013786052127599615 1.0715522258028265 0.0013723165964134385 0.32373160549554686
0.72 0.5317988599440785 -5.2534238271326705 0.012828765235394925 0.9943668997475842 0.0013735240881385168 0.32374437730752476
0.721 0.5335639218075451 -6.220511159189085 0.01187226407407908 0.9171836313983824 0.0013747379084194527 0.3237561873580992
0.722 0.5356775933000661 -7.3951596335051155 0.010916410689323842 0.840012190492824 0.001375951544655188 0.3237670360957873
0.723 0.5382281618998744 -8.846410951196974 0.009961037076244413 0.7628643891462727 0.0013771574646357556 0.3237769238668523
0.724 0.541338376098502 -10.674684946458948 0.009005929681191713 0.6857549312603411 0.001378346845921099 0.3237858509123647
0.725 0.545183959543246 -13.030178170972505 0.008050802371871162 0.6087028005016233 0.0013795091883896942 0.3237938173657046
0.726 0.5500251252690299 -16.144490799103945 0.00709524653344742 0.5317336746624388 0.0013806317382072761 0.32380082324932324
0.727 0.5562624024948711 -20.386037164110896 0.006138632257924771 0.4548844736497476 0.0013816985923664816 0.32380686846463796
0.728 0.5645389297309467 -26.35569941484703 0.00517989517568449 0.37821284900215774 0.001382689234382208 0.3238119527485037
0.729 0.575927717849039 -35.02802388714296 0.004217026748728815 0.3018196970021276 0.001383576022829562 0.3238160754807105
0.73 0.5922208805501483 -47.769830267541515 0.0032457215626157864 0.22591067254499217 0.001384319905289141 0.32381923480775093
0.731 0.6156651807462561 -64.29970278819013 0.0022553097359512713 0.15099786462308237 0.0013848654322074197 0.32382142314556456
0.732 0.615691108808182 -0.06840102043370594 0.0011917840328940395 0.07978915836923087 0.0013851536231273053 0.3238225795603581
0.733 0.6138471042835636 4.879090670323101 0.00012799009768384487 0.008594593933666987 0.0013851845870401411 0.3238227037485266
0.734 0.01992161199168116 48567.67096869277 1.2096000312830519e-08 2.502802128557464e-05 0.0013851845900139173 0.32382270376025135
0.735 0.03601892613246189 -22433.559174145754 3.175986341485315e-09 3.6346037379139e-06 0.001385184589240915 0.32382270375717087
0.736 0.03562808964291586 304.55925878281295 6.733326937211886e-11 7.790159850540803e-08 0.0013851845892571015 0.3238227037572362
